28997,778
28996,1429
28998,2073
19399,420
19398,778
5980,1429
132641,659
5987,1429
132644,2073
19390,256
22260,543
61171,778
25062,543
25061,389
25069,1429
120434,2073
6797,1429
6791,543
6799,1429
6297,778
25285,778
25282,389
25283,778
16705,420
124174,2073
116787,2073
17252,256
17254,256
17255,389
17256,420
63026,2073
9258,1429
9259,778
9256,543
63029,659
24881,659
24880,2073
24888,659
26022,389
26021,1429
26020,659
64902,1429
64455,1429
124355,2073
64901,2073
124359,2073
124358,2073
133346,2073
135966,2073
135965,2073
61179,2073
63812,2073
122061,2073
14624,778
14626,2073
122060,543
14622,659
14623,2073
14628,1429
14629,778
62885,659
62884,2073
105456,2073
62889,543
106628,2073
61206,420
112042,2073
18705,1429
62088,2073
122382,256
122380,1429
143176,659
137641,2073
133525,2073
137642,659
137861,2073
29818,778
29762,2073
1177,543
1173,1429
23050,778
23500,420
29436,2073
31232,68
29108,1429
31230,543
29921,778
31234,2073
29101,420
7183,2073
29105,778
7185,1429
29107,778
8549,1429
8017,2073
65881,1429
8014,659
65884,420
65886,256
65887,2073
66504,420
66507,2073
126601,659
126600,2073
65084,543
65087,420
65088,778
10884,778
60902,1429
60900,2073
60901,2073
60906,659
30384,543
8293,2073
24708,2073
24704,778
65264,659
65266,420
13619,659
13614,256
13616,543
13611,1429
4723,420
11289,256
5841,659
11286,2073
28701,778
13531,778
4622,1429
13532,256
28704,68
29264,778
16394,778
63907,18
63901,659
17654,420
62501,1429
62506,389
64029,2073
64028,659
13289,2073
13288,256
64021,2073
13286,2073
64023,389
13282,659
118321,2073
113141,778
63674,659
140421,2073
138181,2073
10390,543
10391,2073
16936,256
16932,1429
16938,420
6217,778
6215,2073
6214,778
12222,778
15708,659
15709,1429
29376,543
29374,2073
10574,2073
21427,778
21423,420
16439,1429
21429,1429
30628,389
119216,659
119217,2073
30625,2073
7668,1429
7662,659
7665,389
1762,1429
1766,1429
29594,778
29592,543
108453,2073
1545,543
14470,778
11115,659
63930,778
28351,543
15160,2073
8716,256
8717,1429
31574,256
13842,778
63935,543
31578,2073
5619,420
122534,2073
130400,2073
110575,2073
110576,2073
19538,389
11564,778
126814,2073
63023,2073
22248,2073
25739,389
25737,778
25047,659
6774,1429
6773,2073
9963,778
9969,659
65697,1429
65693,2073
19911,1429
16721,2073
16727,420
64614,420
64615,389
63046,2073
63044,778
9504,1429
65521,256
65527,2073
65526,389
141459,2073
2518,778
64929,659
64924,2073
64925,543
64927,2073
26045,2073
26044,2073
135945,2073
125461,2073
22810,1429
1097,256
22817,659
22815,2073
5050,778
26026,543
14640,1429
18549,2073
14863,1429
18545,1429
1099,1429
62317,2073
122015,389
62313,543
4162,659
13075,420
133326,2073
133324,2073
133325,2073
133328,659
108846,2073
29992,659
10185,543
137668,2073
137662,2073
137667,2073
29746,2073
132498,389
1154,1429
30293,543
30291,543
30298,543
15111,543
15110,1429
29127,659
25899,2073
29121,543
25896,778
25895,389
25894,256
31748,2073
31749,420
31745,2073
31214,1429
31743,2073
8031,256
8030,1429
12589,543
12850,2073
8521,1429
12580,659
12587,2073
12854,543
66564,659
127281,2073
127282,2073
22657,2073
61786,389
65068,2073
65069,420
65064,389
65062,778
22659,2073
65060,389
22383,778
23898,1429
60928,2073
110962,2073
13988,256
60923,778
4292,2073
23387,659
24767,2073
61253,2073
61255,68
61257,2073
61256,2073
4742,420
4740,543
6207,1429
5860,1429
5862,1429
23774,1429
25385,2073
4608,1429
2184,778
4607,1429
2189,1429
4605,543
4600,1429
13510,543
121979,2073
15343,1429
30915,1429
64555,389
64554,389
124254,1429
64004,659
64550,1429
64001,778
64552,256
6900,1429
64009,2073
118307,2073
118304,2073
118302,389
128620,2073
6185,2073
140441,2073
27791,659
6908,1429
140445,659
9191,2073
9194,1429
10379,2073
10374,1429
7238,420
63789,659
63781,420
63782,389
16910,420
6239,256
12206,1429
10565,1429
63525,2073
121755,2073
63527,1429
10519,1429
9778,1429
9774,778
9777,778
29353,1429
9771,1429
121759,2073
29356,2073
63258,389
8867,2073
8864,2073
14985,659
19150,420
62781,389
62784,659
108695,659
1704,2073
1706,1429
30416,389
15854,1429
15855,2073
15853,543
138309,2073
15859,1429
120193,420
14457,778
14324,2073
11135,2073
14450,1429
14459,2073
17982,389
28408,2073
62122,659
62123,389
3028,68
28403,778
3026,1429
3024,256
62129,420
30600,778
111020,778
30350,778
30603,389
115077,2073
30354,543
30355,543
30608,2073
8734,543
31009,543
31554,2073
13866,778
4194,2073
13864,778
4193,543
110771,420
5671,68
111976,420
111974,2073
126836,2073
66046,2073
66049,1429
130421,2073
136307,2073
23714,543
6437,1429
8193,778
6435,1429
12445,1429
6433,778
8194,778
12441,2073
8199,1429
6756,1429
9942,778
9940,778
134932,2073
19932,420
16747,256
27920,659
16748,420
121136,2073
117298,659
12053,2073
62928,543
64638,2073
64639,2073
25711,659
64630,2073
126320,2073
25719,389
64637,2073
21659,659
121562,420
121560,2073
122736,2073
65548,420
127234,659
65541,389
62437,2073
27790,2073
26067,389
26064,2073
64491,68
26061,2073
134308,659
2538,2073
61730,778
64942,2073
2536,2073
2537,2073
126297,2073
17166,389
5079,1429
17160,420
5073,1429
5071,778
5074,1429
22837,659
137864,2073
113530,1429
113533,659
9563,778
10743,1429
10740,2073
18560,2073
11832,543
62330,778
122034,659
62336,659
62335,256
13099,778
13092,778
112001,659
112004,2073
112005,389
27828,2073
20296,659
20297,420
27823,659
129419,2073
129418,2073
9380,256
29728,2073
65927,389
15133,659
15135,1429
31766,2073
31761,659
31762,2073
31763,778
7146,778
7143,1429
18746,389
12877,1429
30017,420
30016,778
2883,543
2886,543
2884,2073
31495,389
2888,1429
133871,659
24292,420
24293,1429
126137,2073
66235,420
66544,778
24295,2073
61019,420
26523,256
26520,2073
24746,389
24747,2073
24749,2073
28678,2073
28675,778
28676,778
28895,778
14401,778
4764,420
4769,778
4768,1429
11249,543
11247,389
65045,2073
65042,659
5802,778
19742,420
65048,543
116806,2073
64799,1429
7180,1429
110239,2073
25364,2073
25362,778
11793,659
11796,1429
65220,1429
65957,389
65226,2073
65228,420
65958,420
61278,2073
11991,2073
25509,1429
25508,389
16689,389
16684,389
16686,420
16681,389
10353,1429
4881,1429
4885,256
7964,2073
9173,1429
9171,1429
9170,1429
61901,659
61900,543
61903,2073
16974,389
17081,420
17080,2073
6259,1429
12262,1429
12263,2073
105365,2073
105364,2073
12266,1429
10530,659
113274,1429
10534,1429
113270,2073
63501,256
9718,2073
63507,543
63504,2073
125054,389
9715,2073
24100,2073
24101,778
24105,1429
8543,778
8542,1429
26852,2073
30175,543
133469,2073
133468,659
1728,778
1722,1429
13135,1429
138321,778
122114,659
28461,2073
28460,1429
3007,778
28462,778
18358,420
28180,778
3002,1429
7935,1429
14309,778
9459,659
62109,543
62107,68
62100,2073
1587,1429
62102,256
1585,1429
30379,2073
9455,1429
111000,2073
111005,2073
66686,2073
66682,543
66681,256
66680,778
31022,778
31533,389
31535,389
31534,1429
31537,778
31536,2073
132518,2073
13341,256
28285,2
66062,778
28287,778
66065,1429
23220,1429
23227,2073
23224,1429
61489,2073
61481,778
15306,1429
127180,543
30950,2073
6410,778
61487,389
7773,778
7772,2073
3917,659
3916,659
3918,1429
117768,2073
8317,778
6736,543
6737,1429
115946,2073
110532,659
110533,1429
9921,1429
9922,1429
19262,420
16769,420
16763,389
22177,1429
12077,543
12075,68
12070,543
25776,1429
25777,1429
25774,2073
25778,778
65561,68
24825,543
21675,778
65569,778
3647,778
3643,420
2553,1429
64964,1429
2555,778
2556,778
2558,256
64507,2073
14934,1429
5018,1429
135986,659
116144,420
17145,389
17140,420
17142,420
25194,2073
63800,2073
4418,659
4415,1429
4412,1429
125601,2073
9548,2073
9549,1429
9545,2073
62351,778
14828,256
14822,256
14820,256
14827,256
14824,256
64210,389
20109,420
21499,256
132980,2073
27842,68
27847,1429
27845,659
137803,659
137801,659
29709,2073
29708,659
29707,543
29254,778
29705,778
29250,68
29701,543
29252,659
11815,778
11811,2073
11818,256
11819,256
15153,389
15159,2073
109425,659
109423,659
29395,1429
31702,389
31703,389
31706,659
31707,389
7163,1429
7161,1429
8079,1429
30032,1429
12898,2073
12895,1429
8073,778
109683,389
123099,2073
123094,2073
123097,256
1447,256
1444,2073
28078,2073
1440,1429
23034,2073
1449,256
22619,1429
22612,778
22345,1429
129839,2073
6338,1429
28616,543
31456,778
8264,1429
8265,1429
4783,2073
5847,1429
5823,778
23697,778
5824,778
5826,1429
118734,1429
11264,778
61071,1429
65021,2073
65026,2073
65027,543
61077,2073
127575,2073
116826,2073
25691,1429
25342,2073
25341,2073
25340,543
25694,543
29211,420
121938,1429
23961,1429
65979,1429
127799,420
127797,389
61296,1429
65971,420
65972,1429
65973,1429
25526,389
25523,659
64515,659
25528,389
6431,778
10458,2073
12796,389
10332,778
10331,778
31625,1429
16405,2073
16955,256
16956,420
16401,2073
9483,2073
16959,389
9481,2073
63741,2073
7906,778
63742,1429
61923,2073
61922,2073
61921,1429
122918,2073
31622,2073
122917,2073
122915,1429
21440,1429
135844,1429
114524,2073
63291,659
63290,2073
63297,659
125034,389
22978,1429
22974,1429
22972,2073
138129,659
112095,2073
138127,2073
138126,659
138121,659
138123,659
138122,659
30671,1429
14148,1429
13163,778
14145,2073
5229,1429
13114,389
138341,659
66597,420
138343,659
138342,2073
138345,2073
138347,2073
138346,2073
14369,2073
14368,256
14363,1429
14490,778
11328,543
62168,659
62169,1429
62162,2073
122263,2073
62167,2073
64602,1429
2595,778
118503,18
118502,2073
118504,2073
66660,543
25356,543
111282,1429
111287,778
29066,2073
129629,2073
29061,389
129623,2073
129624,2073
29068,778
29069,68
23752,389
23753,778
1300,1429
9248,778
66000,543
28917,1429
28916,2073
66004,778
107528,543
123137,2073
30939,2073
30932,389
15363,420
6471,1429
121555,420
12407,543
15364,256
110732,1429
31515,2073
31045,2073
7758,2073
113093,420
7750,543
3937,1429
3933,2073
8333,659
8334,1429
6716,543
6717,659
6710,1429
29553,389
9904,1429
61642,2073
25353,778
24466,389
24463,778
24468,659
19209,1429
119756,256
119753,543
22404,2073
13756,2073
13759,778
13758,2073
24893,778
25754,543
25757,543
24809,2073
3662,1429
24803,2073
65587,2073
65580,543
12815,2073
2577,2073
2574,1429
64985,1429
2573,2073
130398,2073
130399,2073
11455,778
11456,1429
11450,2073
5038,2073
3594,1429
5032,1429
64186,2073
124684,2073
64184,778
64182,659
4430,1429
124683,659
13323,778
17120,420
13328,2073
13329,2073
116610,2073
118084,2073
118081,659
13025,1429
140837,1429
136645,778
62809,659
62378,1429
62377,2073
62804,2073
122077,2073
17179,420
124050,2073
124534,543
64231,389
63825,2073
121474,543
29278,659
63172,2073
63170,778
29276,778
63178,389
29274,2073
11872,778
112623,778
8925,2073
112626,420
11877,543
112624,2073
18835,420
109919,2073
30239,2073
30584,1429
30234,1429
15174,543
15173,1429
30233,2073
7106,2073
7107,1429
28034,256
31720,2073
31725,389
28118,778
18788,543
1686,1429
30059,778
111631,2073
30055,389
29988,389
29984,543
66272,389
66275,1429
66278,778
28058,389
1468,778
1465,420
28585,2073
24781,659
24782,659
24783,1429
13922,1429
114370,2073
4230,256
28630,1429
28632,1429
5594,2073
5597,778
28637,2073
13693,778
66496,659
66497,1429
12226,2073
13902,2073
132702,2073
65008,420
27788,2073
22360,1429
61059,659
61725,2073
6213,68
27783,256
61726,2073
61721,2073
27784,659
65006,1429
27786,1429
25320,2073
25322,389
60898,1429
60899,2073
60894,1429
120794,1429
60893,2073
23945,659
23943,2073
23940,543
23948,1429
8699,1429
65911,68
65916,778
65915,1429
2299,659
2290,1429
2295,1429
19694,420
10916,420
10917,543
17337,256
7291,2073
7922,778
7923,1429
7921,1429
63769,1429
63768,2073
63763,778
63766,2073
63765,543
61941,543
6293,1429
64536,2073
64535,1429
64534,659
64539,778
64538,1429
63815,543
63814,420
63543,420
63541,543
125014,2073
135865,2073
135864,2073
3439,1429
22957,659
2034,1429
2033,1429
4595,1429
4844,1429
4598,1429
4847,778
4842,543
4843,659
63278,543
133425,2073
133424,659
14169,1429
14163,2073
62490,2073
62491,778
62497,659
62494,2073
62495,778
13174,1429
11191,2073
14340,2073
3048,2073
62634,2073
122536,2073
62632,659
3041,1429
13418,778
115766,256
1094,1429
1095,2073
66649,2073
66648,420
66643,778
66393,2073
66392,543
66646,778
109581,2073
109580,543
109584,420
111479,2073
29517,659
29514,1429
29515,389
29511,1429
28938,2073
1327,2073
28933,1429
28930,543
28937,659
23776,659
23777,2073
30910,2073
12421,778
8681,2073
8687,659
15346,778
115181,659
109764,1429
8133,543
7733,1429
31062,420
2393,1429
8358,1429
121835,2073
8350,1429
8357,1429
66027,659
24441,778
24440,256
24447,420
126322,2073
24449,659
61556,2073
61557,2073
61552,2073
61550,2073
65615,543
65611,543
65610,420
61558,2073
22139,2073
119736,2073
4062,2073
4060,1429
13776,543
4065,389
5785,659
5786,420
5783,1429
5788,1429
27938,778
25900,543
3607,1429
17101,659
17105,389
17106,420
13342,256
13340,543
4450,1429
4456,2073
130048,2073
130049,2073
30226,2073
130043,2073
130040,2073
130041,659
24860,2073
118228,2073
62829,68
62823,2073
62822,2073
62821,659
62826,659
128740,2073
16855,389
125975,2
125976,2073
16853,420
125978,2073
6334,1429
6335,1429
6331,1429
6333,256
12169,1429
27886,420
27882,2073
10453,2073
10452,1429
10451,2073
10109,778
29217,1429
9673,778
129120,2073
21763,2073
63154,2073
63156,389
63157,1429
8901,1429
11856,420
8902,1429
30219,1429
30215,389
30214,420
113917,543
7127,778
7124,2073
7123,2073
7121,778
1663,778
1661,1429
115519,2073
115516,389
2829,2073
24278,420
3384,2073
5417,420
5412,389
1408,1429
13906,1429
4213,778
18100,659
114351,256
5578,2073
5572,778
111874,778
30072,543
5798,659
62592,1429
31300,659
14477,1429
11228,1429
11225,778
11220,543
66416,659
19054,543
25906,659
22306,389
62599,2073
61703,659
22308,659
61706,659
25655,1429
25302,2073
65930,659
65280,659
65286,2073
65287,2073
66414,2073
65937,659
13840,2073
16629,256
16620,659
6109,2073
105126,256
12756,778
12757,659
6104,1429
6102,778
6100,2073
64733,389
64884,2073
10938,1429
64734,2073
124034,2073
64739,2073
64738,543
124038,2073
64888,2073
63700,659
16996,256
121201,256
63705,543
16991,420
63707,543
63708,68
9445,1429
9112,1429
9443,2073
65426,420
65424,543
61960,18
7959,1429
16441,2073
105698,420
105559,389
64088,2073
21487,1429
63836,2073
21488,2073
3416,1429
3413,1429
3410,543
135805,2073
21374,420
3419,1429
116245,2073
12821,1429
2019,420
13481,2073
124036,2073
4860,1429
2011,1429
13484,659
4864,1429
18484,2073
64881,2073
14108,2073
17715,420
13155,778
13151,543
13158,1429
10597,1429
10598,778
10599,543
102617,2073
112168,1429
17908,420
63702,389
62618,1429
20423,68
122514,778
62612,2073
62613,778
30688,2073
16992,389
115747,659
30685,420
12992,1429
12994,1429
29533,389
29028,778
29029,543
30546,659
29022,778
29021,778
65421,2073
15414,659
8113,1429
15417,256
6922,2073
7711,420
26747,659
7718,2073
8386,1429
66623,543
114835,389
66628,256
61390,389
61392,2073
61393,389
61394,389
61396,2073
61397,778
61398,2073
61399,659
2889,3
28775,2073
24428,2073
28955,778
28770,2073
28958,1429
28778,1429
22447,1429
61574,659
61575,1429
127075,2073
65630,543
61570,2073
61571,1429
61573,2073
133732,2073
119714,389
13710,778
13712,1429
13714,2073
13716,543
3971,659
19420,420
11566,778
19427,1429
19428,389
3622,778
3625,1429
110330,778
140569,1429
13369,2073
25465,389
25462,543
25460,2073
13365,659
4477,2073
4476,2073
113028,2073
118042,420
113026,2073
24846,1429
24844,2073
24843,659
24842,2073
24841,1429
24840,2073
64271,659
2467,256
64275,778
64279,2073
24771,659
16872,420
16878,389
12143,2073
6313,2073
12141,2073
6311,1429
6314,1429
12144,2073
134744,2073
10438,1429
9650,2073
9305,778
10121,389
29233,543
9302,543
10124,1429
63138,2073
121437,2073
63135,420
62846,659
8964,1429
25731,778
1641,543
1642,1429
112088,778
29492,256
29497,1429
29948,543
119081,2073
29946,389
29940,389
29942,778
24216,1429
2802,1429
2803,1429
24219,543
2807,778
5432,2073
112888,389
62266,2073
62261,2073
3369,778
62263,659
62262,778
3365,2073
3366,2073
5439,1429
62268,2073
28016,2073
30277,778
4273,2073
13963,256
4275,2073
4274,2073
4279,2073
5557,2073
13480,2073
5559,778
13483,659
106900,2073
30098,1429
30095,659
30094,2073
8582,1429
30093,778
130520,2073
114484,2073
31326,2073
110106,1429
110100,2073
5885,659
8093,1429
5888,659
61763,778
30891,543
15060,1429
6552,1429
61766,1429
27747,659
30899,1429
25923,778
25922,1429
25921,1429
129850,2073
25929,2073
22325,2073
28278,420
130298,778
25671,2073
25670,778
25676,2073
23989,543
23988,543
109043,1429
7504,659
7506,1429
9882,1429
7503,659
16605,389
16601,389
12775,389
61187,1429
61181,659
11074,543
127480,2073
127481,659
61188,389
120063,2073
64865,659
124015,2073
64867,543
64861,1429
64863,2073
63728,543
63724,2073
140798,659
61988,2073
24982,659
24980,1429
61980,659
61982,543
16729,2073
120093,1429
2259,1429
25586,543
2255,1429
5848,778
4093,1429
24186,778
24184,543
24185,659
121080,2073
63581,420
121083,256
63857,2073
4090,778
22913,2073
2785,778
4801,1429
2787,1429
2783,1429
4807,1429
4809,778
116224,256
9465,1429
9466,2073
11600,1429
2070,2073
11609,1429
14129,389
27981,778
27980,1429
62984,1429
122754,778
62982,2073
27988,659
14383,1429
14382,778
14380,1429
112410,389
14385,659
14384,1429
62670,389
66586,2073
133170,1429
61155,1429
12977,2073
12972,778
29001,1429
29550,389
7085,1429
7086,1429
6497,778
8173,256
122519,2073
8176,1429
6948,2073
15470,659
66102,389
126056,2073
66354,543
66602,1429
66352,1429
61376,1429
127674,2073
8390,778
119696,2073
24407,2073
24405,2073
24402,659
4390,1429
64038,2073
24409,2073
28753,256
28209,659
1363,778
1360,2073
28754,543
28976,389
28975,389
28206,2073
28200,420
28970,420
61518,420
61519,1429
61513,2073
61516,1429
22461,1429
13733,659
13730,543
13292,778
4029,1429
19158,420
19155,1429
19156,420
19402,778
19152,1429
118126,389
118122,1429
118121,18
65875,2073
65657,420
65872,659
65658,2073
118738,2073
119993,1429
106350,543
25118,2073
25119,778
25115,2073
25110,659
25111,778
126976,389
8551,778
124599,2073
124598,543
2444,1429
64296,2073
124594,2073
2448,1429
64292,1429
8095,1429
7866,2073
7862,1429
12521,2073
61584,543
117323,2073
15203,2073
16813,543
15202,420
6379,1429
6370,2073
12123,778
12122,778
12125,543
12124,256
6376,778
12126,543
10417,778
10411,2073
63447,778
63445,2073
63442,659
121415,2073
121142,778
137883,659
137881,2073
63448,543
9325,1429
8947,1429
141057,2073
62865,1429
62864,543
62860,659
125240,2073
21238,2073
3206,1429
1992,1429
1995,1429
5187,1429
1998,389
3532,659
138464,659
138465,2073
138466,659
134764,2073
138469,2073
29968,1429
29965,1429
29964,68
28564,1429
28563,659
24232,420
24233,256
24234,2073
62243,420
122143,543
3342,2073
3343,2073
5456,778
30259,68
30257,659
30255,659
31129,2073
4251,1429
13941,2073
13942,1429
31122,18
31692,420
28690,2073
5530,1429
28696,420
28697,778
5539,543
28699,2073
111839,1429
66163,2073
23616,2073
6573,1429
6571,1429
6574,778
6575,659
61746,778
61745,659
61744,2073
27766,543
27765,659
7694,659
7696,778
29616,1429
7691,778
29613,420
29612,1429
29619,389
25944,2073
25946,778
3835,1429
3833,778
7526,659
7525,543
16664,420
16665,778
16668,420
12713,659
6140,778
12717,2073
6924,659
14647,1429
10974,1429
64848,1429
62919,389
60835,543
128599,2073
16488,659
21118,2073
65469,2073
65463,2073
65466,2073
65464,2073
2271,1429
2270,1429
64597,2073
138613,2073
17534,420
116209,2073
2052,1429
2054,1429
4828,778
30061,68
4826,659
2058,659
13440,2073
13443,2073
13442,2073
9403,543
9402,778
7982,420
7985,1429
10621,1429
62471,659
62472,420
62473,1429
8599,2073
11976,778
122778,778
64334,659
124434,420
124435,2073
27969,2073
64330,2073
64332,256
27965,2073
17753,420
27960,1429
13198,659
13193,2073
120955,2073
120956,2073
121761,2073
63874,778
63871,2073
63870,389
125529,2073
125528,543
62650,2073
62654,420
62655,778
10085,1429
10086,389
7329,2073
12955,543
12956,543
12950,1429
7067,420
7066,778
7065,256
7063,543
107672,1429
30756,389
6963,1429
12484,2073
12485,2073
15459,659
8627,1429
8150,778
8151,1429
24397,420
24396,543
24393,256
110804,1429
31594,1429
110800,2073
110801,2073
110802,1429
31590,778
66379,18
66371,1429
61688,389
61689,2073
127381,2073
61686,420
127384,659
61684,2073
61685,2073
9988,1429
64176,2073
64175,543
109380,389
11027,778
14506,1429
66085,420
14503,1429
28733,543
28735,543
1382,1429
64351,2073
11366,778
27908,1429
11361,2073
61355,2073
61356,2073
61350,2073
61352,543
61359,2073
110379,1429
114698,2073
136824,2073
140528,1429
64497,659
65853,2073
65850,2073
61534,1429
129518,2073
65679,2073
65676,2073
65858,2073
65671,1429
65670,2073
25136,543
25130,1429
25132,2073
64102,778
64103,2073
25422,1429
118003,2073
135165,659
8802,1429
6682,256
61576,1429
16837,389
121382,2073
121381,420
7849,1429
16832,420
63687,420
16839,389
16838,389
6357,1429
61828,256
12108,389
9340,659
9614,543
9613,543
9346,1429
9611,1429
9619,1429
63468,1429
63466,1429
63467,389
63461,420
63462,2073
14883,778
137064,543
113425,2073
14083,778
14084,1429
3229,2073
1979,1429
1976,1429
3226,2073
3221,256
1971,1429
1606,2073
4001,778
138404,659
2849,420
2845,778
4005,1429
5476,420
28501,778
14268,2073
14269,659
28504,68
14260,543
5479,778
20075,420
62221,1429
62225,778
115313,2073
115310,543
115317,2073
115314,543
5519,1429
5518,2073
5513,778
106418,1429
17047,420
29901,778
14462,1429
29904,1429
29909,778
28342,420
66148,420
126718,2073
126715,2073
126714,2073
126717,2073
118797,778
136009,1429
66410,2073
118793,778
29129,68
25964,1429
25961,778
17049,420
15027,1429
30342,420
29634,2073
29639,543
1974,1429
3813,778
23499,1429
3814,1429
8457,543
8455,1429
109084,1429
119154,389
120823,2073
119153,2073
13200,2073
7549,1429
31366,1429
31567,1429
16642,543
16643,420
6169,2073
12730,2073
12734,389
65194,2073
109641,2073
120717,2073
64820,778
60812,389
10999,1429
60818,256
120719,2073
10991,68
24617,1429
24610,2073
25635,389
25633,543
25632,543
24618,256
65440,2073
65448,2073
65449,1429
21136,659
116597,2073
22729,2073
116592,68
2215,1429
31811,778
6130,2073
116770,2073
116772,2073
116773,2073
12581,1429
25091,2073
25096,2073
25094,389
12855,18
25099,2073
25098,2073
4517,1429
4515,543
11649,1429
11641,1429
11644,1429
11646,2073
5284,2073
27948,389
64314,659
64319,2073
20666,256
9772,1429
63898,2073
63895,2073
63894,2073
63896,543
63891,389
63890,2073
63892,1429
134044,2073
7300,1429
9289,778
9284,778
63099,2073
29085,2073
11910,2073
29086,659
11919,543
111965,659
30193,778
7045,1429
123994,2073
123995,2073
10200,2073
123998,2073
63324,2073
63328,2073
30778,2073
30990,389
30775,659
30777,778
8606,1429
8607,1429
66313,420
24379,389
24378,2073
24375,1429
2982,1429
24376,2073
2986,1429
127534,2073
1013,2073
61033,2073
4351,1429
4352,2073
28717,2073
28716,256
28714,543
28712,2073
14525,18
14524,2073
28249,2073
28248,1429
14529,1429
106881,2073
11340,543
11343,778
110683,420
110681,420
110685,1429
5709,778
61332,659
61330,1429
61335,2073
61338,1429
61339,1429
111489,1429
111488,2073
6424,1429
28866,389
118167,2073
124976,2073
2246,659
23809,778
65831,543
65833,2073
65834,389
25150,2073
4296,2073
25157,2073
25406,1429
30969,389
16582,1429
12697,2073
12691,659
12698,1429
116906,389
116905,389
10832,256
10839,778
1050,1429
7828,659
19807,778
63669,2073
63666,1429
63667,2073
63664,1429
63665,256
63662,2073
63663,2073
63661,2073
61803,1429
64127,2073
17180,256
119957,2073
119956,2073
17184,420
107446,2073
21272,420
8987,543
63405,659
3798,2073
3796,2073
3793,2073
2154,1429
2150,2073
2403,659
4988,2073
1956,543
1951,659
14064,778
3243,389
3246,1429
13259,1429
12467,1429
62755,389
62756,1429
1487,256
122101,2073
62201,2073
62200,659
5496,1429
14201,420
28524,659
5492,2073
30561,543
30563,778
30565,2073
12142,2073
6310,1429
113997,2073
12140,543
112714,2073
6315,659
112718,778
10618,1429
29382,778
29381,2073
29386,2073
29929,543
29435,2073
29434,778
29389,543
29388,420
29433,2073
28388,1429
14561,2073
1228,1429
8290,1429
6534,1429
109318,420
6531,1429
30388,543
25984,2073
25987,778
25981,778
25980,68
31166,659
31168,2073
122315,659
29661,2073
8479,778
8475,778
8470,1429
7566,778
7564,256
7561,1429
119174,2073
119173,2073
66435,543
110160,2073
66438,1429
31381,2073
127174,2073
61476,1429
127179,2073
22528,2073
120773,2073
120774,2073
60875,659
64807,543
24637,543
65317,659
65310,778
65311,1429
65313,778
141241,2073
2230,659
2237,659
3497,659
4572,2073
13407,1429
13406,1429
13409,2073
4579,1429
121436,2073
2188,1429
11669,778
24965,1429
27921,2073
62439,2073
27925,2073
27924,1429
27927,659
62929,2073
17795,420
27928,2073
62924,2073
62925,2073
62922,778
62923,659
62921,659
25216,543
25212,2073
64371,2073
64375,659
113299,420
23592,420
122841,2073
122845,1429
7368,1429
7369,256
7366,1429
12317,389
11935,543
11934,2073
11930,778
30177,1429
12913,2073
12915,659
30170,2073
7022,543
107631,389
9004,778
10221,1429
24037,543
24032,778
21519,778
62694,778
112473,1429
62698,778
30718,2073
134685,659
115121,389
30710,2073
30714,2073
7799,659
7798,659
24353,543
24352,2073
24350,778
24356,778
1038,778
1034,659
23113,778
64516,1429
4372,1429
4371,1429
4374,1429
14549,1429
11060,778
28265,2073
11065,1429
28260,68
15490,1429
8666,659
8669,1429
17890,1429
111179,420
4083,1429
114523,2073
13794,659
4087,1429
13798,778
31449,389
31448,2073
126694,2073
66599,256
19137,420
5723,543
5726,2073
61444,389
61646,2073
61647,420
61644,543
61314,1429
61446,778
61640,1429
61641,2073
110400,389
60990,420
60993,1429
60992,2073
60994,778
61113,543
11499,2073
8084,2073
8087,2073
65812,2073
65810,2073
140071,2073
140073,659
25173,420
16563,2073
29496,543
12679,2073
6649,1429
12677,2073
10813,1429
10810,2073
10816,1429
63644,2073
63645,659
63640,2073
63643,778
7809,2073
63648,2073
65765,389
64483,1429
64482,389
65768,1429
12533,778
2504,2073
61860,2073
24660,778
61866,420
26247,2073
26246,659
2390,778
64145,2073
63422,778
21218,1429
12964,1429
2176,256
28018,778
3265,2073
5129,1429
62590,778
5125,778
61880,659
5122,2073
120835,1429
120301,2073
116031,2073
120839,2073
112880,2073
113609,2073
13235,659
14221,1429
14954,1429
120302,543
14225,778
14227,543
122474,2073
3362,778
22823,2073
20036,1429
30540,2073
113460,659
6886,2073
13962,1429
1209,1429
109338,256
30818,778
8272,1429
29677,659
29676,256
29675,2073
114958,2073
31636,778
31634,68
31143,2073
31144,2073
31147,2073
61723,659
6669,543
111723,2073
111721,420
107325,420
7585,2073
9804,2073
7582,778
66452,543
66450,2073
66451,543
66454,2073
66455,2073
66108,778
66459,659
22507,659
65158,778
65156,543
61102,2073
4145,659
3855,1429
65376,659
63939,256
121754,2073
31858,543
29359,1429
114777,778
31854,2073
121757,2073
5918,1429
63252,778
64688,1429
13427,1429
64680,659
64682,2073
4553,778
13421,2073
11684,256
11687,420
65484,778
24907,2073
65482,778
24909,2073
65489,2073
124326,2073
64356,2073
124324,2073
124322,2073
124320,2073
124321,2073
27906,659
27903,2073
25236,420
25234,778
125583,2073
16795,543
125584,2073
16790,420
16791,420
128759,1429
128758,2073
6078,1429
2616,659
2615,2073
20488,1429
7346,2073
7343,2073
10795,1429
13432,1429
10793,778
21686,778
21685,659
12338,543
12334,256
4546,420
29088,256
121662,2073
29081,543
29082,543
10247,778
9023,778
18680,2073
22882,2073
29883,2073
29886,2073
2942,659
2940,543
5357,543
1056,2073
30151,778
30152,2073
31285,2073
31289,389
14565,2073
14563,1429
24489,2073
24486,256
24483,778
27748,778
62016,2073
106846,389
3116,659
3114,2073
62018,420
30732,2073
8648,1429
31462,389
31460,778
31467,2073
124442,2073
110645,1429
124441,2073
132405,2073
132406,2073
136186,659
11300,2073
11301,543
11302,1429
11304,1429
140905,1429
61664,2073
28942,1429
61661,2073
61662,2073
61669,2073
25823,256
126417,2073
66713,2073
10195,1429
28822,2073
61592,2073
61591,2073
61596,1429
127094,2073
14182,1429
117018,389
117019,389
12658,2073
6661,2073
12655,778
10877,1429
63990,659
16890,420
63621,778
63996,659
16896,420
63998,420
61840,256
65740,543
141636,2073
64160,1429
64161,778
64162,659
64163,2073
64165,2073
64166,543
21237,1429
140904,2073
21232,2073
121493,2073
63194,2073
63195,2073
63196,2073
63197,389
1878,2073
4941,1429
138205,659
138201,2073
138203,659
2111,1429
2113,778
14027,1429
1919,2073
5109,778
17052,256
122678,2073
62575,389
122677,2073
122674,2073
122675,2073
62571,2073
3282,2073
62573,2073
120816,2073
120818,2073
13219,1429
10499,2073
10498,1429
14978,1429
14790,543
14791,543
14793,1429
14794,1429
18234,420
62710,778
62712,2073
62715,2073
20548,1429
133728,2073
133729,659
133726,2073
133724,659
15101,389
112759,1429
112752,2073
9880,420
112754,659
6865,543
6867,1429
8257,778
8250,1429
8253,1429
1266,1429
8789,256
30833,2073
30832,1429
30837,543
1913,1429
30835,2073
31614,543
30352,659
29698,2073
29693,543
1914,1429
114979,389
8431,256
8434,1429
8439,778
119133,2073
30358,1429
133949,2073
6127,1429
126778,2073
126773,2073
6121,1429
66476,389
61439,778
61129,389
61430,543
61433,659
61435,2073
12597,1429
24670,2073
24671,778
4128,778
24675,778
24678,256
12593,1429
4127,1429
4124,659
5686,1429
5680,778
11514,1429
11511,778
11513,420
5978,3
65170,420
5973,2073
5977,3
65179,2073
17208,420
17202,1429
25783,2073
25781,256
25786,2073
25789,543
25031,1429
25033,659
140736,2073
65350,1429
65355,1429
135044,2073
24922,2073
24925,1429
24926,1429
64402,2073
2581,2073
64409,1429
64408,2073
2589,543
64864,2073
9058,1429
64713,1429
6053,1429
10005,1429
10000,1429
10002,543
63377,256
10008,778
9599,2073
20019,420
9225,778
9590,1429
62962,1429
62960,659
62966,2073
62967,543
62965,2073
12352,2073
141178,2073
118875,2073
118876,389
10266,1429
123937,2073
63722,420
126654,2073
9048,2073
63388,2073
63385,659
63384,2073
63386,2073
63381,2073
134025,2073
134026,2073
21542,1429
2960,543
29868,543
29864,543
137611,2073
65404,659
24318,256
24316,778
24315,2073
24312,778
108740,2073
62382,659
1078,659
1076,778
5374,778
5377,778
1075,1429
1072,2073
62388,2073
30130,2073
30137,659
13003,1429
61795,1429
30138,778
65051,778
31267,420
4331,1429
3130,1429
14581,659
3138,778
14583,543
20204,778
20202,543
62036,543
62037,778
115163,778
31403,659
23577,778
5764,2073
5763,543
61600,659
61608,389
25808,2073
25804,1429
25805,2073
25807,68
66731,256
126434,2073
1627,2073
30974,778
5408,543
12519,1429
12516,1429
8195,1429
7422,1429
7420,1429
12631,778
12635,256
12634,2073
12637,778
6608,2073
117032,389
117034,389
117035,389
117036,68
10857,1429
135824,2073
6733,778
110442,543
60955,2073
120655,2073
120300,2073
60950,2073
60953,389
60952,389
122096,2073
19537,420
63600,2073
63977,2073
63602,2073
63975,1429
63604,659
63605,1429
63606,2073
63971,18
12189,2073
65725,2073
12181,659
12180,659
28884,2073
61987,543
135708,2073
135705,2073
17694,420
3735,1429
3734,1429
1891,2073
2136,2073
4690,420
4926,1429
4699,420
2138,2073
11727,778
11722,659
11720,2073
11721,1429
11729,256
4800,1429
5165,2073
5169,1429
14002,778
14003,256
14005,2073
14007,778
138483,659
62559,2073
20783,2073
138486,2073
17074,256
17076,389
17070,420
62555,2073
17073,256
120877,256
9698,1429
9699,1429
113646,659
128659,256
122434,2073
122435,256
122436,2073
122437,2073
62733,2073
62732,2073
62730,2073
14913,1429
62739,256
62738,2073
1794,1429
6848,1429
6841,1429
6307,778
6845,1429
10609,778
29459,659
29453,1429
29323,2073
30675,2073
30674,659
30676,778
30855,389
30857,389
8234,2073
31672,389
31673,543
31674,2073
31675,389
7632,543
8787,543
7636,1429
7637,659
112774,2073
112775,778
112778,1429
9841,1429
9846,1429
9849,1429
63454,2073
13514,543
1240,778
1243,1429
1533,1429
1244,659
1246,2073
28325,2073
28490,389
28323,543
28320,2073
121153,2073
62458,2073
22543,778
22544,543
31096,2073
9317,256
4103,1429
31095,543
31093,1429
4108,1429
29692,1429
31099,68
24699,659
10426,1429
24691,543
28149,1429
9311,2073
3892,2073
3897,1429
28145,2073
31894,420
31895,420
12051,1429
11538,778
5959,1429
11531,778
11537,1429
11535,778
61140,659
61142,778
61147,389
61410,2073
61419,2073
61418,778
111873,778
64644,2073
25013,659
25017,778
121844,778
121840,2073
121842,2073
25276,778
25274,2073
64392,659
124360,2073
124361,1429
64397,2073
25279,659
119894,2073
6039,2073
17266,256
17269,420
6036,2073
6034,778
10063,420
9203,1429
63018,659
121513,256
65236,2073
12378,778
12379,778
62948,659
113361,2073
9063,543
113367,420
10286,2073
13353,1429
14386,2073
64631,2073
125360,2073
3562,543
112187,389
112186,389
22843,389
112184,2073
13397,543
20993,1429
2903,659
64547,420
2909,778
2908,2073
64542,659
14616,1429
20194,659
20191,420
5313,1429
11018,1429
13027,1429
30448,1429
30445,420
30442,543
30115,420
30117,543
31790,2073
3153,1429
1633,659
3157,2073
3156,2073
1982,256
28795,659
3158,2073
28791,1429
122358,2073
122355,543
62057,2073
122357,2073
129469,2073
129466,659
129467,2073
3031,2073
66281,543
66286,389
66285,389
23553,420
66289,389
66288,420
66531,1429
66530,2073
23088,659
23080,1429
23084,2073
61624,543
61627,2073
29156,1429
29152,2073
29150,778
29151,68
25860,420
25864,2073
126459,2073
126454,2073
8577,1429
8571,778
8579,778
12578,1429
15253,543
12576,543
12575,659
7409,659
7406,2073
7401,1429
12615,543
60979,1429
24731,543
60973,2073
60970,2073
60977,389
61885,420
29487,389
65251,543
65702,1429
65701,778
65700,389
65124,543
65709,659
65708,778
141362,543
13625,543
13623,659
2337,1429
4719,1429
25480,1429
25481,420
3711,1429
3713,778
141097,659
141098,2073
4678,420
4900,2073
2484,778
4674,420
2482,778
13561,389
63955,2073
63956,2073
63951,2073
63952,2073
63953,778
11700,2073
63959,2073
5149,543
62539,389
5142,1429
124775,1429
17016,420
64079,1429
63483,1429
63486,420
62285,2073
5422,2073
133766,2073
7241,543
133768,256
17168,420
6821,1429
6829,778
10541,1429
10543,778
129078,2073
10549,1429
121720,2073
121722,659
29300,389
29304,2073
14282,2073
8816,1429
14286,543
8811,2073
8810,1429
14938,2073
18276,420
8818,1429
8219,778
30651,778
15089,1429
30877,1429
8210,1429
8745,2073
15084,1429
8215,1429
8214,1429
109826,2073
30870,2073
133186,2073
133184,2073
7658,1429
133988,420
133987,2073
133985,2073
9867,1429
11147,778
14424,2073
14425,543
28300,1429
28303,778
24503,256
24500,420
1518,778
28165,2073
28168,1429
110039,2073
11550,1429
11555,1429
11558,1429
127464,2073
61166,659
65133,420
65134,778
65135,1429
127462,2073
25075,389
25079,68
120444,2073
120441,2073
135004,659
65399,1429
16889,389
25296,256
14990,2073
122737,2073
111662,778
6010,2073
117260,543
117263,1429
66096,389
17248,420
17245,420
17243,256
17240,420
10734,659
10735,1429
10044,1429
10733,778
63038,659
122078,2073
63030,659
12396,2073
122734,2073
12395,543
12392,1429
12390,659
26016,256
141138,1429
26015,2073
26012,778
26013,1429
26010,778
26011,2073
64919,2073
64918,2073
26018,1429
26019,1429
9083,1429
118834,2073
21598,1429
139922,659
21595,420
3502,1429
3504,659
3505,778
2677,1429
2929,1429
5330,1429
14639,543
14638,1429
112968,659
5336,659
14633,1429
5338,1429
112966,2073
30467,389
30461,389
30463,1429
130764,68
13041,420
13479,778
13046,778
18040,420
18044,420
18049,420
3178,1429
122377,2073
3171,659
3170,1429
127274,2073
29822,2073
29791,2073
137874,2073
29826,659
129442,2073
29829,543
1164,2073
66519,2073
1161,2073
126615,2073
27825,2073
25844,2073
25845,2073
25848,2073
31223,778
31224,18
31227,543
29176,543
29173,1429
1712,1429
27199,1429
12804,1429
29722,2073
15274,1429
8009,2073
65899,2073
65897,2073
12559,1429
65895,420
8559,1429
65893,659
8001,1429
8003,1429
28758,2073
14192,256
7469,2073
110621,778
19713,420
22668,1429
111537,420
111534,2073
111532,778
111530,778
60911,659
60914,543
60916,2073
10894,543
110488,420
24712,659
24710,659
24716,256
65273,2073
65270,2073
65275,18
66657,2073
13602,389
4737,420
4739,420
2312,2073
5851,543
3773,2073
3776,2073
138743,2073
13542,1429
19575,2073
63934,659
19570,420
7881,1429
7883,2073
7882,1429
17030,420
17035,256
17036,256
62517,389
62516,1429
62515,778
62511,2073
64054,2073
64055,2073
64051,778
113178,659
21291,778
128618,2073
28410,2073
134164,2073
10386,1429
5116,1429
10382,1429
10380,1429
16924,420
7268,2073
7267,256
16929,420
7260,2073
12234,2073
12236,2073
12233,659
12238,2073
66526,778
6809,2073
6802,778
6803,1429
15711,1429
10567,778
29367,1429
9748,2073
24157,778
63201,2073
63203,2073
18928,420
112557,389
112552,778
8832,1429
30328,420
20791,389
30326,2073
30637,543
7672,1429
62564,1429
136847,1429
115245,2073
24522,543
1281,2073
11169,2073
1283,2073
11161,2073
11162,778
14403,389
109842,543
8762,778
1577,2073
13831,2073
13839,1429
12874,2073
5626,1429
28184,2073
28185,420
28182,68
5621,1429
8493,1429
31016,778
8497,2073
111940,420
110766,2073
23276,1429
28983,2073
11573,543
28989,1429
12377,2073
25056,2073
25726,1429
25053,2073
64389,1429
10244,659
6781,256
118873,18
6788,1429
135024,2073
4675,659
16718,389
16716,256
19965,1429
16714,256
16710,2073
16243,389
22496,778
120051,659
120134,2073
64606,2073
63051,659
121553,1429
63053,2073
63052,2073
63054,2073
63057,2073
9538,1429
63059,659
9240,420
9245,778
65515,543
24898,659
24890,1429
65519,1429
3691,659
63730,389
64931,659
64930,420
26038,659
64934,543
64939,2073
26037,543
24096,778
133685,420
24099,1429
29338,778
126136,2073
14650,2073
62897,1429
62895,420
62898,778
13067,778
30403,543
13065,1429
61776,778
27816,1429
122394,2073
133047,2073
29803,2073
29806,778
1148,256
132482,2073
29112,420
7192,2073
31203,1429
29114,543
31752,2073
109186,2073
12472,2073
109189,778
8539,1429
8028,778
12828,659
8530,659
12825,778
12827,2073
15293,2073
8536,1429
15291,1429
133825,2073
15315,659
7447,543
7448,1429
119034,2073
61496,659
30948,2073
65074,1429
65072,2073
22398,1429
118528,2073
13990,778
60939,2073
60938,389
120634,2073
26557,2073
60931,2073
120633,2073
124595,2073
28641,2073
126498,256
126496,2073
126497,2073
126495,2073
28648,778
24776,778
61229,420
29463,389
61227,389
65215,778
65217,659
5379,1429
4758,1429
4759,778
5870,1429
5878,1429
11291,2073
11296,1429
11297,543
3756,2073
2193,543
13526,1429
13525,2073
11747,1429
11748,1429
63919,2073
63912,2073
63915,2073
63917,389
62296,1429
20893,1429
25554,2073
60798,1429
64030,1429
120893,778
60797,2073
60796,659
6194,1429
6196,2073
6193,1429
140983,389
2735,543
2731,420
134144,2073
20097,420
9186,2073
10364,2073
2049,1429
10361,2073
7208,659
7203,2073
16531,2073
7205,659
6223,1429
12216,2073
12215,2073
12214,1429
12218,2073
15848,778
9761,1429
29347,1429
29346,778
29345,2073
29344,659
10504,1429
10507,1429
29340,389
24171,778
63262,659
24179,659
121762,659
6375,778
8859,1429
8858,2073
62797,2073
8852,778
8850,1429
1773,1429
13318,778
11942,778
108111,256
24547,256
24544,543
24545,778
62135,2073
28349,256
122233,2073
62133,2073
1559,543
3036,2073
28435,2073
14466,256
28433,2073
30617,543
30614,778
30612,543
118445,2073
30618,659
13853,68
31564,2073
31563,2073
31560,68
134984,2073
5606,2073
5600,543
24381,543
5608,1429
111960,420
111961,778
9324,1429
110568,389
130419,1429
110566,1429
110562,2073
23252,778
109240,2073
15337,2073
15331,2073
12450,778
109247,543
6428,543
22250,659
6768,778
6765,1429
115918,1
16736,256
16733,420
65686,2073
65680,256
65681,543
65689,420
9850,1429
119836,2073
119834,256
120154,2073
120156,2073
64626,1429
64621,256
64620,2073
63077,389
125654,2073
63070,2073
65532,420
141469,659
61276,659
25762,2073
2508,778
2507,1429
64950,2073
26050,2073
64480,2073
64486,778
64485,2073
22829,778
5047,256
5046,1429
5043,2073
22822,2073
10777,1429
62304,2073
62302,2073
30420,1429
30423,2073
3203,1429
29755,543
29756,543
29757,1429
29751,1429
10190,778
10198,778
29288,659
29282,389
29287,2073
29284,778
1121,1429
25880,543
15106,659
30281,659
30283,543
29131,1429
29133,2073
29134,2073
65556,389
31778,420
108872,2073
31775,2073
8515,1429
8512,1429
8047,659
8049,1429
12598,1429
12840,1429
12845,778
31483,2073
31489,389
31488,2073
23067,2073
23062,778
24281,1429
24283,778
24287,389
65059,2073
61028,2073
61027,2073
111579,2073
61791,420
61793,68
24757,2073
24755,778
24751,2073
24750,2073
24758,543
28668,778
28881,2073
61242,1429
61246,2073
13646,778
13645,2073
4771,778
13649,256
5818,2073
19024,420
17348,420
17341,1429
25390,659
13509,543
130200,543
130203,2073
4611,778
25399,778
13503,778
13505,778
65945,389
65944,659
65235,256
65949,778
65948,1429
64546,389
5458,2073
64014,659
64015,778
64016,778
64017,2073
64549,1429
25579,659
25570,389
25572,1429
25573,256
139201,256
117161,389
16698,420
2710,778
10349,1429
7951,778
7228,659
10692,1429
10345,778
63799,420
122921,2073
6241,256
6242,1429
10685,1429
12274,659
12277,778
10520,543
63244,420
63246,659
63531,2073
63538,420
25180,1429
8873,1429
8872,659
24110,659
24113,778
24114,543
110045,2073
15446,659
30740,1429
5252,1429
5253,2073
5250,1429
136809,2073
5254,1429
136804,659
13940,2073
15822,2073
15824,2073
28414,778
11124,2073
14446,659
62110,659
62117,659
132600,2073
3011,659
3015,2073
28691,659
30361,659
60814,2073
31549,543
13870,543
4182,1429
110760,2073
5667,1429
113272,2073
118574,2073
118577,659
127436,2073
66050,1429
66059,2073
11804,659
23724,543
6403,1429
12471,1429
15316,1429
30945,2073
61498,2073
8184,543
61494,543
9719,2073
61490,659
63500,778
7761,778
7762,543
3905,18
6742,256
4199,1429
121257,2073
63976,543
63601,2073
9954,2073
9952,778
16752,389
16751,420
63972,778
12046,1429
12047,1429
12044,1429
63607,1429
119813,420
25761,778
120178,2073
25767,778
65552,2073
65553,659
65550,2073
3650,1429
65554,2073
2521,1429
26077,389
26078,420
12183,2073
64979,389
11465,1429
8387,1429
11462,1429
134447,2073
17151,420
17150,389
17157,389
17405,1429
25186,778
25181,778
4409,659
13316,659
13311,1429
9573,778
10757,1429
5395,543
14830,256
14832,778
14834,2073
11805,659
14836,659
64205,420
64206,420
134845,2073
64209,543
27855,1429
9397,68
29733,1429
9393,1429
29734,1429
9398,778
27760,778
119974,389
31716,389
7154,778
7152,1429
30006,778
30007,659
30005,1429
7692,1429
8068,1429
12868,778
8067,1429
30008,1429
30009,2073
28216,256
7486,1429
7481,659
29736,778
123080,2073
133869,2073
133868,659
133867,2073
133866,2073
23002,1429
1104,543
23006,256
23291,659
28064,68
1109,778
131423,2073
129823,2073
131425,2073
111590,2073
22601,2073
118267,2073
13873,1429
1837,1429
28608,543
28600,778
28603,2073
13580,543
114418,1429
4790,1429
5831,2073
11257,1429
61004,659
65034,659
65036,2073
64782,543
64784,420
64786,543
25376,389
25375,2073
140672,659
140676,659
140679,2073
65967,543
65788,659
65787,778
64568,1429
64567,389
64560,2073
64561,389
25514,659
117142,659
117145,2073
12789,778
12788,2073
17366,1429
17367,420
12785,778
10321,659
2771,1429
14304,659
9142,420
7974,1429
7977,1429
7970,1429
16948,420
6266,659
12256,2073
12253,543
12252,659
12250,659
6268,1429
21186,659
119595,778
119594,1429
119597,2073
17095,420
122901,68
122902,2073
123500,2073
113269,2073
63518,389
63511,389
3465,778
8898,256
8892,2073
134451,659
134452,2073
134104,2073
138131,2073
1581,2073
20338,778
62553,2073
5234,1429
5237,1429
13124,543
13125,543
122656,2073
13128,1429
137373,2073
137374,2073
18329,420
3071,420
28471,389
28477,2073
28474,389
14311,1429
62170,659
122277,2073
12711,659
66690,543
66691,778
31528,2073
126597,2073
66695,256
66696,2073
66697,659
66698,659
126599,2073
31521,256
31525,2073
132504,2073
5643,543
132502,2073
143441,1429
29075,2073
29074,2073
29070,543
31530,2073
28296,1429
28295,1429
28291,778
66077,2073
66070,2073
66073,659
66688,389
105951,420
6461,1429
30925,1429
6465,1429
31037,543
14918,659
6722,543
8304,1429
61527,659
120048,2073
110529,2073
9937,2073
16778,420
16775,256
16777,420
12065,543
6097,68
6096,659
25749,778
25748,2073
25747,1429
65570,778
65574,2073
65576,543
65578,659
140800,1429
24832,2073
3673,659
64999,1429
64994,4
2549,389
64991,389
64993,2073
116680,420
11440,1429
11446,1429
3580,1429
3581,256
3584,2073
3556,2073
64194,420
64197,543
64192,389
17131,256
17130,420
17132,389
64199,389
17136,420
13339,778
13332,659
12212,2073
9551,2073
9555,1429
66061,543
64223,1429
134869,659
20134,1429
135990,1429
139749,2073
27875,543
27873,2073
63161,1429
63162,659
29246,389
29241,2073
11861,420
14815,1429
11867,2073
14810,389
15142,543
109929,2073
135484,2073
109925,659
109926,543
109920,2073
7171,543
7179,1429
31739,389
31738,2073
31737,256
31734,2073
31732,1429
112033,659
112030,2073
1690,2073
112034,1429
30029,2073
115566,420
12884,2073
30027,1429
30023,1429
133844,2073
66263,389
66265,778
66269,543
28590,1429
1478,659
12466,543
28597,1429
6416,2073
22373,2073
61484,1429
4228,659
31195,1429
31194,2073
4225,778
4222,1429
13932,778
28624,1429
28623,2073
28622,1429
5581,1429
24792,778
28629,543
5589,1429
66484,420
11271,1429
13680,1429
13686,543
19069,659
28340,543
61060,778
61061,543
61065,2073
65016,659
61068,2073
65014,659
65012,389
65011,659
60883,2073
25355,659
60881,2073
25357,778
60887,1429
30946,2073
19486,420
64766,2073
64767,659
60888,2073
25359,543
64760,778
25683,2073
25680,1429
25681,659
23976,1429
65908,2073
22086,420
65901,2073
61285,2073
65905,659
65904,2073
65907,2073
25536,1429
124201,2073
2282,778
2285,1429
128698,2073
6730,659
139244,2073
10905,1429
10906,1429
10903,543
10902,659
9125,2073
10306,1429
10305,2073
10656,1429
10301,1429
16437,659
63758,2073
7912,1429
7911,1429
63755,1429
7917,778
7980,2073
4321,1429
125000,659
63281,2073
63288,256
121078,2073
21300,778
63572,778
121077,2073
11259,778
2025,543
2751,543
2028,2073
133432,2073
133430,2073
5216,389
5215,543
5210,778
5218,1429
65031,2073
62481,389
9332,1429
62487,389
28266,2073
18307,389
18654,1429
14487,659
14489,2073
122255,543
62627,1429
62626,2073
122520,2073
28450,778
14370,2073
11974,778
124437,389
4802,1429
132526,2073
132525,2073
132524,2073
132523,2073
66675,778
66672,389
66673,389
124198,2073
109599,420
136884,659
129635,2073
129632,2073
129631,543
29052,543
137351,389
137357,2073
29055,256
29507,420
126318,2073
23769,778
23768,543
23767,2073
28907,778
66016,1429
126314,2073
28900,543
1318,2073
15424,778
12434,1429
12433,659
15350,1429
15359,543
105936,778
110721,2073
31501,389
110725,543
110724,389
110729,543
110728,659
7723,2073
3949,1429
3946,1429
6707,2073
63876,1429
9919,1429
24474,2073
24475,2073
24473,659
6081,1429
61544,389
61547,68
61546,2073
61541,2073
125525,2073
125524,2073
22144,659
22140,1429
4052,1429
4051,2073
4058,2073
21828,778
3619,1429
65592,778
65590,1429
141198,2073
114628,256
61264,389
11424,778
11427,256
17115,256
17114,256
17110,2073
5020,659
61414,659
13351,1429
116668,2073
13354,778
4448,1429
24810,1429
134804,2073
20158,543
62814,2073
62363,543
62811,2073
3093,1429
139985,2073
10466,1429
29265,1429
29268,778
121440,659
63147,1429
28322,543
8912,1429
1539,256
18533,420
11842,420
30598,1429
30229,420
30594,256
30595,389
30225,68
30222,420
30220,1429
30593,1429
7117,543
7116,2073
18797,256
1678,1429
66725,778
1677,1429
137722,659
29993,420
29996,389
29997,778
28020,543
28022,420
126140,389
66242,659
1418,1429
1410,778
13913,68
4201,256
4205,1429
5568,778
5569,778
5564,778
140027,1429
5567,1429
5560,1429
7759,2073
111627,543
111629,2073
11213,2073
11218,68
19049,420
61048,2073
61739,256
27792,543
61737,2073
127541,2073
61735,1429
61732,2073
61733,778
27794,2073
61047,1429
25334,778
25338,778
25339,389
23950,778
23955,2073
28518,1429
65291,543
65290,543
65923,1429
65922,256
65921,1429
16637,389
16188,2073
16630,256
6115,1429
6116,68
6110,659
124046,389
10921,1429
10920,1429
64741,1429
116857,68
124040,2073
17322,389
106589,659
64748,420
125795,2073
7281,1429
7932,2073
121273,2073
63771,2073
7936,659
7938,778
65434,778
16989,420
65436,543
65430,778
65433,2073
21144,2073
16981,420
16986,256
16985,389
16456,543
64526,778
64528,2073
121053,2073
63551,420
63804,659
63803,2073
63556,2073
63559,1429
113224,2073
22946,1429
21496,1429
3429,543
3424,778
2002,420
2007,420
2005,420
2008,1429
12482,2073
14170,1429
14172,420
12625,1429
30751,1429
10581,1429
118284,2073
13169,1429
10585,1429
10588,2073
13166,389
11183,659
125604,2073
11185,778
14359,1429
112178,659
112179,2073
62602,2073
17919,420
30697,2073
30692,543
137110,2073
1082,543
136648,1429
66381,1429
66386,2073
29038,2073
29528,389
29033,2073
29032,659
29526,389
65114,2073
1334,2073
1331,1429
6932,1429
6936,1429
8694,1429
8123,1429
8692,1429
7700,420
123100,2073
66654,389
126555,2073
126554,2073
114829,389
61381,1429
61380,256
31593,420
61389,389
61388,256
8348,2073
31591,2073
8341,1429
28924,778
66031,543
66032,2073
66034,2073
63942,2073
61562,2073
61560,2073
61567,778
61566,2073
65609,1429
65607,659
5133,1429
22122,420
4078,778
13765,659
4077,2073
13760,1429
4072,778
3964,543
3962,2073
5792,778
5791,2073
3969,2073
3639,1429
114648,420
3054,778
61122,778
106368,2073
17461,420
13379,659
13378,2073
4467,2073
13375,2073
4462,1429
4460,1429
140759,2073
24870,2073
6452,2073
24877,659
135669,2073
24878,659
141720,1429
64267,389
64262,389
16847,389
16845,420
16843,420
6326,1429
12171,2073
14512,659
12178,2073
9667,1429
9664,2073
29206,1429
10115,659
10441,1429
10443,1429
21776,659
21777,659
63120,256
63123,1429
62836,778
112618,420
62832,543
8972,1429
124374,2073
8975,3
7139,1429
7138,543
7133,543
7132,778
7137,1429
132978,2073
1659,1429
1650,2073
1651,2073
1655,778
133886,2073
133885,659
3895,420
119095,2073
133888,2073
24203,543
24205,1429
24204,2073
5404,2073
3394,1429
3399,2073
1380,1429
28556,778
28003,1429
1439,1429
30205,659
28737,778
29706,543
30209,2073
114346,543
13976,2073
18110,420
23466,543
5543,543
111864,2073
30067,543
111868,778
11234,1429
61717,659
61711,659
61712,2073
61718,2073
61719,778
25915,2073
129840,2073
22338,256
129848,2073
129849,2073
25918,1429
129519,2073
25318,543
25312,543
25313,659
25314,68
25315,659
25640,1429
25641,659
4911,778
23420,1429
115831,2073
9890,1429
9898,1429
9899,2073
119893,778
109931,2073
1594,778
12762,1429
12761,1429
6136,1429
64891,778
64726,1429
64896,68
10946,1429
16477,1429
63716,2073
1593,1429
9472,1429
9473,778
16478,1429
65413,2073
61971,2073
65417,778
61976,659
21163,2073
24996,659
5174,659
1598,1429
64099,2073
120296,2073
120297,543
124975,2073
64096,1429
124794,2073
24191,659
24190,2073
24197,659
24198,659
63821,2073
63822,2073
31150,256
3407,543
64064,389
4878,1429
138621,2073
13498,543
10615,1429
10614,256
2060,778
2061,778
2797,659
14112,2073
14113,2073
14111,1429
14114,1429
108970,389
62990,659
62996,389
62447,2073
62446,2073
122741,2073
13142,543
9783,420
9786,2073
62662,543
62667,778
62666,2073
115750,659
133164,659
137131,659
137130,2073
137137,2073
115554,2073
65180,2073
138843,2073
29015,778
29542,389
7092,2073
107643,420
29011,68
31522,389
31520,2073
8105,1429
1359,659
8109,1429
1356,1429
66630,2073
66631,1429
66636,2073
8363,543
8365,2073
61364,420
113362,2073
110588,2073
3184,778
28940,2073
28765,778
28947,1429
28944,1429
24432,543
24430,778
24436,2073
28769,543
13709,543
13700,1429
4016,778
11399,2073
19433,1429
19431,1429
19438,2073
19439,256
3980,2073
110326,2073
110320,543
1111,2073
65624,2073
117862,1429
117861,1429
65621,543
65622,2073
1117,2073
25138,2073
25108,778
24858,543
24853,659
24856,659
24857,1429
64284,2073
64280,778
64283,2073
64282,2073
7875,778
112185,778
7873,1429
7878,543
6308,1429
6304,2073
12156,1429
63455,389
63106,2073
63456,1429
63451,2073
63102,1429
9319,1429
63100,659
10422,2073
10420,2073
9313,2073
63109,1429
112366,256
112362,389
8958,1429
62852,420
141044,2073
62859,2073
26900,1429
123807,389
113419,2073
125237,778
125234,420
112090,389
1632,2073
112092,2073
1634,778
1635,2073
1981,1429
3218,2073
1988,1429
2817,1429
2811,1429
2812,1429
29954,1429
29955,659
2818,778
14257,659
14256,2073
14250,2073
14253,420
14252,2073
24225,543
24224,543
24222,778
24220,659
122175,1429
122171,2073
122173,2073
122172,2073
28573,420
3376,2073
3373,420
3370,2073
30263,778
30260,1429
30261,543
30265,659
31683,778
31686,778
31689,659
31136,420
4242,1429
4241,1429
5520,1429
5523,778
5526,389
7741,543
30087,2073
30084,2073
31354,778
23195,1429
23197,2073
6547,1429
63680,2073
30884,778
6543,778
61777,389
16836,389
127279,2073
30888,420
25937,659
115812,2073
7515,1429
14292,778
7510,2073
16671,256
16675,420
16674,389
16679,420
6152,2073
12702,2073
61192,778
6158,543
6159,2073
61198,2073
64708,659
25665,543
120059,2073
64879,1429
64876,1429
120723,2073
60823,420
63739,778
15521,778
121233,1429
22717,420
61996,659
65472,778
65474,2073
8759,2073
141236,2073
2269,256
2267,659
63848,778
139804,2073
63847,543
139803,2073
138608,659
138609,2073
2044,659
138601,2073
138602,2073
138603,2073
138607,2073
9411,778
9413,659
10639,778
10631,420
11948,2073
14131,389
11944,778
14134,420
11940,1429
27991,778
27996,389
27997,2073
17724,420
62465,543
65022,420
63596,1429
125533,1429
62646,420
62645,2073
62642,389
62640,2073
62649,2073
10097,2073
10096,543
117805,2073
138861,543
62056,543
106770,389
12945,2073
12944,2073
13189,543
14395,659
8162,2073
15443,1429
15442,543
12497,1429
66610,543
6475,2073
66616,659
66617,68
61349,2073
8388,2073
61691,659
61690,778
61340,2073
61694,2073
130766,2073
25692,543
24414,389
24415,1429
4383,1429
24419,778
130762,2073
1372,1429
28749,68
28744,2073
28217,2073
28214,1429
28740,659
28742,1429
28967,420
4036,1429
26360,2073
11376,1429
11371,256
11372,543
121934,1429
19415,420
30861,1429
23872,778
23871,420
23877,543
30862,543
65866,2073
65643,2073
65640,543
61523,2073
65861,1429
137067,2073
120557,778
124616,2073
124614,256
124615,389
25430,2073
25433,659
25434,778
25124,1429
65795,1429
7852,543
7853,778
7850,543
63690,778
63699,420
61836,659
61832,420
16802,256
61839,1429
61838,389
12138,256
12139,1429
24837,659
6362,2073
12136,2073
10150,1429
10156,1429
10405,1429
10407,1429
10159,2073
9338,1429
63470,2073
63474,2073
63479,420
63478,659
14898,1429
14897,659
14895,2073
21731,256
14891,1429
62870,1429
3082,420
62874,659
1602,659
113439,543
3230,2073
3231,420
1968,1429
1969,1429
1618,543
1619,420
3238,420
1613,1429
138470,659
2870,1429
3354,2073
28513,389
28512,778
2547,256
3358,2073
20064,1429
122159,2073
5442,543
62257,68
30539,543
30536,543
30534,2073
64997,1429
30247,2073
114303,1429
5508,1429
18152,256
5505,778
23605,659
66151,389
66155,420
66404,1429
66403,2073
132799,2073
27776,778
27771,2073
61758,778
61759,1429
6565,2073
61752,2073
61753,2073
61755,2073
29606,543
29607,543
7685,2073
5475,1429
7682,2073
29600,1429
29601,256
25950,543
25956,1429
29608,1429
29609,778
9155,543
3824,778
3821,778
65980,389
8440,1429
109079,543
115872,2073
115873,256
115876,420
5134,1429
7537,1429
7536,659
31379,2073
19355,420
16650,1429
6178,1429
12726,256
6171,1429
64857,659
64850,543
64851,2073
64853,2073
10984,2073
10981,778
64859,778
10983,1429
24607,543
60802,68
60801,2073
60800,2073
24608,2073
65456,389
24954,543
16957,389
65459,778
119535,389
119533,2073
64583,543
64584,389
124934,2073
7904,1429
64589,2073
11584,778
11580,1429
138662,659
116210,389
4839,1429
4830,778
4523,778
13453,256
130138,2073
4520,778
7993,1429
7991,1429
4423,2073
11636,2073
62406,778
13184,659
64327,659
13187,778
64323,256
64321,2073
134964,2073
20653,1429
8638,2073
63862,2073
63863,659
63866,659
122838,2073
9293,778
7331,2073
9298,778
9299,1429
18439,420
30185,659
30181,2073
12926,1429
30188,389
10215,778
10211,659
10213,2073
63313,256
121613,2073
61401,2073
63318,420
61151,389
112111,2073
61404,1429
8148,543
30760,2073
30989,1429
66365,543
6994,1429
6995,2073
61407,2073
8633,2073
24382,778
65126,778
31588,2073
2999,1429
66366,659
66367,778
66360,778
2990,659
2991,1429
66368,2073
31587,778
24389,659
65706,2073
111490,778
111491,2073
111492,659
111493,1429
9999,2073
65703,659
137531,389
66091,389
11032,543
28231,256
29900,2073
11038,1429
1397,1429
1393,256
19557,2073
11351,1429
61321,2073
61322,68
61325,543
64821,543
130305,2073
112254,420
23819,543
23811,1429
23810,1429
23812,659
65669,543
118795,1429
65664,2073
65841,68
124638,2073
25140,389
64130,1429
124636,543
2437,1429
2436,778
2435,778
16821,420
16824,389
63678,2073
16827,389
16828,420
16829,389
63676,659
7835,778
63672,389
12110,543
117358,2073
6343,778
61815,420
6346,778
6349,1429
119493,2073
17198,389
17197,389
17195,420
9351,256
9602,2073
9355,2073
9359,778
9358,1429
10174,1429
63419,778
63418,659
21244,543
11035,2073
212340,659
63413,420
63415,256
63417,2073
3781,1429
3786,659
3785,2073
8990,2073
4993,778
4990,778
113459,256
125277,2073
125276,2073
125275,778
125274,2073
125279,2073
116004,389
1949,389
106073,420
1943,1429
1940,543
13241,1429
2859,1429
133245,2073
2856,1429
14219,420
3336,2073
122138,2073
20047,2073
62236,659
62237,659
122137,2073
29710,543
106404,420
29910,2073
29916,1429
137943,2073
137232,256
29918,2073
1234,659
66428,778
28397,778
28395,778
126720,2073
126721,1429
28398,778
1239,778
66425,659
66424,389
8288,1429
25970,389
25972,543
25976,2073
25978,2073
6502,778
2489,778
31170,1429
29624,389
29626,778
4903,1429
23486,2073
13562,543
3807,659
23485,256
8463,1429
8465,1429
111779,420
110179,389
31394,256
7556,543
7554,1429
22536,2073
22532,1429
3063,68
64830,2073
3062,778
60868,2073
64839,543
25628,1429
24621,778
24620,2073
25623,659
25627,1429
65303,543
24978,1429
24971,659
24976,389
24975,2073
119553,2073
116586,420
22751,420
116588,2073
31821,543
2226,659
2222,659
2220,659
10724,2073
15415,778
13474,659
4503,1429
138641,659
2080,778
2086,1429
25081,543
2085,659
11656,1429
125860,2073
128541,2073
17761,389
17762,389
27957,778
64308,659
64304,778
64306,543
64301,420
64302,4
64303,256
139665,256
63886,18
63883,1429
128764,2073
63881,778
62689,256
62688,659
20900,1429
20901,778
62686,1429
20909,1429
63084,659
63085,1429
63082,659
63083,659
63080,2073
63081,659
7315,256
7316,778
12304,4
11907,2073
11908,2073
12309,778
30169,1429
12909,256
30165,389
12904,778
30161,543
30163,1429
10232,2073
9016,1429
10237,659
10236,1429
10235,778
10238,543
21505,659
21504,778
21507,2073
63338,18
63339,2073
21503,256
65196,778
24029,2073
21508,2073
64387,2073
26000,2073
30709,1429
119316,1429
119314,2073
7781,2073
66300,1429
66301,543
66305,2073
24360,543
24361,2073
1004,1429
10990,2073
4340,2073
28700,2073
28253,2073
28256,1429
28706,543
14535,2073
11017,1429
11012,1429
8611,543
125358,2073
5711,778
65665,2073
25631,2073
61655,659
61656,659
61302,256
61653,543
61300,1429
28877,778
11482,420
11480,18
140049,2073
140044,659
140042,659
65829,543
65827,1429
65825,2073
120518,2073
120574,2073
25168,543
25167,778
25166,2073
120513,2073
25164,1429
120517,389
64135,1429
32280,2073
16597,2073
12688,1429
12689,543
10827,2073
129626,2073
28919,1429
63651,2073
63650,659
63657,2073
61871,659
61872,543
61877,2073
64153,2073
64154,778
64156,2073
141397,2073
121134,2073
63435,420
121137,2073
20988,256
63430,543
113611,2073
9372,659
121139,2073
24291,778
116394,2073
116395,2073
116393,2073
1820,2073
1823,1429
2146,2073
29934,1429
4973,256
1920,778
3277,2073
3275,2073
1926,1429
3278,543
116029,1429
13228,2073
4223,1429
13227,1429
112877,2073
112876,1429
112874,2073
14233,2073
112878,543
122447,2073
62745,2073
62742,1429
62215,659
62740,389
62217,2073
3311,659
3310,2073
62748,778
20029,543
20028,420
30576,2073
30577,2073
20021,68
28620,389
12403,778
15360,778
138925,2073
138924,2073
138921,2073
123138,2073
31517,2073
137960,2073
29939,659
29930,1429
29427,2073
29396,2073
29397,2073
29390,659
29423,420
29392,1429
1213,1429
1210,1429
23137,1429
6522,1429
6527,778
6529,2073
6528,1429
8266,68
30398,2073
30399,1429
25993,659
29649,543
31629,3
31159,256
29642,68
63679,2073
31627,420
29647,2073
29645,389
3862,543
121377,2073
8402,2073
7575,778
7576,2073
9815,1429
9812,778
66441,2073
66114,543
66445,543
66447,2073
66446,2073
66448,2073
117359,2073
65148,1429
12111,2073
65145,1429
65144,2073
14285,659
61811,1429
65142,2073
4156,1429
6347,1429
60847,1429
60846,2073
60845,389
24648,659
28119,543
4510,543
24646,256
65368,659
22772,2073
29953,2073
65491,2073
65365,389
65494,2073
119574,2073
31849,778
31843,2073
31846,778
5902,659
15087,778
5901,659
19311,1429
8213,543
19318,420
109823,659
106261,659
3480,2073
109825,389
13412,2073
13410,778
4560,778
4569,778
4568,1429
11670,1429
11672,778
24912,2073
121839,256
128560,2073
121834,2073
121833,543
27932,256
27930,1429
27936,778
27937,778
62913,659
62911,659
17780,420
25202,778
25203,2073
25201,420
64363,68
64360,543
64367,543
64364,1429
64365,543
16785,420
16784,420
16781,420
125595,2073
118223,2073
12094,1429
6066,778
12091,659
12090,1429
2606,778
2602,1429
10787,1429
10035,420
10789,2073
127574,1429
10030,1429
10033,778
61069,2073
7370,1429
11929,659
12321,1429
11923,1429
11925,1429
123474,1429
60882,778
30490,543
30495,543
30146,256
30496,256
29099,543
29098,1429
7017,1429
29095,2073
10252,2073
64768,2073
24005,1429
18699,2073
24008,659
121656,2073
29895,543
29894,1429
29899,420
29898,543
24344,659
2950,659
2953,2073
5340,1429
5342,420
126020,2073
137573,2073
137572,2073
4367,1429
62005,2073
3105,2073
3107,1429
14554,2073
3103,1429
111102,2073
111103,778
8675,1429
30720,543
106853,389
13782,1429
4091,1429
31455,2073
13786,659
31453,2073
4094,256
126621,2073
13789,1429
31459,659
5735,420
66588,659
66292,778
11315,1429
11313,778
66582,2073
11310,2073
19124,389
127378,2073
61679,420
61676,2073
127376,2073
127377,2073
60983,420
60984,389
140067,659
140065,2073
28858,256
140062,2073
140061,2073
28851,2073
28853,2073
61581,778
8096,778
61583,1429
65803,543
61585,389
8092,1429
61587,2073
61586,389
61589,256
8099,1429
128978,1429
11142,2073
16573,420
12669,778
6653,256
107817,420
10801,1429
120359,2073
120358,2073
63986,2073
63633,1429
63984,2073
63635,2073
63637,1429
63639,389
65776,543
19878,420
6386,1429
65772,659
65773,543
65771,659
21066,659
19873,420
61859,2073
21061,256
65585,778
124678,2073
64177,2073
124675,2073
124676,543
124677,2073
64173,2073
63188,1429
121481,2073
63181,778
63180,2073
21204,2073
124394,2073
2169,543
2163,778
14036,2073
62581,2073
62582,2073
122680,2073
1906,543
3297,1429
1902,659
3291,1429
120824,1429
13204,659
13201,1429
120822,2073
11914,659
14960,543
20005,1429
20556,2073
62768,2073
62761,543
30558,1429
30559,778
30550,389
12545,2073
113498,2073
113494,2073
64984,2073
113490,2073
113491,2073
112721,420
112720,659
138904,2073
138901,2073
133288,2073
133284,2073
1279,1429
116831,420
1274,256
133246,659
8247,1429
8245,420
3333,2073
29663,778
12459,543
29668,2073
29669,543
26898,659
31600,1429
31607,2073
31604,420
8423,1429
111731,2073
111732,2073
10658,778
9831,1429
9835,1429
23111,420
66468,2073
66465,778
23118,256
65169,659
61448,659
65163,2073
61445,778
61114,543
61112,389
61441,2073
61442,389
24662,659
4434,1429
17128,420
24669,543
3840,778
5690,1429
28130,2073
5697,543
28135,420
3848,1429
28139,2073
22794,1429
22797,543
22791,389
124995,2073
63757,2073
116615,420
5968,1429
125596,2073
5961,2073
64189,389
5965,778
17237,420
17232,659
17233,420
13439,1429
64699,389
64692,389
13431,1429
64690,1429
124195,2073
124196,2073
121817,2073
121816,420
121815,389
11694,2073
121819,659
121818,389
65345,256
65343,778
65342,2073
24934,2073
24931,543
64436,1429
64341,2073
2596,2073
124440,2073
64344,543
64433,1429
64346,2073
2593,1429
27913,2073
27914,543
25224,2073
25227,778
25223,2073
6044,1429
2620,420
2625,2073
2628,1429
7350,2073
10013,778
9589,1429
9230,1429
10016,1429
62975,2073
62977,659
62976,420
62979,389
12346,778
10277,1429
121673,2073
7336,2073
63374,659
125315,2073
121674,2073
9051,659
9052,543
24069,1429
24068,659
134870,2073
24066,2073
122075,2073
122895,2073
133547,2073
29875,543
29874,659
29870,1429
29873,1429
129851,2073
61167,659
2975,1429
62395,659
122094,2073
62396,2073
62391,2073
1045,1429
62399,2073
122099,2073
30121,778
30127,389
30128,256
65247,2073
11051,659
65245,1429
11056,1429
14578,1429
24491,2073
24495,543
3129,778
3121,778
3126,1429
64663,2073
115404,2073
8655,1429
8657,2073
31479,1429
31474,2073
31477,2073
5750,543
5757,1429
23561,1429
61610,2073
15197,420
127316,2073
15199,420
25817,2073
66708,2073
1230,1429
28836,543
28834,778
12503,389
7435,1429
7437,1429
7430,1429
64423,2073
13634,1429
66426,543
117006,389
6678,1429
117003,543
110387,2073
10868,420
110382,543
10860,1429
10867,1429
16885,389
63617,659
121315,2073
63967,2073
63966,2073
19508,420
63962,389
13639,2073
119436,389
6509,2073
21959,2073
1860,1429
1864,778
1866,2073
13597,256
4932,2073
4685,420
4682,420
4936,778
13590,543
138747,659
138210,2073
138741,659
13599,659
25979,1429
2101,778
2100,1429
6500,1429
5111,778
14019,2073
14017,1429
14016,778
14011,1429
17061,256
17065,420
17069,420
62562,1429
14150,2073
10482,1429
10484,1429
14908,1429
62488,659
62709,2073
62702,2073
62700,659
62705,659
29621,2073
133049,2073
133731,659
133730,2073
133045,2073
133044,2073
1783,1429
121478,2073
29342,778
6873,1429
112622,2073
29461,1429
29466,389
18221,256
29341,1429
3806,1429
30822,543
8229,1429
14808,2073
31661,2073
31660,2073
31662,389
29689,2073
31669,389
7602,1429
7601,659
13552,543
4641,1429
137436,2073
137434,2073
137432,778
28483,1429
1257,543
1254,543
116791,420
1523,543
28337,2073
63520,1429
28333,68
28332,68
30236,659
30231,1429
61420,778
61421,778
22221,543
61427,2073
61425,1429
4115,2073
11770,256
24689,659
122257,659
28152,420
28155,420
28157,1429
116526,2073
31888,2073
31887,659
31881,2073
31880,18
5944,2073
132605,2073
23793,543
23790,659
11509,68
11506,1429
11502,1429
23799,659
65100,543
127435,2073
65105,778
61131,659
65107,778
65106,420
65108,543
127439,2073
127438,2073
106228,1429
25799,778
25025,778
25020,778
25021,1429
31392,778
64418,2073
120845,2073
124319,2073
124318,2073
124316,2073
124315,389
124314,2073
64410,778
134384,2073
64412,659
118264,256
25241,2073
1682,1429
6020,2073
6025,778
9216,1429
9217,1429
12365,2073
12364,778
62957,1429
62955,2073
62954,659
21159,420
9071,2073
10297,1429
10296,1429
123435,1429
10292,1429
125379,2073
24040,659
63394,256
121693,2073
64915,2073
3555,389
30906,778
112190,2073
134031,2073
138004,2073
138005,2073
138002,1429
138000,2073
2916,1429
64833,2073
29852,2073
137602,2073
24302,659
24304,659
5301,778
5306,1429
13013,659
13011,2073
30451,659
30100,2073
4328,1429
31276,389
4322,778
31270,420
3144,778
14597,659
14592,256
14593,1429
14590,1429
62049,778
17861,389
17072,256
106760,420
62046,2073
123694,778
31418,659
18241,420
5772,778
5774,778
23544,420
61635,1429
25878,2073
29143,68
25870,1429
25874,1429
25877,256
136264,2073
136265,420
136267,2073
66728,659
28817,2073
28819,1429
66726,256
126424,2073
126423,2073
66723,2073
109621,420
109158,389
140024,659
12568,2073
135914,2073
12560,659
15242,1429
7416,1429
110679,1429
117026,389
117024,389
117020,389
61093,2073
12620,2073
6617,778
61095,1429
61094,778
61098,389
127840,2073
127841,389
10840,778
60949,389
60942,2073
60943,389
120315,2073
120314,2073
63056,2073
63943,543
5087,1429
63941,659
63945,659
61899,659
65739,2073
65732,543
12192,256
65737,389
65734,389
2345,2073
119419,256
2346,2073
2340,1429
2342,543
119414,389
119417,778
66013,1429
25495,1429
135247,659
3708,778
65056,543
3700,778
1884,543
3707,2073
13579,389
2124,2073
4918,1429
12436,1429
4666,2073
13570,1429
13572,1429
15354,2073
105670,389
62543,389
5179,1429
12430,256
62549,2073
138490,659
64061,2073
64060,1429
64063,1429
64062,389
9689,543
63490,543
63493,543
63495,1429
63494,2073
121194,1429
63498,2073
121199,420
62723,2073
62724,2073
62728,659
7257,659
7250,659
7251,2073
7253,420
15347,2073
5334,778
138943,2073
10550,659
112965,420
29448,389
29449,1429
63233,2073
63232,389
29443,543
29332,2073
29446,420
14290,659
8807,1429
14923,1429
14297,543
14296,543
31504,778
8808,1429
30666,778
30843,659
30662,2073
30847,1429
30660,1429
8755,1429
6588,659
8750,543
109366,389
109364,389
121713,420
7620,1429
30306,256
31643,256
121718,2073
136725,659
28502,2073
9872,778
7826,659
1500,2073
28313,420
3087,778
7824,1429
28317,68
28316,2073
28315,420
28314,389
22207,2073
22205,778
13800,543
28176,1429
3886,778
132599,2073
117904,2073
117905,2073
117902,2073
117903,256
116503,778
25080,256
116504,778
11523,2073
18732,420
61400,2073
61153,1429
61402,2073
61403,1429
127455,659
61405,2073
61406,256
65128,778
61408,256
61409,1429
61159,2073
15092,778
25000,543
120455,2073
25002,256
120458,2073
30312,2073
64652,778
64650,543
119955,2073
66185,420
9916,659
140760,659
65389,543
65383,2073
24795,2073
65387,778
141497,256
19954,543
134944,256
19953,659
7648,2073
6003,2073
65009,1429
6008,2073
17272,420
9273,1429
10056,1429
10726,2073
27780,543
63004,659
61055,420
63000,1429
12389,1429
12381,659
26004,543
26006,659
64381,2073
64382,543
64383,2073
26008,1429
125357,2073
133369,1429
133366,659
133367,778
113373,2073
113371,2073
113370,2073
61540,389
29823,2073
3574,3
3570,778
4497,1429
4496,1429
4495,2073
4494,1429
2662,1429
2663,778
13380,778
13381,778
13326,1429
20983,659
4498,1429
108772,2073
2938,778
65717,256
133506,389
133504,659
108778,778
5327,778
14606,543
11896,420
14603,659
112970,2073
112971,2073
20185,1429
30479,778
30477,1429
13032,778
11094,1429
11096,1429
31789,389
18051,420
11099,256
62065,1429
62064,2073
122360,2073
122361,2073
3164,778
132361,2073
28785,778
28787,778
30781,2073
128098,2073
30783,68
30782,778
30789,2073
20237,543
29830,1429
29784,1429
29837,659
2402,2073
129470,2073
23526,543
118444,1429
23528,2073
118446,2073
66290,1429
126620,2073
126623,2073
118443,420
25852,389
25859,2073
31254,420
29161,256
29167,1429
29165,2073
29164,543
20904,659
15267,1429
15265,778
12544,1429
8562,2073
15261,389
12540,2073
123015,2073
123014,2073
123017,543
123016,2073
123019,2073
105805,389
31430,1429
11172,778
19094,420
6639,2073
22695,778
65913,543
126298,2073
12603,256
12606,256
60964,2073
26582,778
60969,2073
24725,256
24720,1429
24531,543
24728,659
65710,543
65711,1429
65244,2073
14418,68
65242,2073
65243,659
61212,2073
65718,543
3612,778
119477,2073
119474,778
120593,2073
120595,2073
13630,1429
2328,1429
20779,2073
4708,420
11508,1429
3761,2073
3769,2073
138701,2073
138703,659
138705,659
138707,659
138706,2073
7319,1429
17641,420
17640,420
2490,1429
4640,420
13550,778
13557,256
2497,2073
13554,778
63927,778
63928,543
7892,1429
61483,543
17027,389
62520,389
62526,659
62527,389
62525,659
5152,778
64115,4
64041,2073
64045,543
64049,2073
64048,778
11903,1429
128663,659
62290,778
62295,2073
16453,659
7277,1429
7275,659
25405,1429
7278,1429
7279,1429
2561,2073
64011,420
12805,1429
6831,778
6830,1429
6836,1429
29316,543
29317,2073
10552,1429
10553,2073
29312,659
65896,1429
8007,420
121717,2073
16454,778
8823,543
8826,1429
30649,2073
30644,1429
111064,2073
30646,389
30647,420
30640,420
30865,1429
30310,1429
7647,420
7646,1429
119273,2073
119275,2073
119277,2073
28528,1429
114920,2073
62204,1429
7034,1429
112780,389
1743,1429
9132,2073
111205,2073
14412,543
24539,543
24538,1429
14417,2073
28374,2073
11174,256
24533,543
126295,18
126296,2073
11178,778
24537,778
5742,1429
109831,389
1562,2073
1567,1429
13828,2073
24021,659
13824,2073
5639,1429
28195,2073
28194,1429
28190,2073
7466,1429
8484,1429
8486,543
8488,659
