65541 1
65548 1
65550 1
65552 1
65553 1
65554 1
65556 1
65569 1
65570 1
65576 1
65578 1
65587 1
65590 1
114698 1
65607 1
65609 1
65610 1
65611 1
65615 1
65621 1
65622 1
65624 1
65630 1
65640 1
65643 1
65658 1
65664 1
65665 1
65669 1
65670 1
65671 1
65676 1
65679 1
65680 1
65681 1
65686 1
65689 1
65700 1
65702 1
65703 0
65708 1
65710 1
65713 1
65717 0
65718 1
65725 1
65732 1
65734 1
65737 1
65739 1
65765 1
65771 1
65772 1
65773 1
65776 1
65803 1
65810 1
65812 1
65827 1
65829 1
65831 1
65838 1
65841 1
65853 1
65872 1
65881 1
65884 1
65886 1
65887 1
131425 1
65893 1
65895 1
65896 1
65899 1
65904 1
65905 1
65908 0
65911 1
65916 1
65921 1
65923 1
65927 1
65930 1
65937 1
65944 1
65949 1
65957 1
65958 1
65967 1
65971 1
65973 0
65979 1
65980 1
66000 1
66004 1
66016 1
66031 1
66032 1
66046 1
66050 1
66059 1
66061 1
66065 1
66070 1
66073 1
66077 1
66085 1
66091 1
66096 1
66102 1
66114 1
66148 1
66151 1
66155 1
66185 1
109338 1
66235 1
66242 1
66263 1
66272 1
66275 1
66278 1
66281 1
66285 1
66286 1
66288 1
66289 1
66290 1
66300 1
66301 1
66313 1
66354 1
66360 1
66365 1
66366 0
66368 1
66371 1
66379 1
66386 1
66393 1
66403 1
66404 1
16531 1
66425 1
66435 1
66438 1
66446 1
66447 1
66448 1
66452 1
66455 1
66459 1
66465 1
66468 1
66484 1
66496 1
66497 1
66504 1
66507 1
66519 1
66526 1
66530 1
1004 1
66544 1
1013 1
66564 1
1034 1
66571 1
1038 1
1045 1
66582 1
66586 1
66588 1
1056 1
66597 1
66599 1
66602 1
1072 1
66610 1
1075 1
1076 1
1078 1
66617 1
1082 1
1094 1
66631 1
1097 1
1104 1
1109 1
66646 1
1111 1
66648 1
66649 0
1117 1
66654 1
1121 1
66660 1
66672 1
66673 1
66675 1
66681 1
66686 1
66688 1
1154 1
1161 1
66698 1
1164 1
66708 1
1173 1
1177 1
66723 1
66728 1
66731 1
1209 1
1210 1
1213 1
1230 1
1234 1
5667 1
1239 1
1240 1
1243 1
1244 1
1246 1
1254 1
1257 1
1266 1
1274 1
1279 1
1281 1
1283 1
132361 1
132369 1
1300 1
1318 1
1324 1
1327 1
1331 1
132405 1
1356 1
1360 0
1363 1
1372 1
1380 1
1382 0
1393 0
1397 1
1408 1
1410 1
1418 1
230796 1
132498 1
132502 1
132504 1
1439 1
1440 1
1441 1
1444 1
132518 1
1447 1
1449 1
132524 1
132525 1
132526 1
1468 1
1478 1
1487 1
1496 1
1500 1
1518 1
1523 1
132599 1
1539 1
1545 1
1559 1
1562 1
1567 1
132644 1
1577 1
1581 1
1585 1
1593 1
1594 1
1598 1
1602 1
1606 1
1611 1
1613 1
1618 1
1619 1
1632 1
1633 1
1634 1
1635 1
1641 1
1642 1
1650 1
1651 1
1655 1
1659 1
1661 1
1663 1
1669 1
1677 1
1678 1
1682 1
132758 1
1690 1
1704 1
1706 1
1712 1
1722 1
132799 1
1728 1
1743 1
1762 1
120444 1
1773 1
1783 1
1794 1
1820 1
1823 1
1837 1
1860 1
1864 1
1866 1
1878 1
1884 1
1891 1
1902 0
1906 1
132980 0
132981 1
1913 1
1914 1
1919 1
1920 1
1926 1
1943 1
1949 1
1951 1
1956 1
1968 1
1969 1
1971 1
133044 0
133045 1
1974 1
1976 1
133049 0
1979 1
1981 1
1982 1
1988 1
1992 1
1995 1
1998 1
2002 1
2005 1
2008 1
2019 1
2025 1
2033 1
2034 1
2044 1
2049 1
2052 1
14253 1
2060 1
2061 1
2080 1
2085 1
2086 1
133164 1
133170 1
2101 1
131423 1
2111 1
2113 1
133186 1
2124 1
2136 1
2138 1
2146 1
2150 1
2154 1
2163 1
133246 1
2176 1
2184 1
2189 1
2193 1
133288 1
2220 1
2222 1
2226 1
2230 1
2237 1
2246 1
2255 1
133328 0
2259 1
2269 1
2270 1
2271 1
133346 1
2282 1
2285 1
2290 1
133366 1
2295 1
133369 1
2299 1
2312 1
142382 1
2328 1
2337 1
2340 1
2342 1
2345 1
2346 1
133424 1
133425 1
133430 1
147849 1
133432 1
2390 1
2393 1
133468 0
2402 1
2403 1
133504 1
2433 1
133506 1
2435 1
2436 1
2437 1
2444 1
2448 1
2467 1
133547 1
2484 1
2489 1
2490 1
2497 0
2504 1
2508 1
2518 1
2521 1
2536 1
2537 1
2538 1
2547 1
2555 1
2556 1
2558 1
2573 1
2574 1
16813 1
2577 1
2581 1
2589 1
2593 1
2595 1
2596 1
2602 1
2606 1
2615 1
2616 1
2620 1
2628 1
133724 1
133726 1
133730 1
133731 1
133732 1
2663 1
2677 1
133766 1
133767 1
133768 1
133769 1
2710 1
2731 1
2735 1
2751 1
133825 1
2771 1
133844 1
2783 1
2787 1
133866 1
133867 1
133868 1
133869 0
133871 1
2802 1
2803 1
2807 1
2811 1
2812 1
133885 1
133888 1
2817 1
2818 1
2829 1
2845 1
2849 1
2856 1
2859 1
2870 1
133949 1
2883 1
2884 1
2886 1
2888 1
2903 1
2909 1
133985 0
133987 1
2916 1
2938 1
2940 1
2942 1
2950 1
2951 1
2953 1
134026 1
134031 1
2960 1
2968 1
134044 0
2982 1
2986 1
2990 1
2991 1
2999 1
3007 1
3011 1
3024 1
3026 1
3028 1
134104 1
3036 1
3041 1
3048 1
3054 1
3062 1
3063 1
3071 1
134144 1
3082 1
3087 1
134164 1
3093 1
3103 1
3105 1
3107 1
3114 1
3116 1
3121 1
3126 1
3129 1
3138 1
3144 1
3153 1
3156 1
3157 1
3158 1
3164 1
3170 1
3171 1
3178 1
3184 1
3203 1
3218 1
3221 1
3226 1
3229 1
3230 1
3231 1
134308 1
3238 1
3243 1
3246 1
3265 1
3275 1
3277 1
3278 1
3297 1
3310 1
3311 0
134384 1
3333 1
3336 1
3342 1
3354 1
3358 1
3362 1
3365 1
3366 1
3369 1
3370 1
3373 1
134447 1
3376 1
134452 1
3394 1
3399 1
3407 1
3410 1
3413 1
3416 1
3424 1
3429 1
3439 1
3465 1
3480 1
3497 1
3502 1
3504 1
3505 1
3532 1
3555 1
3556 1
3562 1
3570 1
3580 1
3581 1
3584 1
3594 1
3607 1
3612 1
134685 1
3619 1
3622 1
3639 1
3643 1
3647 1
3650 1
3662 1
3673 1
109842 1
3700 1
3707 1
3708 1
3711 1
3713 1
134804 1
3734 1
3735 1
3756 1
3761 1
3769 1
134845 1
3776 1
3785 1
3786 1
3793 1
3806 1
3807 1
3813 1
3814 1
3824 1
3833 1
3835 1
3840 1
3848 1
3851 1
3855 1
134932 0
3863 1
134944 1
3886 1
134964 1
3895 1
3897 1
3905 1
3916 1
3917 1
3918 1
135004 1
3937 1
3946 1
3949 1
3962 1
3964 1
3969 1
3971 1
135044 1
3980 1
4001 1
4005 1
4016 1
4029 1
4036 1
4040 1
4045 1
4049 1
4052 0
4058 1
4060 1
4062 1
148133 1
4065 1
4066 1
4072 1
4077 1
4078 1
4083 1
4087 1
4090 1
4091 1
4093 1
4094 1
4103 1
126295 1
4108 1
4115 1
4124 1
4127 1
4128 1
4132 1
4145 1
4156 1
4162 1
135247 0
4186 1
4193 1
4194 1
4199 1
4201 1
4213 1
4222 1
4223 1
4225 1
4230 1
4241 1
4242 1
4251 1
28018 1
4273 1
4274 1
4275 1
4279 1
4296 1
102617 1
4321 1
4322 1
4331 1
4340 1
4341 0
4351 1
4352 1
60802 1
4367 1
4371 1
4372 1
4383 1
4390 1
4409 1
135484 1
4415 1
4418 1
4423 1
4430 1
4434 1
4448 1
4450 1
4456 1
4460 1
4462 1
4467 1
4476 1
4477 1
4494 1
4496 1
4497 1
4498 1
4503 1
4510 1
4515 1
4517 1
4520 1
4523 1
4553 1
4560 1
4572 1
4579 1
4595 1
135669 1
4598 1
4600 1
4601 1
4605 1
4607 1
4608 1
4611 1
4622 1
28078 1
135708 1
4640 1
4645 1
4666 1
4674 1
4675 1
4678 1
4685 1
4690 1
4699 1
135788 1
4723 1
135805 1
4737 1
4739 1
4740 1
4742 1
4758 1
4759 1
4764 1
4768 1
4771 1
135844 1
4790 1
135865 1
4801 1
4802 1
4807 1
4809 1
4818 1
4826 1
4830 1
4839 1
4842 1
4843 1
4844 1
4860 1
4864 1
135945 1
28119 1
126424 1
4885 1
135965 0
135966 1
135969 1
4900 1
4903 1
4911 1
135986 1
4918 1
4926 1
4932 1
4936 1
60898 1
4973 1
4988 1
4990 1
5018 1
5020 1
5032 1
5046 1
5047 1
5050 1
5071 1
5073 1
5074 1
5087 1
28155 1
5109 1
5111 1
136186 0
5116 1
5125 1
5129 1
5134 1
5142 1
5149 1
5165 1
5169 1
5174 1
5179 1
60938 1
5187 1
136264 1
136265 1
136267 0
5210 1
5216 1
5218 1
5229 1
5234 1
136307 1
5237 1
11796 1
5250 1
5252 1
5253 1
5254 1
5256 1
28185 1
5284 1
5301 1
5306 1
5313 1
5327 1
5330 1
5336 1
5338 1
5340 1
5357 1
5377 1
5379 1
5395 1
5404 1
137434 0
5408 1
5412 1
28209 0
5417 1
5422 1
5432 1
5439 1
5442 1
60984 1
5458 1
5475 0
5476 1
5492 1
5496 1
5505 1
5513 1
5518 1
5519 1
5520 1
5523 1
5526 1
5539 1
5543 1
5559 1
5560 1
5567 1
5568 1
5569 1
5572 1
136648 1
5578 1
5581 1
5589 1
5594 1
5597 1
11856 1
5606 1
5608 1
5619 1
5621 1
5639 1
5643 1
136725 1
61019 1
5671 1
5680 1
5690 1
5697 1
5709 1
5711 1
5723 1
136804 1
5735 1
136809 1
5742 1
5750 1
142953 1
136824 1
5763 1
5764 1
5772 1
5774 1
5783 1
5786 1
5788 1
5791 1
5792 1
111488 1
5798 1
5802 1
136884 1
5818 1
5824 1
5826 1
5831 0
5841 0
5847 1
5860 1
5862 1
5870 1
28287 1
5888 1
5902 1
5903 1
5905 1
5918 1
126597 1
28295 1
126600 0
5959 1
5961 1
5965 1
5968 1
5973 1
5977 1
5978 1
5980 1
5987 1
137067 1
6003 1
6008 1
6020 1
6025 1
6036 1
137110 0
6039 1
6044 1
6053 1
137130 1
137131 1
137137 1
6066 1
6078 1
6081 1
6097 1
6100 1
6102 1
6104 1
6109 1
6110 1
6115 1
6116 1
6130 1
6136 1
6140 1
6152 0
137230 1
137232 1
6169 1
6171 1
137252 1
6185 1
6194 1
6196 1
6207 1
6213 1
6214 1
6215 1
6216 1
6217 1
137292 1
6223 1
137310 1
6239 1
6241 1
6242 1
6266 1
6268 1
137351 1
6297 1
137370 1
137373 1
137374 1
6304 1
6307 0
6308 1
6310 1
6311 1
6314 1
6315 1
137394 1
6326 1
6331 1
6333 1
6334 1
6335 1
6338 1
6343 1
6346 1
6349 1
6357 1
137432 1
6362 1
137436 1
6370 1
6375 1
6376 1
6379 1
6386 1
6403 1
6410 1
6416 1
6431 1
6433 1
6435 1
6437 1
137531 1
6461 1
6471 1
6475 1
6497 1
6500 1
137573 1
6502 1
6509 1
6522 1
6527 1
6528 1
6529 1
137602 1
6532 1
6534 1
137611 0
6543 1
6547 1
6552 1
66630 1
137641 0
137642 1
6571 1
6573 1
6574 1
28403 1
6588 1
137662 1
137667 1
6608 1
6617 1
126714 0
6565 1
137704 1
6639 1
28414 1
6649 1
137722 1
6653 1
6661 1
6669 1
6678 1
6707 1
6710 1
6716 1
6717 1
6722 1
137801 1
6730 1
137803 1
6733 1
6737 1
61198 1
6742 1
6768 1
6773 1
6774 1
6781 1
6788 1
137861 1
6791 1
137864 1
6797 1
6799 1
6802 1
6803 1
6809 1
6821 1
6829 1
6830 1
6831 1
6836 1
6845 1
6848 1
6865 1
6867 1
137943 1
6873 1
137960 1
6900 1
6908 1
6922 1
6924 1
66690 1
138000 1
6932 1
138005 1
6936 1
6948 1
6963 1
66697 0
6994 1
6995 1
7017 1
7022 1
7034 1
12096 1
138121 1
138122 1
138123 1
138124 1
138126 1
138129 1
138131 1
105365 1
7063 1
7065 1
7066 1
7067 1
7085 1
7092 1
61257 1
7106 1
7107 1
7116 1
7117 1
7121 1
7123 1
7124 1
7127 1
138201 1
138203 1
7132 1
138205 1
7138 1
7139 1
7146 1
7152 1
7154 1
7161 1
7163 1
7171 1
28608 1
7179 1
7183 1
7185 1
7203 1
7205 1
7208 1
7228 1
105538 1
7238 1
7241 1
7245 1
138321 1
7250 1
7251 1
7253 1
105559 1
7257 1
7260 1
7267 1
7268 1
138341 1
138342 1
138343 1
138345 1
138346 1
7275 1
7277 1
7278 1
7279 1
7281 1
7291 1
12138 1
7300 1
7315 1
7316 1
138402 1
7331 1
138404 1
7336 1
7343 1
7346 1
7350 1
7366 1
7368 1
7369 1
138464 1
105698 1
138467 1
7401 1
7409 1
138483 1
138486 1
138487 1
7416 1
7420 1
7422 1
7430 1
7435 1
7437 1
7447 1
7448 1
7469 1
7481 1
7486 1
105805 1
7504 0
7506 1
7510 1
7525 1
7526 1
138601 1
138602 1
138603 1
28620 1
138605 1
138607 1
7536 1
138609 1
138610 1
138611 0
138612 1
138613 1
138621 1
7554 1
7556 1
7561 1
7566 1
138641 1
7575 1
7576 1
7585 1
138662 1
138663 1
121415 1
7601 1
7602 1
7620 1
105936 1
138705 1
138707 1
7636 1
105951 1
7648 1
7658 1
7662 1
7668 1
138741 1
138743 0
7672 1
138746 1
138747 1
7682 1
7685 1
7691 1
7692 1
7694 1
7696 1
7711 1
7723 1
7733 1
7741 1
7750 1
7759 1
7762 1
106073 1
138843 1
7772 1
7773 1
7781 1
138861 1
7798 1
7799 1
28629 1
7809 1
7824 1
7828 1
138901 1
7835 1
138921 0
7850 1
138924 1
7853 1
7862 1
7866 1
138943 0
7875 1
7878 1
7881 1
7882 1
7883 1
61390 1
7904 1
61392 1
7906 1
7911 1
7912 1
7917 1
7921 1
7922 1
7923 1
7932 1
7935 1
7936 1
7938 1
7951 1
139025 1
106261 1
7959 1
7964 1
7970 1
7974 1
7977 1
7980 1
7982 1
61405 1
7985 1
106291 1
7991 1
7993 1
8001 1
8007 1
8017 1
8030 1
8031 1
12262 1
137874 1
8047 1
8049 1
106371 1
8068 1
29729 1
8079 1
8084 1
8087 0
8092 1
8093 1
8095 1
8096 1
8099 1
106404 1
8105 1
8109 1
8113 1
106418 1
8123 1
139201 0
8133 1
8148 1
8150 1
8151 1
8162 1
28641 1
110588 1
139244 1
8173 1
8176 1
8193 1
8199 1
8210 1
8213 1
8214 1
8215 1
61444 1
8219 1
8229 1
8234 0
8245 1
8247 1
8250 1
8253 1
8257 1
8264 1
8265 1
8266 1
139342 1
8272 1
106589 1
8288 1
8293 1
8304 1
8333 1
8334 1
8341 1
8348 1
8350 1
8357 1
8358 1
8363 1
8365 1
8386 1
8387 1
8388 1
8402 1
8423 1
8431 1
8434 1
8439 1
8440 1
8446 1
8455 1
8457 1
132482 1
8463 1
8465 1
106770 1
8475 1
8479 1
8484 1
8486 1
8488 1
8493 1
8512 0
8515 1
8521 1
8530 1
8536 1
106846 1
8543 1
8549 1
8551 1
8559 1
8571 1
8577 1
8579 1
8582 1
139662 0
139665 1
106900 1
8599 1
8606 1
8611 1
8627 1
8633 1
8638 1
8648 1
8655 1
8666 1
8669 1
8675 1
8681 1
8687 1
8692 1
8694 1
8699 1
8717 1
12377 1
139804 0
8734 1
12379 1
8745 1
8750 1
12381 1
8755 1
8759 1
8762 1
8787 1
8789 1
8807 1
8810 1
8811 1
8818 1
8823 1
8826 1
61546 1
8832 1
139922 0
8858 1
8859 1
8864 1
8867 1
8872 1
8873 1
8881 1
8892 1
8898 1
8901 1
8902 1
139985 1
8925 1
8947 1
140023 1
140024 1
140027 1
8958 1
140033 1
8964 1
140042 1
140044 1
140049 1
8987 1
140061 1
140063 1
140071 1
140073 1
9004 1
9013 1
9016 1
107325 1
9023 1
9048 1
9052 1
9063 1
28819 1
9083 1
9112 1
9125 1
9142 1
9155 1
9170 1
9171 1
9173 1
107488 1
140261 1
9191 1
9203 1
9216 1
9217 1
107528 1
9225 1
9230 1
9240 1
9242 1
9248 1
9256 1
9258 1
9259 1
9273 1
9284 1
9289 1
9293 1
9298 1
9299 1
9302 1
9305 1
9311 0
9317 1
9319 0
9324 1
107631 1
9332 1
107643 1
9340 1
9346 1
9351 1
9355 1
9359 1
107672 1
140443 1
9372 1
140445 1
9380 1
9393 1
9397 1
61641 1
9402 1
9403 1
9411 1
9413 1
122520 1
9445 1
12497 1
9455 1
140529 1
9459 1
9465 1
9466 1
140541 1
9472 1
9473 1
9483 1
140569 1
9504 1
107817 1
9532 1
9538 1
9549 1
9551 1
9555 1
9563 1
9573 1
9589 1
9590 1
9599 1
140672 1
140676 1
140679 1
9611 1
9613 1
9619 1
23450 1
61685 1
9664 1
9667 1
140759 1
140760 1
9689 1
9698 1
9699 1
9715 1
9719 1
140800 1
127234 1
9748 1
9761 1
9771 1
9772 1
9774 1
9777 1
9778 1
9783 1
28938 1
108111 1
9812 1
9815 1
143631 1
140897 1
140900 1
9831 1
140904 1
140905 1
9835 1
9841 1
9846 1
9849 1
9867 1
9872 1
143640 1
9880 1
9882 1
108188 1
9890 1
9898 1
9899 1
9904 1
140977 1
61726 1
140983 1
9916 1
9919 1
9921 1
9922 1
141007 1
9937 1
9954 1
61735 1
141037 0
9969 1
141044 1
9988 1
9999 1
10000 1
108306 1
10005 1
10008 1
10013 1
10016 1
28976 1
141097 0
141098 1
61746 1
10030 1
10033 1
10035 1
10044 1
10056 1
138210 0
10063 1
10085 1
10086 1
10096 1
10097 1
141178 0
10109 1
10115 1
1686 1
10121 1
10124 1
141197 1
141198 0
108449 1
61766 1
10150 1
108457 1
10156 1
10159 1
141236 1
141241 1
108482 1
10190 1
10195 1
10198 1
10200 1
141277 1
141278 1
10211 1
10213 1
10221 1
10232 1
10235 1
10236 1
10244 1
10247 1
141321 1
10252 1
10266 1
10277 1
10278 1
10286 1
141362 1
141363 1
10296 1
10297 1
10305 1
10306 1
141381 1
141382 1
141384 0
141390 1
10321 1
141397 1
141400 1
10331 1
10332 1
108645 1
10345 1
10349 1
10353 1
108664 1
10361 1
10364 1
10374 1
10380 1
10382 0
10386 1
141459 1
141460 1
10390 1
108695 0
141469 1
10405 1
10407 1
10411 1
110962 1
10417 1
10420 1
141497 1
10426 1
108740 1
10441 1
10443 1
108752 1
10451 0
10452 1
10453 1
10466 1
108778 1
10484 1
10498 1
10499 1
10504 1
141577 1
10507 1
10519 1
10520 1
10530 1
10540 1
10541 1
108846 1
10549 1
10550 1
10552 1
10553 1
141636 1
10565 1
10567 1
108872 1
10574 1
10581 1
10585 1
10588 1
10597 1
10598 1
127378 1
10609 1
10614 1
10615 1
10618 1
10631 1
10639 1
141720 1
10656 1
10658 1
108970 1
10692 1
110560 1
10726 1
10733 1
10734 1
10735 1
109043 1
10740 1
29098 1
10757 1
141845 1
109079 1
10777 1
109084 1
10787 1
10789 1
10793 1
10795 1
63645 1
10801 1
10810 1
10813 1
10816 1
10827 1
10832 1
29112 1
10839 1
10840 1
141913 1
109158 1
10860 1
10867 1
10868 1
10877 1
109186 1
138347 1
10884 1
141957 1
10894 1
10902 1
10903 1
10905 1
10906 1
141982 1
141983 1
10916 1
10917 1
10920 1
10921 1
142003 1
10938 1
10946 0
29131 1
142023 1
127436 0
29133 1
61903 1
10974 1
10981 1
10983 1
10984 1
10991 1
10999 1
11012 1
109318 1
142088 1
11017 1
11027 1
11032 1
142106 1
11038 1
11051 1
11056 1
11060 1
109366 1
11065 1
29151 1
11074 1
11094 1
11096 1
11099 1
11115 1
109423 1
109425 0
11124 1
11135 1
11142 1
11147 1
142230 1
11161 1
11169 1
11172 1
11178 1
142251 1
11183 1
11185 1
142260 1
11191 1
29173 1
11213 1
11220 1
11225 1
11228 1
11234 1
143870 1
11257 1
11259 1
11264 1
142339 1
11271 1
109580 1
109584 1
11291 1
109599 1
11296 1
11300 1
11301 1
11302 1
11304 1
142380 1
11310 1
11313 1
11315 1
109621 1
142390 1
11340 1
11343 1
11351 1
11361 1
11366 1
11371 1
11372 1
142445 1
11376 1
109683 1
142459 1
142460 1
142462 1
142463 1
142465 1
11399 1
11424 1
11427 1
105670 1
11440 1
11446 1
11450 1
11455 1
11456 1
11462 1
11465 1
142546 1
11480 1
11482 1
11499 1
11506 1
11508 1
11509 1
11511 1
11513 1
11514 1
109823 0
109825 1
109826 1
109831 1
11531 1
11535 1
11537 1
11538 1
11550 1
11555 1
11558 1
11564 1
11566 1
142644 1
11573 1
11580 1
11584 1
138466 1
11600 1
11609 1
109919 1
109920 1
109925 1
109926 1
109929 1
109931 1
11636 1
11644 1
11646 1
11649 1
11657 1
62018 1
11669 1
11670 1
11672 1
142748 1
142753 1
11684 1
11687 1
11694 1
11720 1
11722 1
11727 1
11729 1
110039 1
142811 1
110045 1
142814 1
11747 1
11748 1
62036 1
11770 1
11793 1
110100 0
11805 1
11811 1
11818 1
11819 1
29278 1
11832 1
11842 1
110160 1
11861 1
11867 1
11872 1
110179 1
11877 1
18364 1
142955 1
142956 0
11896 1
11903 1
11907 1
11910 1
11914 1
11923 1
11925 1
11929 1
11930 1
11934 1
11935 1
11942 1
11944 1
11974 1
11976 1
62072 1
143073 1
110326 1
110330 1
12046 0
12047 1
12051 1
12053 1
12065 1
12070 1
12075 1
12077 1
110382 1
143153 1
110387 0
12090 1
12091 1
110399 1
110400 1
143176 1
12108 1
12110 1
12111 0
12122 1
12123 1
12124 1
12125 1
12126 1
12136 1
110442 1
12139 1
12140 1
12141 1
12142 1
12143 1
12144 1
143240 1
12171 1
12178 1
12180 1
12181 1
110488 1
12189 1
12192 1
29339 1
143277 1
12206 1
12212 1
62110 0
12215 1
12216 1
12222 1
110529 0
110533 1
12233 1
12234 1
12250 1
12252 1
12256 1
110562 1
110566 1
12263 1
12266 1
12274 1
12277 1
143356 1
143357 1
12304 1
12321 1
12334 1
12338 1
143421 1
12352 1
29367 1
12364 1
12365 1
143441 0
143443 1
110679 1
110681 1
110683 1
110685 1
12389 1
12390 1
143463 1
12392 1
12395 1
12403 1
12407 1
110721 0
12421 1
110728 1
110729 1
110732 1
12994 1
12430 1
12433 1
12436 1
12441 1
12445 1
138608 1
143526 1
143527 1
110760 1
12458 1
12459 1
110766 1
12466 1
110771 1
110772 1
12471 1
12472 1
12482 1
12484 1
12485 1
110801 1
110802 1
12503 1
12516 1
12518 1
12519 1
12521 1
7549 1
143605 1
12540 1
12544 1
12545 1
143629 1
143630 1
12559 1
12568 1
12575 1
12576 1
12578 1
12581 1
12587 0
12589 1
12593 1
143668 1
12597 1
12598 1
12603 0
12615 1
12620 1
12625 1
12634 1
12635 1
12637 1
143710 1
12655 1
12658 1
12669 1
12677 1
12679 1
143754 1
12688 1
12689 1
12691 1
111000 1
111005 1
12702 1
12711 0
12713 1
12717 1
12718 1
12726 1
12756 1
12757 1
111064 1
12761 1
12762 1
12775 1
12785 1
12788 1
12789 1
12796 1
143869 1
111102 1
111103 1
12804 1
12815 1
12816 1
12821 0
12824 1
12825 1
12827 1
12828 1
12840 1
12845 1
12850 1
12854 1
12855 1
12868 1
12874 1
111179 1
12877 1
29453 0
12884 1
12895 1
12898 1
111205 1
143974 1
12904 1
12909 1
12913 1
12915 1
143990 1
12926 1
144009 1
144010 1
12944 1
12945 1
12947 1
12950 1
12955 1
12956 1
12964 0
12972 1
111282 1
111287 1
12992 1
144066 1
13003 1
144076 1
13011 1
13013 1
15709 1
144097 1
13027 1
13032 1
13041 1
13046 1
144119 1
13054 1
144135 1
144137 1
13067 1
13075 1
13092 1
13114 1
7647 1
62261 1
13124 1
13125 1
13128 1
127799 1
13135 1
13142 1
13155 1
13163 1
13166 1
13169 1
13174 0
13184 0
111489 1
111490 1
111491 1
111492 1
13189 1
13193 1
13198 1
13200 1
13201 1
13204 1
13219 1
13227 1
111532 1
111534 1
111537 1
13235 1
13241 1
62285 1
111579 1
13286 1
13288 1
13289 1
144375 1
13311 1
111627 1
144396 1
111629 0
13326 1
111631 1
13328 1
13329 1
13332 1
13339 1
13340 1
13341 1
13342 1
13351 1
13353 1
13354 1
111662 1
144436 1
144437 1
13375 1
13378 1
13380 1
13381 1
13397 1
13406 1
13407 1
13409 1
13412 1
111721 1
111723 1
13421 1
13431 1
13432 1
13440 1
13443 0
144519 1
144520 1
13453 1
111779 1
13479 1
13480 0
13484 1
144559 1
13503 1
13505 1
13509 1
13510 1
13514 1
13525 1
13526 1
13531 1
13532 1
111839 1
13542 1
13550 1
13552 1
13554 1
13557 1
111864 1
13561 1
13562 1
111868 1
144640 1
111873 1
13570 1
13572 1
144645 1
13579 1
13580 1
13187 1
13597 1
111493 1
13602 1
13619 1
13623 1
13625 1
13630 1
13634 1
111940 1
13639 1
13645 1
13646 1
13649 1
144727 1
111960 1
111961 1
111965 1
111974 1
111976 1
13680 1
13693 1
112004 1
112007 1
13709 1
13710 1
13712 1
13714 1
13716 1
112030 1
112033 1
13730 1
13733 1
144821 1
13756 1
13758 1
13759 1
13760 1
13765 1
133367 1
13776 1
13782 1
112088 1
13786 1
13789 1
112095 1
13794 1
112101 1
13798 1
13800 1
112111 1
144887 1
13824 1
13828 1
13831 1
13839 1
13842 1
13853 1
112168 1
13866 1
13870 1
13873 1
112178 1
112179 1
112185 1
112186 1
112190 1
13906 1
13922 1
145003 1
13932 1
13940 1
13942 1
112254 1
145024 1
13962 1
13963 1
145041 1
145042 1
145046 1
13976 1
13988 1
14002 1
14003 1
14007 1
14016 1
14027 1
112362 1
112366 1
14064 1
14083 1
14084 1
18732 1
112402 1
112410 1
14108 1
14112 1
14113 1
145186 1
14129 1
14131 1
14145 1
14148 1
14150 1
145227 1
145228 1
14163 1
14169 1
14170 1
14172 1
29669 1
14182 1
14186 1
14192 1
14201 1
14219 1
14221 1
14225 1
14227 1
14233 1
145308 1
112552 1
14250 1
14252 1
112557 1
14256 1
14257 1
14260 1
14268 1
14282 1
14285 1
145367 1
14296 0
14304 1
14309 1
14311 1
112618 1
112623 1
112624 1
122536 1
112626 1
14324 1
7849 1
14340 1
145416 1
7852 1
138925 1
145431 1
14363 1
14368 1
14369 1
14370 1
14382 1
14384 1
14385 1
14386 1
14395 1
14401 1
13323 1
112714 1
112718 1
112720 1
112721 1
14418 1
14425 1
145512 1
145513 1
14446 1
112752 1
112754 0
112759 1
14457 1
14459 1
14466 1
14470 1
112775 1
61585 1
14477 1
145552 1
14487 1
14489 1
14490 1
29722 1
145580 1
14512 1
14524 1
14525 1
14529 1
14535 1
29733 1
14561 1
14563 1
145636 1
14565 1
112874 0
112876 1
14581 0
14582 1
14583 1
112888 1
14590 1
14592 1
14597 1
14603 1
14606 0
14616 1
14622 0
14623 1
14624 1
14626 1
145701 1
145702 1
14633 0
14638 1
14639 1
14640 1
14650 1
13365 1
145729 1
112965 1
112968 0
62525 1
145809 1
10312 1
145854 1
113093 1
14790 1
14791 1
14793 1
14794 1
14808 1
14810 1
14815 1
14820 1
14822 1
14824 1
14827 1
14828 1
14830 1
14834 1
113140 1
113141 1
145911 0
14863 1
113178 1
14883 1
14886 1
14891 1
14895 1
14897 1
14898 1
145977 1
62559 1
14908 1
14918 1
62562 1
14934 1
14938 1
146017 1
14954 1
14960 1
146036 1
113269 1
113270 1
113272 1
62571 1
14985 1
113299 1
113301 1
146071 1
15027 0
146111 1
146112 1
146114 1
146117 1
146119 1
113361 1
113362 1
15060 1
113367 1
113371 1
113373 1
146156 1
15087 1
15092 1
146171 1
15101 1
15106 1
15110 1
15111 1
113419 1
113425 1
15123 1
15133 1
113439 1
15142 1
15153 1
113459 1
15159 1
15160 1
15173 1
113490 1
113491 1
113498 0
15197 1
15199 1
15202 1
15203 1
113533 1
15242 1
15247 1
15253 1
15261 1
15267 1
15274 1
146354 1
15290 1
15291 1
15293 1
113609 1
15315 1
15331 1
15337 1
113646 1
15343 1
62632 0
15347 1
15350 1
15354 1
15363 1
15364 1
15383 1
15414 1
15417 1
15424 1
146500 1
15446 1
15474 1
62654 1
29887 1
15495 1
24430 1
4881 1
15521 1
146607 1
146613 1
146617 1
62667 1
113917 1
8067 1
146714 1
110725 1
146734 1
29921 1
113997 1
146778 1
15708 1
127094 0
212340 1
29930 1
122778 1
15803 1
62710 1
15822 1
15848 1
15854 1
15855 1
62723 1
12533 1
29964 1
29965 1
19054 1
114346 1
114351 1
13599 1
114370 1
147175 1
147201 1
147204 1
147208 1
147220 1
24537 1
114484 1
2697 1
16188 1
147262 1
114524 1
16227 1
147302 1
147303 1
147305 1
147306 1
147307 1
16243 1
62784 1
147337 1
114608 1
114628 1
30029 1
147451 1
147452 1
16394 1
16401 1
16405 1
13657 1
16441 0
16453 1
16456 1
16477 1
16478 1
16480 1
16488 1
30055 1
147579 0
114829 1
147599 1
114835 1
147637 1
147638 1
147644 1
114880 1
16582 1
147657 1
147658 1
147660 1
16597 1
16605 1
114920 1
16620 1
16629 1
16630 1
122921 1
147708 1
16637 1
16642 1
16643 1
16650 1
16665 1
16668 1
16671 1
16674 1
114979 1
16679 1
16681 1
16684 1
16686 1
16689 1
16698 1
16705 1
16710 1
16714 1
16716 1
16718 1
147792 1
16721 1
16727 1
16729 1
147811 1
16747 1
16748 1
16751 1
16752 1
16763 1
16769 1
115077 1
16775 1
16777 1
16778 1
16781 1
16784 1
16785 1
16790 1
16791 1
147868 1
16802 1
147885 1
115121 1
16821 1
16824 1
16827 1
16828 1
16829 1
16832 1
16836 1
16837 1
16838 1
16839 1
16843 1
16845 1
16847 1
16853 1
16855 1
16872 1
16877 1
16878 1
16885 1
16889 1
16890 1
16896 1
16898 1
16910 1
147990 1
62895 1
16924 1
16929 1
148009 1
16938 1
115245 0
16955 1
16956 1
16957 1
16959 1
16974 1
16981 1
16985 1
16986 1
16989 1
16991 1
16996 1
148069 1
115310 1
115314 1
115317 1
17016 1
17027 1
17030 1
17035 1
148109 1
17061 1
17069 1
17070 1
17072 1
17073 1
17074 1
17076 1
148149 1
17080 1
17081 1
17095 1
115404 1
17101 1
17105 1
17106 1
17110 1
17115 1
17120 1
62929 1
17130 1
17131 1
17132 1
17136 1
17142 1
17145 1
148219 1
17150 1
17151 1
17157 1
17160 1
17168 1
148249 1
17180 1
112090 1
17184 1
17195 1
17197 1
24712 1
17202 1
17208 1
115516 1
17221 1
17233 1
17237 1
17239 1
17240 1
17243 1
17245 1
17248 1
115554 1
17252 1
17254 1
17255 1
17256 1
115566 1
17266 1
17269 1
4941 1
148410 1
17341 1
148414 1
17366 1
17367 1
148469 1
148470 1
148475 1
17405 1
62977 1
115747 1
115750 1
148531 1
17461 1
115766 1
30222 1
133988 1
115814 1
115831 1
30228 1
17534 1
115872 1
115873 1
115876 1
148650 1
148652 1
17635 1
17640 1
17641 1
13864 1
17654 1
63023 1
17694 1
148770 1
116004 1
17715 1
17724 1
116029 1
63029 0
17761 1
17762 1
17780 1
17795 1
148870 1
63051 1
148932 1
17861 1
148950 1
17890 1
116209 1
116210 1
17908 1
17919 1
116224 1
149010 1
116245 1
17982 1
149070 1
149082 1
30312 1
18040 1
18044 1
18049 1
18051 1
128620 1
116393 0
116394 1
18100 1
18110 1
18152 1
149268 1
116503 1
116504 1
13700 1
18221 1
116526 0
149299 1
18234 1
18241 1
149318 1
30352 1
18276 1
116586 1
30355 1
116610 1
18307 1
116615 1
18329 1
18358 1
116668 1
18439 1
116770 1
116772 1
116787 0
18484 1
8542 1
116791 1
106853 1
18533 1
149618 1
149620 1
18549 1
116857 1
18560 1
116906 1
18654 1
149738 1
30420 1
18699 1
18705 1
117018 1
117019 1
117020 1
117026 1
117028 1
117034 1
117035 1
117036 1
18746 1
128659 1
18788 1
117115 0
117142 1
117145 1
117161 1
18928 1
117260 1
117263 1
150044 1
117298 1
145161 1
19024 1
19557 0
19049 1
117358 1
19069 1
19094 1
150179 1
19124 1
150201 1
19137 1
14114 0
19150 1
19152 1
19155 1
19156 1
19158 1
19159 1
150277 1
19209 1
150284 1
19262 1
19305 1
19318 1
150397 1
150398 1
19355 1
63930 1
19390 1
19402 1
150477 1
150481 1
19415 1
19420 1
19427 1
19428 1
19431 1
19433 1
63318 1
117768 1
112473 1
150562 1
150577 1
19508 1
19537 1
19538 1
117861 1
117862 1
117868 1
19570 1
117902 1
117903 1
117905 0
19605 1
150699 1
118003 1
19713 1
118042 1
19742 1
150837 1
150838 1
118081 1
118084 1
118121 1
118122 1
118126 1
19873 1
19878 1
19911 1
118223 1
118227 1
118228 1
19932 1
118264 1
118267 1
19965 1
118284 1
63405 1
118304 1
118307 1
151078 1
118321 1
20019 1
20021 1
20028 1
20029 1
20036 1
63415 1
63417 1
20064 1
20075 1
20109 1
63430 1
20134 1
118443 1
118445 1
20158 1
20185 1
118502 1
118503 0
118504 1
20202 0
20204 1
30674 1
118528 1
20237 1
118574 1
118577 1
63456 1
20296 0
20297 1
63460 1
8850 1
20338 1
20423 1
118734 1
118738 1
63483 1
63486 1
20488 1
118793 1
118795 1
118797 1
151606 1
20548 1
118876 1
14359 1
20653 1
119014 1
119034 1
20779 1
20783 1
20791 1
30775 1
119154 1
151928 1
30783 1
119173 1
14403 1
20889 1
20893 1
20904 1
20909 1
119216 1
119217 1
14417 1
119273 1
119275 1
140030 1
20983 1
119295 1
20993 1
119314 0
119316 1
21061 1
8972 1
21066 0
119414 1
119417 1
119419 1
21118 0
21132 1
21136 1
21144 1
63600 1
21159 1
21163 1
14450 1
119474 1
21186 1
119493 1
21218 1
119535 1
21232 1
21237 1
21238 1
21244 1
119574 1
112774 1
119594 1
21300 1
21374 1
119696 1
119714 1
21423 1
21427 1
21429 1
119736 1
21440 1
119753 1
119756 1
21487 1
21488 1
21496 1
21499 1
21503 1
21504 1
21507 1
21508 0
119813 1
21519 1
119834 1
21542 1
30899 1
119893 1
21593 1
21595 1
30906 1
119957 1
21659 1
119974 1
21675 1
21685 1
21686 1
120048 1
120051 1
30932 1
21763 1
21776 1
21777 1
120093 1
30939 1
21828 1
120134 1
63716 0
120156 1
120193 1
21959 1
120296 1
120297 1
120300 0
120301 1
120302 1
22053 1
120358 1
120359 0
107446 0
22086 1
63757 1
30990 1
22122 1
22139 1
22140 1
22144 0
120455 1
120456 1
22177 1
112034 1
22205 1
22207 1
120513 1
22221 1
22248 1
22250 1
120557 1
22260 1
120593 1
120595 1
22306 1
22308 0
22325 1
120634 1
22373 1
22398 1
120719 1
120723 1
22447 1
22461 1
120773 1
120774 1
120794 1
22496 1
22507 1
120816 1
120822 1
120824 1
120835 1
22532 1
120839 1
22543 1
22544 1
120877 1
22601 1
22612 1
22619 1
22632 1
3773 1
22668 1
22695 1
22717 1
123937 0
22729 1
31095 1
121053 1
22751 1
22772 1
121077 1
121078 1
121080 1
121083 1
22794 1
22810 1
22815 1
22817 1
22829 1
121136 1
121139 1
121142 1
121153 1
121199 1
22913 1
22946 1
121257 1
22957 1
121273 0
22974 1
22978 1
23000 1
23002 1
23006 1
121315 1
23027 1
23034 1
23062 1
23067 1
123995 1
121381 1
121382 0
23080 1
23084 1
23088 1
123998 1
23107 1
23111 1
23113 1
63927 1
23118 1
121436 1
121437 1
121440 1
31166 1
129471 1
121478 1
63938 1
121493 1
23195 1
23197 0
23220 1
23224 1
121553 1
23252 1
23253 1
121562 1
23270 1
23291 1
121613 1
121656 1
121673 1
121674 1
63971 1
23387 1
121693 1
121713 1
121717 1
121718 1
121720 0
121722 1
121754 1
121757 1
121759 1
121762 1
23466 1
63986 1
23485 1
23500 1
121815 0
121816 1
121817 1
121819 1
23528 1
121833 1
121834 0
121842 0
121844 1
63998 1
23544 1
23553 1
23561 1
23577 1
23605 1
23616 1
121934 1
121938 1
121979 1
23697 1
122015 1
23714 1
23724 1
122034 1
23752 1
23753 1
122061 1
23767 1
23768 1
23769 1
122075 1
23774 1
23776 1
23777 1
31270 1
23790 1
122096 1
23793 1
122099 1
122101 1
23799 1
23809 1
23810 1
23811 1
23812 1
122137 1
122138 1
122143 1
23852 1
122159 1
122171 1
122172 1
122175 1
23877 1
23898 1
122211 1
122233 1
23940 1
23943 1
23945 1
23948 1
122255 1
122257 1
23955 1
122263 1
23961 1
122277 1
23978 1
23988 1
23989 1
25845 1
24005 1
24008 1
122315 1
122316 1
24021 1
24029 1
24032 1
24037 1
24040 1
24048 1
122355 1
122357 1
122358 1
122360 1
24066 1
122380 1
122382 1
129624 1
122394 1
24096 1
24099 1
24100 1
24101 1
24105 1
24110 1
24113 1
24114 1
122434 1
122435 1
122436 1
122437 1
122447 1
24148 1
24157 1
122474 1
24171 1
24179 1
24184 1
24185 1
24186 1
24187 1
24190 1
24191 1
24197 1
24198 1
24204 1
122514 1
122515 1
122519 1
24216 1
24219 1
24222 1
24224 1
24225 1
24232 1
24233 1
24234 1
24278 1
24287 1
24291 1
24292 1
24293 1
24302 1
24304 1
24316 1
24318 1
24344 1
24350 1
24352 1
24356 1
24361 1
122674 0
122677 1
122678 1
24375 1
24376 1
24378 1
24379 1
24381 1
24382 1
24389 1
24396 1
24397 1
24402 1
24405 1
24407 1
24409 1
24414 1
24415 1
24419 1
24428 0
122734 1
24432 0
24436 1
122741 0
24440 1
24441 1
24447 1
24449 1
122754 1
24463 1
24466 1
24468 1
24473 1
24474 1
24475 1
24483 1
24486 1
24489 1
24491 1
24500 1
24503 1
64160 1
24522 1
64162 1
24531 1
24533 1
122841 1
24538 1
24539 1
24544 1
24545 1
24547 1
135165 1
122895 1
122902 1
24607 1
24608 1
24610 1
122915 1
122917 1
24617 1
24618 1
24620 1
24621 1
25950 1
24648 1
24660 1
24662 1
24669 1
24671 1
24678 1
24689 1
24699 1
24704 1
24708 1
24710 1
123015 1
123016 0
123017 1
24720 1
24725 1
24728 1
24731 1
24746 1
24747 1
24755 1
24767 1
24771 0
24776 1
24781 1
24782 1
24783 1
123094 1
123097 1
24795 1
123100 1
24800 1
24803 0
24809 1
24810 1
24825 1
24832 1
24837 1
24840 1
24841 1
24842 0
24843 1
24844 0
24853 1
24856 1
24870 1
24878 1
24881 1
24888 0
24893 1
24898 1
24907 1
24909 1
24912 1
31460 1
24922 0
24925 1
24926 1
24934 1
24954 1
24965 1
15084 1
24971 1
24975 1
24976 1
24978 1
24980 1
24982 1
124315 1
24996 1
25000 1
26012 1
25013 1
124319 1
25020 1
25021 1
25025 1
25031 1
25033 1
25047 1
25056 1
25061 1
25062 1
25069 1
25075 1
25079 1
25080 1
25081 1
25088 1
25094 1
25099 1
25108 1
25110 1
25111 1
25118 1
25119 1
25124 1
25130 1
123435 1
25132 1
25138 1
25140 1
25150 1
25157 1
25164 1
25166 1
25167 1
25168 1
25173 1
25180 1
25181 1
25186 1
123500 0
25201 1
25202 1
25216 1
140736 0
25223 1
25224 1
25234 1
25236 1
25274 1
25279 1
25283 1
25285 0
25296 1
25302 1
25312 1
25313 1
25314 1
25315 1
25318 1
25320 1
25322 1
25331 1
25334 1
25338 1
25339 1
25340 1
25341 1
25355 1
25356 1
25357 1
25359 1
64303 1
25375 1
25376 1
129840 1
25399 1
25405 1
25406 1
123720 1
25430 1
25433 1
25434 1
129850 1
25462 1
25465 1
25475 1
25480 1
25481 1
25495 1
123807 1
25509 1
25514 1
25526 1
25528 1
25536 1
25554 0
25570 1
25572 1
25579 1
25623 1
25627 1
25628 1
64346 1
25631 1
25632 1
25633 1
25641 1
25655 0
25665 1
25671 1
25676 1
25680 1
25683 1
25691 1
25694 1
25711 1
25719 1
25726 1
25731 1
124036 1
124038 1
25737 1
25739 1
124046 1
124050 0
25747 1
25749 1
25761 1
25774 1
25776 1
25777 1
25778 1
25781 1
25783 1
25789 1
25799 1
31607 1
25805 0
25807 1
25808 1
25823 1
25844 1
31614 1
25848 1
25852 1
25859 0
25860 1
25870 1
25874 1
25877 1
25880 1
124196 1
124198 1
25895 1
25896 1
25906 1
25915 1
25918 1
25921 1
25922 1
25923 1
25929 1
31629 1
25937 1
25944 1
25946 1
124254 1
25961 1
25964 0
64402 1
25972 1
25976 0
25978 1
25979 1
25980 1
25981 1
25984 1
25987 1
25993 1
26004 1
26008 1
124314 0
26011 1
124316 1
26013 1
124318 1
26015 1
26016 1
124321 1
124322 1
26019 1
26021 1
31418 1
26037 1
26038 0
26044 1
26045 1
26050 1
124355 0
124358 0
124359 1
124361 1
26061 1
26064 1
26067 1
124374 1
26071 1
26077 1
124394 1
124434 1
124435 1
124437 1
124440 1
124441 1
124442 0
124534 1
26246 1
26247 1
124595 1
124599 1
61979 1
124614 1
124615 1
124616 1
124636 1
124638 1
26360 1
124675 1
124678 0
124775 1
124794 1
26520 1
26523 1
26557 1
31737 1
31743 1
1050 1
31744 1
124934 1
124995 1
125000 0
125014 1
125034 1
26747 1
125054 1
31766 1
31778 1
26852 1
26898 1
26900 1
125234 1
125237 1
125240 1
125274 1
125275 1
125276 0
125279 1
125315 1
125357 1
125358 0
125360 1
130138 1
27199 1
125525 1
125529 1
125533 1
10002 1
137881 1
125583 1
125584 1
125595 0
125601 1
125604 1
31858 1
31895 1
125860 1
125975 1
126010 1
126020 1
27747 1
126056 1
27760 1
27765 1
27766 1
27771 1
27776 1
27780 1
27783 1
27784 1
27786 1
27790 1
27792 1
27794 1
27810 1
27816 1
27823 1
27825 0
27828 1
126136 1
126140 1
27842 1
27845 1
27847 1
27855 1
27875 1
27882 1
27886 1
27906 1
27913 0
27914 1
27920 1
27921 1
27924 1
27925 1
27928 1
27930 1
27932 1
27936 1
27937 1
27938 1
27960 1
27965 1
27980 1
27981 1
27988 1
27991 1
126296 1
126297 1
126298 1
27997 1
28003 1
126318 0
28016 1
126322 1
28022 1
60796 1
60798 1
60800 1
60801 0
28034 1
60814 1
60823 1
28058 1
60835 1
60845 1
60846 1
60847 1
60875 1
126417 1
28118 1
60887 1
60888 1
60893 1
60894 1
126434 1
60900 1
60902 1
28135 1
28139 1
28145 1
60914 1
28149 1
126454 1
28152 1
60923 1
30398 1
60928 1
60931 1
28168 1
60950 1
60939 1
60942 0
60943 1
28176 1
28180 1
28182 1
60952 1
60953 1
28190 1
126495 1
126496 1
28194 1
28195 1
28200 1
60969 1
60973 1
28206 1
60977 1
60979 1
28214 1
60983 1
28216 1
28217 1
60990 1
60992 1
61004 1
28248 1
28249 1
126554 1
126555 1
28253 1
28256 1
61028 1
28278 1
61047 1
28285 1
61055 1
61060 1
61061 1
126599 1
28296 1
126601 1
28300 1
61069 0
28303 1
61077 1
126615 0
28316 1
28317 1
28320 1
28322 1
28323 1
28325 0
126423 1
61095 1
61102 1
28337 1
28338 1
28340 1
28342 1
61113 1
61114 1
28349 1
126654 1
61121 1
61122 1
61129 1
61140 1
28374 1
28378 1
61147 1
28380 1
61151 1
61153 1
61155 1
28388 1
28397 1
61166 1
61167 0
61171 1
28408 1
28410 1
61179 1
61181 1
126718 1
126721 1
61187 1
61188 1
61192 1
126734 1
28433 1
28435 1
61206 1
61212 1
28460 1
61229 1
28462 1
28471 1
28474 1
28477 1
61253 1
61255 1
119436 1
28490 1
61264 1
28501 1
28502 1
28504 1
61276 1
61285 1
28518 1
28524 1
61296 1
61302 1
61314 1
61321 1
28556 1
61325 1
61330 1
28563 1
28564 1
61335 1
61338 1
61339 1
61340 1
61349 1
61350 1
61352 1
61355 1
61356 1
28590 1
61364 1
28600 1
61376 1
61380 1
61381 1
28616 1
61388 1
61389 1
28622 1
28624 0
61393 1
61394 1
61396 1
61397 1
61398 1
61399 1
61400 1
61401 1
61402 1
61403 0
61404 1
28637 1
61406 1
61407 1
61408 1
61409 1
61414 1
28648 1
61418 1
61420 1
61425 1
61427 1
61430 1
61435 0
28668 1
61439 1
61441 1
61442 1
28675 1
28676 1
28678 1
61448 1
28691 1
28696 1
28699 1
28700 1
28704 1
28712 1
61481 1
28714 1
61483 1
28716 1
28717 1
61487 1
61489 1
61490 1
61494 1
61496 1
61498 1
28733 1
28737 1
28742 1
28744 1
61513 1
61516 1
28749 1
61518 1
61519 1
28754 1
61523 1
28758 1
61527 1
28762 1
61531 1
28765 1
61534 1
28769 1
28770 1
127075 1
28775 1
61544 1
28778 0
61550 1
61552 1
28785 1
28787 1
61556 0
61557 1
61558 1
28791 1
61562 1
28795 0
61566 1
61567 1
61570 1
61574 1
61575 1
61576 1
61581 1
61583 1
61584 1
28817 1
61586 1
61587 1
61589 1
28822 0
61591 1
61592 1
61596 1
61600 1
28834 1
28836 1
61608 0
61610 1
28851 1
28853 1
61624 1
28858 1
61627 1
28866 1
61635 1
127174 1
61640 1
127177 1
127179 1
28877 1
61646 1
61647 1
28881 1
28884 1
28885 1
61655 1
61656 1
61662 1
28895 1
61664 1
28900 1
61676 1
61679 1
122078 0
28916 1
28917 1
61686 1
28919 1
61688 1
61689 0
61690 1
61691 1
28924 1
61694 1
28930 1
28933 1
61703 1
28937 1
61706 1
28940 1
28942 1
61711 0
61712 1
28947 1
61718 1
61719 1
61721 1
61725 1
28958 1
61730 1
61732 1
61733 1
28967 1
61737 1
28970 1
61739 1
127279 1
61744 1
61745 1
127282 1
28983 1
61752 1
61753 1
61755 1
28989 1
61759 1
61763 1
28997 1
28998 1
29001 1
29011 1
127316 1
29015 1
61786 1
29021 1
29022 1
61793 1
61795 1
29028 1
29032 1
61803 1
61811 1
61816 1
29052 1
29055 1
29061 1
29063 1
61832 1
29066 1
61836 1
29069 1
29070 1
61839 1
127377 1
29074 1
29075 1
127384 1
29082 1
29085 1
29086 1
29088 1
61859 1
29095 1
29097 1
61866 1
29099 1
29101 1
61870 1
61871 1
29105 1
29107 1
29108 1
61877 1
61880 0
61885 1
29121 1
29127 1
29129 1
61899 1
61900 0
61901 1
127438 1
127439 1
29143 1
29150 1
127455 1
61921 1
29156 1
127462 1
127464 1
29161 1
29164 1
29165 1
61941 1
127480 1
127481 1
127484 1
61960 1
61971 1
29206 1
61976 1
29211 1
61980 1
29217 1
61987 1
61988 1
61996 1
29233 1
62005 1
29241 1
29246 1
62016 1
29250 1
29254 1
29264 1
29265 1
29268 1
29274 1
62046 1
29282 1
29284 1
29287 1
62057 1
62064 0
62065 1
29300 1
29304 1
62079 1
29312 1
29316 1
62088 0
29323 1
62093 1
29332 1
29338 1
62107 1
29340 1
29341 1
29342 1
29344 1
29345 1
29346 1
29353 1
62123 1
29356 1
29359 1
62129 1
62135 1
29374 1
29381 1
29382 1
29386 1
29388 1
29389 1
29390 1
29392 1
122094 0
29397 1
62168 1
62169 1
62170 1
62189 1
29423 1
62200 1
29433 1
29435 1
62204 1
29446 1
62215 1
29448 1
62217 1
62221 0
62224 1
62225 1
29459 1
29461 1
29463 1
29466 1
62236 1
62237 1
62243 1
29487 1
62257 1
29492 1
127797 1
62262 1
62263 1
29497 1
62266 1
62268 1
29507 1
135990 1
29511 1
29514 1
29517 1
62290 1
62296 1
29533 1
127841 1
29542 1
62313 1
62317 1
29550 1
29553 1
62330 0
62335 1
62336 1
141462 1
10391 1
29601 1
29606 1
29607 1
29608 1
29609 1
62378 0
29612 1
29613 1
62382 1
29616 1
62388 1
29621 1
62391 1
29624 1
62395 1
62396 1
62399 1
29634 1
29639 1
29645 1
29647 1
29649 1
29661 1
29668 1
62437 1
62439 1
29675 1
29676 1
29677 1
62447 1
62458 1
29692 1
29693 1
62465 0
29698 1
29701 1
62471 1
62472 1
29705 1
29709 1
29710 1
62481 1
62487 1
62490 1
62491 1
29728 1
62497 1
62501 1
29734 1
29736 1
62506 1
62511 1
29746 1
62516 1
62517 1
29751 1
62520 1
29755 1
29756 1
29757 1
62526 1
62527 1
29762 1
29764 1
62539 1
62549 1
62553 1
62555 1
29791 1
128098 1
29803 1
62575 1
29818 1
62590 1
29823 1
62592 1
29829 1
29830 1
62599 1
62602 1
29837 0
32280 1
62612 1
29846 1
62618 1
29852 1
62626 1
29864 1
62634 1
29868 1
29870 1
62640 1
62642 1
29875 1
62646 1
62649 1
62650 1
29883 1
29886 1
62655 1
29894 1
62666 1
29899 1
29900 1
29901 1
29910 1
29916 1
62686 1
62688 1
62689 1
62698 1
62700 1
29934 1
29939 1
29940 1
62709 1
29942 1
62712 1
29946 1
62715 1
29948 1
29953 1
29954 1
29955 1
62728 1
62730 1
62732 1
62733 1
29968 1
62739 1
62740 1
62742 1
62745 1
62748 1
29984 1
62755 1
62756 1
29992 0
29993 1
138481 1
29996 1
29997 1
62768 1
30005 0
30006 1
30007 1
30008 0
30009 1
30016 1
30023 1
62797 1
30032 1
62804 1
62811 1
62821 1
62822 1
62823 1
62826 0
30059 1
30061 1
62832 1
30067 1
62836 1
30072 1
62846 0
62860 1
30093 1
30094 1
30095 1
62865 1
30098 1
30100 1
62870 1
62874 1
30117 1
30121 1
30127 1
30128 1
62898 1
30137 1
30138 1
62911 1
62913 1
30146 1
62919 1
30152 1
62921 1
62922 1
62923 1
62924 1
30161 1
30163 1
30170 1
30175 1
30177 1
62948 1
30185 1
62954 1
62955 1
30188 1
62957 1
62960 1
30193 1
62965 1
62967 1
62976 1
30209 1
62979 1
30215 1
62984 0
30219 1
30220 1
62990 1
30225 1
62995 1
62996 1
30231 1
63000 1
30233 1
30234 1
30236 0
128541 1
30247 1
63018 1
30255 1
30257 1
63026 0
30259 1
30260 1
30261 1
63030 1
30265 1
63044 1
30277 1
30281 1
30283 1
63052 1
63053 0
63054 1
63058 1
63059 1
30293 1
128599 1
30298 1
63070 1
30310 1
63080 1
63081 1
128618 0
63083 0
63084 1
30328 1
63099 1
63100 1
63102 1
63106 1
30342 1
30350 1
63120 1
30354 1
63123 1
30358 1
128663 1
63135 1
63138 1
30384 1
63154 1
63157 1
63161 1
128698 1
63166 1
30399 1
63172 1
63178 1
63180 1
63181 1
30416 1
63188 1
30423 1
63194 1
63195 1
63196 1
63197 1
128740 1
30445 1
30451 1
128758 1
128759 1
128764 1
30461 1
30463 1
63232 1
30467 1
63244 1
30477 1
63246 1
63252 1
30490 1
30495 1
64301 1
63281 1
63288 1
63290 1
63297 1
30534 1
30536 1
30539 1
30540 1
30546 1
30550 1
30559 1
30563 1
30565 1
63338 1
63339 1
30576 1
30584 0
30593 1
30594 1
30598 1
30603 1
63374 0
30608 1
30612 1
63381 1
30614 1
63384 1
63385 1
30618 1
63388 1
63394 1
30628 1
30637 1
30640 1
30644 1
63413 1
30646 1
30647 1
30649 1
63418 1
63422 1
63424 1
30662 0
30666 1
30671 1
128978 1
30675 0
63447 1
63448 1
30685 1
63454 1
30688 1
30692 1
63461 1
63462 1
30697 1
63467 1
63468 1
63470 1
63474 1
124320 0
30709 1
30710 1
63479 1
30714 1
13025 1
30718 1
30720 1
63490 1
63495 1
63498 1
63500 1
63501 1
63504 1
63507 1
30740 1
63511 1
63518 1
30751 1
63520 0
30756 1
63525 1
63527 1
30760 1
63531 1
63538 1
63541 1
129078 1
63543 1
30778 1
129085 1
63551 1
30789 1
63559 1
63572 1
129118 0
129120 0
30822 1
63596 1
30832 1
63601 1
63602 1
63604 1
63605 1
63606 1
63607 1
30843 1
30847 1
63617 1
63621 1
30857 1
30861 1
30862 1
63633 1
63635 1
63637 1
30870 1
63639 1
63640 1
63643 1
63644 1
30877 1
63648 1
63650 0
63651 1
30884 1
30888 1
63657 1
30891 1
63661 0
63663 1
63667 1
63669 1
63672 1
63674 1
63676 1
130762 1
30910 1
63679 1
63687 1
65228 1
63690 1
30925 1
63698 1
63699 1
63700 1
63702 1
63705 1
63707 1
63708 1
30945 1
30946 1
30948 1
30950 1
63722 1
63724 1
63725 1
63728 1
63730 1
30964 1
63739 1
63740 1
63742 1
30989 1
63758 1
63763 1
63766 1
63768 1
63769 1
31009 1
63781 1
63782 1
63789 1
31022 1
63799 1
63800 1
63803 1
63804 1
63812 1
63814 1
63815 1
63821 1
31062 1
63847 1
63848 1
63857 1
31093 1
63863 1
31096 1
63866 1
31099 1
63870 1
63874 1
63876 1
129418 0
129419 1
31122 1
63891 1
63892 1
63894 1
63895 1
63896 1
63898 1
63901 1
31136 1
129442 1
63907 1
31143 1
31144 1
31147 1
31150 1
63919 1
31159 1
129466 1
129467 1
129469 1
129470 1
63935 1
31168 1
31170 1
31172 1
63943 1
63945 1
63951 1
63952 0
63959 1
31195 1
31203 1
63976 1
63979 1
63980 1
31214 1
129519 0
63984 1
31218 1
63990 1
31223 1
31224 1
63996 1
31230 1
31234 1
64004 1
64011 1
64015 1
64016 1
64017 1
64021 1
64028 1
64029 1
64030 1
31267 1
64038 1
64041 1
31276 1
64048 1
64049 1
64051 1
64054 1
64055 1
31289 1
64061 1
64063 1
31300 1
64088 1
129626 1
129628 1
31326 1
129632 1
64099 0
64102 1
64103 1
64115 1
64130 1
31366 1
64135 1
31368 1
64142 1
31381 1
64153 1
64156 1
31392 0
31394 0
64163 1
64165 1
64166 1
31403 1
64175 1
64176 1
64177 1
64182 1
64186 0
64189 1
64192 1
64194 1
64199 1
64205 1
64209 1
31448 1
31453 1
64223 1
31456 1
31459 1
64228 1
31462 1
64231 1
31467 1
31477 1
31479 1
31483 1
31488 1
31489 1
64262 1
31495 1
64267 1
31500 1
31501 1
64275 1
64279 1
64282 0
64283 1
31517 1
129823 1
31521 0
64292 1
64296 1
31530 1
31533 1
64302 1
31535 1
64304 1
64306 1
129848 1
129849 1
64314 1
129851 1
31549 1
64319 1
31554 1
64323 1
64327 1
31560 1
64330 1
31563 1
31564 1
64334 1
31567 1
64341 1
31574 1
64344 1
31578 1
64351 1
31587 1
64356 1
31590 1
31591 1
64360 0
31593 1
64363 1
64364 1
64365 1
64367 1
31600 1
64371 1
64375 1
64382 1
64383 1
64387 1
64389 1
64392 1
31625 1
31627 1
64397 1
31634 1
64408 1
64410 1
64412 1
64418 0
31660 1
64433 1
31672 1
31673 1
31674 0
31683 1
64455 1
31689 1
31692 1
31702 1
31703 1
31706 1
31707 1
64480 1
61068 1
31716 1
64485 1
64486 1
31725 1
64497 1
31732 1
130040 1
130041 1
31738 1
31739 1
64511 1
130048 1
130049 1
64515 1
31748 1
31752 1
31761 1
31763 1
64534 1
64535 1
64536 1
64539 1
64542 1
31775 1
64546 1
64547 1
64549 1
64550 0
64552 1
64554 1
64555 1
31789 1
31791 1
64567 1
64568 1
31811 1
64583 1
64584 1
31821 1
64597 0
64602 1
64606 1
31843 1
31846 1
31849 1
64620 1
64621 1
31854 1
64626 1
64630 1
64637 1
64638 1
64639 1
31881 1
64650 1
141847 1
31887 1
31888 1
31894 1
64663 1
130200 1
13065 1
64690 1
64692 1
64699 1
64708 1
64733 1
64738 1
64739 1
64741 1
64742 1
64748 1
64760 1
130298 1
64766 0
64767 1
64768 1
130305 1
64784 1
64794 1
64807 1
64820 1
64821 1
64830 1
64839 1
64848 1
64850 1
64851 1
64853 1
64857 1
130398 1
130399 1
64864 1
64865 1
64867 1
64879 0
130421 1
64891 1
64896 1
64901 1
64902 1
64915 1
64918 0
64925 1
64929 1
64930 1
64934 1
64939 1
64942 1
64955 1
64964 1
64979 1
64984 1
64991 1
64994 0
64997 1
65006 1
65009 1
65011 0
65014 1
65015 1
65016 1
65021 0
65022 1
65026 1
65031 1
65034 1
65036 0
65042 1
65045 0
65048 1
65050 1
65064 1
65069 1
65072 1
65084 1
65088 1
65105 1
65106 1
65108 1
65128 1
65133 1
65134 1
65142 1
65145 1
65148 1
65156 1
65158 1
65169 1
65170 1
65176 1
65180 0
29449 1
65215 1
65217 1
65220 1
65226 0
130764 1
130766 1
65231 1
65235 1
65236 1
65242 0
65243 1
65244 1
65245 1
65247 1
65251 1
65264 1
65266 1
65270 1
65275 1
65286 1
65287 1
65290 1
65311 1
65317 1
65342 1
65343 1
65345 1
65350 1
65355 1
7632 1
65365 1
65368 1
65376 1
65399 1
65404 1
65413 0
65417 1
65421 0
65426 1
65430 1
65433 1
65440 1
65448 1
65449 0
65457 1
65459 1
65464 1
65466 1
65467 1
65469 1
65474 1
65482 1
65483 1
65484 1
65491 1
65494 1
65515 1
65521 0
65526 1
65527 1
65530 1
65532 1
