180228 1
8199 1
114698 1
65548 1
65552 1
16401 1
65554 1
65556 1
8213 1
122902 1
8215 1
180249 1
8219 1
8457 1
65569 0
24610 1
122915 1
122916 1
163877 1
163878 1
163879 1
65576 0
24617 1
180231 0
163884 1
163887 1
8240 1
163889 1
163891 1
178851 1
8245 1
65590 1
8247 1
178868 1
24825 1
114748 1
8253 1
16453 1
65607 1
16456 1
65609 1
65610 1
163916 1
65615 1
8272 1
163921 1
24660 0
163926 1
163927 1
163930 1
163931 1
106589 1
16478 1
163935 1
163939 1
16531 1
24678 1
65553 0
65640 1
163946 1
65643 1
163948 1
178676 1
8304 1
147579 1
2751 1
24708 1
8214 1
24710 1
65671 1
123016 1
163977 0
180363 1
65676 1
146114 1
8334 1
163983 1
254096 1
163987 1
24725 1
65689 1
176768 1
24731 1
8348 1
8350 1
8357 1
65702 1
65703 0
63798 0
63291 1
65706 1
8363 1
65710 1
65713 1
180402 1
24755 1
65717 1
147638 1
147639 1
25972 0
164494 1
118121 1
29755 1
8386 1
8387 1
65732 1
16582 1
180423 1
147657 1
65739 1
147660 0
147661 1
164046 1
24783 1
64929 1
8402 1
16597 1
123097 0
24795 1
8229 1
24800 1
65765 1
8423 1
25980 1
24810 1
164075 0
65772 1
8431 1
180466 1
164086 1
122921 1
8440 1
23252 1
147708 1
16637 1
8446 1
162517 1
140672 1
65796 1
24837 1
139526 1
8455 1
264708 1
16650 1
24843 1
114956 1
164109 1
8463 1
17795 1
164116 1
24853 1
128098 1
24856 1
8475 1
16668 1
16671 1
180272 1
147750 1
65831 1
16681 1
61490 1
24878 1
16689 1
65587 1
175509 1
24888 1
161997 1
24890 1
166623 1
24893 1
163893 1
8512 1
16705 1
24898 1
8515 1
61494 1
16710 1
16714 1
16716 1
13709 1
65872 1
16721 1
8530 1
13710 1
31460 1
24922 1
8539 1
65884 1
24925 1
8542 1
8543 1
8549 1
8551 1
65896 1
65899 1
16748 1
13714 1
28733 1
65904 1
65905 1
180597 1
117036 1
60887 0
16763 1
8577 1
8579 1
24965 1
8582 1
16775 1
16777 1
65930 0
122917 1
16781 1
24975 1
61662 1
139665 1
24980 1
16790 1
8599 1
65944 1
113491 0
180635 1
147868 1
8605 1
8606 1
164255 1
164258 1
8611 1
24996 1
66300 0
65958 1
164266 1
180652 1
2802 1
164270 1
65967 1
115121 1
180658 1
65971 1
16821 1
16824 1
15092 1
26015 0
8266 1
60942 1
254399 1
16832 1
1440 1
164290 1
16836 1
164293 1
25030 1
164296 1
2807 1
16845 1
66000 1
60846 1
180698 1
13733 1
66016 1
163920 1
146171 1
25062 1
180711 1
66029 1
15101 1
66032 1
6836 1
8692 1
8694 1
25079 1
156153 1
16890 1
8699 1
156156 1
156157 1
183421 1
25088 1
162560 1
12824 1
66060 1
8717 1
16910 1
164368 1
164369 1
147988 1
165051 1
25110 1
2820 1
139804 1
4186 1
16926 1
25119 1
16929 1
184676 1
25124 1
66085 1
6565 1
25130 1
16477 1
66098 1
274165 1
25140 1
65630 1
11017 1
164408 1
8762 1
16955 1
16957 1
176782 1
164416 1
180636 1
164422 1
4193 1
160961 1
238157 1
25166 1
25167 1
164432 1
16981 1
180822 1
16985 1
25180 1
16989 1
12389 1
180833 1
25186 1
66148 1
66149 0
8807 1
8810 1
66155 1
66158 1
26045 1
66161 1
164471 0
141359 1
160417 1
8826 1
155754 1
8832 1
9664 1
176235 1
266257 1
8838 1
25224 1
160181 1
17035 1
15459 1
14898 1
6936 1
25234 1
124355 0
25236 1
25241 1
8858 1
176239 1
164510 1
13765 1
8864 1
8867 1
28119 1
28785 1
8873 1
30847 1
17069 1
17070 1
178973 1
17072 1
17073 1
17074 1
17076 1
65218 1
25274 1
66235 1
8892 1
4860 1
164543 0
8898 1
25283 1
8901 1
8902 1
17095 1
148169 1
148170 1
28791 1
115404 1
17101 1
5581 1
17106 1
66261 1
17115 1
164572 1
61562 1
180958 1
156383 1
156384 1
25313 1
25314 1
176251 1
25318 1
61435 1
25320 1
66281 1
17131 1
17132 1
66285 1
66286 1
17136 1
66290 1
8947 1
25334 0
140023 1
17145 1
25338 1
148219 1
17148 1
148221 0
17150 1
148223 1
148224 1
164609 1
2859 1
164612 1
4225 1
66313 1
148234 1
26071 1
25356 1
25357 1
148239 1
17168 1
17173 1
140761 1
164633 1
8987 1
17180 1
13786 1
25376 1
129840 1
8210 1
61574 1
164648 0
140073 1
17195 1
164652 1
25389 1
185821 1
12575 1
110728 1
66586 1
25396 1
164661 1
164663 1
9016 1
30175 1
107325 1
66366 1
9023 1
66368 1
28397 1
12407 1
123720 1
110732 1
66379 1
17890 1
114829 0
17233 1
25430 1
133945 1
17240 1
66393 1
25434 1
17245 1
24720 1
164708 1
61585 1
62686 1
126600 1
4242 1
133949 1
181104 1
5608 1
17266 1
61587 1
17269 1
25462 1
120297 1
177734 1
9083 1
175131 1
148349 1
148350 1
8486 1
125237 1
66438 1
25481 1
66446 1
164755 1
164756 1
25495 1
140194 1
25509 1
148390 1
148391 1
61596 1
154439 0
64135 1
9715 1
66484 1
107446 1
148410 1
17341 1
148414 1
66496 1
9155 1
156613 1
156614 1
66504 1
156617 1
156618 0
66515 1
9173 1
17367 1
156633 1
31567 1
163975 1
125240 1
25570 1
25572 1
8358 1
66592 1
25579 1
1004 1
6994 1
64410 1
133424 1
110760 1
9203 1
1013 0
148470 1
148476 1
12458 1
9216 1
160549 1
19129 1
13128 1
64344 1
1045 1
25623 1
1050 1
25627 1
66588 1
17438 1
9248 1
25633 1
166747 1
66597 1
66599 1
9258 1
5639 1
115757 1
1072 1
66610 1
1075 1
1076 1
115766 1
9273 1
1082 1
23768 1
180405 1
25665 1
9284 1
65718 1
1094 1
148552 1
9289 1
4279 0
25676 1
177677 1
25680 1
25681 0
9299 1
62990 1
9302 1
63456 1
25691 0
161797 0
1117 1
128978 1
1121 1
9317 1
29304 1
176255 1
9324 1
165394 0
25711 1
25719 0
66681 1
17534 1
114880 1
9346 1
11115 1
124038 1
1161 1
9355 1
184514 1
124046 1
9359 1
25745 1
25747 1
66708 1
1173 1
1177 1
183480 1
9372 1
176325 0
115876 1
23226 1
66728 1
66731 1
25774 1
9393 1
66239 0
25922 1
25783 0
156857 1
1210 1
156859 0
165052 1
165053 1
9411 1
181445 1
9761 1
1228 1
112721 1
1230 1
1234 1
24782 1
1239 0
184527 1
7034 1
197855 1
9445 1
1254 1
1257 1
107755 1
66798 0
112168 1
1266 1
25845 0
9465 1
1274 1
64383 0
25852 1
140541 1
1279 0
9472 1
25859 0
25860 0
156933 1
176343 1
25870 1
25874 1
1300 1
25877 1
25880 1
156953 1
25882 1
1308 0
17694 1
64389 1
148770 1
124196 1
124198 1
25895 1
25896 1
107817 1
23195 1
126615 1
1327 1
25906 1
17715 1
176350 1
25915 1
17724 1
116029 1
25918 1
25921 1
9538 1
25923 1
25929 1
1356 1
178172 1
25935 1
25937 1
124434 1
9555 1
165209 1
25946 1
25950 1
165215 1
166443 1
17762 1
1380 1
1382 1
140529 1
25964 1
144139 1
160364 0
181617 1
17780 1
1397 1
10902 1
176361 0
147349 1
15252 1
25979 0
165244 1
9599 1
1408 1
157057 1
132482 1
176363 1
1414 1
185921 1
116104 1
9611 1
230796 0
165264 1
157074 1
9619 1
26011 1
26012 1
26013 1
1439 1
26016 1
165284 1
26021 1
132518 1
1447 1
1449 1
133166 1
132525 0
271794 1
26037 1
26038 1
1468 1
157117 1
157118 1
4341 1
140736 0
9667 1
148932 1
17861 1
124358 1
176375 1
26061 1
1487 1
61971 1
26067 1
26069 1
148950 1
140759 1
140760 1
185269 1
157153 1
9698 1
9699 1
3556 1
160719 1
177745 1
28924 1
124394 1
13906 0
165358 1
9325 1
176268 1
1523 0
17908 1
62245 1
1526 1
1533 1
17919 0
9728 1
4352 1
16641 1
1545 1
28930 1
162733 1
1554 1
140821 1
1559 1
30398 1
1562 1
19965 1
149082 1
157217 1
157218 1
165411 0
132644 1
9771 0
9774 1
1585 1
9778 1
9783 1
1593 0
116284 0
1598 1
1602 1
4145 1
1690 1
140897 1
24844 1
2999 1
1613 1
149070 1
1618 0
9812 0
9815 1
177764 1
165466 1
114959 0
165468 1
1632 1
1633 1
1634 1
1635 1
30310 1
140902 1
9831 1
140904 0
140905 1
9835 1
15293 1
30312 1
18037 1
9846 0
18040 1
9849 1
9850 1
1659 1
165501 0
18049 1
179819 1
26246 1
140938 1
9867 1
1678 1
181904 1
12568 1
1682 1
1686 1
9882 1
108188 1
12559 1
9890 1
116387 1
122263 1
150477 1
29517 1
1704 1
157353 1
1706 1
9899 1
31381 1
9904 1
140979 1
62797 1
140983 1
149177 1
1722 1
8479 1
9916 0
18110 1
9919 1
1728 1
9921 1
9922 0
176275 1
177782 1
124615 0
7116 1
30870 1
1743 1
9937 0
9777 1
6831 1
124634 1
183247 1
9954 1
63099 1
177640 0
157414 0
157415 1
16679 0
1773 1
1661 1
9969 1
1783 1
3028 1
145024 1
1794 1
61739 1
111961 1
8633 1
165640 1
17197 0
121815 1
147908 0
8789 1
9999 1
10000 1
165649 1
108306 1
177795 0
165652 1
165653 0
116503 1
10008 1
1820 1
118126 1
1823 1
10016 1
65771 1
11228 1
165675 1
111629 1
1837 1
10030 1
156861 1
64061 1
64165 1
10035 1
157493 1
165691 1
4213 1
18241 1
165699 1
1860 1
165702 1
1864 1
165710 1
10063 1
154595 1
1878 1
149337 1
165723 0
5791 1
16698 1
165728 1
182827 1
1891 1
18276 1
10086 1
124775 1
175079 1
145042 1
165742 1
10096 1
1906 1
156095 0
60894 1
1913 1
141178 1
132988 0
1919 1
1920 1
18307 1
1926 1
10121 1
5783 1
10124 1
141197 1
141198 0
26520 1
18329 1
175087 1
1949 1
1951 1
108449 1
61766 1
165798 1
12615 1
10156 1
7154 1
1968 1
181794 1
141236 1
18358 1
29001 1
1976 1
1979 1
18364 1
1982 1
5792 1
157635 0
1988 1
174024 1
10187 1
10190 1
122273 1
2002 1
10195 1
2005 1
165846 1
130041 1
10200 1
141277 1
165854 1
165855 0
165856 1
147792 1
2019 1
174053 1
2025 1
10221 1
165880 1
10235 1
2044 1
174077 1
2049 1
181931 1
2052 1
10247 1
2061 1
15363 1
64549 1
31748 1
165914 1
141339 1
2080 1
1712 1
174115 1
116772 1
10277 1
2086 1
174119 1
60900 1
10286 1
24620 1
141363 1
2101 1
177924 1
165943 1
174136 1
10297 1
157755 1
2111 1
10305 1
174147 1
174148 1
140982 1
125000 1
264265 1
124599 1
2124 1
141389 1
264270 0
7163 1
174160 1
125014 1
2136 1
174169 1
165979 1
10332 1
157354 1
106853 1
108645 1
2150 1
165993 1
2154 1
10349 1
182383 1
10353 1
149618 1
2163 1
18549 1
108664 1
12256 0
22207 1
10364 1
62655 1
133246 1
165924 1
2176 1
10380 1
10374 1
2184 1
184684 1
158743 1
19713 1
10382 0
10386 1
141459 1
141460 1
108693 1
10390 1
5256 1
174236 1
141469 1
116894 0
157855 1
29040 1
11291 1
10405 1
157862 1
10407 1
133288 1
157865 1
13440 1
10411 1
2220 1
166061 1
2222 1
149683 1
10420 1
141001 1
141496 1
10426 0
31775 1
2237 1
264385 1
264386 0
264387 1
108740 1
30899 1
264391 1
10441 1
174282 1
10443 1
264397 1
11259 1
133328 1
108753 0
2259 1
10453 1
149721 1
182491 1
2269 1
264414 1
2271 1
264416 1
157921 1
133346 1
174310 1
174312 1
174313 1
2282 1
2285 1
4477 0
2290 1
133366 1
2295 1
164611 1
166142 0
183932 1
157954 1
10499 1
65921 1
2312 1
18699 1
25173 1
174355 1
10519 1
2328 1
117018 1
117020 1
29061 1
2337 1
117026 1
2342 1
3121 1
117034 1
117035 0
18732 1
2352 1
125234 1
166197 1
10550 1
147849 1
133432 1
174393 1
272699 1
264509 1
109621 1
7171 1
174401 1
10565 1
10567 1
176874 1
10581 1
2390 1
2393 1
125274 1
133468 1
10991 1
2403 1
10597 0
10598 1
16785 1
162876 1
177895 1
174449 1
10614 1
10615 0
8264 1
10618 1
117115 1
63639 1
133504 1
2435 1
2436 1
174389 1
10631 1
127383 1
2444 1
2448 1
11811 1
117141 1
117142 0
141720 1
117145 1
174490 1
18844 1
10658 0
117161 1
27906 1
174507 1
182701 1
125358 0
125360 1
29086 1
141384 1
2490 0
174118 1
10685 1
160479 1
2497 1
174531 1
10692 1
2504 1
162892 1
174541 1
60914 1
162894 1
160207 1
166363 1
166366 1
161844 1
180646 1
174567 1
2536 1
2538 1
25726 1
10735 1
2547 1
10740 1
2555 1
2556 1
2558 1
7161 1
5888 1
4826 1
4523 1
182788 1
10757 1
137943 1
264713 1
117260 1
2573 1
166414 1
29101 1
64175 1
2577 1
2581 1
141846 1
109079 1
10777 1
12719 1
109084 1
162906 1
2593 1
166434 1
141859 0
166436 1
10789 1
10793 1
10795 1
174637 1
2606 1
10801 1
166451 1
2615 1
174648 1
166458 1
166460 1
10813 1
27199 1
174656 1
2628 1
174663 0
157452 1
160183 1
10832 1
63739 1
179299 1
166485 1
10839 1
10840 1
141913 1
125531 1
133724 0
65540 1
133726 1
31846 1
2663 1
158313 1
3362 1
10860 1
21118 1
25021 1
24912 1
19057 1
10867 1
149268 1
64193 1
150139 1
10877 1
10005 0
109186 1
10884 1
133766 1
133767 1
133768 1
133769 0
125580 1
10894 1
162925 1
116504 1
158354 1
2710 1
10903 1
174744 1
10905 1
166555 1
30490 1
141982 1
125601 1
166562 1
166563 1
166564 1
10917 1
10920 1
166569 1
19570 1
65286 1
19124 1
166583 1
150201 1
10938 1
166591 1
19137 1
127481 1
264418 1
185584 1
19150 1
19152 0
2771 1
19159 1
127439 1
2783 1
140030 1
2787 1
10981 1
10983 1
10984 1
133868 1
133869 1
133871 1
150258 1
176595 1
178493 1
10999 1
2811 1
2812 1
133885 1
133888 1
2817 1
2818 1
11012 1
150277 1
109318 0
142088 1
19209 1
119173 1
25047 1
2829 1
138122 1
2831 0
111064 1
3203 1
116526 0
11032 1
11035 0
174876 1
23587 1
166689 0
150306 1
154758 1
2856 1
11051 1
64199 1
166705 1
11060 1
2870 1
133944 1
11065 1
29151 1
183101 1
19262 1
25056 1
2884 1
2888 1
166733 1
162957 1
163633 1
105936 1
117902 1
11094 1
11096 1
29156 1
11099 1
61925 1
158563 1
19305 1
164585 1
3218 0
65838 1
11124 1
19318 1
2938 1
158587 1
2940 1
2942 1
19605 1
166789 1
29698 1
2953 1
134026 1
161040 1
25069 1
2960 1
142230 1
2968 1
11161 1
19355 1
175004 1
175006 1
175007 1
175008 1
11169 0
149318 1
152049 1
130762 1
11178 1
142251 1
2990 1
2991 1
10056 1
142260 1
11191 1
183224 1
174135 1
175263 1
183228 0
3007 1
179360 0
164342 1
19398 1
179361 1
177996 1
19402 1
23714 1
175055 1
3024 1
150481 1
3026 1
11220 1
3031 1
183257 1
3036 1
11234 1
156155 1
19428 1
19431 1
19433 1
175083 1
176637 1
183283 1
176592 1
3062 1
11257 0
176639 1
3071 1
11264 1
142337 1
61205 0
142339 1
175110 1
175111 1
117768 1
3082 1
109580 0
183312 1
176593 1
3093 1
158742 1
175127 1
175130 1
146607 1
183324 1
14170 1
109599 1
11296 1
150562 1
3107 1
11300 1
11301 1
11302 1
11304 1
3116 0
179378 0
28608 1
11313 1
11315 1
19508 0
175157 1
142391 1
183352 1
3129 1
126010 1
175163 1
65886 1
182112 1
3138 1
66059 1
155394 1
183366 1
158791 1
3144 1
8716 0
11340 1
164365 1
18654 1
183377 1
19538 1
5987 1
126036 1
3157 1
3158 1
25201 1
183388 1
22373 1
11361 1
3170 1
117861 1
117862 0
66065 1
126056 1
11371 0
117868 1
176658 0
31203 1
11376 1
139225 1
109683 1
27765 1
5313 1
25108 1
142460 1
63338 1
142462 1
27776 1
150720 1
109699 1
27780 1
5835 1
11399 1
27786 1
117901 1
27790 1
117903 1
61976 0
27794 1
3221 1
183446 1
3226 1
3231 1
27810 1
175269 0
3238 1
175271 1
27816 0
150699 1
165746 1
3246 1
27823 1
11440 1
119314 1
27828 1
8734 1
11446 1
126136 1
11450 0
11455 1
11456 1
61984 1
3275 1
27845 1
11462 1
11465 1
19658 0
175307 1
175308 1
3278 1
142546 1
175319 1
11482 0
4645 1
27873 0
27875 1
183526 1
183528 1
150761 0
27882 0
11499 1
27886 1
134384 1
11506 1
175347 1
11509 1
11511 1
11513 0
11514 0
7203 1
109826 1
183555 0
3336 1
27913 1
27914 1
3342 1
11535 1
175376 1
11537 1
183570 1
10115 1
20570 1
27925 1
179417 1
27928 1
118042 1
149379 1
27932 1
183581 1
11550 1
27936 1
27937 1
11554 1
11555 1
158053 1
183593 1
160781 1
25138 1
11566 1
183603 1
150837 1
183606 1
27960 1
164404 1
11580 1
27965 1
175424 1
118081 1
3394 1
3399 1
12855 0
27980 1
27981 1
11600 1
3410 1
146659 1
27988 1
3413 1
183640 1
27997 0
109919 1
3424 1
164411 1
3429 1
109926 1
175465 0
109930 1
118125 0
126318 1
3439 1
30666 1
118502 1
28018 1
11636 1
28022 1
64745 1
175342 1
28027 1
11644 1
60800 1
60801 1
175490 1
125595 1
3465 1
3469 1
175503 1
184899 1
183700 1
3310 1
175510 1
165785 1
11672 1
150937 1
142748 1
19873 1
175523 1
11687 1
3497 1
175533 1
11694 1
3504 1
3505 1
160329 1
12874 1
19907 0
19911 1
11721 1
3532 1
118223 1
126417 1
16974 1
28118 1
110039 1
142811 1
19932 1
142814 1
164606 1
126434 1
11748 1
60902 1
28135 1
3562 1
28139 1
160338 0
24669 0
110065 1
3570 1
64766 1
175607 1
28152 1
29268 1
11770 1
28155 1
3580 1
3581 1
152149 1
60931 1
183812 0
176726 1
64891 1
63405 1
3594 1
183554 1
183822 1
30637 1
28176 1
28180 1
183830 1
3607 1
183833 1
25216 0
10213 1
3612 1
11805 1
175646 1
28191 1
126496 1
14256 1
28194 1
28195 1
28775 1
3622 1
12689 1
183850 1
11819 1
28206 1
25181 1
28209 1
20019 1
8850 1
60983 1
28216 1
175674 1
3643 1
20029 1
3647 1
60992 1
3650 1
143605 1
1974 1
175686 1
183879 1
175688 1
175689 1
63415 0
61004 1
282189 1
3662 1
11856 1
141240 1
110164 1
11861 1
63417 1
126554 1
126555 1
183902 1
183903 1
11872 1
27920 1
110179 1
61028 1
11877 1
142953 1
142956 1
11538 1
14269 1
183920 1
63422 1
28278 1
11896 1
9125 1
3707 1
3708 1
175741 1
166639 1
11903 1
22829 1
14581 1
61061 1
183942 1
28295 1
28296 1
183945 1
11914 1
61069 1
179342 1
28303 1
11923 1
11925 1
3734 1
3735 1
11929 1
11930 0
183963 1
28322 1
28323 1
30662 1
183974 1
61095 0
11944 1
183580 1
110250 1
135425 1
184526 1
3761 1
28338 1
12915 1
28340 1
3358 1
61112 1
28347 1
130305 0
28349 1
61121 0
61122 1
1995 1
111103 1
125604 1
11976 1
61129 1
8823 1
27938 1
176760 1
27939 1
61140 1
10609 1
175834 1
28380 1
176762 1
3806 1
3807 1
61153 1
184035 1
3813 1
3814 1
184040 1
20202 1
61163 1
20204 1
66686 1
184046 1
11584 1
20209 1
12926 1
24405 1
3369 1
28408 1
20217 1
28410 1
61179 1
61181 1
126718 1
165845 1
184064 1
126721 1
61188 1
10198 1
63959 0
184961 1
61192 1
175404 1
3851 1
148249 1
3855 1
63448 1
134932 1
20245 1
3863 1
175900 1
175903 0
12065 1
6639 1
184101 1
175913 1
160798 1
12075 1
28460 1
184109 1
110382 1
143153 1
184114 1
110387 1
126772 1
141278 1
3897 1
12091 1
28477 1
12096 0
3905 1
151364 0
150838 1
174049 1
20297 1
28490 1
270989 0
175953 1
25340 1
175955 1
184149 1
6116 1
12123 1
12124 1
184157 1
175966 1
149477 1
3937 1
22772 1
28518 1
184167 1
183612 1
175978 1
151403 1
12140 1
12141 1
12142 1
175983 1
20338 1
184180 1
61302 1
3962 1
175995 0
3964 1
28543 1
3969 1
3971 0
135044 1
61321 1
12171 1
3980 1
61325 1
176017 1
28564 1
12181 1
176022 1
61338 1
184219 1
164506 1
184225 1
176035 1
61350 1
127644 1
112626 1
12206 1
184239 1
4016 1
184241 1
266163 0
12212 0
12215 1
12216 1
282553 1
4029 1
184256 1
110529 1
176066 0
184259 0
176068 1
110533 1
176070 1
184263 1
4040 1
12233 0
12234 1
63479 0
12236 1
4045 1
120824 1
61610 0
4052 1
28629 1
61398 1
61399 1
135844 1
12250 1
12252 1
61406 1
184287 1
61408 1
61409 1
4066 1
12262 1
4072 1
10236 1
12266 1
61420 1
12138 1
176118 1
4087 1
151544 1
183636 1
4090 1
4091 1
143356 1
4093 1
4094 1
61439 1
184321 1
28675 1
176135 1
61448 1
118795 1
4108 1
12304 0
3416 1
4115 1
5047 1
29052 1
4124 1
4127 1
28704 1
12321 1
28712 1
176169 1
61483 1
28717 1
61487 1
61489 0
12338 1
124254 1
151606 1
19807 1
4156 1
143421 1
20548 1
28742 1
184392 1
61513 1
266315 1
266316 0
28749 1
151630 1
61519 1
151632 1
64867 0
6158 1
12377 1
28762 1
12379 1
110685 1
28769 1
4194 1
176229 1
4199 1
12392 1
4201 1
12395 1
176237 1
176238 1
63971 1
61552 1
2595 1
12403 1
61557 1
127094 1
176247 1
176249 1
184442 1
28795 1
61567 1
176256 1
184449 1
61572 0
12421 1
28806 1
61576 1
63511 1
12428 1
12994 1
61584 1
4241 1
61586 1
28819 1
61589 1
61591 1
12441 1
176282 1
151708 0
12445 1
180118 1
61600 1
176289 1
176291 1
63700 1
143526 1
184487 1
61608 1
30416 1
12459 1
20653 1
4274 1
162175 0
184500 1
28853 1
12471 1
12478 1
63520 1
28866 1
61635 1
176954 1
12485 1
127179 1
28877 1
61646 1
164557 1
110802 1
182307 0
61655 1
61656 1
182308 1
11649 1
184542 1
176351 1
4321 1
4322 1
175483 1
28900 1
10278 0
7509 1
184551 1
61673 1
176362 1
4331 1
61676 1
176369 1
4340 1
61685 1
28919 1
184569 1
176378 1
184571 1
12540 1
61693 1
4351 1
12544 1
12545 1
127234 0
160541 1
61703 1
28938 1
20747 1
28940 1
28034 1
4367 1
61712 1
176404 1
165934 1
62169 1
143640 1
183684 1
184603 1
61725 0
61726 1
4383 1
12576 1
12578 1
164571 0
61732 1
12581 1
4390 1
28967 1
102696 1
61737 0
20779 1
63538 1
61745 1
127282 1
116787 1
143668 1
12598 1
20791 1
4409 1
12603 1
135484 1
61759 1
17120 1
4418 1
61763 1
28998 1
4423 1
143689 1
116791 1
184652 1
12621 1
4430 1
12625 1
29011 1
7566 1
29015 1
12635 1
176479 1
4448 1
4450 1
20488 1
29028 1
174729 1
4839 1
4460 1
4462 1
20847 1
184688 1
184689 1
14606 0
61811 1
150179 1
61815 1
151928 1
178003 1
4476 1
12669 1
164364 1
11669 1
4485 1
176523 1
184717 1
4494 1
61839 1
8333 1
4497 1
4498 1
12691 1
4503 1
111000 1
29082 1
176540 1
4510 1
184735 1
66288 1
160163 1
12708 1
4517 1
12711 1
20904 1
29097 1
29099 1
176556 1
160173 1
176558 1
61871 0
119217 0
185370 1
25331 1
29108 1
176565 0
12726 1
176567 1
176572 1
61885 0
160196 1
29127 1
152008 1
29129 1
61899 1
160204 1
29133 1
176591 1
4560 1
184785 1
176594 1
160211 1
12756 1
160213 1
29433 1
160216 1
12761 1
176602 1
184797 1
29150 1
127455 0
160225 1
4579 1
160228 1
64934 1
3153 1
184807 0
160232 1
160233 1
119275 1
29164 1
12782 0
66301 1
12785 1
184281 1
127475 1
12788 1
29173 1
4598 1
4600 1
4601 0
29709 0
164607 1
12796 1
4605 1
143870 1
160255 1
160256 1
4611 1
12804 1
140033 1
184009 1
29887 1
4622 1
12815 1
160272 1
141400 0
12818 1
176659 1
119316 1
12821 0
29206 1
4632 1
12825 1
160282 1
29211 1
12828 0
176670 1
4640 1
29217 1
160293 1
143910 1
12840 1
61996 1
152109 1
12850 1
184884 1
184885 1
62217 1
160312 0
29241 1
140042 1
29246 1
176703 1
62016 1
111169 0
4674 1
140043 1
12868 1
21061 1
4678 1
163933 0
140044 1
21066 0
160331 1
4685 1
62221 1
29264 1
29265 1
4690 1
160340 1
160341 1
12886 1
29274 1
4699 1
29278 0
12895 1
164624 1
111179 1
180193 1
143974 1
62055 0
62057 1
135788 1
12909 1
133764 1
4723 1
29300 1
160373 1
119414 1
160375 1
160376 1
160378 0
176764 1
176766 1
29312 1
4737 1
4740 1
12433 1
144009 1
144010 1
176781 1
12942 0
12945 1
29332 1
12950 1
4759 1
62107 1
12956 1
62110 1
160415 0
160416 1
137641 1
184994 1
4771 1
12964 1
165465 1
62626 1
29353 1
11343 1
62123 1
12972 1
185006 1
29359 1
5342 1
119474 1
182387 1
152249 1
185018 1
62139 1
133367 1
161909 1
160448 1
176833 0
144066 1
119493 1
29382 1
4807 1
4809 1
29386 1
13003 1
29389 1
29392 1
4818 1
13011 1
13013 1
160471 1
62168 1
13092 1
160474 1
176861 1
141462 1
176863 0
144097 1
61735 1
176867 1
11729 1
160488 1
176873 1
4842 1
4843 1
4844 1
21232 1
13041 1
138707 1
21237 1
21238 1
160503 1
160505 1
133825 1
29435 1
62204 1
24021 1
4864 1
18560 1
176899 1
62213 1
29446 1
144135 0
29448 1
29449 1
126423 1
29453 1
13071 1
4881 1
176914 1
181290 1
4885 1
119574 1
185112 1
29466 1
62236 1
135965 1
185119 1
176928 1
5073 1
62243 1
4900 1
178310 1
4903 1
185128 1
142812 1
119594 1
5870 1
66354 1
4911 1
137373 1
185138 1
127797 1
135990 1
62263 1
164660 1
62266 1
160571 1
4926 1
30170 1
7648 1
176963 1
13124 0
4918 1
29511 1
4936 1
29984 1
4941 1
14477 1
62288 0
164664 1
62290 1
13139 0
13142 1
160600 1
185177 1
160570 1
176999 1
62313 0
185194 1
13163 1
62317 1
25405 1
13169 0
25406 1
13174 1
185209 1
62330 1
4988 1
179690 1
21374 1
13184 1
111491 1
13189 1
177031 1
62088 1
185227 1
185229 1
13200 1
160657 0
66371 1
160661 1
160580 1
5018 1
160667 1
160668 1
13125 1
119714 1
137371 1
25536 1
62374 1
29607 1
29609 1
62378 1
160684 1
29613 1
111534 1
30877 1
29616 1
111537 1
13235 1
62388 0
29621 1
5046 1
62391 1
61544 1
5050 1
116895 0
62396 1
183797 1
21440 1
6304 1
29634 1
63454 1
185289 1
177099 1
119756 1
176973 1
118264 1
6307 1
177108 1
177109 1
177110 1
177111 1
177112 1
111581 0
5087 0
160592 1
118267 1
177124 1
177125 0
185318 1
177127 1
13288 1
13289 1
14503 1
65021 1
5109 1
65365 1
21496 1
136186 1
21499 1
5116 1
21503 1
185346 1
65911 1
5125 1
62472 1
29705 1
13323 1
144396 1
65026 1
29710 1
111631 1
13328 1
160785 1
5142 1
148313 1
29722 1
12992 1
13341 1
13342 1
7685 1
29729 0
62501 1
21542 1
29736 1
13353 1
13354 1
5165 1
111662 1
144435 1
62516 1
144437 1
177206 1
29751 1
5179 1
62525 1
13375 1
177216 1
10787 1
29762 1
13380 1
176725 1
160838 1
177224 1
177225 1
177227 1
177228 1
62549 1
62553 1
5210 1
21595 1
122380 1
29791 1
5218 1
177255 1
177256 1
111721 1
22542 1
9063 1
29804 1
5229 1
22717 1
177264 1
5234 1
177267 1
5237 1
13431 1
160888 1
11796 1
160891 1
160892 1
160893 1
62590 1
62592 1
5250 1
13443 0
5252 1
29829 1
29830 1
177287 1
144520 1
62602 1
13453 1
184576 1
4973 1
160912 1
160913 1
177300 1
177303 1
30727 1
264388 1
6995 1
178848 1
122394 1
177313 1
177314 1
111779 1
5284 1
176939 1
62634 1
14535 1
29868 1
22817 1
29870 1
144559 1
62640 1
166028 0
29875 1
5301 1
62646 1
144567 1
13498 1
185532 1
62654 1
19817 1
13505 1
264395 1
13510 1
110566 1
62666 1
111819 1
29900 1
29901 1
5327 0
3619 1
13526 1
5338 1
160989 1
160990 1
160991 1
177376 1
62689 1
175654 0
161000 1
152809 1
29930 1
62700 0
5357 0
21743 1
120048 1
13554 0
10451 1
161013 1
161014 1
111864 1
13561 1
13562 1
177405 1
153813 1
144640 1
184700 1
13570 1
29955 1
65374 1
62730 1
13579 1
62732 1
21776 1
21777 1
185618 1
5395 1
177429 1
161048 1
62745 1
184748 1
120093 1
13599 1
5408 1
13602 1
62755 1
177446 1
161067 1
62766 1
161071 1
161072 1
13619 1
2270 1
30006 1
30007 1
177465 1
3946 1
185661 1
13630 1
5439 1
161088 1
5442 1
62823 1
111940 1
120134 1
165123 1
3639 1
10466 1
13646 1
177487 1
30032 1
144727 1
21186 1
13657 1
10002 1
111965 1
161120 1
5475 1
30055 1
111976 1
62826 1
30059 1
30067 1
5492 1
5496 1
25279 1
120193 1
30082 1
6379 1
13700 1
10549 1
112007 1
63724 1
11842 1
5518 1
174317 1
5520 1
30098 1
5523 1
6185 0
5526 1
5530 1
112030 1
112034 1
5539 1
179782 1
5543 1
177576 0
144809 1
30939 0
62895 1
62897 1
8493 1
5559 1
5560 1
30137 1
30138 1
5567 1
5568 1
177601 1
30146 1
182309 1
185797 1
136646 1
62919 1
62921 1
62922 1
14583 1
156578 1
30161 1
13782 1
5594 0
7759 1
5597 1
112095 1
5600 1
13794 1
185827 1
62948 1
112101 1
5606 1
13800 1
30185 0
62954 1
30188 1
120301 1
112111 1
112112 1
177650 1
62965 1
177654 0
62967 1
22008 1
62972 1
30205 1
13824 1
62977 1
62979 1
136306 0
62382 1
62984 1
111532 1
177674 1
30219 1
30220 1
10498 1
30222 1
13839 1
11372 1
157955 1
136725 1
63000 1
30234 1
158414 1
177697 1
5667 1
22053 1
120358 1
120359 1
153128 1
153130 1
22059 0
30255 1
5680 1
10504 1
30259 1
30260 1
63029 1
63030 1
5690 1
14386 0
178862 1
5697 1
177731 0
30277 1
22086 1
30281 0
177739 1
5709 1
22797 1
177744 1
63057 1
63058 1
30293 1
30298 1
5723 1
6416 1
29627 1
136804 1
144998 1
166491 1
63080 1
63083 1
5742 1
13940 1
5750 1
30328 1
62399 1
120444 1
112254 1
22144 1
177088 1
5763 1
5764 1
120456 1
164407 1
13962 1
13963 1
160706 1
138861 1
63120 0
145041 1
30354 1
63123 1
136265 1
145046 1
128663 1
145049 1
5786 1
5788 1
63135 1
136864 0
63138 1
13988 1
13990 1
112295 1
61285 1
25789 1
30384 1
136884 1
145080 1
22815 1
22205 1
63166 0
30399 0
120513 0
63172 1
5831 1
63178 1
14027 1
30473 1
10530 1
177871 1
177872 1
4990 1
151161 1
177881 1
177882 1
5071 1
177884 1
63781 1
178939 1
175739 1
5860 1
5862 1
29649 1
177896 1
294524 1
112362 1
30443 1
112366 1
9171 1
5878 1
63224 1
166593 1
61055 1
30461 1
30463 1
63232 1
177921 1
14084 1
177925 1
122355 0
10540 1
177930 1
5899 0
30477 1
5902 1
5903 1
65937 1
177943 1
177944 1
112410 1
14108 1
5918 1
30495 1
177953 1
22306 1
11910 0
14824 1
183780 1
63281 1
22325 1
177975 1
63288 1
178304 0
63290 1
164680 1
177983 1
137024 1
174390 1
14150 0
5959 1
163595 1
30539 1
30540 1
20109 1
120656 1
177780 1
14163 1
144356 1
5978 1
14172 1
30558 1
178015 1
7824 1
264507 0
160742 1
14182 1
63337 1
14186 1
122514 0
31037 1
30576 1
60979 1
6003 1
6008 1
11657 1
166208 0
29282 1
121153 1
6025 1
14219 1
64850 1
178063 0
24216 0
6034 0
30612 1
30614 1
63383 1
30618 1
21487 1
145308 1
166213 1
178081 1
178083 1
178089 1
137131 1
14252 0
14253 1
22447 1
30640 1
178097 1
6066 1
160598 1
30646 1
30647 1
30649 1
30651 1
22461 1
6078 1
148469 1
6081 1
120774 1
14282 1
30671 1
6097 1
30674 1
6100 1
63447 1
6104 1
120794 1
6109 1
6110 1
14304 1
6115 1
22500 1
14309 1
63462 1
14311 1
63467 0
63468 0
120816 1
122536 1
6130 1
14324 1
30710 1
7849 1
6136 1
30714 1
144383 1
163601 1
145407 1
63490 1
166230 1
161798 1
63495 1
145416 1
63501 1
137230 1
22543 1
137232 1
23500 1
30740 1
161813 1
161814 1
14359 1
178201 1
24483 1
14368 1
14369 1
14370 1
64690 1
22507 0
63527 1
174428 1
63531 1
120877 1
118046 1
6194 1
161843 1
6196 1
12589 1
63543 1
30778 1
161852 1
161853 1
63551 1
14401 1
14403 1
153668 1
6213 1
178529 1
6216 1
14412 0
161869 1
6223 1
14417 1
14418 1
22612 1
137310 1
6239 1
6242 0
30822 1
22632 1
161897 1
63596 1
157058 1
161903 0
63600 1
112754 1
63605 1
112759 1
6266 1
6268 1
181269 1
153728 1
29942 1
178539 1
161924 1
63621 1
112774 1
137351 1
30857 1
30861 1
178319 0
145552 1
161942 1
178327 1
63640 1
14489 1
127377 1
63643 1
63645 1
161952 1
161953 1
63650 1
63651 1
6308 1
6311 1
30888 1
6315 1
161966 1
160797 1
63667 1
62494 1
6326 1
7881 1
108778 1
6331 1
6333 1
6334 1
6335 1
153793 1
6338 1
178371 1
153191 1
63687 1
22729 1
6346 1
31095 1
161996 1
13032 1
30932 1
6357 1
137432 1
137434 1
14555 0
63708 1
121053 0
29733 1
14561 1
6370 0
14563 1
145636 1
29734 1
6375 1
22761 1
63723 1
112876 1
63725 1
6386 1
30964 0
121077 1
160809 1
121080 1
164155 1
25737 1
66602 1
14590 1
14592 1
14597 1
11670 1
6410 1
14603 1
63874 1
30990 1
162064 0
63763 1
29612 1
178453 1
14616 1
63876 1
162076 1
28378 1
14622 0
14623 1
14624 1
6433 1
6435 1
145701 1
153895 1
63789 1
63790 1
14639 1
121136 0
184070 1
148531 1
121142 1
63799 1
144436 1
14650 1
24287 0
178492 1
6461 1
178494 1
145729 0
1078 1
63814 1
112968 1
5671 1
178507 1
22861 1
162127 1
162129 1
21429 1
61155 1
178519 1
25312 1
29131 1
6497 1
178531 1
137573 1
63847 1
178538 1
7911 1
6509 1
162160 1
178545 1
12482 1
63863 1
63866 1
31099 1
4036 1
28770 0
174485 1
6528 1
6529 1
137602 1
6532 1
6534 0
3820 0
137611 1
166005 1
6543 1
31122 1
6547 1
63892 1
63895 0
63901 1
129438 1
13381 1
63907 1
66630 1
178600 1
121257 1
137642 1
31147 1
6573 1
6574 1
63919 1
178608 1
178610 1
154039 1
63928 0
162233 0
129466 1
178619 1
129469 1
179957 1
63936 1
63938 1
185419 1
113093 1
14790 1
154056 1
14793 1
14794 1
162254 1
184057 1
162264 1
6617 1
23002 1
23006 1
14815 0
162272 1
3835 1
14820 1
14822 1
28590 1
137704 1
162283 0
14828 1
31214 1
118525 1
178672 1
63986 1
23027 1
113140 1
61870 1
31224 1
6649 1
31227 1
178684 1
6653 1
5205 1
133547 1
64004 1
6661 0
31242 1
6669 1
178703 1
178704 1
150049 0
23062 1
21593 1
184068 1
64028 1
64030 1
162335 1
162338 1
121381 1
121382 1
178443 0
162346 1
179441 1
23084 1
162349 1
31593 1
162354 1
66654 1
145977 1
145979 1
14908 0
163594 1
64063 1
178752 1
23107 1
23111 1
6730 1
63927 1
6733 1
178767 1
162384 0
6737 1
64082 1
14934 1
64088 1
14938 1
184079 1
63930 1
121440 1
162401 1
162404 1
64102 1
64103 1
14954 1
178797 1
178798 1
6768 1
178803 1
113269 1
6774 1
177257 1
178811 1
6781 1
178814 1
12053 1
260737 1
64130 1
64132 1
6791 1
31368 1
7959 1
31170 1
13421 1
162448 1
162449 1
178834 1
121493 1
162457 1
162459 1
64156 1
25632 1
178846 1
178847 1
31392 1
64162 1
64163 1
6821 1
64166 1
19049 1
260778 1
260779 1
6829 1
6830 0
178863 1
178865 1
178866 0
15027 1
23220 1
178633 1
23224 1
162489 1
31418 1
31419 1
6845 1
6848 1
162497 1
64194 1
61581 1
29143 1
146119 1
6865 1
178896 0
13432 0
113362 1
6867 1
15060 1
23253 1
3502 1
146137 1
64218 1
113371 1
146140 1
31453 1
64223 1
8958 1
64228 1
146156 1
15087 1
6900 1
31477 1
14960 0
23291 1
162557 1
64254 1
178943 1
31488 1
31489 1
15106 0
163627 1
15111 1
113419 1
162576 1
64275 1
6932 1
29964 1
162584 1
162585 1
260893 1
129823 1
178976 1
31521 1
5254 1
15142 1
118577 1
122674 1
64302 1
64304 1
15153 1
64306 1
178995 1
66697 1
179003 1
184117 1
154434 1
64327 1
31560 1
121673 1
31564 1
64334 1
29837 1
113490 1
179027 1
162644 0
64341 1
31574 0
31576 1
64346 1
15197 1
15199 1
31587 1
64356 1
15208 0
7017 1
7022 1
185453 1
121713 1
179058 1
121717 1
121718 1
31607 1
113530 1
25749 1
31616 1
22650 1
179077 1
65345 1
15240 1
179082 1
162699 1
179084 1
31629 1
138126 1
15247 1
154357 1
64404 1
105365 1
7063 1
64408 1
7065 1
23450 1
7067 0
15261 1
121759 1
64418 0
15267 1
179110 1
64423 1
115077 1
15274 1
162732 1
7085 1
146354 1
7092 1
162742 1
31673 1
31674 1
15291 1
179132 1
23485 1
7106 0
7107 1
21241 1
31692 1
7117 1
162770 1
177315 1
7124 1
31702 1
31703 1
121816 1
121817 1
31707 0
138205 1
64480 1
7138 1
15331 1
112624 1
31718 1
31720 1
15337 1
7146 1
15343 1
7152 1
123017 0
179186 1
15347 1
15350 1
162809 1
31738 1
31739 1
31743 1
31744 1
23553 1
179202 1
64515 1
15364 1
31751 1
31752 1
3785 1
25007 1
5149 1
166402 1
180821 0
7183 1
7185 1
7186 1
31764 1
185518 1
64536 1
23577 1
179231 0
64547 1
7205 1
64550 1
64552 1
135004 0
64554 0
9242 1
163678 1
15414 1
64568 1
15417 1
163679 0
7228 1
17151 1
23616 1
65376 1
105538 1
146500 1
162887 1
64584 1
7241 1
12789 1
4060 1
66061 1
121934 1
138321 0
7251 1
2574 1
1209 1
179288 1
7257 1
154714 1
162907 1
7260 1
162909 1
176701 1
163685 1
179298 1
31843 1
61407 0
138341 1
105574 1
179303 1
31849 1
7275 1
7277 1
7279 1
7281 1
64626 1
154739 1
3243 0
121974 1
7291 1
64637 1
7295 0
154755 1
7300 0
154757 1
8972 1
25339 1
154760 0
31881 1
7309 1
162958 1
31887 1
23697 1
7315 1
4608 1
31895 1
130200 1
122015 1
15520 1
15521 1
138402 1
7331 1
29894 1
7882 1
162988 1
7343 1
7346 1
179380 1
146616 1
64699 1
62667 1
64708 1
7366 1
166433 1
7368 1
23753 1
122061 1
64720 1
166435 1
179413 1
23767 1
146648 1
2596 1
163036 1
122078 1
138466 0
138467 1
179428 1
64741 0
7401 1
163051 1
179437 1
179438 1
23793 1
138483 1
28616 0
145367 1
130298 0
29946 1
7420 0
163069 1
7422 1
64767 0
64768 1
23809 1
23810 1
14891 1
23812 1
29910 1
105670 1
31276 1
7435 1
7437 1
64784 1
150278 1
7447 1
64794 1
163102 0
177284 0
163113 1
13634 1
23852 1
163117 0
163118 1
64821 1
7481 1
122172 1
7486 1
122175 1
16889 1
23877 1
29921 1
174647 1
64844 1
179534 1
65421 1
64848 1
7506 1
64851 1
64853 1
15253 0
64857 1
23898 1
24463 1
15708 1
15709 1
122211 1
122212 1
7525 1
7526 1
138601 1
28620 1
64879 1
138608 1
212340 1
138613 1
17641 1
179577 1
17982 1
61900 1
7549 1
179583 1
64896 0
10816 1
179586 1
23940 0
64901 1
23943 1
23945 0
179597 1
179598 1
122257 1
64915 1
155738 1
179605 1
10345 0
122266 1
64925 1
277918 1
7585 1
64930 1
179621 1
138662 1
27760 1
23978 1
180562 1
64942 1
12189 1
109366 1
165832 0
266216 1
149738 1
15803 1
162559 1
179648 0
7620 1
24005 1
4001 1
179657 0
7632 1
179666 1
64979 1
184996 1
7637 1
61903 1
65444 1
9466 1
7647 1
24032 1
19024 0
66268 1
64997 1
179686 1
162385 1
24040 1
7658 1
62575 1
65006 1
15855 1
65009 1
65011 1
179700 1
138741 0
138743 1
183838 1
138747 1
155133 0
7682 1
6742 1
62723 1
7691 1
65036 1
7694 1
7696 1
126020 1
5379 1
65045 0
32280 1
165124 1
65050 1
179739 1
179741 1
18533 1
24096 1
266160 1
24099 1
155174 1
30536 1
24113 1
143283 1
7733 1
65084 1
7741 1
180905 1
7750 1
146017 0
112819 1
13580 1
4077 0
2986 1
65105 1
65106 1
65108 1
253527 1
17239 1
7772 1
24157 1
29968 1
178113 1
8123 1
7781 1
179817 1
179818 1
24171 1
65133 1
185619 1
7798 1
179831 1
65148 0
140565 1
179841 1
179843 1
24197 1
184258 1
160447 0
155280 1
155282 0
122515 1
122519 1
65176 1
61380 1
24219 0
65180 1
147101 1
7799 1
24225 1
24232 1
24233 1
24234 1
179889 1
7866 1
161055 1
161056 1
114370 1
7875 1
65220 1
178806 1
61388 1
65226 1
7883 1
65228 1
65229 1
65235 1
179925 1
24278 1
148772 1
24283 1
65244 1
65247 1
7904 0
7906 1
24291 1
24293 1
147175 1
7912 1
24302 1
24304 1
7921 1
7922 1
7923 1
114421 0
65270 1
24316 1
24318 1
7936 1
155393 1
163586 1
163587 0
147204 1
179974 1
147208 1
65290 1
180183 1
163596 1
7951 1
139025 1
106261 0
122841 1
24344 1
6788 1
163610 1
4058 1
24350 1
24352 1
62768 0
7970 1
65317 0
7974 1
7977 1
24363 0
163629 1
7982 1
7985 1
174301 1
114484 1
7991 1
7993 1
24378 1
24379 1
16188 1
180029 1
65343 1
8001 1
185654 1
65350 1
8007 1
13623 1
24396 1
8017 0
185926 1
163668 1
163669 1
163673 1
114524 1
8030 1
8031 0
163680 1
163681 1
165179 1
266214 1
147303 1
147305 1
147307 1
24428 1
137874 1
24430 1
147312 1
28648 1
180083 1
24436 1
16245 1
65399 1
24440 1
8060 1
61418 1
65406 1
24447 1
30016 1
8068 1
65413 1
180395 1
65417 1
28641 1
147340 1
180109 1
8079 1
24466 1
24468 1
163822 1
65430 1
8087 1
21828 1
8092 1
8099 0
106404 1
8105 1
24491 1
153028 1
114608 1
8113 1
106418 1
65459 1
180150 1
65467 1
163772 1
126296 1
139201 1
65474 0
114628 1
8133 1
180167 1
180169 1
65482 0
65483 1
7636 1
30029 1
65491 1
8148 1
24533 1
8151 1
10916 1
24538 1
24539 1
17184 1
155616 1
29962 1
24547 1
260774 1
65515 1
19094 1
143357 1
8176 1
65521 0
65527 0
65532 1
147453 1
