adaBoost,[[ 3.13043375  1.96322157  2.49874559  0.21443813  0.74351421  1.44964675]
 [ 2.25595657  3.06340392  2.18259322  0.17608148  0.64328933  1.67867548]
 [ 1.82026591  1.40524125  3.77184961  0.25095021  0.4961675   2.25552552]
 [ 1.26246704  0.80665457  3.60031765  0.4549758   0.60632747  3.26925746]
 [ 1.7106298   1.3910046   3.52783317  0.24847387  0.8925078   2.22955076]
 [ 1.68146159  1.12768935  3.44549927  0.15887114  0.73194987  2.85452878]]RF,[[ 3.578838    1.8552569   0.16262594  3.38467491  0.59606016  0.42254408]
 [ 2.47325415  3.70793407  0.16885694  2.78981491  0.62953485  0.23060506]
 [ 2.14088017  1.40930027  0.28042747  4.86624055  0.791375    0.51177655]
 [ 1.82983488  0.78814363  0.29969257  5.6652351   0.85672881  0.56036501]
 [ 2.55033014  1.1318421   0.22413959  4.5274676   1.09651896  0.46970161]
 [ 2.04630967  1.22029264  0.24457424  4.95825549  0.75225782  0.77831014]]L-SVM,[[ 3.40841798  2.19486372  0.38168783  2.67794947  0.38766881  0.94941219]
 [ 2.2093038   3.890296    0.34898807  2.43247417  0.41898538  0.69995258]
 [ 1.80164634  1.69419511  0.82969913  4.05221499  0.49300648  1.12923795]
 [ 1.55345466  0.95640396  1.1105977   4.24901915  0.72139522  1.40912932]
 [ 2.52575658  1.42631375  0.40281085  3.86072692  0.72941945  1.05497245]
 [ 1.96965398  1.290688    0.56930639  4.00830145  0.58301797  1.57903221]]RBF-SVM,[[ 2.  0.  2.  1.  4.  1.]
 [ 2.  0.  2.  1.  4.  1.]
 [ 2.  0.  2.  1.  4.  1.]
 [ 2.  0.  2.  1.  4.  1.]
 [ 2.  0.  2.  1.  4.  1.]
 [ 2.  0.  2.  1.  4.  1.]]