61518,524.094758065
61519,21.0
19713,536.811688312
61513,126.888888889
150398,443.308219178
150399,11.0
22461,18.0
63763,85.1428571429
13733,174.857142857
165284,508.934707904
111537,516.872865275
111534,129.986111111
111532,76.3913043478
166555,242.298013245
4029,119.388349515
60911,10.1666666667
60914,106.806451613
19398,61.4827586207
161075,11.6
5980,111.77027027
165779,308.045845272
161071,305.010273973
5987,42.8125
132644,117.844444444
161072,33.0588235294
22260,121.916030534
176256,441.062801932
19159,528.893360161
160891,489.691542289
160892,34.2857142857
160893,2.5
61171,74.862745098
15267,24.9677419355
19156,531.791411043
19402,57.2352941176
28118,76.6708860759
19152,18.6666666667
16671,231.230215827
65270,71.7
277918,95.1875
65275,11.0
16679,529.248502994
150179,401.959770115
25069,33.037037037
165914,56.4444444444
142814,143.023952096
22008,136.139534884
6152,126.158536585
149337,38.4285714286
61192,31.3333333333
142811,32.3
142812,332.075471698
6158,119.0
30646,475.688391039
13602,43.25
23450,519.170731707
4737,515.533596838
6791,253.490066225
118126,8.5
118125,400.853658537
4739,508.212890625
2312,17.3333333333
118121,22.7
6799,115.152671756
64708,431.6
25665,331.64321608
65876,310.032163743
65655,95.5
155701,434.561922366
64879,133.576271186
165358,32.6666666667
140541,82.1648351648
166482,14.5
166485,96.9523809524
120051,319.480243161
60823,520.314711359
63739,63.9272727273
163117,506.349152542
119316,9.0
64344,27.0833333333
161853,411.65830721
25283,90.7931034483
22717,522.46275395
138743,142.0
25119,11.1666666667
16705,530.718685832
7121,21.4
65474,73.8571428571
25110,158.692307692
25111,71.7851239669
7993,120.176470588
142106,284.245421245
140897,18.2
10917,98.7209302326
141236,165.541666667
7991,8.1
28998,50.7727272727
63930,76.8148148148
2269,496.939393939
63936,476.325581395
116787,102.315789474
19570,520.853174603
7881,28.1333333333
17252,204.619047619
7882,123.136
17254,206.158333333
8551,76.8269230769
17030,533.672289157
163929,145.929577465
63026,129.784753363
20747,68.5416666667
124599,142.785365854
17035,417.700296736
9258,60.4186046512
62516,39.3
2448,40.5
63029,243.323529412
7866,29.2777777778
7862,87.203125
64054,110.365384615
64055,91.2916666667
24888,144.076923077
8092,56.75
138608,295.323232323
138609,69.5
2044,183.4
11304,97.2258064516
146659,146.645454545
265008,125.322033898
148414,399.045454545
4818,17.5714285714
163036,94.5820895522
148410,42.3125
2049,27.0566037736
9411,23.9473684211
26021,95.3404255319
64902,109.65
64455,23.5
10639,92.1111111111
64901,65.2142857143
6370,121.571428571
12994,95.6865671642
12123,86.1712328767
12122,95.5972222222
6375,22.0
6376,58.7
7620,124.975
134164,118.161971831
10411,63.5333333333
135945,142.461904762
162742,35.0588235294
11944,85.743902439
9614,57.5
105538,531.417624521
63447,81.0927835052
175465,65.8169014085
135969,152.541666667
8099,109.0
121142,75.0833333333
17724,524.166023166
63543,510.171681416
160254,140.221428571
160255,292.6875
135966,138.310344828
9324,28.5882352941
135965,129.766798419
16924,492.648902821
9346,174.320512821
163721,298.948339483
61179,30.0
7267,433.740143369
125014,139.716981132
157074,143.220994475
7260,35.2926829268
12234,150.677852349
63596,88.5
6207,25.6666666667
125531,314.313218391
162106,81.2368421053
125533,25.4090909091
62865,21.0
6266,309.115384615
4390,6.0
14624,69.0
62646,483.092105263
14626,150.725806452
175688,240.343065693
14622,315.224489796
6809,45.2068965517
264510,446.088652482
7510,43.6
6802,74.6341463415
6803,19.5454545455
152049,520.965391621
10567,57.8235294118
10565,64.2340425532
125240,38.5882352941
145729,140.429319372
3394,32.4285714286
24157,239.368421053
3203,16.75
10096,156.803278689
30416,503.52886836
157679,139.786885246
135784,520.35
19150,504.151785714
65550,114.674418605
18928,536.012578616
8838,127.317647059
138466,324.233226837
138467,144.477124183
147303,408.844155844
147305,25.5909090909
8832,25.0
61206,527.787072243
29968,20.8888888889
21440,34.85
5835,511.558823529
123434,3.5
30637,92.4838709677
29964,36.7272727273
28564,150.773972603
160670,269.714285714
62088,58.3076923077
28563,325.352542373
117142,267.618374558
12942,318.902140673
24232,522.462427746
24233,254.310126582
24234,43.9583333333
9225,20.5
151632,141.807106599
62243,530.597276265
122143,133.568421053
62245,529.44834308
175085,148.132947977
10361,36.3333333333
157494,73.5
123495,515.593695271
157493,219.714285714
175083,457.769585253
13189,75.198019802
108481,505.515254237
14395,308.480144404
137642,299.167979003
137861,147.20754717
135788,144.709359606
30259,43.1818181818
30257,330.745173745
175646,453.805555556
156383,276.25477707
175644,86.5555555556
156384,235.75
29762,30.6153846154
1177,122.096153846
8162,89.8666666667
1173,31.2307692308
30740,254.227848101
138201,151.728813559
5788,48.7333333333
4251,13.5
165699,146.672413793
160415,104.992366412
31122,13.75
31692,514.377896613
23500,517.12987013
160719,88.8620689655
5530,64.3333333333
129467,156.24
5539,77.25
162925,442.037735849
147453,24.7692307692
147452,124.666666667
147451,178.528571429
151708,28.9473684211
11178,67.2820512821
11169,84.0769230769
145367,93.625
65467,521.661261261
14401,298.046153846
14403,442.303643725
29108,128.056994819
111839,64.72
143640,67.125
31234,39.0
8762,56.0
29101,538.637681159
174135,263.716666667
1577,88.8947368421
7185,46.6666666667
174130,74.1428571429
114880,527.233396584
66164,532.768786127
14938,149.67816092
66161,510.87135506
8387,149.0
8386,12.2352941176
61693,540.080912863
127644,11.0
61694,82.2307692308
30016,50.2
8549,130.338461538
14886,15.0
8017,96.2105263158
65881,19.5714285714
61408,229.108280255
65884,529.489402697
23616,72.9230769231
8543,18.5833333333
8542,42.8571428571
6573,26.7058823529
6571,28.9230769231
24414,510.652094718
24415,6.25
6574,34.8125
12212,120.744186047
155133,79.7083333333
28184,44.5714285714
28185,514.034862385
28180,100.957446809
130762,144.544715447
66504,529.791666667
144435,30.3333333333
143356,409.9476082
143357,79.8181818182
7691,71.724137931
111940,524.164179104
29612,34.2333333333
28744,104.25
28214,28.4666666667
62967,100.538461538
28742,19.6
25946,97.862745098
156613,115.235294118
3835,13.375
109043,67.6097560976
65084,31.25
63866,325.466898955
6797,49.0967741935
65088,75.1282051282
4973,228.697674419
10884,8.83333333333
155394,28.8
155393,149.385964912
4036,17.6363636364
4186,15.6363636364
60902,27.5
60900,50.9310344828
154714,452.671875
11376,32.5
11371,189.5
6534,65.0
11372,64.3333333333
162198,24.7272727273
24708,62.0833333333
4842,72.54
7525,130.836879433
5667,137.201183432
160889,16.6666666667
160888,146.11827957
16665,65.6610169492
25056,47.9387755102
65266,515.816578483
25726,25.9285714286
12713,326.931596091
12711,321.721362229
141339,49.25
145109,146.606451613
12719,57.7142857143
6781,173.0
15417,176.042857143
23877,98.7173913043
13619,282.70781893
64383,97.3333333333
6788,143.307692308
164432,54.3617021277
4723,538.938423645
61527,159.976190476
65643,141.564814815
65640,129.829545455
64848,61.5833333333
61523,84.0769230769
5841,313.0
4340,34.8666666667
165610,500.040268456
5849,493.97470489
5918,82.5869565217
24907,126.027027027
120557,61.9315068493
16488,319.494949495
29173,135.269230769
21118,295.345794393
124615,434.709969789
16480,337.474074074
13531,84.7627118644
6461,96.0229885057
148313,76.2083333333
13532,388.325949367
16716,238.99378882
25430,54.2666666667
25433,271.21875
25434,42.4482758621
16710,138.668202765
16243,514.682445759
22496,9.5
29264,92.1264367816
2271,11.6
2270,100.785714286
155174,76.2545454545
10801,116.945454545
122536,117.75
166581,3.0
166582,425.269972452
64602,72.25
166585,38.0
64606,73.75
65973,91.2448979592
63901,277.581395349
121553,39.6666666667
63053,127.7875
107528,111.043478261
63054,19.0
9538,38.8125
63059,25.5833333333
141847,93.2268041237
9242,66.7804878049
65739,127.981343284
7852,100.71559633
176070,155.321678322
153128,26.375
65515,529.910081744
138613,119.086206897
138612,135.798561151
13289,509.091796875
138610,62.8333333333
17534,529.358126722
24890,9.0
62317,104.75862069
63699,522.753246753
158414,429.979381443
2052,150.055555556
146648,219.722222222
4826,198.326530612
61839,116.0
13440,98.8548387097
13443,149.344827586
29342,42.2
7980,136.448717949
9402,59.5
7982,514.060665362
12139,68.6071428571
26038,88.5454545455
62313,152.944444444
18049,527.133064516
64934,48.6428571429
166051,137.346938776
12136,110.73880597
10150,32.0
10156,112.592592593
10405,25.8787878788
62472,509.237931034
10407,25.7857142857
10159,34.5
11976,69.4444444444
161852,95.9444444444
10390,27.5555555556
64334,314.380503145
124434,253.622222222
63470,139.657407407
147849,79.7222222222
63474,92.6666666667
27965,143.066115702
63479,519.419642857
27960,6.5
149683,6.0
126136,58.4237288136
1979,15.5
14898,30.6
13193,35.0
148469,303.14379085
14891,26.9444444444
28316,145.248
3594,122.471014493
63876,24.8076923077
6215,90.2
63874,88.3083333333
6213,156.05
62870,61.7142857143
15708,311.114006515
14650,121.558139535
160416,313.275675676
1974,22.5
62654,479.144628099
62655,21.5
113439,43.12
61019,520.777365492
62897,9.0
62895,529.623046875
175533,300.570652174
21427,8.0
65732,76.1818181818
3231,518.611344538
1968,26.0666666667
21423,520.497131931
1618,22.6666666667
10085,15.0
3238,528.957264957
1613,19.2285714286
24148,525.160469667
21429,11.0
158053,456.209424084
2999,32.125
12956,183.344827586
2870,86.3272727273
119216,55.4545454545
119217,132.766990291
142748,16.0
157803,70.5625
29940,466.298850575
8818,101.757894737
18439,522.897485493
161843,12.8
27816,54.3125
160667,419.193548387
27810,296.066246057
7883,81.1666666667
122394,91.5238095238
160668,311.944444444
3358,92.2058823529
164756,130.610294118
122159,111.280373832
7067,531.56892779
7066,54.0740740741
7065,98.2
164758,89.4210526316
7063,57.7258064516
11842,527.975051975
264507,117.0
264506,119.858823529
147200,316.278443114
147201,320.929936306
147204,132.164556962
30539,103.338028169
30536,3.5
147208,135.759493671
133044,128.304635762
11687,529.20995671
264509,146.358024691
30247,104.717948718
12482,142.022222222
6963,70.0
30751,36.46875
15459,15.2727272727
132482,94.9375
8151,125.685185185
18152,308.181318681
5505,69.0540540541
24396,100.511904762
1545,185.234567901
160417,150.285714286
2849,530.782894737
11115,155.032258065
14477,134.603960396
8579,91.8260869565
66379,9.5
11440,129.112149533
175742,24.92
144640,8.42857142857
29112,541.74893617
165501,404.361403509
148950,25.25
31203,103.535714286
31752,306.5
31574,218.545454545
66151,483.357526882
31576,468.067892504
165855,97.950617284
66155,480.125972006
28176,8.0
66404,98.6857142857
127383,35.5
165854,365.988326848
61685,133.048192771
8539,115.648148148
27776,76.4680851064
12828,328.133333333
27771,109.547619048
160474,25.9393939394
8530,321.072580645
12825,25.7368421053
160479,88.66
12821,144.011904762
8536,28.4545454545
15291,139.6
133825,134.683760684
61759,125.5625
11027,14.75
66085,458.435018051
14503,22.6
6565,96.6666666667
162254,23.1538461538
61752,144.251572327
61498,115.460674157
105670,452.55163728
28206,144.690140845
29607,74.7027027027
7685,42.0
28501,65.38
7682,104.0
15253,33.5333333333
145911,210.485207101
25950,94.0909090909
1380,72.5555555556
1382,24.0
29609,20.3684210526
3580,36.5555555556
160988,108.024691358
3824,84.2155172414
10213,138.777777778
3581,147.0
61718,47.6666666667
162264,13.5833333333
160987,406.911290323
65072,101.952380952
65980,469.0425
161055,101.133333333
10331,86.7738095238
8440,135.951965066
109079,35.2727272727
12575,4.0
11566,61.962962963
13990,51.4375
2444,7.25
11366,59.4473684211
29015,72.393442623
160504,252.073170732
160505,146.753968254
160502,512.482142857
160503,29.0
60931,44.4444444444
11361,35.5
61355,79.8333333333
61356,94.8222222222
155758,61.7058823529
61350,143.289473684
11811,220.0
22248,141.021978022
126496,86.2285714286
174301,512.019503546
28648,69.7142857143
24776,83.2837837838
65218,284.519047619
166142,69.9047619048
9899,101.88372093
61229,528.486590038
19355,540.771111111
19605,469.276923077
25737,78.7875
156633,10.7142857143
63847,8.66666666667
114698,124.114754098
65180,57.6666666667
150284,113.41
163976,32.0
4759,72.1363636364
64857,316.205128205
64850,247.989010989
64851,70.8787878788
64853,139.636904762
6774,32.9444444444
10984,70.1492537313
140529,192.133333333
10981,39.3333333333
10983,27.0303030303
129849,56.8666666667
5870,108.155844156
65850,97.0
61534,13.6666666667
117902,44.075
65679,72.6888888889
65676,53.9166666667
60801,125.64
60800,45.04
11296,108.784810127
9969,199.230769231
65671,45.0
16955,370.1875
65325,519.088768116
150024,455.22962963
25130,96.4666666667
25132,109.915254237
3905,19.5454545455
9466,25.4210526316
154056,164.16
16401,148.044444444
64102,21.8181818182
64103,54.35
65459,2.0
164557,24.4
158563,304.284574468
260778,93.1125
120093,138.683870968
13526,142.857142857
145003,285.354066986
17130,536.15483871
19911,23.5714285714
16721,56.4864864865
63157,37.7954545455
118003,66.1132075472
149268,153.131944444
118228,91.2835820896
162234,25.2857142857
124934,95.6666666667
11748,22.5714285714
7904,87.1052631579
63919,107.720588235
11584,41.3571428571
161909,199.263157895
11580,22.7586206897
165933,88.7647058824
63742,142.02617801
166593,120.4
61576,77.0
161903,44.4285714286
63917,456.470873786
62296,85.75
65630,81.9375
141859,24.1538461538
16668,510.338983051
61570,135.130081301
61921,29.5714285714
154255,380.605166052
138662,307.309859155
16836,513.102996255
121381,526.07518797
7849,103.987804878
16832,519.020912548
260893,101.153846154
63687,528.789272031
153130,323.492462312
64030,26.9259259259
16838,481.679331307
4839,13.6666666667
6357,27.3
61925,25.25
60950,121.25
162584,98.2222222222
162585,298.007751938
4523,96.0947368421
13453,440.519900498
12108,492.382826476
6194,127.473684211
163069,435.6996337
6196,65.25
64929,327.5
162349,512.93902439
139225,149.3
64925,129.490196078
11636,77.9189189189
140983,432.197452229
26045,15.8
26044,32.65
9340,323.159609121
2735,64.6333333333
105512,153.82278481
162560,467.688679245
9611,94.5068493151
134144,42.5
9619,19.6666666667
13184,318.355421687
64327,312.902821317
22810,13.1666666667
3532,79.5714285714
63468,32.5
64323,338.702811245
22815,132.529411765
160272,290.2425
63467,499.720512821
5050,70.25
20653,147.475609756
63462,119.188034188
26013,145.876923077
6379,27.5172413793
7203,44.6136363636
16531,93.2727272727
148509,13.8
7205,46.375
6223,16.3333333333
63863,19.0909090909
12216,140.650943396
12215,140.946236559
165845,74.375
162160,105.597560976
31267,508.379370629
160183,66.5
160181,393.172248804
18549,150.55
14863,10.3333333333
17072,220.65648855
113425,137.836363636
160957,331.303030303
143153,521.062157221
148930,118.036585366
116503,63.7547169811
9761,14.2666666667
14084,5.5
162404,113.436507937
29346,64.4642857143
29345,80.7058823529
122015,429.665714286
10504,37.3846153846
10507,105.573529412
120774,143.628571429
24171,88.5229357798
124358,125.714285714
164506,26.3333333333
7331,53.6666666667
5518,10.8
1976,67.5217391304
24179,301.452054795
9299,35.08
3221,195.5
1971,24.5454545455
12124,344.98
8859,24.347826087
8858,84.7906976744
10631,237.314285714
122494,504.50247117
140044,308.043835616
138402,157.568181818
8850,28.0
5330,87.9696969697
30185,306.25
123720,521.102941176
12926,56.4333333333
2845,59.880952381
160598,8.33333333333
14418,34.56
30188,465.272200772
28502,115.201388889
29992,299.376963351
5475,124.833333333
14268,121.593548387
14269,16.1111111111
28504,79.6666666667
16714,364.996168582
14260,33.1666666667
10187,516.246963563
20075,483.84629981
149477,12.8
1773,58.6875
136825,499.716150082
63986,112.555555556
15111,78.5230769231
62224,515.552158273
63318,515.893693694
3138,15.7692307692
61403,22.2413793103
112111,57.5
112112,504.068791946
8446,56.2941176471
137662,89.4666666667
27199,146.387755102
14582,310.5
143754,63.3333333333
29746,135.847826087
5142,26.0
8148,97.3846153846
61406,395.02359882
8638,39.2962962963
6994,7.5
6995,91.3636363636
61155,25.8076923077
8633,129.275
174053,406.835329341
30293,86.7058823529
18364,41.1578947368
26557,129.96969697
24547,450.552631579
24544,29.9230769231
61409,58.6428571429
5513,64.4705882353
30298,73.0666666667
108449,527.296577947
15110,75.375
162906,85.0
162907,148.492063492
106418,137.580152672
7346,138.136363636
66366,324.104868914
66360,60.25
1554,36.5
63541,395.712765957
10386,19.7272727273
1559,102.4
2991,117.892857143
3036,100.471153846
28435,131.285714286
14466,160.512195122
25896,79.358490566
25895,432.315165877
28347,87.7142857143
29901,5.0
29900,84.1917808219
23195,56.0
30614,33.8
30612,99.7021276596
31748,100.828571429
29909,89.9230769231
8341,143.142076503
31744,463.275139665
174114,466.630156472
31743,129.616504854
156291,53.6923076923
30618,50.6666666667
31567,14.0
31564,132.703703704
163988,86.6710526316
8031,272.732026144
8030,23.6818181818
31560,19.6666666667
61885,524.969981238
163983,14.85
118795,144.074285714
143240,471.255043228
27997,55.2307692308
163987,88.6829268293
144567,524.707407407
9999,154.0
12589,118.785714286
5606,98.4642857143
9023,67.3333333333
29129,30.1071428571
12850,75.6
12581,19.0
31587,82.3452380952
12855,7.0
5608,22.9285714286
174118,280.701612903
25964,22.0
11032,105.14893617
25961,108.375
174119,8.6
151161,22.2222222222
15027,27.0
161120,28.0
111960,474.277945619
111961,7.0
111965,325.975609756
29634,115.0
1397,5.5
9325,32.6
1393,30.0
11600,31.7777777778
3813,74.4117647059
127282,89.1612903226
3622,43.625
22650,44.5882352941
3814,99.6914893617
65069,513.898245614
160991,82.8703703704
110566,20.0
160995,215.552380952
7163,163.882352941
23253,316.170542636
23252,73.6428571429
8455,100.605633803
29517,86.75
109084,90.4285714286
23898,119.811111111
23700,165.575757576
7268,76.1868131868
119154,459.35443038
15337,41.5
13988,357.132231405
8947,137.48502994
165743,52.5483870968
165742,310.790697674
11351,15.5
60923,60.24
12459,128.869565217
165746,48.1
174115,450.5546875
61321,137.601769912
7549,27.5714285714
61325,114.457446809
174116,106.1
23387,209.5
31368,509.656742557
12046,142.094444444
160867,159.363636364
65872,316.411242604
164416,33.8461538462
145512,302.131367292
135990,117.839506173
16929,536.409482759
61253,116.203389831
16643,535.666666667
62465,160.709677419
10086,345.25
6169,120.642857143
28938,107.492307692
5476,326.833333333
154595,515.794964029
130305,135.057142857
66148,522.22810219
126718,101.6
64821,98.3962264151
64820,91.3177570093
148217,72.3157894737
166458,145.047120419
6768,78.1014492754
23810,17.3333333333
4740,247.304093567
166450,316.602523659
10991,26.0
24617,38.5789473684
12236,114.375
24610,68.6388888889
126714,97.712962963
150562,153.0
25633,219.516129032
111492,311.813753582
5862,12.5714285714
124638,111.342857143
25140,484.081027668
126716,150.478873239
12233,300.896551724
25146,19.2
65448,81.8555555556
165816,39.0625
21132,312.110144928
64130,60.7
64135,18.0
65686,116.346666667
22729,16.6666666667
2184,85.1090909091
4605,96.3333333333
139025,522.944649446
25389,14.8
13510,84.8181818182
162221,148.707317073
158354,420.955729167
9689,268.461988304
153728,125.47761194
165924,48.8333333333
64626,133.523809524
140194,143.863874346
121974,503.309328969
12761,34.1666666667
64621,374.725099602
5600,6.0
64554,505.787234043
124254,18.7857142857
64004,299.954907162
64550,94.0
64552,65.0769230769
140760,18.5833333333
6900,35.0909090909
2436,86.0344827586
2435,14.4285714286
13709,30.6666666667
116770,147.741784038
16821,501.178506375
116772,50.75
118304,67.15625
63679,76.5454545455
62261,62.28
16829,501.126785714
63676,283.4
65532,522.66179159
12110,65.4545454545
61811,71.9375
141469,220.078431373
61815,501.587223587
6346,63.0476190476
6349,13.0
4510,16.9523809524
62640,42.6666666667
141460,320.271293375
141462,74.3125
4515,28.4074074074
11649,54.0
6185,111.96
119493,137.927203065
6180,41.1111111111
162355,97.7010309278
162354,105.689655172
17195,528.049107143
162356,129.5
64955,121.783333333
11644,128.261682243
64485,156.893203883
141913,42.4761904762
9351,187.307692308
162576,420.625429553
165442,33.0
9355,120.0
160260,49.6666666667
9359,37.7435897436
65521,64.2962962963
5284,42.6944444444
21244,144.421428571
22829,69.0657894737
63938,128.436781609
5047,30.75
5046,35.3846153846
10374,126.247524752
63415,196.119565217
7238,503.270018622
63789,325.95505618
66368,129.61971831
3786,162.978021978
3785,150.4
63781,512.290940767
16910,526.693181818
163771,91.7246376812
163772,156.954545455
30666,9.0
6239,135.920634921
10777,23.0
4990,92.45
63895,122.710526316
12206,12.6
141001,32.5
162175,96.5833333333
141007,155.175925926
63892,65.9333333333
134044,63.0
125275,83.2457627119
63525,96.9016393443
29359,111.087719298
63527,30.5
10519,31.2173913043
9778,12.2
164572,220.626984127
9774,32.0
9777,24.1818181818
29353,18.6
9771,20.7647058824
121759,166.75
9772,67.24
8867,131.666666667
116004,377.168831169
1949,421.165109034
9289,12.0
106073,523.326678766
176235,73.3846153846
9284,56.3703703704
176238,113.108433735
63099,119.404907975
10247,31.9375
11910,121.026666667
13241,25.5909090909
146119,86.1315789474
11914,171.263157895
62784,317.997050147
146114,451.539906103
2859,112.899224806
20204,66.6
264414,305.068119891
264416,84.2631578947
162826,226.756097561
2856,79.7368421053
14219,498.372302158
108695,302.071618037
3336,35.0
1496,35.0
108693,20.0
1995,105.971014493
25719,508.587921847
16478,149.058441558
5187,48.5
29755,54.9534883721
29756,85.0625
10195,25.375
1704,99.9444444444
29751,18.25
1706,25.4
61971,30.0
174744,99.7631578947
14182,70.7333333333
62236,278.575630252
10198,29.1111111111
14186,313.924
15855,113.420731707
112101,514.141818182
174471,102.574074074
10056,30.0555555556
17120,534.92033543
29282,496.560581583
25462,125.0
174470,440.723140496
147220,513.260416667
15859,18.0
30778,39.1666666667
146607,439.444067797
29001,22.7826086957
13657,128.424242424
30990,502.907692308
1121,145.472222222
164510,41.2
8606,8.66666666667
174871,108.216666667
162919,421.512544803
8605,155.255813953
14324,140.801204819
106404,514.630742049
25880,15.75
14450,21.8
15106,240.688073394
30281,310.861971831
14459,115.68452381
15101,430.46641791
29131,16.3666666667
66313,528.554493308
28408,24.2
24379,412.045045045
143526,164.5
3028,20.25
63657,41.6129032258
3024,286.741573034
2986,80.32
157355,101.11965812
157354,24.5454545455
29910,40.0
163610,88.0
137230,446.132653061
137943,41.225
157353,396.78021978
160990,92.3767123288
30608,21.4615384615
144998,32.2380952381
31775,112.0
1013,115.739130435
1234,185.394366197
8515,77.0
28397,67.6376811594
65413,132.015625
4199,24.8378378378
126721,38.9411764706
4194,70.7777777778
13864,20.8181818182
12598,33.1944444444
4193,76.4222222222
66425,127.875
119014,506.239932886
5671,34.1818181818
12840,36.28125
164369,109.435114504
4351,106.2
4352,61.8461538462
28717,102.789473684
8457,95.0
6509,104.137931034
145977,82.275
25976,122.025179856
31489,463.249027237
25979,53.8
121080,170.363636364
6500,26.9
156176,238.6
31170,19.5263157895
174567,37.3333333333
106887,486.576982893
112552,91.7297297297
23062,63.0238095238
4900,114.313432836
111976,526.816568047
24283,15.8888888889
29627,33.3333333333
29621,101.904761905
24287,435.404129794
163887,24.0
144375,24.0
62797,34.7777777778
111579,105.956284153
23485,102.2
130421,40.6428571429
25312,117.782608696
125237,64.5333333333
8463,47.0
30328,531.01984127
11340,123.072
11669,89.8857142857
161037,289.640540541
8465,80.0
136307,108.363636364
136306,86.1764705882
23714,98.4745762712
13561,437.279816514
111779,525.383587786
110685,34.7037037037
108306,527.193973635
16684,473.705148206
24755,22.25
12445,23.5
6433,12.5
5709,13.2857142857
12441,81.9696969697
64690,59.0
8199,109.25
122455,518.283687943
110179,245.468531469
127637,505.092561983
145809,153.180952381
61338,24.6666666667
61339,24.2083333333
155073,432.187919463
28881,136.360824742
31392,56.4210526316
15709,21.8888888889
109926,65.8783783784
30964,38.625
174401,450.5546875
13646,64.3333333333
166689,142.427710843
28866,485.561728395
8219,64.4375
4771,11.3
15331,82.5084745763
22532,34.9047619048
64831,150.287671233
166449,140.779310345
3062,22.2
162272,143.972826087
165649,139.978723404
30067,88.4494382022
140050,105.916666667
141397,75.3333333333
65838,338.588888889
117260,67.7931034483
24620,29.2631578947
148224,102.071428571
65831,17.3076923077
19024,534.389473684
65832,321.133116883
62288,327.744855967
25627,136.049689441
154039,138.217948718
25150,107.145631068
24978,35.6666666667
19932,503.752136752
25406,20.0
16748,532.021459227
24975,153.213592233
17341,58.1515151515
25877,303.141242938
12053,120.926470588
9273,41.0
130200,88.8536585366
16582,134.272727273
141277,313.083333333
141276,247.576763485
4611,67.4285714286
141278,146.94488189
158587,516.527336861
13505,82.6818181818
129851,101.444444444
161927,502.443894389
161924,474.351233672
160207,70.4444444444
12691,256.3625
12142,124.648
151630,323.785234899
160206,66.9444444444
2222,309.808695652
2220,139.307692308
166208,122.024096386
116906,409.384236453
65235,83.0555555556
24440,255.537414966
165264,101.427350427
122380,15.75
65231,528.044776119
10832,391.97689769
64630,29.5238095238
10839,24.7142857143
65948,12.0
64637,153.44047619
64011,526.776923077
30463,44.3783783784
121562,530.388671875
157856,288.11827957
61739,234.701388889
64549,41.88
13474,165.823529412
65548,532.472972973
174148,443.263598326
146616,313.398843931
25579,192.681818182
4503,99.6170212766
63669,39.2857142857
63667,84.462962963
25570,479.112648221
63663,82.8064516129
25572,18.8333333333
7824,115.117647059
26067,493.972916667
166061,147.220858896
124394,99.1886792453
25088,34.3333333333
1056,102.897435897
26061,51.0
117161,430.975935829
28155,534.383064516
2080,23.5
16698,536.966173362
25080,217.083333333
26069,133.375
2085,129.125
161813,9.0
3342,68.5555555556
2538,17.8461538462
161810,52.0
161816,97.46
161814,72.0
17180,282.278688525
148932,333.73015873
10000,21.4166666667
2536,106.8
11657,54.5625
153028,80.1315789474
141497,287.149700599
160211,57.52
160216,113.466666667
61557,105.421052632
160173,374.312101911
107446,59.0
140821,28.4444444444
105574,321.300309598
6437,10.6
62336,243.482233503
8987,64.4827586207
120048,39.7727272727
17160,545.055432373
149070,97.2352941176
64304,91.880952381
5073,13.0909090909
64306,84.8611111111
5071,16.6875
5074,12.6
63405,315.762057878
137641,141.631067961
63798,15.8571428571
63799,531.537313433
1837,12.0
63790,313.951428571
64480,123.026666667
139665,275.666666667
113533,312.575221239
122921,108.281081081
2150,41.1463414634
2403,327.897435897
139662,120.25
4988,47.568627451
6242,14.1428571429
12274,284.245823389
12277,20.0
10740,116.571428571
15521,86.3888888889
62689,269.873563218
163781,49.4
30152,28.7058823529
164668,132.207373272
11832,87.4333333333
62686,121.333333333
20909,131.493273543
63244,535.926294821
24449,188.05
175510,140.429319372
152248,111.804597701
152249,246.353448276
62330,59.1525423729
122034,225.0
30255,308.338753388
62335,401.171014493
116393,26.3333333333
161064,107.166666667
8873,136.85620915
63085,13.25
63083,216.209459459
63080,141.555555556
63081,307.258953168
3243,461.685714286
24113,61.0508474576
7316,88.5975609756
13092,61.5384615385
3246,36.6363636364
11903,19.2
212340,320.429530201
20548,144.328125
264388,125.612903226
114747,91.6923076923
136648,33.56
12909,251.6
15446,317.573099415
30161,82.2857142857
112007,518.675136116
30163,121.4
112005,457.455555556
62755,478.608501119
9016,18.96
62204,162.530864198
7034,57.0555555556
10236,20.4782608696
10235,85.6363636364
62200,252.007434944
20296,209.2
27825,271.487179487
5496,17.625
14201,532.084566596
28524,12.0
5492,69.8596491228
27823,289.619791667
1712,39.2
5250,16.5384615385
156618,480.325373134
63338,10.7142857143
21503,236.146153846
26004,100.140625
14192,283.211678832
117034,431.85483871
63337,138.875
157218,61.7142857143
12141,124.836734694
156615,102.540540541
156614,76.1111111111
13940,132.714285714
6311,143.43715847
21499,191.272727273
162701,6.4
111169,46.0
119314,20.125
115245,101.965116279
6315,321.297520661
2259,90.0806451613
137310,133.846441948
28414,17.5
28410,103.8
13710,53.8888888889
7781,4.0
122211,29.6666666667
66300,24.0
66301,37.4
11508,26.0
31763,60.0
7146,28.0384615385
10999,74.75
24363,108.636363636
29382,79.6
175886,21.0
164652,101.482142857
29386,132.569767442
29435,90.0
29389,193.016393443
1004,28.0
29433,29.2
12877,3.0
7921,21.4
12874,142.263157895
28388,4.0
31549,117.285714286
30012,326.214285714
28380,205.227272727
110760,100.526315789
1228,4.0
30384,118.291338583
160449,114.445026178
160448,111.80952381
6532,128.714285714
65247,74.6666666667
109318,539.180685358
147708,7.0
175979,508.112651646
175978,253.272727273
4341,2.5
118577,285.884297521
28699,74.0434782609
28704,30.0555555556
5395,77.696969697
2884,63.3898305085
14535,36.7272727273
2888,38.7692307692
133871,303.837016575
11010,124.229166667
25980,25.3333333333
11012,20.0
174551,400.638629283
8611,99.3076923077
66239,65.0
24293,56.0
24291,60.0
62285,104.764150943
22632,323.37398374
62016,87.3421052632
163893,57.6666666667
163892,38.4242424242
66050,27.1111111111
145701,189.421052632
139201,433.671232877
5783,33.9142857143
66059,14.3333333333
26523,65.4
26520,86.3272727273
8479,19.0
8475,97.5064935065
161000,409.826388889
7566,64.72
12472,44.0
12471,35.3333333333
63122,160.395348837
150838,38.7777777778
30945,42.8372093023
24747,86.6785714286
61496,256.942307692
150837,142.034722222
12478,38.3170731707
119173,57.5
61490,94.6
1794,40.3333333333
126734,115.982142857
28678,147.977011494
120302,106.910714286
7762,19.0
61655,324.830508475
28675,101.0
145817,19.0
61656,107.617021277
66438,60.0
61302,419.119148936
31381,134.145833333
127177,91.1
145636,424.313915858
24980,136.526315789
11228,71.6153846154
25062,100.219512195
165785,100.117647059
17266,242.090128755
127179,84.6
28877,16.3333333333
140938,523.097966728
62976,527.435272045
6742,283.658914729
4768,16.5555555556
11482,533.811403509
165651,110.355769231
165650,300.811111111
165652,121.794642857
4162,299.566878981
163948,41.25
163946,109.111111111
25279,232.455284553
140043,527.07518797
140042,307.398576512
65045,172.309090909
25075,477.792775665
3278,26.5714285714
65042,239.635359116
64132,296.823899371
9954,104.0
4321,24.8260869565
10124,2.0
65827,144.12
16752,475.622807018
7368,93.5
6502,56.5918367347
64794,525.721495327
25168,224.872037915
25167,85.5494505495
25166,116.895522388
120513,34.5
65317,70.6666666667
7245,121.583333333
25921,44.5384615385
174136,309.224089636
151832,31.75
12047,13.625
32280,38.4444444444
16597,142.683870968
17168,531.348697395
166789,72.0
141241,77.1111111111
161952,341.730593607
161953,78.1666666667
7183,102.095238095
116894,488.6112
7241,59.5238095238
2230,148.206896552
11796,22.0
2237,286.75
119813,504.968333333
65220,155.35483871
10827,41.0
147661,85.8269230769
7186,109.949494949
65226,112.0
158737,7.0
65228,537.532520325
133768,269.726256983
65958,533.13976378
7817,21.0
175110,136.583333333
4093,98.2027027027
24032,70.8928571429
14616,42.6206896552
23753,23.5454545455
3497,228.189655172
148531,46.1538461538
20847,36.8636363636
158733,97.6984126984
25509,140.10982659
31460,106.476190476
120193,517.432432432
13406,41.5
65552,130.648648649
65553,309.469565217
63651,93.71875
63650,307.625
3650,22.75
65554,129.0625
8423,29.9230769231
26071,528.331360947
148281,148.392638037
2521,22.2857142857
16689,509.166666667
4496,147.950413223
61871,307.339805825
61870,107.228571429
30651,28.3333333333
8388,120.261904762
145160,295.349367089
16681,479.7136
61877,74.0930232558
162378,91.935483871
11465,492.192307692
24965,94.1111111111
4494,29.8333333333
64154,90.5675675676
64156,5.5
8759,99.0222222222
166304,140.0
4601,468.927943761
175835,149.705882353
166303,137.472
2663,18.5714285714
134932,152.908256881
27920,314.545189504
160203,77.6363636364
160202,58.6666666667
27925,137.935483871
160204,298.475826972
162559,126.433962264
10353,26.0
162557,459.697095436
4881,22.4615384615
135425,513.245250432
9372,197.949367089
4885,432.359090909
62921,326.768211921
17151,513.399621212
17150,529.427991886
17157,484.613175676
7964,98.202247191
158742,58.1666666667
158740,149.420634921
64375,292.583098592
158746,295.125944584
9171,88.6034482759
158744,495.265700483
25186,87.4561403509
61901,313.320916905
113299,514.334494774
61903,161.583333333
154756,42.9
146734,69.2
13311,196.333333333
1820,2.0
1823,16.5
17080,127.317460317
31477,129.793814433
10553,137.962162162
10345,28.1935483871
105369,510.040955631
6115,48.9782608696
12262,7.14285714286
105365,54.0
12266,32.5151515152
10757,111.0625
10530,85.7419354839
19965,16.4166666667
113270,72.7173913043
5218,27.0
122841,126.401234568
14830,209.114942529
11805,141.733333333
157117,82.0441176471
63501,171.583333333
3275,122.829268293
160338,74.0117647059
1926,41.0
11301,71.5666666667
175307,88.6263736264
160336,61.724137931
160331,76.0
9715,122.292307692
157118,112.048543689
146137,154.518518519
7369,194.436893204
124046,387.704453441
164533,21.8148148148
116029,141.525714286
14489,85.3125
8881,9.33333333333
7366,54.8636363636
134447,109.889908257
11935,143.148148148
11934,56.3333333333
13227,11.6666666667
11930,106.0
112876,133.12962963
112874,131.975609756
161798,455.505882353
147391,59.4411764706
266315,151.744680851
30175,91.6428571429
133468,301.086486486
12916,79.3888888889
12915,283.986486486
7022,40.5714285714
62745,17.7058823529
30170,131.182608696
62217,82.4
3310,126.308641975
64915,130.274509804
10221,114.413043478
62748,97.8095238095
9397,29.3428571429
29733,81.75
166213,69.4705882353
29736,100.80952381
29734,63.8125
157758,296.072972973
142382,148.148351648
5581,71.4146341463
1722,20.8387096774
21519,62.375
4383,110.806818182
12403,84.2073170732
112473,37.75
149620,86.875
5860,384.25
62698,60.0422535211
175163,324.093283582
138321,62.1607142857
147175,173.0
141982,147.863354037
115121,472.401869159
30710,120.100671141
63959,114.5
30714,103.928571429
160811,55.0
7799,52.2727272727
28460,129.151515152
3007,63.8620689655
28462,17.0
18358,523.652671756
24795,31.5
14304,320.46
5826,21.5
14309,72.1363636364
9835,114.188405797
9459,318.805128205
8493,130.4
174162,60.2352941176
124319,141.952380952
174169,141.5
24352,127.007575758
156578,67.5
7154,57.4736842105
7696,63.6507936508
1585,11.6
29939,268.7
144437,135.70212766
118445,102.217391304
142251,130.904761905
29930,31.6666666667
29028,66.5576923077
64418,66.5909090909
111000,79.1555555556
29934,35.4444444444
29392,18.8125
28749,58.4411764706
30006,124.225806452
66686,137.92
1210,25.2083333333
31093,15.125
7692,22.5
8068,66.0416666667
143892,297.836363636
12868,55.4545454545
66235,523.627027027
145552,96.1568627451
143421,260.209302326
63224,506.5
30008,2.0
66688,394.208459215
28216,267.731707317
6522,305.671232877
7481,37.5
132518,157.685185185
8264,82.3921568627
9393,72.375
8266,31.9444444444
150937,134.3375
109599,521.976190476
30398,131.010695187
30399,25.0
133869,100.568421053
133868,314.940397351
174389,63.2857142857
1728,53.6603773585
7315,240.209302326
11060,68.6962025316
145956,92.1
11065,30.5
133866,120.636363636
23002,149.304093567
1104,16.5
156153,132.460122699
23006,288.422360248
156155,62.6774193548
8666,293.4
156157,124.0
16824,508.992467043
17890,19.6666666667
28967,539.064102564
29647,17.2142857143
111179,528.837476099
1109,13.6666666667
28285,1.5
66061,11.0
114524,66.5789473684
129823,43.696969697
4087,21.4545454545
3863,220.5
144396,64.3571428571
3171,301.034300792
13041,523.476793249
160541,443.812121212
66597,528.894026975
161013,88.3620689655
66599,137.290909091
160549,190.25
23226,37.1428571429
3735,15.0
23224,18.6666666667
161014,452.895348837
61489,68.6551724138
118267,56.5
160781,420.386885246
19137,524.448076923
5723,35.5
160838,133.658823529
6416,52.8
30950,44.0444444444
6410,32.6428571429
9812,46.5
61487,497.606010017
28608,91.0384615385
7772,138.526315789
66446,4.66666666667
61646,132.885057471
66448,13.5
144559,164.03030303
61645,161.177570093
144809,139.922413793
61640,28.7
8717,27.8125
3916,286.254545455
65148,39.6530612245
109186,121.203125
63848,58.3333333333
60990,529.369565217
60992,94.0454545455
3969,142.081300813
65142,119.910714286
117768,139.974193548
30473,13.9285714286
6733,78.8833333333
166460,65.8235294118
148009,423.294670846
4790,44.0
4926,20.5
155234,443.086474501
8087,14.4
4156,28.0
6347,9.5
11259,79.0714285714
60846,147.412698413
163930,63.6666666667
140073,127.0
163935,143.203703704
61004,136.0
24648,322.368902439
160492,76.6111111111
110533,17.1428571429
165466,131.840182648
9921,17.5
165464,24.0
165465,387.606707317
61008,109.454545455
25099,39.75
166560,96.868852459
19262,523.223809524
141467,15.8888888889
64784,524.411439114
22772,27.0666666667
16769,520.091085271
29492,252.924528302
65491,118.965277778
25173,524.689922481
65365,345.245283019
164364,463.338028169
22177,33.3333333333
145049,84.2040816327
145042,49.1666666667
12075,25.724137931
145041,89.3269230769
145046,136.391304348
6081,15.8
140672,316.12979351
25181,20.0
109831,439.319672131
161942,496.815705128
12679,124.8
6649,18.25
12677,141.4875
140679,147.241935484
31846,63.0196078431
10813,25.3333333333
5903,127.12987013
65967,96.5070422535
10816,13.5
25774,103.921052632
6435,11.0
150481,43.5217391304
25180,10.5
161048,84.8333333333
110164,526.075614367
64568,99.0810810811
106261,333.05988024
63643,88.73
7809,21.125
3480,30.75
12559,22.0
65569,87.1086956522
11099,35.4285714286
65765,16.25
17197,383.545454545
61900,107.529411765
4560,82.8846153846
6639,30.6666666667
109826,120.042553191
3647,20.1428571429
148475,56.6666666667
148476,75.2676056338
29942,30.9
148470,60.1166666667
26050,61.2
25514,304.975609756
11670,30.6666666667
117141,511.784172662
14623,108.24691358
2504,66.8333333333
2555,73.4285714286
2556,61.4848484848
174490,65.7234042553
2558,382.55186722
140445,321.723905724
126601,135.0
62709,141.910714286
64486,91.5625
64142,513.911894273
161040,42.1333333333
165846,134.067114094
17367,534.22410148
26246,181.068181818
2390,27.0
165843,318.975384615
138921,134.238372093
12785,14.8
141384,215.555555556
121833,279.590361446
27932,343.84
63422,116.45
63424,32.0
27937,90.3452380952
62913,294.617554859
2771,23.8461538462
62911,319.218181818
160237,319.83557047
176144,97.5076923077
160231,136.0
17780,540.673160173
160233,259.130434783
2802,15.2222222222
12796,484.094594595
25201,496.631578947
7974,98.1743119266
7977,114.083333333
7970,50.6666666667
64365,132.133333333
16785,493.468858131
12256,145.981132075
116387,101.535714286
176237,296.241025641
16781,530.066528067
12252,323.570512821
4418,295.042253521
4415,24.0
118223,108.157894737
5690,8.2
6268,14.8
21186,326.957198444
119594,47.3571428571
6066,105.788461538
12096,12.5
2176,265.428571429
125604,16.8
17095,531.764453961
7526,290.718085106
28787,71.5238095238
62723,105.5
122902,143.873493976
5432,61.0
2606,21.2857142857
24463,23.275862069
2602,8.0
174160,313.921511628
14822,343.388888889
14820,401.9140625
113269,127.289473684
14827,254.078431373
14824,199.861386139
160341,144.386740331
149738,363.533333333
4903,15.3333333333
175575,137.230769231
5129,147.284482759
62590,87.0694444444
10035,517.931863727
5125,21.5714285714
10789,63.2857142857
14007,93.3432835821
61880,166.444444444
63511,491.788461538
62599,137.277777778
107643,509.764604811
3465,39.3333333333
120835,93.1052631579
148650,54.1818181818
120301,42.9285714286
148652,35.7777777778
8898,447.145015106
3980,34.4468085106
8892,104.821428571
125595,134.103703704
11929,332.144
12321,30.3333333333
61404,70.4285714286
31718,533.192156863
11923,135.234482759
11925,62.68
113609,156.19047619
141720,138.968586387
132988,520.804469274
14954,5.66666666667
24350,85.1818181818
14225,96.875
66519,143.222222222
30490,92.9795918367
64314,305.479784367
30495,44.5
30146,65.8636363636
24356,56.7966101695
17074,419.007334963
14253,522.076458753
3362,20.8421052632
29099,77.4626865672
29097,277.489795918
7017,139.712230216
64410,82.2795698925
64319,40.3636363636
27845,316.205555556
137803,295.807017544
29921,72.7142857143
117035,449.524355301
24005,146.614035088
164255,59.1836734694
18699,118.245098039
9216,109.142857143
29705,57.0
19361,481.392638037
20036,18.5555555556
175376,66.8484848485
121656,122.113821138
164494,20.5555555556
13124,107.115384615
13125,247.166666667
146564,45.5555555556
137024,133.393063584
22794,91.2830188679
28884,126.862068966
11818,389.654471545
11819,154.967213115
13128,147.105263158
15153,476.104761905
29894,23.4285714286
30277,81.0243902439
113140,37.2790697674
148870,194.304347826
109425,257.836065574
137373,32.0909090909
175399,51.0
164075,122.430232558
18329,528.343035343
3071,521.815195072
24346,25.4
28471,458.294759825
28477,85.2040816327
1593,19.7692307692
8133,164.01986755
14311,6.0
2953,32.6666666667
31702,529.654368932
31703,504.330449827
65689,523.480769231
160163,67.0
174158,306.636111111
31707,418.763829787
62170,321.88852459
126020,119.857142857
143689,73.7916666667
66325,48.0
143668,148.631578947
1034,323.6171875
62107,22.2666666667
143664,32.0
66690,132.456521739
115554,143.20952381
4367,62.6785714286
24029,93.8775510204
1209,23.8421052632
30007,317.852071006
66698,297.934383202
29466,472.3820059
8073,11.0
31521,206.177777778
23107,536.39445629
144010,19.1666666667
164109,152.254658385
18037,491.3
123094,126.323943662
123097,84.0
175953,104.029411765
8272,104.708333333
132502,129.543859649
28278,523.30977131
143073,373.330708661
162892,309.840220386
3105,44.8139534884
3107,41.5
106524,464.927272727
162897,97.3793103448
162894,139.423913043
14555,189.663865546
1447,177.333333333
29074,121.577981651
175007,25.2727272727
157415,16.2857142857
20338,17.8888888889
28078,120.326086957
1440,98.914893617
114956,519.651020408
31634,29.7435897436
31143,119.111111111
174024,406.584415584
1449,238.727272727
63898,38.4090909091
28296,147.761627907
4091,28.8
28295,14.0
13786,316.105882353
31453,100.741258741
4094,275.666666667
22612,96.5757575758
13789,29.1428571429
12200,31.8
62957,27.0
163863,397.428093645
66588,282.877862595
60893,26.3333333333
10974,3.33333333333
66586,87.9479166667
30009,125.055555556
11313,99.4571428571
2008,12.6
11310,30.0
160797,145.31372549
23793,176.253333333
107325,496.001618123
7585,123.566666667
160798,55.75
19124,486.629981025
163720,265.813868613
61679,518.068518519
7741,97.9090909091
66455,74.8965517241
61673,279.418367347
143285,39.625
28616,97.5909090909
61676,129.617647059
127377,68.1904761905
22507,311.686746988
31456,64.6
150258,117.346153846
65156,17.25
60983,530.689189189
5643,36.1764705882
60984,532.203488372
4049,16.7857142857
6529,150.232394366
8304,71.4285714286
140063,388.450980392
166414,309.988732394
6528,86.2
14170,16.0
28853,134.25
61581,7.2
61585,455.887550201
61584,94.9722222222
61587,102.694736842
61586,432.27520436
4145,125.808510638
118733,320.652866242
163923,50.8571428571
163922,288.072139303
163924,212.656862745
163927,129.572580645
11264,59.9444444444
65022,505.952714536
65021,94.9206349206
65026,34.0
127279,102.272727273
61077,128.0
163921,136.330275229
110529,136.521126761
9937,95.2333333333
160950,9.5
16778,527.883435583
22761,49.3333333333
1487,253.980769231
65376,328.389891697
165698,54.9361702128
16777,537.41356674
158314,463.093023256
128978,26.6585365854
163920,497.8256
25691,109.303797468
110250,506.942906574
25341,114.37037037
25340,55.3555555556
12065,16.0
6097,25.6666666667
29211,506.792486583
12669,76.4347826087
121934,149.691729323
161977,119.958333333
6653,175.084745763
107817,529.276923077
19305,26.7
25749,20.5833333333
25747,69.0
127797,437.568322981
61296,113.739130435
165215,306.744565217
65971,483.811819596
120359,107.388888889
120358,43.6111111111
161996,412.921568627
161997,17.625
161994,34.4482758621
63635,100.85
161993,149.993939394
65576,85.2352941176
63639,471.173160173
24837,111.32
64515,307.946091644
25528,483.397233202
266214,255.511627907
150477,55.75
266216,433.218253968
65772,30.25
6326,19.0
65771,49.0
21066,318.869565217
19873,512.910305344
13421,155.013888889
21061,380.644768856
129120,139.861788618
2547,225.49137931
63996,303.442359249
62302,45.5
64997,11.0
153895,504.258064516
114608,65.2380952381
65484,85.0143884892
166639,40.7931034483
124678,105.973154362
11446,14.75
65482,64.593220339
65483,533.856858847
3556,16.6
31629,33.5
64175,13.9090909091
153070,150.725663717
2282,73.046728972
1518,3.0
10332,68.5555555556
64356,141.317073171
160228,76.9277108434
3584,97.9534883721
156156,243.3
124320,77.05
124321,112.939393939
27906,22.625
29164,98.3636363636
8864,89.8656716418
160225,84.0
2285,33.8387096774
64194,522.032846715
144066,52.0434782609
260774,77.0
25236,531.392561983
16956,518.308793456
25234,96.8947368421
17131,230.861313869
14985,283.582802548
17132,469.445544554
64199,464.32731377
7906,48.7096774194
17136,537.938997821
125580,508.949066214
125583,53.4259259259
16790,514.350543478
16791,534.411392405
13332,62.8695652174
128759,53.45
4622,22.8709677419
166747,451.97826087
65469,16.0
174541,69.0
62110,331.045454545
148391,88.7142857143
148390,131.775510204
9555,15.6923076923
122916,48.0869565217
2163,59.421875
6078,12.6666666667
22205,75.1538461538
2615,98.347826087
7309,153.480769231
12964,39.6666666667
160312,416.816
163926,471.350574713
3607,20.6666666667
137370,488.914596273
31037,86.1818181818
64223,22.3333333333
150761,338.941747573
29875,96.0280373832
7343,147.443478261
16245,496.659643436
1906,34.5925925926
10795,24.8571428571
63291,30.4
64228,530.426691729
1902,320.291845494
13432,139.050251256
10793,11.75
21686,24.0
120824,41.0
143912,109.0
143910,496.187702265
146156,175.346153846
163685,63.625
163680,414.708092486
163681,436.911111111
112254,518.652173913
13169,48.3076923077
12338,94.2054794521
65464,19.0
161797,20.9090909091
163049,410.330357143
138124,25.5
138126,316.115942029
146738,37.2222222222
27875,86.4038461538
14960,125.844444444
164365,395.523219814
163668,11.8888888889
163669,95.7826086957
174700,229.810810811
62768,100.833333333
121662,58.88
14145,85.4090909091
29082,72.2571428571
29085,137.801104972
10244,291.6875
164155,375.304347826
30558,9.0
30559,61.0869565217
5229,27.1388888889
63166,537.839285714
63161,30.2857142857
144097,144.637305699
29710,131.835820896
8901,79.3076923077
143870,369.086065574
29241,119.010638298
11861,47.1428571429
14815,144.518518519
155282,505.957337884
113498,88.6734693878
138341,303.074270557
175490,9.5
8902,21.7777777778
176369,7.66666666667
163595,77.2368421053
113490,40.4
138346,143.097826087
15142,413.994318182
162958,312.191428571
29886,122.688888889
29887,34.3157894737
109925,308.498098859
156953,339.472972973
162957,26.8666666667
162956,295.394736842
112721,440.25
112720,77.0666666667
14369,54.8965517241
14368,15.0
7171,55.8888888889
28349,354.196428571
14490,74.5555555556
2942,37.7777777778
138901,125.488636364
2940,125.018348624
5357,134.6
62168,249.042682927
62169,2.0
31739,487.525959368
31738,132.804878049
31737,186.87755102
174637,26.0
174147,31.6
112033,321.847272727
2951,58.6666666667
112030,39.3333333333
147579,67.3939393939
1690,107.202380952
112034,22.7142857143
164665,157.140740741
164664,228.152941176
164663,89.4137931034
164661,153.653846154
164660,50.875
156154,502.157024793
1279,110.164835165
63724,17.3333333333
118502,63.0
147750,106.666666667
30029,123.71
115566,529.638297872
12886,38.3018867925
1274,207.084745763
66660,55.8
123016,107.960629921
14563,17.0
14561,72.2
133844,116.593023256
8240,472.766666667
133246,318.633846154
24483,94.1774193548
8247,25.8936170213
8245,512.82688391
122315,308.183139535
29661,127.258741259
64163,104.571428571
175271,153.34375
29668,5.0
3116,313.389438944
165675,37.3611111111
162887,275.686746988
119295,525.586915888
29066,135.660377358
28168,139.91025641
29063,319.444444444
157955,415.293064877
29061,473.296296296
157959,315.577586207
9890,96.7375
31607,137.632978723
165411,464.828410689
23752,490.525150905
31462,475.116803279
61483,147.492957746
28919,135.748743719
10200,126.073170732
9248,86.6909090909
22373,93.3333333333
66000,144.078947368
28917,10.6666666667
28970,539.89640592
1308,85.6818181818
66004,60.4754098361
144139,23.5714285714
23697,79.2578125
5742,128.352941176
136186,310.176966292
122917,60.9705882353
160684,81.5
11300,46.3870967742
4225,35.0
11302,22.8235294118
144135,111.994350282
7124,93.7777777778
4222,36.9615384615
64433,21.7333333333
61664,132.142857143
30939,107.0
61662,95.1304347826
28620,481.101030928
30932,479.849484536
15363,518.818363273
9831,84.0810810811
12407,393.96
28629,66.4615384615
5589,17.5909090909
110732,129.340425532
174454,262.56626506
163594,132.553333333
129850,122.753623188
7759,10.0
25823,367.468553459
62501,116.985074627
108752,511.870689655
7750,86.5961538462
109699,530.423076923
126417,138.976608187
141845,146.124293785
61444,526.009615385
63194,50.8928571429
3937,8.0
61441,39.6363636364
66484,520.578096948
163916,79.3442622951
166402,32.8888888889
8334,57.3846153846
6717,474.784313725
13680,17.48
163919,309.745856354
61592,149.426470588
9904,134.895652174
61591,137.504504505
61596,12.5
127094,51.9090909091
7853,73.3076923077
19069,330.114754098
28340,84.5434782609
29829,112.323076923
7850,303.5
24669,90.0943396226
175483,302.050802139
13962,107.789473684
61060,67.46
61061,97.9569892473
5697,93.0
28135,530.336633663
24898,309.453416149
28139,119.135714286
61069,105.854545455
24468,317.826470588
65011,305.76433121
25355,172.322222222
25356,111.448979592
25357,83.0082644628
60887,2.0
153668,75.9666666667
64768,66.4074074074
64766,151.088
64767,139.637931034
1300,28.6666666667
25359,85.25
64760,58.5
119756,257.720930233
110065,222.817307692
29086,310.742937853
174743,299.398467433
117018,417.291139241
120134,117.966480447
25680,123.315789474
7911,13.0
4045,168.807692308
23978,36.56
165991,73.6538461538
4040,6.33333333333
230796,109.575
161961,44.1666666667
6661,26.7222222222
161966,446.223684211
161965,42.8421052632
5968,20.6666666667
65908,95.8208955224
22086,541.81104034
24893,49.2
65905,264.977272727
65904,152.44
10877,148.0
1602,320.158385093
16890,500.023131673
63621,93.5148514851
25536,2.5
3662,37.7
24803,147.977653631
16898,481.566210046
65587,43.8181818182
24800,155.883333333
161989,509.814310051
17233,535.922431866
25676,91.2272727273
124198,101.262135922
61836,324.250814332
8675,12.0
64692,454.793859649
13431,139.275675676
153793,310.059322034
3918,32.6666666667
124196,127.959183673
121817,42.2820512821
121816,530.7
121815,13.2
162329,119.524390244
25922,22.3333333333
11499,9.1
2577,68.1071428571
11694,99.3846153846
2573,139.266666667
10905,87.5897435897
61988,37.8571428571
65345,334.895522388
10906,34.1142857143
65343,97.9444444444
10903,89.1346153846
10902,61.25
64160,18.5
11455,52.85
11456,20.7333333333
24934,76.4545454545
11450,36.8
23220,34.3076923077
64166,211.025862069
21237,130.132653061
2595,82.4581005587
2596,49.2608695652
11609,21.8125
140904,52.8333333333
9125,119.80952381
2593,24.25
13794,301.951768489
118321,123.888888889
10305,28.1
27913,117.941176471
27914,100.026315789
63195,62.9375
63196,63.7741935484
21238,125.139130435
13326,22.1666666667
4430,124.784090909
63758,98.7164179104
13323,19.5
25224,51.875
7912,142.16969697
121257,141.650485437
63755,30.2142857143
13328,2.0
13329,122.771428571
1878,132.333333333
64189,463.04494382
163121,314.888252149
12603,388.610644258
4941,50.0
118081,305.227272727
138205,227.975903614
12138,218.491525424
2393,17.25
31276,473.137426901
64930,524.619666048
2111,186.825
2113,73.4615384615
7985,34.7647058824
2620,535.900442478
156584,501.545901639
125000,272.156862745
14027,97.5
160364,103.533333333
62378,31.6829268293
140902,67.2307692308
2628,19.4444444444
117019,444.738764045
142956,63.0
1919,108.492957746
7350,83.6774193548
163939,134.42
3087,97.3111111111
157858,132.131455399
122678,30.6
63572,56.8387096774
122674,60.3888888889
62571,151.821917808
10016,11.1538461538
121077,145.287128713
65812,289.49201278
26037,92.8888888889
120815,524.526703499
120816,105.042553191
7278,25.75
20029,80.6666666667
2025,83.2580645161
162055,123.111111111
10499,155.690265487
163933,57.2
62979,525.69273743
3144,14.5714285714
152931,512.975609756
163051,85.584
165666,115.865979381
154605,315.553797468
10277,123.722627737
108645,146.989189189
161065,414.46
264668,293.358208955
163672,241.945701357
14790,33.1428571429
24607,78.5652173913
133430,113.6
14793,131.390977444
14794,24.7
24096,77.7368421053
164585,32.2222222222
121673,51.5
21136,213.25
63374,307.611111111
125315,50.0
5210,65.65
63698,26.5
122078,103.75
29246,463.267419962
62712,106.914285714
63593,32.0
63281,127.434782609
163587,47.9259259259
163586,41.7333333333
29278,339.986111111
63172,40.0
142644,494.631578947
160447,68.6666666667
264265,308.663865546
14592,143.509433962
9217,22.5
21542,17.8421052632
29830,25.8888888889
63178,471.811403509
29274,82.7884615385
11872,58.4509803922
112623,75.6923076923
8925,106.413043478
24725,112.166666667
112626,513.658536585
11877,29.1538461538
112624,116.424528302
6333,239.75
14808,4.0
146500,95.0777777778
30283,104.529411765
164471,51.4871794872
18307,545.640127389
133547,77.4814814815
14487,250.4
164293,273.688372093
164290,71.0
30584,5.88888888889
147101,10.8333333333
63288,233.5
65036,142.106280193
30231,25.1666666667
126010,18.0
30233,115.72972973
24099,32.0
160498,140.167832168
29133,110.5
7106,82.3863636364
7107,14.8333333333
66681,320.020512821
6865,57.8095238095
3054,82.2795698925
122778,86.4509803922
9922,15.8
24378,58.0454545455
122094,81.8536585366
62396,75.1132075472
62391,99.4
28034,218.635036496
1045,24.9090909091
143605,138.397959184
31720,114.095238095
28119,73.8076923077
175739,15.7142857143
62399,110.346153846
165463,44.4736842105
30121,22.0
5109,80.4347826087
1686,14.875
164612,248.419512195
160488,251.31
140071,12.875
164611,35.15
142260,124.613861386
30059,85.2960526316
10439,42.0909090909
132525,120.99137931
149721,43.4285714286
8253,16.1666666667
166622,289.125
61589,275.037037037
111631,31.25
30055,475.05760709
1266,18.5
140443,313.67816092
62575,473.46875
8789,409.85520362
11056,104.646153846
24491,75.4565217391
21593,524.827380952
8787,76.1111111111
1913,15.9642857143
31614,89.3225806452
112774,158.153846154
24216,94.4642857143
3129,9.33333333333
129632,112.95
154760,484.650986343
66278,90.5384615385
174049,16.0
3126,14.75
114979,454.739255014
137351,474.510980966
31778,530.739215686
1468,30.8333333333
29055,409.784023669
115404,153.675675676
144727,65.4339622642
164058,92.6595744681
115077,147.958333333
8431,199.64516129
126318,166.5
166624,344.072289157
31479,5.33333333333
23768,37.6666666667
23767,141.878306878
16763,465.682137834
26022,481.368421053
66016,18.2307692308
6338,114.975
28900,75.0
1318,81.7755102041
164708,222.1
12434,20.4545454545
12433,177.051282051
24781,319.184848485
147639,25.5
147638,96.9772727273
165053,85.5769230769
165052,71.2931034483
160571,88.7551020408
160570,16.875
23561,141.85106383
114370,129.152173913
4230,362.639240506
61610,43.3076923077
15197,530.406926407
133949,141.875
5594,63.2666666667
5597,17.5833333333
162988,89.6734693878
142339,146.878787879
105936,59.0535714286
133944,154.769230769
133945,101.923076923
110721,107.928571429
110728,109.684210526
175983,6.0
64699,497.623626374
126775,126.613861386
61439,61.15625
3949,45.4285714286
63417,75.2105263158
14386,82.0526315789
61388,234.051724138
61122,46.6666666667
61121,48.75
135844,31.0
142088,520.168478261
3946,26.0
66496,12.5
25376,541.670940171
1230,25.5833333333
166433,103.892857143
12503,21.0
4128,60.7777777778
162401,27.2307692308
6216,19.1111111111
24678,355.136363636
31554,25.9444444444
4127,33.96
155795,305.604395604
155794,296.984732824
65009,126.7
24474,54.9
6214,33.0
7430,69.0
24473,328.717472119
61725,174.240740741
27780,82.8317757009
61055,531.926213592
119574,138.381642512
150306,502.798986486
65006,143.401574803
27786,150.126506024
144235,26.25
31849,100.875
25322,227.0
6386,33.0
62977,314.366972477
124050,52.1
2751,104.529411765
25079,29.2121212121
1239,18.0
13288,89.0
2697,140.986842105
23945,319.203076923
23943,144.758293839
23940,101.681818182
22144,93.6666666667
140676,291.649122807
61996,207.803278689
22140,54.6666666667
6678,10.0
175966,311.860946746
4052,150.266666667
163879,77.1851851852
163878,42.1176470588
163877,8.8
11514,81.0277777778
23852,101.0
15364,316.960227273
11513,502.035250464
4058,23.25
150277,139.42408377
145186,37.3571428571
65176,512.407017544
5978,57.5
110382,89.902173913
128098,172.982758621
165857,304.978723404
6936,91.9259259259
65911,24.84
31843,132.131578947
150279,476.650817236
150278,82.7840909091
17110,59.7
21828,86.4952380952
17208,516.5
150699,149.339622642
16885,515.060263653
5458,64.6888888889
17202,7.33333333333
2290,30.9090909091
64584,480.582043344
19508,520.975285171
65399,23.380952381
142953,19.8421052632
3855,101.714285714
141198,50.4375
2982,15.6666666667
25789,65.0
141197,309.24
148249,61.0877192982
5902,314.029239766
18560,43.4166666667
162338,34.375
163673,473.156661786
141359,87.75
119436,442.820289855
63058,510.954225352
162336,66.0363636364
162335,56.2
10916,535.205298013
133432,133.229166667
31593,534.686868687
135044,145.864864865
24922,8.0
24925,19.0
25124,26.6078431373
25777,16.4285714286
64402,51.75
17115,227.017699115
8512,144.828877005
7923,38.7
2581,83.375
64404,101.291666667
163679,140.711538462
64408,138.150943396
17762,495.076124567
31483,118.285714286
2589,107.757575758
163678,29.5789473684
1860,100.532258065
13353,95.9363636364
28785,74.1428571429
1864,84.7378640777
4448,10.0
10278,160.420689655
63538,522.805194805
63766,29.2857142857
28712,134.715909091
13597,314.95
166623,71.1846153846
4685,525.623721881
163118,45.4545454545
4936,4.4
138747,308.655172414
138210,131.0
138741,235.982142857
13599,313.95335277
163113,35.1875
64536,72.3
64535,156.522875817
24810,141.712765957
31488,141.52195122
2101,15.6666666667
19318,539.28
61635,120.612903226
6053,16.1875
63814,534.730844794
160373,65.8333333333
145979,19.6666666667
160375,94.84
160374,318.039634146
10002,65.0967741935
160376,77.9561403509
160378,377.866459627
122061,117.310810811
175263,18.3333333333
62811,104.172413793
2811,23.0
17061,313.037267081
5256,37.5
9599,147.824561404
20791,357.394366197
28256,136.526315789
157153,81.4736842105
63640,148.687861272
17069,534.263485477
3439,102.4
3093,25.2142857143
136804,283.007633588
1243,24.0
158473,132.057377049
156125,144.423728814
24825,98.4166666667
2033,23.0
14150,36.4473684211
4595,26.5454545455
4844,145.14379085
4598,25.0
10484,25.7826086957
141178,132.787735849
4843,318.274143302
14908,80.8939393939
108631,65.625
163644,40.75
160657,407.264797508
12689,40.92
163941,89.2702702703
112295,518.297833935
164592,62.6818181818
133424,309.242424242
5254,29.1428571429
10466,115.555555556
29265,110.178571429
174729,19.3076923077
20570,8.0
25870,24.1666666667
14163,28.0
63384,106.709677419
62700,146.9
29268,80.5641025641
63383,96.4
13062,107.65
121440,307.61878453
1478,321.02991453
111974,41.5172413793
164571,104.5
29011,32.1842105263
28490,484.731707317
164266,328.441696113
62494,58.6666666667
164264,193.804878049
138122,311.402298851
134026,43.5789473684
165656,121.438356164
27928,109.771428571
18533,521.372815534
133731,314.25308642
13174,74.5625
133732,116.943548387
11191,122.327272727
149618,436.718644068
108188,71.0
2960,108.309278351
29868,67.8
14340,24.25
30594,51.7142857143
29864,26.8181818182
1783,23.75
30222,517.617647059
2968,516.680244399
30220,57.8571428571
137611,62.7083333333
3048,142.729885057
62634,80.7920792079
24466,494.892794376
7117,17.25
7116,10.0
24318,301.369565217
3041,12.75
24316,18.5555555556
1611,339.0
6873,21.2
17641,523.5125
108740,61.6
137292,139.568
29461,22.0
62382,321.347692308
61028,81.6666666667
1078,292.768292683
16974,477.360927152
1076,55.2
3643,333.384615385
1072,47.5
62388,69.3636363636
164609,215.509803922
149578,167.181818182
24430,391.185185185
1678,143.607476636
30137,313.973760933
13003,34.4444444444
60894,27.8846153846
30138,84.6493506494
1677,70.75
164605,310.939306358
3807,295.924050633
164607,102.271428571
164606,2.0
1094,14.6666666667
66649,60.8333333333
3806,59.4444444444
30822,134.117021277
8229,15.0
66393,137.361445783
264709,60.8888888889
264708,168.131578947
118525,516.339857651
4331,108.245454545
29151,29.1923076923
2574,37.4318181818
1050,19.0
109584,528.417293233
137722,212.333333333
138601,92.9166666667
29996,466.9
29997,73.2285714286
14583,334.893854749
117145,43.8918918919
174050,279.157446809
160607,252.880434783
28022,525.076171875
160600,99.6153846154
20202,55.7333333333
1246,26.0
27765,319.253205128
156933,30.1666666667
8348,87.2972972973
2490,27.3888888889
165993,462.805714286
29040,193.390243902
142459,95.0178571429
122263,92.0714285714
164296,34.7272727273
143527,75.5285714286
1327,149.224137931
18654,15.0
62666,105.169491525
28930,43.0333333333
8293,25.25
23776,267.121076233
9850,95.914893617
12421,78.3181818182
137434,153.853658537
15343,19.1428571429
137432,44.0
8687,233.569767442
15347,67.3571428571
12428,103.835051546
23577,67.868852459
5764,24.25
4201,130.333333333
5763,90.7424242424
147644,279.029810298
6908,47.7692307692
165844,96.2432432432
61600,240.277777778
5568,23.5882352941
5569,30.4666666667
12788,41.0
160742,9.0
5567,36.7037037037
5560,28.5
1257,69.3333333333
1254,38.6923076923
28338,92.1794871795
142460,124.896551724
7733,93.1621621622
25805,101.037037037
25807,25.5
63520,54.1428571429
16650,26.48
111629,72.5945945946
1259,321.19047619
28806,327.725961538
66731,197.948275862
142462,180.387755102
126434,90.6666666667
174876,131.0
133288,135.369863014
61420,16.0
22221,102.410714286
61427,104.476923077
4864,27.25
61425,11.7142857143
8358,20.4680851064
11213,33.5
5408,68.1034482759
4115,37.5
6730,316.502702703
112754,310.434017595
63928,21.3333333333
8350,23.9183673469
24783,14.4285714286
140030,153.657142857
2255,37.5
8357,69.0952380952
163891,62.3859649123
62139,528.162878788
164116,18.0
24689,308.55625
12519,16.0
19049,535.718106996
122255,100.081967213
17239,245.468531469
122257,301.682926829
24447,529.68495935
7422,146.89017341
126322,141.141304348
7420,4.0
162833,297.932467532
61737,136.85026738
27790,45.5135135135
28152,524.326171875
61732,76.9285714286
66029,145.574850299
61047,46.0
9155,72.68
25331,64.9
61552,104.744680851
122520,37.375
25334,72.9591836735
116526,150.74863388
65615,25.4444444444
25338,85.9134615385
25339,441.487804878
62919,482.956597222
145080,168.625
138607,138.689119171
29616,10.5
12635,220.875
15247,105.760416667
119736,145.25
27936,96.04
31887,202.755555556
114748,35.4545454545
31881,91.3409090909
14370,30.4666666667
117036,29.0833333333
4062,27.0
65290,97.5666666667
4060,21.375
6867,126.894472362
4066,15.375
13776,141.413043478
65921,16.8
11509,24.9523809524
11506,140.27388535
12180,310.840336134
122519,61.5238095238
60916,24.125
62093,33.5
127436,110.779411765
5786,514.328685259
150201,129.210810811
65105,77.0
62520,460.415966387
65106,532.408829175
65108,55.0
165734,111.595744681
165732,505.580536913
27938,82.2878787879
127439,115.481012658
165731,83.0
19537,531.229674797
63600,123.072164948
10044,17.3846153846
19538,475.493430657
15383,38.68
63606,117.60130719
63971,11.8333333333
115876,528.093155894
160232,147.841584158
12189,7.0
16637,479.585438336
16188,99.6756756757
28885,13.0
12181,318.868589744
25021,4.6
143974,167.25
28668,49.5
164755,54.625
2990,303.978082192
6116,39.1
29613,524.442084942
6110,278.790178571
3897,90.9285714286
64745,6.25
10920,27.8571428571
166197,428.176923077
64741,144.032608696
2352,34.2173913043
10443,18.1666666667
166199,309.636363636
28145,145.886792453
141983,50.2307692308
17101,313.827794562
7281,12.5833333333
62257,26.0
121273,123.99270073
17105,486.083969466
17106,526.782608696
7936,307.204481793
25731,12.0
10894,92.8823529412
124315,455.034682081
116531,527.763157895
134384,140.172727273
13342,309.194444444
1539,185.854545455
16989,533.249475891
4450,27.1666666667
254096,293.265822785
65430,92.9449541284
17145,492.298025135
118264,230.41509434
21144,137.157894737
16981,489.870242215
3734,24.3181818182
13839,292.615384615
16986,331.173913043
16985,489.046583851
16456,113.054545455
13580,106.833333333
4690,515.642259414
130049,116.869565217
162457,451.44140625
6737,26.3389830508
148349,27.8333333333
4699,499.210037175
163102,238.836601307
130040,120.37704918
130041,141.733333333
2138,46.8571428571
154434,144.168421053
1682,135.566666667
4409,300.902631579
154433,303.52739726
11721,19.4
6020,118.292307692
154439,58.1428571429
6025,30.75
11729,220.867768595
121053,112.227272727
63551,528.807843137
5165,87.3333333333
63800,69.1538461538
16784,521.289256198
62823,32.8
160837,85.0
64979,506.431703204
160340,318.548961424
62826,299.725388601
3761,145.229299363
160343,79.125
138483,88.2926829268
62559,145.05511811
20783,31.8666666667
9472,18.6363636364
1441,17.0
62553,43.1538461538
141037,301.909090909
63803,94.3333333333
138489,521.012704174
17070,531.114919355
21496,38.65625
64254,25.2857142857
17073,248.425531915
3429,32.6363636364
20488,52.0666666667
61494,107.25
12250,322.126984127
176022,308.403361345
120877,6.0
151257,100.258064516
3424,69.9841269841
6334,92.0
6335,80.025
144436,199.433333333
113139,73.4285714286
6331,37.0
9698,28.6896551724
2005,519.366803279
162078,510.447602131
62955,111.767123288
62954,239.306122449
13341,197.951456311
113646,217.858333333
14918,317.575471698
62733,19.2727272727
62732,117.393939394
14172,522.531914894
62730,133.88372093
27886,531.498910675
12392,25.0833333333
10297,40.5
264391,40.1739130435
27882,28.7692307692
264395,143.025
10453,144.526315789
65590,38.7777777778
10451,213.284090909
10109,67.3181818182
163022,29.2
29217,22.0
24040,317.848101266
3026,9.33333333333
152170,12.0
118227,164.857142857
264713,72.5
29649,73.7457627119
175130,436.551181102
3555,469.782352941
31895,533.819253438
63154,108.6
160293,414.074766355
12485,52.358490566
125600,122.714285714
20134,137.076923077
22817,155.666666667
125601,68.4117647059
7951,57.1034482759
13163,65.0
4065,487.042003231
13166,503.300198807
30117,65.2926829268
11856,519.387850467
153813,120.666666667
11183,322.05
30219,28.6
29984,85.2352941176
2916,15.4166666667
157217,45.7142857143
14359,152.653846154
137602,101.592592593
62602,97.3076923077
6848,157.5
23809,97.8550724638
4579,18.625
17919,534.803418803
113917,77.0
24302,323.980769231
24304,176.4375
26019,22.7083333333
10005,63.625
6845,13.375
164633,507.2
30697,41.0
5301,43.7916666667
29453,150.933333333
30692,65.8378378378
29323,249.833333333
28758,116.01
176247,16.0
13013,183.38372093
1669,24.0
13011,127.541666667
63531,97.9423076923
157634,142.914728682
157635,145.649484536
1663,40.8
28249,138.183006536
1661,66.5454545455
175913,232.811881188
30674,306.793296089
157855,105.076555024
30671,24.3571428571
30857,483.506198347
136646,22.625
1982,309.64640884
156857,300.409921671
4322,5.5
66386,33.4
14828,384.212328767
121493,104.59223301
157859,336.882051282
66648,528.034285714
12091,237.225806452
162809,311.519774011
2829,92.3888888889
14597,325.981549815
2820,15.4
62123,497.800492611
14590,20.5
31673,136.09
31674,43.5714285714
154759,490.280314961
7632,60.0
4807,62.3181818182
17861,486.939449541
7636,20.0526315789
7637,325.730941704
62046,26.3333333333
136884,305.043126685
62290,6.4
1408,5.5
9699,46.7272727273
157452,408.067226891
29032,319.891640867
113491,109.606741573
31418,332.31838565
25020,84.6991150442
4213,14.3333333333
9083,347.847222222
6932,111.5
147658,58.5789473684
9841,97.619047619
8699,7.66666666667
9846,115.141414141
8694,106.193548387
9849,48.6153846154
8123,30.5
147657,29.1785714286
8692,14.2142857143
13200,125.859375
25623,303.446808511
61129,421.168
151078,509.145516074
66275,110.833333333
5572,12.0
25108,84.3425925926
115766,263.378571429
66654,421.907063197
1240,58.8620689655
126555,70.5087719298
126554,119.561403509
1533,67.0
111873,79.0833333333
29143,30.3636363636
114829,464.940397351
12458,45.0
3265,85.5789473684
61418,23.5
28322,343.898809524
25874,142.337016575
28320,72.1489361702
62592,334.181818182
136265,509.715254237
3121,5.5
66728,155.294117647
27981,98.4534883721
17795,497.646341463
61380,223.162393162
28819,90.8387096774
22542,119.333333333
22543,63.7346938776
126423,118.619565217
66723,113.495412844
62984,25.2
157020,21.5454545455
31095,57.5238095238
110802,12.0
63645,313.744479495
109621,518.732495512
140023,280.884422111
4108,23.5
17694,515.353271028
140027,93.9821428571
147868,46.8333333333
17640,527.044444444
25157,181.545454545
12568,27.0
160913,96.9615384615
160912,35.6363636364
24699,310.110192837
124442,41.7407407407
15242,16.0769230769
19054,137.311111111
1523,40.0
111721,504.884228188
19057,501.476851852
28924,90.9450549451
174317,163.107692308
66032,147.991735537
25906,334.562015504
22306,467.722857143
64218,515.104712042
174310,29.8181818182
61703,275.364035088
22308,169.266666667
61706,200.090909091
106589,329.90443686
61562,94.4426229508
109919,25.75
61560,113.337209302
61567,52.375
117020,470.534482759
25655,120.071428571
65607,53.6666666667
155754,140.601851852
25302,91.9615384615
166562,120.163636364
166563,131.256410256
12620,123.961538462
12621,154.939393939
6617,22.7222222222
166564,144.22826087
12625,36.03125
22122,533.371002132
166569,301.305630027
62626,152.431578947
7277,150.569536424
65930,329.364102564
10030,22.0
148169,316.516819572
65286,124.193877551
65287,16.0
13479,87.3333333333
5959,22.0
13765,83.0714285714
3833,47.0
11537,11.2727272727
148223,65.7777777778
4072,82.9685534591
154758,87.7462686567
61140,312.369186047
3964,95.8444444444
61414,310.952112676
3962,28.75
5792,9.55555555556
5791,103.666666667
145024,408.904411765
145658,143.256880734
60942,71.8571428571
154755,263.558823529
165723,500.423263328
154757,446.755555556
25495,110.703703704
7152,35.4285714286
8079,71.8260869565
7279,43.84
25396,292.75
165943,287.185185185
3639,35.9
151222,446.836065574
5087,29.4
175127,408.374570447
61688,514.989189189
25013,282.281481481
61899,310.270655271
10498,85.375
22053,163.492753623
117115,41.6153846154
266319,316.452012384
151928,136.0
162076,75.2
65737,443.579088472
266257,435.76
30354,75.1020408163
2345,110.408163265
2346,87.4285714286
11051,165.204545455
144519,4.0
6109,122.837837838
2342,50.5333333333
166554,20.6666666667
12757,317.867647059
166366,55.6153846154
6104,80.1111111111
119414,435.991596639
20109,524.617760618
6100,142.314516129
109580,67.5
10938,39.9285714286
63290,107.349206349
8807,94.1954022989
124038,126.618181818
22059,80.0930232558
66646,88.1290322581
140979,128.127819549
63700,303.423497268
121200,41.25
63702,502.968333333
16991,525.354581673
63707,24.3333333333
4801,83.7297297297
63708,24.5
2154,14.2941176471
31099,28.1666666667
64397,111.222222222
117026,445.43258427
260779,58.0
65426,532.450787402
24538,28.3333333333
3708,55.3636363636
166365,142.294871795
65421,89.125
4467,26.0
7959,27.75
163993,41.9
4462,14.0
3707,100.25
175523,104.782608696
162219,382.210526316
25241,101.0
13579,423.429508197
2124,149.951219512
4918,35.6451612903
162449,58.1
162448,118.242857143
4666,58.6
13570,8.0
13963,19.4
4911,63.4347826087
162283,133.921259843
12756,15.0
6039,16.3333333333
5750,30.9166666667
13139,116.380952381
119893,66.0
17269,518.290384615
24878,325.822299652
13235,322.967741935
5439,67.9411764706
64082,530.777992278
166704,359.480620155
6034,13.5
11343,63.86
10063,515.310679612
163884,164.053571429
21487,21.3
24782,274.78125
9203,21.0
5179,8.0
15350,226.26984127
21488,65.25
62549,129.756097561
3416,37.5652173913
12824,42.4375
123474,14.6666666667
64061,91.0
3413,86.6483516484
64063,158.201612903
121713,506.599664992
119417,32.8333333333
135805,142.48
165051,49.8333333333
21374,536.83127572
122915,141.452991453
120822,114.35483871
146354,522.405504587
66610,92.5
12377,77.1111111111
176035,106.428571429
12379,11.2
115555,522.021818182
15293,93.0303030303
62948,194.580645161
21232,62.8571428571
30234,139.8125
8333,318.519379845
2019,482.313953488
15290,28.3846153846
65609,34.7894736842
12171,75.6923076923
13480,109.230769231
4860,18.4736842105
121199,521.122905028
13484,322.388198758
141400,118.256410256
25711,219.263157895
151403,82.2881355932
9063,8.66666666667
163629,112.267857143
18484,108.0
7938,121.777777778
113367,530.843212237
149177,41.6829268293
14108,116.086614173
264385,251.97515528
160809,309.394366197
264387,242.547368421
264386,105.37037037
9667,67.0
64739,26.8181818182
9664,60.0833333333
29206,42.6730769231
125360,142.959459459
10115,140.6875
64165,43.6428571429
10441,26.59375
145854,229.511111111
21776,319.70977918
21777,179.525423729
164444,421.3
7250,243.571428571
7447,150.424242424
20019,531.184368737
7253,529.51975052
63120,412.028037383
63123,57.8055555556
160282,27.6
14639,82.0
30236,316.023323615
150139,89.7659574468
4485,299.545454545
1439,112.375
112618,498.513245033
10597,28.6666666667
149082,246.43902439
5379,55.0952380952
163888,300.751958225
124374,39.5641025641
102617,74.4615384615
112759,41.0
126046,119.123893805
138943,152.752136752
61753,79.75
63812,42.6
10550,247.342975207
64547,527.668560606
7798,35.7857142857
15199,525.851546392
155934,41.6666666667
162403,305.475543478
65556,451.703804348
17908,525.736111111
7138,93.4
25274,79.36
62618,33.0
20423,63.8139534884
108664,509.930313589
163889,263.980582524
175741,151.467889908
122515,516.48951049
122514,100.805555556
62613,59.75
30688,121.59375
31500,67.0
125234,523.382022472
142230,136.921052632
63232,460.708860759
5313,25.0
29332,149.5
30685,528.114398422
29446,498.25
174656,147.016853933
176255,131.6
30540,119.283783784
18241,531.83255814
13025,5.0
14296,30.2
63607,153.987096774
157195,38.1428571429
1651,94.8666666667
1655,6.33333333333
137704,145.376068376
31214,17.1666666667
133885,315.223529412
30662,42.5454545455
30847,53.4666666667
107481,159.476190476
156860,299.952631579
31242,532.220039293
147792,441.365771812
6588,204.712121212
142546,2.66666666667
109366,498.727891156
176118,112.95
133888,105.822222222
3153,34.6111111111
12992,17.0
1633,37.0
3157,102.765625
3156,131.736842105
112095,153.697530864
28795,318.792899408
3158,126.558823529
28733,114.917431193
28791,135.222222222
1635,90.7045454545
31062,534.327345309
174079,295.74
5404,108.5
29709,128.048780488
3399,92.1
64162,249.147058824
121717,81.6
122355,46.0769230769
62057,60.7368421053
28323,87.7936507937
62055,114.576271186
29846,70.2222222222
7828,38.75
136725,195.753968254
151016,164.490909091
129469,127.666666667
129466,311.374301676
19807,99.3333333333
30209,52.3636363636
116586,531.545977011
66281,395.78960396
24008,325.294736842
147660,50.2
66286,489.0515625
66285,526.296500921
23553,528.492094862
5234,22.0
66288,524.789279113
66530,119.345794393
141846,311.313390313
29250,26.72
64639,50.0
23088,167.980769231
160989,128.0625
18110,533.150943396
65540,61.2
15414,276.567164179
8113,126.778571429
15416,2.0
5237,19.6
163628,317.610576923
13375,87.75
23084,96.1774193548
6922,123.415384615
7711,523.860635697
1884,149.652173913
19907,511.307272727
5543,338.458333333
3820,124.75
14581,189.428571429
138641,283.046948357
29156,29.0
111864,71.6153846154
25033,269.587878788
11124,120.534883721
4460,48.8333333333
29150,81.6691729323
8599,29.8
4273,25.0
175674,445.268472906
25860,539.907756813
266163,142.480620155
28317,34.0714285714
111868,8.5
3082,516.816
61390,500.866101695
8402,4.0
10787,22.5714285714
31336,535.768774704
61396,145.057142857
140757,138.117318436
61398,148.654822335
61399,301.556149733
65050,513.145104895
22207,19.0
158055,226.733333333
29870,19.7857142857
7506,143.525974026
8577,89.4444444444
66708,133.028571429
5899,52.0
13800,95.9285714286
160706,76.5
141577,5.0
127958,11.5
12578,24.9
175157,153.155172414
61711,295.206030151
61712,120.163265306
161056,48.5
15803,314.465465465
11538,74.0
12576,119.865853659
61719,39.3333333333
174316,143.837606838
28775,140.166666667
24428,96.5588235294
156714,162.398058252
25915,57.619047619
7409,272.358208955
28770,22.3333333333
134308,287.056818182
5878,18.0
7401,21.625
117901,509.232597623
25918,16.0
117903,149.41509434
25318,101.980582524
125054,429.781437126
140759,142.526315789
6527,7.66666666667
2561,39.0
22447,142.786666667
164615,146.336448598
61574,72.5555555556
2086,248.731958763
127075,142.0
25313,9.0
25314,28.6451612903
61572,148.033057851
2484,91.1204819277
160725,463.171875
166570,303.420634921
145228,306.237196765
12945,77.0
166576,86.6363636364
65944,310.828488372
12615,29.35
10391,127.181818182
119714,126.8125
4001,8.33333333333
13712,15.2
13714,41.3461538462
3971,77.2
24204,91.6
60979,23.7777777778
61151,62.3636363636
24731,185.45
19427,104.774193548
61407,12.3333333333
155616,63.4375
19428,504.393320965
155614,318.667682927
155615,28.8
9898,55.0909090909
157865,317.237536657
150222,72.7586206897
159125,64.0
156293,310.558739255
30647,531.04040404
65703,207.75
65702,83.5
120458,36.5333333333
30312,70.6363636364
64088,108.577777778
162459,146.738636364
19557,111.596153846
2818,85.3740458015
64942,93.2105263158
154708,302.771653543
141363,135.442622951
148219,330.243902439
158235,299.567567568
8810,116.204545455
175153,296.704081633
151932,124.573529412
174390,267.268774704
24344,319.916408669
149318,29.6071428571
13623,135.510638298
2337,10.1666666667
17184,535.787190083
6130,129.798534799
127234,289.782945736
6136,27.8333333333
62072,16.0
14083,97.1451612903
2537,106.614754098
64891,76.91
25000,111.918367347
112533,525.535055351
64896,11.5
140569,120.906976744
25480,71.6666666667
25481,532.165289256
13407,16.3333333333
140565,505.752542373
111723,87.3333333333
16477,29.6875
161877,10.5
174313,485.904468413
144398,160.640625
150221,312.482866044
63718,95.625
14252,122.509803922
162386,32.6666666667
2710,7.71428571429
31300,133.413793103
162385,247.833333333
116895,25.0
13369,99.6875
6669,36.3
141496,316.7
65417,61.641509434
166583,328.6
61976,323.961038961
165458,214.943925234
13365,322.141818182
4477,117.682926829
4476,144.121546961
118528,102.261363636
142945,157.645454545
6003,134.187755102
4678,530.540254237
2950,254.75
118042,529.210626186
4674,476.299465241
13562,94.3267326733
140905,143.295081967
6008,147.603092784
1598,45.5892857143
63952,81.0769230769
7694,303.248648649
120297,103.116666667
15798,172.325581395
24843,326.660958904
24842,138.0
24841,160.04587156
24191,314.476878613
162497,316.849557522
162662,475.119708029
65610,513.017421603
64275,46.3333333333
24197,196.777777778
5149,93.2142857143
24198,259.358024691
1920,108.0
10726,37.1621621622
63769,12.125
124775,22.9047619048
24771,319.124203822
156617,305.759562842
149089,41.724137931
3407,65.1428571429
27783,92.1111111111
63000,17.0
174159,434.416666667
61726,137.032258065
12389,26.5
10581,28.2608695652
26016,203.0
7435,26.0
5018,27.5
16878,478.753846154
12381,319.819018405
10349,6.0
31270,536.004056795
5680,33.4
166005,395.009493671
63483,18.5
6310,134.628205128
12140,116.762376238
10615,146.223529412
10614,205.928571429
6314,15.25
152809,23.5
10618,6.6
148770,144.143646409
64389,15.8461538462
16441,27.3636363636
63018,35.6
30843,69.25
7161,6.0
3410,239.36
61544,50.7777777778
133366,214.790909091
133367,8.0
163633,443.490494297
125358,128.703125
113371,32.0
147817,243.75
175689,8.75
61546,143.292307692
30576,123.097222222
7228,243.756756757
166435,311.563739377
10121,451.037037037
65404,303.258064516
9302,32.1666666667
137232,127.482758621
21743,143.158536585
164433,20.9
63138,84.4210526316
10692,19.0
133766,66.3846153846
157058,56.3333333333
29791,143.622340426
158736,157.810945274
157057,182.368421053
175111,138.43452381
133769,147.669117647
3570,71.3684210526
121437,136.506666667
63135,470.882352941
4497,27.5714285714
162127,66.873015873
9783,510.192307692
162122,146.111731844
64302,40.0
13380,96.4109589041
13381,85.0792079208
140977,92.6944444444
146037,146.04137931
20983,313.913946588
162129,91.8571428571
6821,16.7
120794,128.309090909
2938,78.0625
16847,466.262247839
65717,175.679487179
6829,101.28
133506,431.189910979
133504,155.870967742
108778,79.8888888889
5327,72.0
16845,514.798493409
174648,309.030640669
10540,15.7142857143
157755,74.4210526316
14606,93.1
122212,115.606060606
11896,522.811594203
25047,308.872928177
10549,13.1111111111
14603,318.142424242
62667,90.0
16843,536.168067227
124355,144.486238532
175404,46.8
20185,2.5
1641,119.538461538
65718,8.5
8655,142.193877551
29300,479.358208955
115757,7.5
29304,94.4761904762
14282,121.257142857
14934,151.990990991
14285,317.514376997
176268,87.0515463918
18276,523.685897436
137131,286.06
30477,14.7692307692
164543,144.725352113
13032,413.32
164541,147.535714286
11094,11.2857142857
137573,75.703125
11096,23.3571428571
65014,115.2
63385,243.852941176
164363,22.6363636364
18051,546.290617849
30032,102.365384615
30877,38.0344827586
8210,77.90625
8213,38.5833333333
29946,524.813461538
5116,27.4285714286
8214,13.1428571429
164368,510.553846154
30870,84.5833333333
10840,4.0
62065,35.5
62064,60.4736842105
122360,37.3333333333
12726,318.850746269
7658,14.8333333333
2803,110.339285714
24219,97.7207207207
132361,78.3424657534
2807,68.5909090909
135986,317.637254902
27794,124.935185185
28018,72.701754386
31659,518.781588448
160658,58.3333333333
62266,106.894736842
7092,146.214285714
3369,63.0606060606
62263,294.912280702
63490,129.621621622
3365,16.3076923077
66697,316.453125
113093,515.522441652
28543,90.7752808989
28016,107.862068966
13498,28.4444444444
133726,112.608695652
10658,8.0
175660,304.758807588
29837,323.271028037
149437,14.6666666667
63495,100.235294118
136864,523.983146067
8105,8.0
9815,16.3157894737
109683,476.854625551
8101,17.0
4275,37.0
163977,68.7272727273
66526,82.6837606838
23528,115.5
4279,47.6585365854
66290,5.66666666667
1356,18.0
126615,143.423076923
175842,37.1764705882
66515,151.353535354
8215,23.4782608696
135484,67.7948717949
133985,108.648351648
5559,7.66666666667
9867,122.7
23291,192.835616438
11147,11.0
24853,281.168224299
11142,50.6842105263
25852,308.684210526
28303,75.75
3502,16.3
65896,9.0
24503,463.131205674
25859,119.113475177
133724,315.281065089
140024,163.0
20237,26.0909090909
66630,101.048387097
122741,120.0
30098,26.8461538462
29165,39.0
148109,403.341954023
66185,529.350943396
8582,42.0
8363,80.9347826087
64363,25.3157894737
145308,5.0
144520,25.5625
113361,156.336842105
114484,56.4333333333
11511,85.5689655172
20904,113.538461538
12815,41.0
155280,28.6756756757
12545,10.0
12544,22.25
113362,105.658333333
163978,2.5
15261,488.942804428
12540,128.024193548
5888,113.75
175955,107.793103448
110387,88.1111111111
123017,108.364583333
6557,32.7272727273
15060,145.300613497
61766,36.0
160933,152.138888889
27747,324.462540717
15359,17.8
160597,191.271186441
29052,138.216
25923,23.0
10286,119.015625
28940,72.1666666667
28765,72.4269662921
28762,70.2826086957
28947,10.0
145416,320.240963855
24432,17.5
25929,61.8
24436,45.3529411765
22325,136.506726457
28769,82.1428571429
155738,75.75
130298,2.5
11172,46.0
19094,527.938900204
25972,41.3333333333
176048,31.6666666667
28342,534.036960986
155735,150.236363636
23111,522.671314741
155736,484.069018405
110039,129.547368421
11550,104.683760684
23988,110.552380952
11555,93.5757575758
11554,102.521367521
60802,31.7857142857
5824,16.25
4423,126.2
163627,36.6428571429
28858,341.604444444
28374,144.094117647
17715,530.276497696
11291,65.8666666667
165702,56.25
161066,115.625
161067,105.085714286
13700,92.0
154739,290.985294118
4016,86.925
11399,117.115384615
10867,80.2803738318
7504,314.849002849
19433,147.6
151544,490.780604134
19431,19.0
9882,23.0384615385
24720,26.8888888889
61167,323.182692308
1951,298.128571429
65133,527.90512334
61163,84.8043478261
2136,68.6176470588
65710,86.0212765957
161073,271.973684211
65244,111.731481481
65713,518.32037037
65242,113.850340136
65243,309.969072165
61212,23.0
64663,79.5
160329,84.32
3612,12.0
144009,76.6470588235
127484,102.947368421
61763,46.8888888889
61181,234.884057971
11074,71.0454545455
119474,96.0769230769
127481,307.272988506
64360,111.065789474
61188,402.216216216
1111,31.7368421053
13634,17.25
61153,21.9411764706
135004,202.4
13630,30.0
175004,68.3571428571
1891,91.5
7486,20.8
2328,82.0303030303
157414,304.6
20779,129.837320574
13639,32.0833333333
117862,22.4375
117861,19.0909090909
175006,142.272277228
65621,323.395061728
3619,12.7857142857
64867,316.9375
117868,501.200996678
9916,80.8
25399,65.5454545455
3562,66.5465116279
16889,510.180297398
161844,27.3125
1117,78.1428571429
127455,270.754237288
148772,37.6666666667
25138,92.6666666667
63725,521.38121547
25296,216.651162791
63723,517.375770021
63084,325.197368421
141957,123.024242424
166363,141.788135593
25320,116.22
7257,318.805128205
2295,9.66666666667
138707,240.589285714
111662,88.7411764706
24982,290.766550523
61984,11.6
65406,56.1904761905
9919,8.0
174022,128.357142857
17076,494.638489209
7251,133.862637363
141459,58.5384615385
106853,459.776081425
4077,108.5
16813,11.5
31144,125.717948718
4640,530.980810235
13550,12.5
13557,193.046875
2497,4.66666666667
13554,62.84375
150616,405.401759531
12895,38.7419354839
116791,520.532727273
63927,60.7826086957
17248,526.728421053
11770,389.136363636
17245,509.02484472
31147,132.248847926
25978,128.329268293
24856,315.375
17240,533.446808511
13782,11.875
111491,14.3333333333
166368,20.0
24186,78.9915966387
62525,332.702422145
16642,144.016528926
10735,65.2045454545
162489,515.5625
63857,34.75
64282,121.306930693
19817,525.351724138
7875,14.3333333333
28518,16.4210526316
4090,90.5789473684
139804,96.3225806452
63030,323.532051282
141196,321.159663866
5973,105.147058824
9728,37.8333333333
174300,85.6666666667
4802,49.3636363636
2783,114.412844037
12304,29.75
4809,27.9545454545
12395,47.9090909091
24278,526.231372549
116224,427.468571429
4124,146.0
9465,53.6
64994,35.0
26015,138.227272727
26012,53.7777777778
6308,11.6666666667
20217,148.064327485
26011,112.2
6304,111.488188976
6307,74.4857142857
10609,35.9230769231
128663,232.264705882
61608,456.346774194
3226,57.1538461538
10380,105.421052632
14129,467.680241327
140736,136.07518797
11017,40.25
64341,84.4736842105
152149,99.1363636364
162733,141.495327103
162732,301.945169713
16453,133.75
63454,134.36036036
63456,28.3333333333
8047,18.75
121153,127.503184713
9319,20.8666666667
63100,169.851851852
9317,73.6
10420,111.055944056
21595,531.549586777
10426,21.6
10598,14.8571428571
9311,134.085714286
27988,314.348082596
112366,207.783333333
164422,106.666666667
16996,316.960227273
112362,496.148026316
7275,88.1111111111
25405,17.8571428571
176325,81.5
22861,91.5757575758
135165,96.6666666667
3504,228.578512397
3505,7.0
8958,19.0
114628,128.315789474
141044,153.236363636
13828,47.8
11672,83.6140350877
157954,301.043835616
264270,297.264248705
2903,192.9375
6831,62.2
6830,20.5217391304
26900,9.0
6836,31.2352941176
15087,20.0
22718,40.0769230769
147262,43.6428571429
14380,133.738095238
10190,52.71875
112410,472.975535168
14385,151.333333333
113419,77.0
155933,18.5
12390,212.272727273
4645,20.2
14638,24.5625
112968,10.9
29312,316.656441718
5336,315.798850575
2299,253.773869347
5338,31.4545454545
16629,359.420849421
23197,156.210526316
11315,13.5
175272,501.442975207
1632,123.518918919
30467,462.735521236
1634,36.7058823529
30461,475.200290276
1981,22.65
121718,136.502590674
30260,12.6666666667
3218,121.0
165244,100.8
1988,15.0
8823,79.5609756098
130764,26.9230769231
61095,69.4242424242
8826,93.0476190476
163601,89.2598425197
176279,155.253164557
164555,498.120338983
176275,331.637130802
133170,67.3142857143
147312,430.633116883
120444,9.0
2817,15.0
266316,297.194805195
18732,519.938342967
30649,148.484848485
17982,455.466237942
111064,105.358024691
15092,61.7166666667
29955,322.918831169
30640,530.782258065
157862,107.857142857
30310,17.6666666667
112168,135.45
62070,137.466666667
4274,120.857142857
14256,136.606060606
7647,530.306866953
164411,296.543933054
160887,28.25
151606,490.276995305
62078,3.0
3170,12.2
24225,85.8666666667
7648,95.7307692308
12972,66.2586206897
119275,88.5309734513
5639,13.0
122175,17.3846153846
164086,94.7763157895
7085,12.8
122172,98.6333333333
3376,78.1875
114920,105.680412371
175092,363.158102767
29823,82.0
137874,69.5384615385
30261,74.8684210526
175654,6.0
166591,322.130434783
30265,36.0
165912,116.878787879
27828,129.981481481
129442,61.1413043478
16957,470.25323741
1743,37.6333333333
31683,94.5192307692
6497,46.6666666667
1161,37.75
8176,40.0
7291,89.0
160414,50.5454545455
31689,322.345762712
4242,92.9821428571
175607,499.333333333
16775,434.308788599
4241,104.25
5520,31.0
5523,115.5
30888,509.743218807
5526,452.682926829
20297,510.884831461
7922,77.1351351351
65886,71.71875
29511,18.1666666667
14412,2.0
24539,99.7352941176
7132,66.7727272727
14417,84.2741935484
25845,4.6
23812,315.452941176
24533,242.575471698
28378,29.2307692308
126296,16.6666666667
126297,123.742857143
24537,23.5
29127,308.055248619
18040,531.6
25848,103.090909091
11220,93.7254901961
31224,9.9
31227,13.0
5020,315.03003003
126056,32.9523809524
66354,188.777777778
1562,111.303571429
66602,9.5
1567,20.2173913043
29448,433.366459627
11257,121.833333333
8486,7.33333333333
29449,36.9166666667
61376,21.45
158734,312.910404624
63102,8.0
8972,38.3636363636
24844,102.179487179
12804,24.5
29722,119.112299465
1659,33.8235294118
65899,101.820512821
12801,136.733333333
24021,193.619047619
8007,528.383157895
65893,302.645962733
8001,114.152
140033,107.974358974
13824,115.636363636
6547,93.0576923077
165179,121.909090909
24405,117.0
25937,321.199367089
6543,10.2
155856,469.702005731
161110,118.242857143
121382,125.083333333
28195,98.4375
28194,21.6086956522
164624,22.1333333333
28191,16.1666666667
25554,90.8
24409,132.52173913
143283,44.5
29729,322.893416928
13142,157.268292683
28209,295.309037901
1360,131.619047619
2787,25.8709677419
8488,302.16064257
65527,106.814814815
151423,284.450704225
145935,319.851612903
65526,448.208108108
