180167,2343.67094208
61519,1813.74904034
19713,1582.90535576
61513,7856.91732955
22461,2185.5
180169,1985.82296446
63763,1099.73057907
177795,220.423716938
13733,2.24775332464
165284,25341.7786155
111537,5064.3752484
111534,120.683762485
28998,289.954267606
166555,2740.65902574
4029,836.696935726
177227,2982.58066454
177226,604.473502306
177225,3091.10725071
177224,837.811215198
60914,956.609108225
19398,969.394602615
5980,2134.34205519
161071,1773.65543661
5987,1461.13908876
132644,8730.88077076
161072,251.287595128
61179,1095.1378687
24710,412.74560262
19159,1069.68183222
160891,7.00487864095
160892,550.709912721
160893,275.824942031
19402,843.351077384
127475,1403.72735748
19152,1476.86964248
25062,5960.17596126
65270,487.800908639
277918,22441.8900023
165912,2379.11988426
150179,1585.20692284
25069,381.873828275
165914,189.613453734
142814,3000.47324888
22008,4084.32120348
149337,796.869530214
61192,13.5324546346
142811,4329.33397467
142812,0.422205720435
6158,162.388740578
12708,10902.4203939
63290,2523.84103138
164086,657.795548879
13602,519.866950211
4737,4127.86679814
15350,20000.0269473
6791,5341.63404452
118126,4505.82113896
118125,1538.10205066
2312,1615.54614454
118121,44289.3465003
64708,6633.03642374
25665,21391.2780381
65876,1836.2160894
177640,2763.25691234
177315,1218.25449761
65872,712.934725547
165358,6976.64412302
140541,7249.02862735
166482,0.0
166485,29.7411760458
120051,434.125460927
63739,111.966212463
181904,12304.2584911
111169,4436.83118381
22308,620.199839971
161853,7044.78784424
25283,12.5469158136
22717,37486.7767134
119314,536.638720456
138743,562.289759252
25119,5325.19277704
61996,1747.53819919
179957,10218.0429637
65474,3803.75459507
25110,2494.53922588
166733,480.520335476
6194,2537.32774103
140897,442.469784534
64536,5646.84530448
141236,1655.75206479
7991,3979.64703591
111532,3458.20755735
63930,5459.55859047
2269,5187.20688232
63936,371.005312575
116787,10305.5456365
19570,1711.49898143
7881,8840.42507676
63938,2496.26469476
7882,7075.11739073
162254,7394.88685417
8551,1486.96861272
60911,141.699598174
20747,113.736201157
124599,12618.4087956
17035,5393.68309172
2444,142.940872666
139804,8808.19621639
2448,10284.8669054
63847,14081.7865928
7866,906.415492976
176066,461.768739359
23697,265051.08449
176068,0.0
24888,743.649991409
61584,419.48415228
138608,1718.15222056
178958,3371.10427026
2044,494.36193465
146659,1149.18921412
138601,5453.6482052
148414,2015.27531272
197855,2521.99469376
163036,2019.53363631
148410,229.576037237
2049,59751.8406749
26022,4855.12715478
26021,4791.54472363
124355,2190.0436367
64901,915.8498275
6370,263.042012967
11124,2640.31615362
12123,65573.8883928
124358,1170.8966741
6375,587.729574832
10631,5929.00553774
24204,0.0
176782,45.9479050052
10411,1624.49465929
162742,439.228821062
11944,2428.46853529
105538,630.778284287
10386,698.269934029
175465,66568.0928823
8099,882.618042707
121142,5661.60186839
160256,4387.9624727
160375,6659.10974699
177228,3261.30250626
63448,0.0
135965,5765.36054289
176781,1265.42132678
16926,4084.38227729
162560,24.8913879143
8947,26048.0884233
163720,4113.3548058
164416,804.833788216
160376,22052.6936893
157074,6099.67973023
7260,1822.47619994
12234,22793.5853726
63596,169.662419068
12236,104.868769744
125531,790.003835243
12233,3246.6240355
125533,5856.05326912
139025,239.757850072
7781,678.749064497
146017,702.519205922
14624,815.420391791
62646,180.848483484
14626,383.035956645
175688,1067.54256387
61077,0.0
14622,454.778739936
14623,11395.1633053
148224,2268.98927253
3851,2240.03441922
122212,6939.84237603
2812,413.322516776
152049,107.225828802
10567,6615.10908299
10565,70.3795820425
125240,5238.41925141
110529,2457.35406106
24157,5869.11653831
177983,6026.26824635
3203,76.8701411372
10096,4967.19705879
30416,227.852030236
178327,1667.96558679
182112,2102.57838247
66648,1076.04527198
163610,1120.4364088
8838,2956.49146138
138466,1837.3421408
138467,3795.56832725
147303,4244.74200187
147307,0.0
147305,375.159829382
22817,0.0
16671,1253.82453481
164342,1665.25244564
30328,2329.69097249
138861,650.685537147
174077,10398.0230241
30637,8538.62251164
29964,0.0
28564,1781.02784307
61205,81.3035272159
62088,256.171268973
28563,387.913190326
12942,1090.68875267
24232,1160.59412495
24233,36334.7968007
24234,247.870510165
9225,0.0
12945,6745.24735802
62243,6359.1045038
183228,5899.86035329
62245,1638.71361854
3342,2449.94394142
175084,2729.07667243
123495,1673.10480303
157493,265.20496319
175083,400.580451842
13189,2373.61679394
137641,2156.26393538
16679,770.471009399
137642,2807.40246893
175319,156.768640879
63462,18136.4974069
30259,25977.327297
175646,745.690098893
156383,2290.18459327
156384,2074.98948717
29762,4815.6192063
1177,2280.57002622
8162,3808.61545476
1173,196.111312129
30740,38650.7764709
157921,3620.72486506
13940,84.6779984867
65376,56.2914874666
160415,3990.77789511
31122,2039.93178882
31692,2141.20358466
23500,11605.6837585
160719,172.605785743
5530,12374.2211379
178855,2916.07384568
5539,134.804408253
162925,3774.37367036
147453,935.873340903
178850,5759.39446607
147451,1197.81517596
151708,475.835948667
11169,0.4
145367,1268.75850188
11161,7363.38524803
14403,12762.087086
29108,17923.6751204
178453,6207.62438175
29433,223.46607108
8762,2398.83791888
66610,407.704873902
7183,27158.2915175
7185,2142.15299436
7186,9584.13997512
66164,8742.95424915
183714,187.193454795
66161,1178.21820933
8387,1472.70039403
8386,356.821955228
61693,129.32863218
127644,2200.22332789
13839,75.1791788836
8087,1.33857585888
30016,20.7426073109
8549,12274.1549733
8017,5538.24474744
65884,952.648191044
23616,6077.67478298
8543,200.905968928
8542,602.303707775
6573,217.980932977
175509,1777.02953801
6574,5290.43616464
12212,2496.95545527
180193,3513.27663308
61745,2528.2364779
27760,0.0
28180,300.991030355
130762,3221.64199689
66504,744.863721068
144435,3203.78634873
7696,1413.15176405
144437,2861.63497424
7691,7883.21356859
126601,2263.49654383
143421,1210.10787616
28216,176.149419296
28742,8077.00643114
25946,694.918566354
3835,7801.02286592
65084,3689.66469435
63866,15729.3107678
3833,23.9145412831
4973,1200.7338794
10884,2164.24318782
155394,8946.24228721
155393,5862.74995095
4036,61379.0295153
60902,3368.69608194
60900,3008.43082691
177256,8300.88942354
177257,3535.64539108
177255,6958.29036636
161040,6380.55320124
11376,111.114433398
11371,0.148635656663
11372,2199.47193106
160448,453.067673221
160887,3123.70650347
141178,24379.5050361
7525,29075.8267472
6532,2011.68772354
160888,226.13918014
19361,1919.88102697
25056,5115.3254636
16668,2473.71873628
25726,6408.55393412
30861,157.620081106
12711,107.001105747
141339,1512.76811441
12719,122.468695764
6781,12438.486172
15417,45959.4531477
23877,24679.3939265
13619,28101.367778
64383,86.1781566029
6788,2312.80781413
4723,22.2840517421
65643,8272.01275657
65640,5894.71905443
120048,32937.4903153
61523,8544.75477993
5841,17934.8433459
177677,1683.16836049
4340,7576.75109681
64844,13127.4004386
120557,5677.87707562
165832,1929.00105881
3439,3988.90913604
21118,1429.03726727
124615,380.77583978
177108,1317.27741842
177109,110.367201742
4622,13049.6220092
150761,6718.19627861
25430,32292.3460747
16714,2316.44190011
65467,2335.01841997
16710,6699.24634376
25124,99027.7372633
29264,310.267298035
2271,503.749849125
2270,461.994338113
183283,11437.6836518
10801,4372.42925571
120134,7787.33302806
120359,23379.3904811
120358,3416.91910365
63901,11.1238588514
9248,3038.35481153
179084,29751.1919956
11017,5665.08809754
63057,1034.00507566
9538,1453.07163523
141846,2812.35763196
141847,43380.6810165
9242,23905.0681078
25980,10195.5658186
64028,3459.89887538
153128,2765.22208473
65515,1562.3778816
138613,3581.14980854
11012,54205.3010598
13289,1472.68245508
13288,2886.50252439
17534,780.917332661
24890,62.3157821159
64027,1090.99563401
24893,7.67989435
180658,1635.07124753
2052,1162.39057633
146648,21659.1945218
4826,301.876436204
61839,8671.56970424
13440,3434.01361394
13443,396.438123877
7980,8.1462489499
7982,6668.98414046
64930,742.474146239
26038,3149.57521403
7985,6035.58368267
64934,586.561791852
26037,4030.35186785
12136,1199.28725486
24096,762.308587151
10156,501.46603939
10405,19520.7103126
62472,11890.8558059
10407,22759.7578509
4740,6563.61377038
10159,4372.0
24099,10516.8918472
161852,5471.58353723
10390,303.936763397
64334,235.51520438
124434,7774.57854113
147849,15492.5288959
27965,399.200989817
179298,873.087809737
63479,389.09718823
27960,3147.08546972
149683,6007.34358141
164408,15631.3675008
1979,5445.77475997
14898,227.989669148
176670,8672.58906987
18844,4650.63494846
150477,112.424339696
14891,4734.75238436
164404,0.0
63876,3159.07849818
63874,11167.8100887
6213,1473.18593676
62870,251.551871306
3082,2674.38967904
15708,2660.79871844
14650,544.779390208
160416,16496.0300134
176999,2959.66932508
62654,419.760787719
62655,93.523342892
179621,20825.3526339
61019,14175.3805513
16705,741.88267058
62895,2274.35752492
12669,8372.16462974
21427,9.45211882591
3231,3753.96845266
1968,5027.22135868
164572,124.90617002
164571,4947.17866397
3238,1222.36365258
175523,718.065875836
1611,0.248962736271
61398,17071.8869266
179534,8176.32375131
2999,17055.2210488
12956,1645.71633164
2870,633.494892592
119217,1031.0927348
142748,8.9404143081
160661,428.057438981
27816,3049.58242551
160667,1133.9889638
27810,192.641825516
7883,898.564752524
122394,11035.4624493
160668,2507.90413359
3358,11811.7936142
164756,74924.0909061
122159,11646.9939321
174236,4016.85140179
7067,27906.2321384
5442,0.0
7065,20065.594985
62257,0.0
7063,20143.4531067
11842,2314.3930984
264507,844.625805322
264506,58582.6277068
147204,3719.87609625
30539,1000.91597586
30536,0.0
147208,3633.55037437
29804,902.469875084
64997,3767.49989263
264509,237.305034555
30247,1085.22768565
12482,1358.47891612
6963,41.764444348
12485,5690.31030006
15459,2258.46311161
132482,5099.66231296
8151,3812.13034684
178868,3543.02929813
11096,6924.41284092
179843,361.152080888
178862,10158.0030525
178863,38199.0191744
178865,5458.42442214
178866,256.923907656
24396,3557.88894814
1545,8679.73176812
176833,6247.7070927
179378,3165.38488486
11115,155.33777508
14477,5148.17378485
8579,4138.55901134
66379,672.26621512
166639,2913.12603667
8716,1552.3707759
144640,696.016749275
29112,475.915839079
66371,833.019555834
148950,540.340471625
31751,849.043359692
31752,214.838524917
109186,2455.15291923
31576,897.340694386
65482,2480.52365691
66155,2635.58473863
127383,3.05950585083
66158,1154.99494779
61685,1284.76000576
8539,408.094063896
27776,472.848594336
160471,4921.06241973
12828,19816.740148
160474,11846.5128487
137130,5470.29333429
12824,2413.70886279
12825,10592.2736938
160479,7203.92509452
12821,525.302564871
2290,9416.98908599
15291,851.112765809
133825,46.2137951632
61759,2327.49388096
66085,5112.30114272
14503,198.728174345
6565,154.74813805
28206,829.085860714
8105,4415.30182999
29607,161.178538861
7685,0.0
122536,4031.34032964
7682,1776.45144248
28733,16887.4811083
1380,4496.67029307
1382,187.13992439
29609,770.36404049
10332,13449.7444686
160989,4467.36724181
3820,28.9377074348
177924,1620.82842043
65072,11477.2330777
161056,553.632191646
8446,278.223896709
8440,15510.0788136
1254,2385.09900685
109079,1491.46756394
12575,729.116415167
11566,171.024559161
13990,10867.9442185
3639,625.019302793
9258,1454.29556762
24428,110.7562285
175092,283.151898452
160505,67.6027238731
115876,2202.0045299
160503,3768.22853681
60931,469.279653722
11361,1296.69367837
61356,643.540539664
61350,3732.79423998
62516,428.200509608
126496,5619.63796438
174301,117.820596789
28648,6173.54281856
24776,1046.7481857
65218,1173.34487023
9899,7747.8828658
61229,351.838700004
19355,144.334447382
19605,274.675317192
25737,2712.3567339
10187,12916.8975424
16650,4890.06498568
8807,216.084138375
65180,1.22971948502
24005,3329.61297036
4759,141.209917339
64857,371.597586817
64850,2736.58274765
64851,4425.03521861
64853,12288.2709879
6774,5557.30689135
10984,3951.47669133
140529,6.42804219151
10981,16410.2325026
10983,10586.4960745
117901,42.7051758099
5870,549.471941466
117902,736.051023239
65676,2314.98340114
60801,13399.1554865
11291,26887.4894911
11296,1694.65311194
9969,1284.15613507
65671,2140.41149668
25236,1737.6709512
65325,44.4354034674
177111,5473.92706748
177110,3297.85558038
177112,223.533390609
9466,4658.02563451
154056,5948.79228901
25234,3829.24444982
25138,9.57404195172
64103,6269.48591296
65459,8742.0
158563,8171.17605617
260778,11472.0139358
120093,7305.46377076
13526,7291.74634546
17130,683.027533532
19911,6035.71621484
16721,4673.446721
1408,2911.10696199
162233,4.51592574427
149268,4127.93623498
64584,2058.11876305
135165,0.0
11748,108.301180772
7904,3278.821569
178201,37464.1578277
165934,5337.30347404
63919,55229.6443256
11584,3455.80021367
161909,6715.6491763
28195,433.169437252
11580,682.66031766
16929,1239.62178009
166593,5269.05474218
25312,8496.93939902
161903,0.312732777416
65630,4245.75666639
141859,4671.46420245
6008,2305.89370999
17762,2922.85271846
138662,1557.43668549
121382,10117.5493849
65521,5194.4518747
65527,14455.6817894
16832,1018.67454523
260893,87.9139300552
63687,14446.8712331
153130,3491.09118376
64030,6739.56973664
116504,134.55033502
16838,4484.79167822
4839,2441.68706232
6357,3368.83113058
16790,684.726960896
141459,143.236014992
162585,709.945510489
4523,6792.58837808
13453,20944.5203645
7993,747.005611311
6196,14839.1411965
64929,87.052796621
162349,165.576345578
139225,2685.03778993
64925,92.6654160979
11636,13944.0039706
140983,1203.50096144
26045,622.853114294
26044,1068.60322977
9340,19129.3461015
9614,2715.04024764
4818,951.902744813
9346,13271.5305096
9611,12823.9282015
6742,4463.7340051
9619,376.692381616
13184,837.222749052
64327,131.713989731
135784,471.233364321
3532,6976.0096273
63468,4.29794310068
175404,5908.75669402
22815,331.112839225
160272,9418.72216874
63467,1435.03416713
5050,6803.43229692
20653,4187.12844462
135788,2498.6848046
6379,3103.10522861
7203,4857.07559048
116104,6426.42243491
7205,6948.05905639
162699,14233.6316255
63863,7489.13126432
12216,804.245526194
12215,12076.0412392
165845,1710.87969036
162160,642.361802729
16401,1461.72961509
21743,67.4661556878
160183,4372.0
160181,249.568033112
18549,877.889784927
17072,1363.31860789
8633,103.475144517
166028,1225.55683272
264708,17545.8476877
4476,7807.22040924
116503,8048.160389
9761,14348.5775008
14084,11.1143832674
162404,16567.5344892
62317,9616.15129117
122015,1289.17835133
10504,283.65251845
62313,30.2686468234
13071,1614.52596316
24171,1769.81947044
164506,1040.82043913
179299,10873.9029864
7331,4136.53868624
18364,2998.26928266
1976,1628.87411799
3226,11123.4438191
3221,10305.2359475
176229,426.839847618
175533,1569.06872678
12124,6326.81262302
147988,65.0149745493
8858,13483.0072004
2163,352.515696408
179058,1077.42433314
13710,9819.83518542
138402,2206.24452935
133328,5852.65589129
8850,80.0889938646
30185,449.811540469
123720,2070.86673673
12926,30211.8379903
2845,6790.66457228
12250,8618.15142599
178672,20058.7889093
5475,599.507542901
14269,0.0
10213,20.1853833051
14260,9087.77233376
1259,600.125096983
156633,3524.50848898
149477,950.653736736
1773,216593.991433
136825,1001.48627749
63986,0.0
108449,1961.68631912
62224,1406.31980577
178973,0.0
2697,548.919903545
112111,2.99617858555
112112,3308.28248556
9890,3312.70730935
8148,3142.17833535
23079,7446.86405053
26071,5871.72337237
8638,6143.98912677
6994,2181.8384843
6995,1815.72085538
61407,55.982906166
178015,399.77192614
178878,557.529685799
30293,1187.08666304
5518,1462.35635257
178081,422.88060198
18361,3561.26183928
24547,4038.521709
19428,26557.2455905
30298,3624.66421583
15111,3779.33869033
184040,407.666257843
162906,0.72555698516
29127,2459.1655234
64223,6087.42790801
66366,9299.12894201
12677,4554.49493982
1554,679.835108596
183554,10643.1636308
63447,1931.10753235
1559,1060.3286822
2991,3419.82355211
3036,18296.8800891
183555,4166.30449132
66368,814.451771379
3031,3121.90218182
29129,746.136163872
28347,3847.96100525
29901,0.0
174119,1976.81736257
23195,849.308049358
30614,0.0
179470,27929.0254594
30612,8946.07209024
31748,1264.31437768
31744,14610.27577
31214,1942.12415132
31743,16614.8755685
178704,16194.3591082
31564,3101.54512564
178706,11.9050392493
66148,452.744783455
126718,16867.784591
31560,2300.74456534
65706,15025.1933491
163983,5076.78436139
111491,4756.60640144
27997,3587.42981441
163987,2328.70681012
144567,2653.77286413
1920,679.938999979
25896,13286.5446252
9999,1598.86662927
17724,1990.98153633
12589,10180.0807398
5606,1223.99108614
25895,10826.8146336
178493,8590.21225107
178492,238.417485713
12850,3221.38181212
12581,70.8786304778
31587,1298.11249739
12855,2.68682038974
5608,2563.83462178
174118,479.760341307
160255,2060.39830621
11032,5655.53557372
29900,14396.7031229
66098,1452.32976071
15092,318.066706914
151161,2923.85575532
15027,1264.24529582
161120,9457.42584652
111961,820.70470698
111965,3942.67583938
29634,59.570199215
1397,0.0
151364,27548.7716696
9325,3050.10876066
1393,0.0
1974,2277.91033553
183606,1918.25114542
3813,72.9867365973
127282,9834.3762009
3622,5026.39249205
22650,1038.87152269
183603,739.042871491
3814,22864.7068971
160991,712.455495767
110566,132.586344417
180150,370.689230851
23253,2120.37018275
23252,2995.5358636
8455,15674.6861525
7585,658.496209467
29517,2767.51594484
109084,23329.8708691
23700,49.1577103753
30964,5.72361483284
15337,756.878569795
13988,12982.3992991
176701,7618.923429
165742,3707.16265781
13200,525.456638375
12459,26385.7920266
165746,0.0
178848,104.997599103
174115,7556.62156868
61321,1993.72273958
7549,13001.9996705
61325,4990.78112871
31368,1886.21810104
160867,559.267512886
29511,8479.21011836
28296,2298.14781807
31567,0.0
16641,3067.73134295
16643,321.138721918
164411,8202.06738986
31242,2039.6621005
154595,144.605697878
130305,883.52866931
8031,462.642116428
8030,487.074519251
64821,335.165907512
148217,118494.766611
178703,593.01953787
166458,3534.77286117
6768,23.3219785167
23810,628.726230465
114421,728.3567332
10991,375.158653994
24617,1837.06593773
24610,862.451865555
118795,1616.21637477
180395,751.946876908
150562,1839.24082587
25633,266343.38357
5860,1078.40017525
5862,3664.79675253
25140,6157.39544139
116004,715.81863431
65444,8398.92968871
177125,595.556898703
177127,1302.56954757
65448,15668.2051157
64132,134.845012063
21132,1509.3101043
63593,0.0
21136,203.362941865
22729,92.7379862347
4608,447.659956674
2184,29763.7738301
4605,9650.36609053
19907,2215.27907644
25389,12494.9428917
13510,36986.3587806
61581,2977.3332892
177872,9463.26213174
158354,334.71765899
178494,0.0
177871,695.941651837
153728,4073.68940415
165924,1038.89725228
137611,2417.32946381
64626,109.326869563
166213,1509.73636718
121974,1532.85598005
6130,13367.4480866
5600,1806.36695015
64554,1527.30390951
124254,1908.55064653
64004,5874.12559812
65406,7818.34620178
64550,15.2007292079
64552,363.003333804
6136,2101.78308474
6900,96.2412125728
8599,160.720287279
2436,5247.53428189
2435,40050.1552167
16821,1335.96183768
116772,19.7629917862
16824,1360.81997154
3761,3042.03078465
63676,2554.07193161
65532,4561.6340017
61811,124.122173789
179186,6618.05163634
61815,1107.02613883
6346,960.663861957
4510,10043.4512715
62640,800.825025078
141460,7740.66018609
4517,327.049897883
141462,3920.30539336
11649,159.9499723
6185,0.0
119493,10619.8438699
162355,33084.9111817
17195,1966.15425369
2504,88.9362945873
11644,1170.19286646
64485,1373.9091954
141913,196.503706271
162576,326.348122926
64896,473.595222182
9355,5.34957949594
9359,16899.7639281
5284,507.063696768
64356,592.484823116
25964,2140.76384277
22829,39231.6723969
21241,77.4158677645
5047,0.0
5046,2304.86575761
10374,1269.4082262
63415,425.28490208
63417,750.220318192
63789,2174.46834204
3785,0.118526237397
63781,6179.46918683
16910,70.4885967888
163771,841.625372939
163772,0.0376884619232
6239,8363.58712581
10777,165.021569626
4990,45129.8549872
63895,9824.43320753
12206,1663.47101543
141001,298.760747915
162175,775.413846433
160742,50.0680033358
63892,41421.9370501
125274,10491.7929679
164680,361.643027443
63527,20635.6628242
10519,1555.33946456
9778,287.143106095
140904,3743.45384128
9774,1298.92454793
9777,1227.44249269
29353,12235.4010762
62302,205.498401491
121759,334.417412837
9772,335.547900826
164510,268.379508946
8864,7331.99055075
1949,2344.77446592
9289,245.587479564
106073,751.272160641
176235,2775.73863333
182383,339.950845756
2942,7716.9594266
9284,10171.6500257
176239,1398.03393539
7309,5355.83003571
63099,2885.39591312
19150,862.941256916
11910,1348.30284781
162770,2315.65659028
146119,17705.26121
11914,82.8755647188
146114,4763.94540631
64061,4542.73512627
65703,0.0
2859,5994.57356262
264418,1334.85629277
30198,2217.1384098
264414,1478.99420542
1523,1706.14772932
175263,3.74541282931
133246,547.176109565
14219,2328.53520757
3336,16006.4624817
10200,34.8054986142
108693,10.8544515283
160684,7606.61806926
16478,5793.47030268
175342,0.0
29755,676.018965333
10195,12914.0362932
1704,2177.17035353
29751,4856.39370351
10190,1562.16590924
174744,1176.1130649
14182,75.5781587399
62236,761.036278741
10198,580.096617546
14186,5331.84148429
15855,1252.29672361
179605,552.12402348
174471,4388.82275232
10056,7066.0773382
29282,600.691728801
25462,3397.68261406
176524,22291.6189614
176523,7081.68788769
178803,1302.38763953
178800,6649.39441847
178806,4966.74253226
120193,9270.75560842
178805,7912.31306989
30990,12.8435506283
1121,13640.4153242
8606,20980.3054776
8605,13470.9008853
14324,9643.85720257
106404,1570.77311964
25880,2768.66723982
25882,793.294813168
65553,2271.5390777
15106,8017.74420884
160912,257.125076424
30281,54331.7653125
155616,2386.65680238
15101,16456.1100866
29131,9615.17254045
66313,2045.39030587
29133,4868.58200446
24379,875.677490127
24378,3507.7557275
3028,0.0
65556,12218.0594672
3024,3746.90566084
2986,3549.19742547
157354,1497.77450883
29910,3630.30553002
183380,506.817966462
137230,657.922090119
137943,565.932558584
30354,19419.6430676
160990,18403.1172079
8734,7235.0887167
144998,370.406398756
31775,946.058870596
1013,1040.1484643
1234,4211.33851886
30778,0.948903470358
8515,3242.273879
28397,2562.04592463
65413,12216.9042936
4199,33008.1095147
178738,5995.72461683
126721,4372.44636902
4194,161.294741041
12598,10443.1067025
4193,3008.59793336
175966,6493.21539735
5671,12600.1724098
29709,869.861519942
137874,4228.01408458
12840,972.620972761
4351,3611.85662478
4352,8739.19498394
28717,550.399776896
8457,10636.4189004
6509,59.5243002081
145977,9898.66102721
31489,4428.01693039
31488,3666.95548892
31170,16286.1642467
174567,44.7667911309
148170,539.155747297
163596,2672.78835175
23062,241.71061806
139665,819.943814246
111976,120.756508016
24283,240.96926667
29627,569.312870359
28408,66.4679347047
29621,5980.46247644
24287,315.041038226
25434,36066.3249089
163887,4863.36354299
144375,935.873340903
183612,130.956850921
62797,1588.86246117
3807,94.0863279089
163889,15879.4954378
8463,996.835677492
29968,1428.24368865
11340,3204.99597045
64979,574.616640507
11343,30047.1709667
136306,4016.55043363
23714,9036.10656316
111779,2084.1350835
110685,16405.5453743
108306,234.005562873
24755,1436.01515044
12445,7333.02779725
6433,0.0
5709,4937.72697715
12441,8456.47899775
8199,3904.56783533
177267,8067.72932621
177264,5288.07783217
110179,7700.06467772
61338,6917.43190731
140033,6904.70202517
65417,409.887530483
31392,850.700994965
15709,9096.82841313
177284,6532.47936702
177287,820.040478084
109926,2767.84737296
180231,783.119490492
165798,2885.87147789
174401,3593.98735229
11462,23934.2425663
177288,10620.6902407
13646,2.12329392974
166689,19674.7007417
28866,499.677320062
8007,80093.1051585
4771,1837.76280678
15331,479.87950467
137704,299.1013646
165640,16.6524325472
23809,4901.09117061
166449,1191.39697212
14368,82.5830685891
24843,1459.39832834
165649,4962.18953492
65838,523.045617642
24620,4834.87706467
65831,31603.8083756
19024,2043.52732152
25623,1765.17909322
177606,6567.28066338
154039,17302.2165284
24978,0.0
25405,1180.11098049
25406,428.012790552
16748,9770.10004112
24975,842.135045012
17341,834.735085494
12053,2888.19681986
145024,2522.55087038
266315,1060.00862669
141277,4400.23998799
4611,19528.6495623
141278,310.925042759
158587,4001.17742843
13505,3.90564501251
161927,340.461367785
161924,6620.47134699
162559,17210.2958833
12691,6115.4643023
166200,5298.20490511
151630,212.454508614
2222,4392.84711775
2220,323.205395378
166208,2374.54898823
65944,552.998979384
65235,4665.17553405
165264,2494.95754375
151632,4844.50417645
10832,3562.60958445
64630,4246.41346029
10839,49.1773646591
150139,418.848623703
64637,3066.72509972
64547,1045.95999818
61739,1888.08515057
66697,172.797959168
63927,4607.99329769
64549,545.746130185
65548,5428.05850267
146616,677.946028778
25579,1.26638360276
4503,1329.82279106
61737,13488.8344085
63667,1938.39070246
25570,15396.9817161
25572,243.385688499
7824,2016.83098687
26067,791.875381348
166061,1998.45690466
124394,1686.7049387
25088,14560.2039363
26061,5717.84112124
117161,1758.39573338
61732,15047.0736173
2080,7155.86724614
16698,1479.65094222
2086,12067.9568436
26069,3612.84386055
161813,11396.7288746
2538,807.675096263
17150,499.846654746
27794,2650.59815059
161814,124.025844215
64942,1992.63671739
148932,1064.92137318
177314,2025.85275306
2536,6073.18996865
122263,1172.33724815
153028,1626.52308309
160213,1112.82918374
2710,7172.71304516
160211,134.30929017
160216,150.327613401
174147,11477.8862921
107446,54.6691344158
11178,1072.54722168
105574,1569.86812011
8987,121.977598639
7951,0.709887333411
149070,637.799865676
64304,1323.98860586
5073,213.708111728
64306,6158.65050937
10692,978.303840525
64302,2743.97087326
63405,2311.61514533
63798,441.037549013
63799,576.700640086
1837,32.7212745492
63928,12.2921691628
63790,5573.6441368
2154,5353.4368602
113533,344.374467237
122921,2195.10613621
2150,3987.0071654
260758,1851.52559617
4145,6176.04551246
4988,6564.98476659
6242,16342.3847723
12277,1904.83646806
10740,20.9871017822
20904,4058.61601942
183920,2680.12108536
18560,90.6134895895
62686,0.166666666667
65610,5861.67797428
1951,532.985836026
63531,3037.81557133
152249,1144.24877249
62330,2514.56341002
122034,2798.29186765
30255,1646.78057283
63538,1544.71763999
25180,0.0
15087,9.73256632266
8873,3337.68419821
112101,2778.20687367
63083,10232.8557876
63080,3819.62909131
7315,98.6766696972
164663,2353.43846223
24113,117.069587213
13092,96.2211051224
3246,71.3869268829
11903,1824.60685906
212340,201.699633225
179739,6103.01593151
164660,18498.9844225
136648,676.810238974
179077,7656.33510203
179253,753.121109067
12909,83.0272554687
15446,476.518517715
179258,145.941027757
30161,291.995008631
112007,3025.22506476
179700,13720.2566344
62755,1462.61450013
9016,10044.6086908
62204,1108.9205773
7034,1312.94160375
10236,11888.7186513
10235,2228.71302594
147750,1344.3658877
5496,2638.61280022
5492,1906.1816561
27823,323.961300783
5252,53405.4490241
1712,927.49457216
5250,88848.5991679
29722,6352.71064998
63338,15995.8613067
21503,1366.62994422
26004,7610.41389259
14192,53.0893154125
31881,88.4890843328
63337,352.585011456
157218,8713.70695493
13498,958.291097463
156614,0.148071399717
176558,7201.15396416
6311,8655.65380244
3157,17009.05389
136646,2464.77430312
176556,66.2475958885
24430,3002.13503905
178811,828.38877084
119316,2856.18529177
184064,163.997081113
178814,1197.32397002
30701,4372.0
178073,0.0
30647,503.11626499
6315,324.020239448
137310,11398.4707294
179818,8935.82697635
179819,35.3315066443
28410,690.83017613
2061,6159.97986926
179817,1894.16704616
144135,27.0373071039
180958,202.727298454
31764,3307.85860876
122211,1143.76620364
66300,10207.9486193
66301,0.0
65921,119.590895431
7146,29333.3149998
10999,950.868245652
24363,7299.56458791
29382,8612.79414583
164652,442.313910045
29386,14848.5672638
147340,484.696857618
29435,176.146734702
183377,1373.34386808
29389,2099.12986553
1004,53497.3052434
29921,9701.11056796
114880,121.794522692
163049,14460.6289378
66484,447.590257629
12874,1484.19584569
28388,8742.0
183593,1276.38210618
28380,1435.82994225
110760,145.086926605
4186,6657.55868634
30384,12376.0065607
6534,1636.21812198
179925,22.6720633369
5667,854.326784297
109318,156.503037002
147708,14.2881384822
165123,9457.77764643
166451,119.114445997
160447,810.532608462
175978,6874.92984324
4341,0.0
118577,12749.6264485
180711,3340.573817
28704,6805.35907842
113270,5854.19640834
2884,20761.0084964
14535,2865.51840173
2888,21553.7617827
133871,1135.72016229
174393,3114.47075458
174390,4000.36233986
150201,8967.74898956
8611,13553.4890834
66239,9.72325950676
24293,1109.06809152
66235,3024.81988467
30234,2202.06396117
22632,8412.18333771
62016,18210.6451235
163893,4381.73842932
66050,646.136228757
145701,1450.10876073
5783,3295.65546462
144383,253.555289648
66059,18.8087038088
26520,3453.81623452
8479,1800.15933533
8475,7096.43841329
161000,12584.6920346
7566,122.774411825
12472,522.62879505
12471,35370.5589838
150838,9173.79970688
24747,2852.3162658
177921,2841.4560771
150837,6959.98672933
12478,3924.60334921
119173,353.485427401
177925,4752.89522329
61490,6423.73046129
1598,35990.9987125
126734,1136.12444916
28678,4442.63808091
66268,5121.82940497
61655,219.757415136
28675,2.12990465927
61656,8166.73071815
66438,344.013404625
61302,622.115777862
31381,1887.73788122
127177,6800.6233261
165785,1366.84657089
180228,12768.3875498
14401,4099.5292995
28877,2.4397082505
13657,1371.45844921
177124,607.601091399
11482,6104.87615963
165653,889.030634925
165652,2967.05367648
120774,11309.6047338
163948,895.101172344
140044,358.645161901
140043,2496.63515838
65045,772.798582594
3278,2699.41119698
65042,26913.5386268
25979,3802.16375929
9954,34.9988978118
178779,546.444101032
14938,14245.2049776
146137,201.388538141
64130,13925.5220469
3580,497.467504854
25167,2598.01193048
25166,1066.87776503
120513,5863.4902902
65317,95.6292316409
63138,2298.51925402
181269,22244.5802043
174136,861.387778073
12046,502.258444335
64135,2316.72199977
32280,10722.2327293
16597,3635.0081326
166789,0.0
141240,5.86720793454
23111,2499.36994665
161952,1171.45276232
161953,522.381293779
174135,6067.81960197
7241,30829.7608396
12689,254.867887231
11796,1654.27885464
2237,104.442091682
65220,9185.55651324
65226,977.544409941
65228,123.135959611
175111,26515.2624149
65958,24477.5878991
19965,359.100682158
148234,2015.59208917
23753,13859.6952711
3497,1998.02314894
20847,19957.7489897
158733,4369.80306586
25509,5023.19243115
146607,492.959231087
13406,202.197915376
65552,972.807876034
4579,535.283910013
63651,1412.47974842
63650,1070.39689658
3650,6557.61105685
65554,3732.00458775
175995,267.668788709
148281,747.64886548
16188,303.039858642
16689,7535.9835413
162127,8160.72488558
61871,7073.69434495
61870,2183.09649449
7368,8.11760921005
16681,5255.88604499
11669,451.581670258
11465,59855.8726655
24965,9277.2683291
4494,23209.4063199
4600,6002.33225997
64156,1189.70890764
4601,37436.1324292
175835,4184.95488352
2663,814.60965631
134932,717.557860904
27920,728.860338248
121136,140.585823719
27925,398.606442943
160204,7388.53460014
160207,28851.7104832
10353,9.53230463022
162557,13996.1495177
27928,8154.50262173
135425,254.938049174
9372,1050.66619413
62922,4014.19201629
4885,6724.58911178
62921,1940.38770383
17151,16510.7201286
25216,32954.9928421
102696,2407.9795221
158743,7314.42630822
158742,6973.43715056
9171,16057.7101149
10685,0.0
31193,0.0
6809,4977.58243863
25186,1937.90700117
25181,131.008271341
61900,248.600182889
61903,543.834131967
177953,2651.49142936
1823,3868.40675372
10553,2992.37377681
10345,4210.32166909
149379,1271.07482374
12262,7889.00783419
105365,17176.9214172
12266,10356.220932
10757,6400.96813895
10530,10847.1727547
5395,112.502343598
13554,1622.95888645
122841,6244.65455731
2807,2350.13169825
6308,2563.11697516
11805,516.58353105
157117,20470.442052
63501,715.885778856
3275,3236.8232481
160338,24079.8023752
1926,10854.6261505
4225,5607.55157517
125054,469.634077377
160331,2996.72919786
9715,985.817048956
157118,17428.0118394
179067,64.5108718524
179065,4524.70394211
124046,1300.38158916
62123,28068.9223302
116029,766.180932542
7366,4197.9867569
65886,1687.13378555
6829,28.928721535
176725,211.061389613
176726,2.97000333327
11930,311.252965846
112876,8246.48833191
30175,1427.0706474
161798,330.013718505
179249,860.542139918
161797,0.0
133468,2321.02001349
30170,21096.5205053
12915,140.142820684
66149,61.4650101013
7022,25823.3874336
62213,316.488830686
62217,17.7996471442
3310,28.1000121535
10221,3946.80523841
20029,625.994641439
29733,7970.80298601
140194,7246.56588944
9393,6516.47233058
1728,23588.67537
142382,3730.57492495
5581,2513.26349551
1722,29601.6570371
180822,6366.87332571
180821,1519.68967088
4383,743.229944574
62745,326.511492961
179666,7392.09126138
112473,0.0
176540,428.431224562
13139,618.263899627
175163,388.467081089
138321,5053.07173055
147175,12438.486172
178538,869.856120085
178539,3070.83747273
115121,846.123267118
30710,3899.21795891
270989,0.0
30714,345.180305385
178531,6822.62487445
7799,59179.4477784
174490,1820.74702011
3007,615.747791118
138921,10899.6021196
27765,1580.51739333
14304,0.566384782635
5826,651.569051087
14309,72.5716323536
141400,13067.1834899
7694,201.382417397
3144,23444.2481039
174647,132472.544948
174169,212.601892899
24352,64.6595035485
126036,2.10806032714
24350,3130.27209495
183388,2601.93804033
144436,188.644183078
4409,525.57067116
29939,1246.64496363
143357,568.759162086
153813,8120.69186401
142251,21.7890081419
29930,0.0
111000,13830.2199819
29934,5251.9028697
164648,7871.70744246
29392,1218.01733713
28749,736.202661869
30006,9563.72640606
30007,308.570743877
1210,4574.84494672
177487,664.783074561
183581,4372.0
29613,749.32448336
8068,64701.7063303
143892,14251.6179789
12868,6157.38911725
24291,3484.67727501
145552,1997.3305066
29612,84.9285924078
8060,22.0091383529
7486,3960.84570285
7481,4037.64877235
132518,14268.0554817
6529,13962.1208967
24032,47313.8882668
8266,4887.2177219
150937,550.675765939
30398,3969.8398796
30399,4660.9810753
133869,18528.4457345
133868,2942.69304695
174389,279.630764063
29734,4616.99414788
121717,564.114265274
11060,2944.50707639
11065,425.449895977
133866,2801.4269962
23002,4703.31741241
29649,2867.84035079
31629,89.9402917612
156155,856.424827663
156156,271.425709348
156157,47.2874211952
17694,1742.99098652
17890,4644.42743253
28967,3746.50851825
29647,116.289749967
174541,1627.64058612
66061,9794.41255506
114524,593.922866002
129823,7524.40850853
66065,0.0
4087,80.7804671206
3863,657.471273099
144396,2857.63263348
66592,284.852387067
160541,41.1142370478
66597,32.396484563
176899,2770.43493804
177930,26919.2495834
161013,122.059850034
8402,17.0660087792
160549,34.2102960135
23226,1109.16853527
3735,7639.77344014
23224,3275.0230005
161014,333.689291015
177446,326.502043265
3734,7399.90388977
160781,3887.72402324
19137,5594.36336565
5723,42.606225904
160838,1359.50658203
6416,471.167944118
30950,6821.79869408
6410,10534.3127921
9812,256.681222527
61487,1357.13409211
28608,6934.72964408
27828,530.774218546
179662,545.493543444
7772,2912.62423723
66446,26650.5979447
61646,514.704640901
144559,10325.7160555
144809,9940.05735606
8717,1016.29635306
2136,10544.5511208
65148,3556.66732231
60992,12153.9089102
65142,7082.50466755
117768,2940.5245587
30473,13949.0944974
62465,35547.579745
166460,4694.7781439
137131,682.683697642
141469,1254.50923156
5835,13.7831212029
4156,5713.43516919
11259,5142.81983992
60846,10486.9027148
163930,166.930418501
140073,2069.67096999
9299,1493.78268312
61004,3335.57914008
110533,521.599901917
160498,18952.921304
9921,8909.48279094
9922,52.6086777817
165465,4421.47071957
28119,44.661219966
28118,601.641391399
19262,13566.2467855
130041,378.635905596
64784,2168.73331462
22772,2448.81119873
65491,16478.9010298
25173,1652.32141729
16763,4075.27752416
164364,8204.52511864
145049,42346.3013163
145042,1346.33948593
12075,2926.9508108
145041,1568.96362095
145046,2139.40663689
119574,416.457994632
31849,9099.68521886
161942,17167.1331421
6649,1874.84654962
31843,5489.59281484
31846,189.557358813
5902,593.516976725
5903,3054.78834943
165209,245.062015387
65967,9756.96176186
10816,8894.93993739
25774,1317.21685087
150481,6814.82138321
19318,977.699074752
161048,240.207282574
110164,2248.3245178
63640,5036.93259939
106261,35.9272703978
63643,1823.29681873
24825,1967.3323545
12559,10993.4816068
65569,4015.05461075
11099,1915.13466784
65765,118.24280909
17197,1346.97686126
4560,1243.31298208
109826,293.7003222
3647,946.088397394
148476,4644.26501485
29942,3206.09525431
148470,2197.15380375
176479,24268.0516353
11670,15679.9713633
117141,3545.53979731
117142,9324.84100367
64480,28811.6032962
117145,1235.4298936
2556,12229.9981399
28460,404.073762815
2558,5464.27481055
165844,3266.35538523
12788,110.235658573
165846,5002.82790041
17367,6279.89094375
2393,12893.5271934
2390,183.170237287
18358,1262.75439919
12785,10986.0444699
141384,0.0
27932,1582.3006047
63422,8038.72017524
27936,135.260914961
27937,1745.06720224
63551,857.586295011
5018,106.961833006
2771,6184.23815824
27938,7861.57649609
160232,5504.58958608
160233,9825.76043411
2802,8799.13317854
24021,2421.03801028
17148,3276.44344774
25201,0.183076835995
7974,23317.7039248
64360,2409.66282608
7970,2613.22634746
64365,1467.55270737
16785,10333.9219703
12256,387.684409809
116387,1233.37649814
176237,2945.41172569
141037,2212.86333479
12252,845.07485726
4418,7757.05983764
176404,7547.41687182
4415,0.0
118223,26.8905774517
6268,3943.75155652
21186,1473.48847673
119594,1024.98863367
125600,2765.34754665
125601,280.46568033
2176,0.0
125604,430.590676289
17095,4138.32536661
24708,37.6640209761
122902,3695.9260098
28018,43308.144429
2606,13877.67693
24463,13943.5819507
174160,588.951779491
14822,14290.9602473
14820,3071.47235923
113269,855.543773534
14824,380.081471164
62826,3779.88561102
4903,13348.520488
175575,3979.15074915
62592,2004.41866868
62590,1912.71708607
10035,3957.71498548
5125,194.800374719
10789,0.0
10030,702.645187915
64218,757.098280911
3465,2667.81283337
120835,4461.66992221
120301,4710.62281194
25079,130.455286193
8898,17883.2123187
3980,11109.6813142
147639,19143.5462331
62262,0.0
8892,2386.90617367
3469,2089.14746353
177882,6783.41736377
11929,242.248276799
12321,3602.41959288
177881,24283.3163157
31718,223.427714314
11923,1842.50610235
156578,130.713621713
180652,0.0
13235,1061.24986326
132988,1186.36031185
14954,0.0
7154,2820.34092311
14225,5297.74750868
30490,2261.47119201
179231,1308.74204776
30495,1827.63720446
30146,91.1581655929
20338,11.642167866
62553,1309.42787282
25357,10297.0292316
142391,54.3246684927
29097,224.821541639
108664,3293.89547742
1585,724.793092946
27845,369.148931042
29101,56.2622029635
176572,2073.41514174
164255,71.0583705479
18699,983.178089827
17070,1131.25545802
29705,555.086219428
61676,17637.624649
20036,390.962319003
175376,3773.91597507
30540,1672.47381659
164494,26.2986085555
158791,21194.2043956
13124,56141.4041255
13125,8013.65557094
146564,43.1434584228
11811,5112.70244581
22794,3736.79844661
179657,4372.0
15803,4128.66768949
11819,3369.92076272
176378,2569.39454376
15153,1972.83408912
29894,16.7614086392
179342,2539.83468012
179831,2940.73026281
137373,14654.8778822
175399,7372.4636219
109930,534.157291788
164075,989.19977472
24344,4388.82857568
3071,1909.2932427
156095,3759.66158715
28477,1149.30186051
1593,6431.97005095
177300,501.36556972
2950,3147.54843468
14311,2185.5
29274,4930.60702603
2953,419.29587611
31702,5684.07516161
31703,2596.16622903
65689,2203.82342867
160163,0.0
31707,2453.26841988
5342,0.0
175607,1154.59288403
7163,7759.00397593
126020,1.20388852623
143689,307.063193754
143668,2660.38145698
178633,2201.93684063
62107,1076.72875903
183352,24.7840254485
137573,87097.9620941
30032,23052.7509021
4367,4660.97121549
1209,45649.7186866
66686,13553.8202729
12895,4625.46667893
29466,7398.45939256
31521,256.946842012
23107,1127.50326202
144010,396.150615576
164109,2698.24898939
18037,2686.29625583
30671,6773.14908281
175955,100369.187572
175953,1644.31306056
8272,6998.21890497
132502,8760.83405621
28278,1858.5952701
2002,2128.3023491
66681,1739.95505565
63495,2268.11175114
162892,407.816622377
65021,13400.33975
7911,695.947396611
3107,2328.85040378
162897,7291.15745973
162894,657.829602771
14555,1149.71750717
1447,9842.21220691
178752,3586.16018749
175007,2274.35113351
157415,2701.91922222
1117,29.7015402526
30720,4372.0
114956,2018.41890244
31634,5316.35691081
106853,950.178375657
174024,25163.107283
175008,3510.87486612
1449,1704.88874305
31147,4945.46573072
13782,8.20903217551
11446,28.1128083815
4091,2250.22650533
4090,17541.118297
13786,510.114898046
31453,41520.1226216
7526,3195.33509819
4094,819.943814246
22612,225.538039934
6333,76921.7137811
23587,96.5596382753
177943,1259.61635424
66588,198.33374336
177944,8843.40881902
177945,2349.01200742
66586,57180.2636673
111721,12799.7041883
11313,22138.4674612
11310,0.0
160797,18839.0512074
107325,955.985815849
12200,1.25289771994
160798,2548.46026576
19124,1222.84017644
180029,329.719941158
7741,3386.80286249
61673,4857.94627417
142546,33.6748983656
28616,2861.52575382
143283,674.925843843
174449,2522.33284525
64404,1800.38990751
22507,418.862081264
22500,7.25761420106
150258,4542.50512099
60983,11103.7503401
161966,1146.19107771
28806,4433.00238024
8264,28032.8789274
8304,6445.19383303
140063,540.629138268
166414,596.665555299
175949,6721.07467993
6081,3087.26366208
28853,9116.30362073
163929,3840.24798029
61585,1680.89095616
5824,1326.92898695
61587,11028.1062954
61586,4098.8849157
163921,4642.59116461
163920,1336.00185195
160196,3679.97393791
15208,292.671306589
163927,9389.39305071
11264,21335.3958302
64848,13.3692866103
65026,1813.3398104
177895,21.477400587
177896,5922.39913377
160488,4917.85597816
177674,0.0
145729,12075.2525805
9937,18032.8345376
22761,359.204222899
165691,4325.94506349
165699,33805.455933
16775,3995.58437583
16777,326.51383501
181931,6409.53728413
128978,11391.0789593
158313,1019.06107835
25691,596.512479248
110250,3430.03825703
25340,27185.3562195
12065,49.7621201635
6097,17801.9733415
10453,25277.3883699
29359,4443.52187924
121934,5333.86749131
161977,2932.24240485
6653,2219.90016664
10451,1709.14437437
61562,14883.7907179
177099,1581.80929143
107817,24295.5243107
19305,2271.059465
25749,4706.26912119
25747,12476.0062205
127797,2529.14993765
19658,2805.43361752
165215,695.728575959
65971,5654.25919425
177764,1090.04295023
65973,4354.66277271
161996,11572.5831512
161997,603.677643795
161994,851.293595722
65576,43.1918875951
2751,1170.94841852
63639,71.3622033828
24837,14.6568467875
64515,536.901424599
25528,30.1946103086
28940,12094.4658835
266214,4461.35471421
148469,206.028520518
266216,571.109602477
65772,3817.70422103
65771,13.8543360184
21066,9711.26695211
19873,5109.90393637
183822,12741.4318646
13421,56.6024126619
21061,28167.003415
2547,27663.5593097
139526,1878.46270343
9771,2492.46544287
11687,4862.50845955
153895,3094.9630487
114608,1904.41990841
11440,3398.14499792
165501,300.617869114
165856,13988.4398444
165855,1265.68524789
65483,8798.14234787
3556,399.856567124
23006,50780.1476099
64175,505.227744432
12796,1645.50201291
65587,177.166248334
9155,7581.96293522
3581,0.0239835918104
160228,866.620123535
8666,1698.64720109
64423,9897.79198732
8867,341.163085803
27906,1164.68884673
176275,7767.67631213
140938,1840.14150845
160225,13809.2041704
2285,10639.0195984
64194,2357.0913382
182387,5285.47821642
260774,2341.65373761
16955,14272.4677322
16956,4191.02618135
16957,16473.9400351
17131,2254.27899639
260779,7370.47149366
143974,1172.54897154
17132,649.519485102
64199,1055.54429507
7906,14646.3075615
17136,941.999283164
125580,1422.10197368
61925,0.0
114748,10393.8458347
4423,6296.77940642
148313,7820.4409221
166747,748.754323641
111179,3707.94083701
62110,2010.94423809
148391,3505.97048975
148390,570.898960409
64879,681.199563062
162401,1739.65892477
122916,2828.71335631
122915,2750.36939115
6078,14485.990261
2615,0.0
176238,532.509888369
8493,13868.7143443
160312,2022.54634133
163926,3040.56966305
111819,1374.47176172
7346,6.62136980293
16716,5670.43804509
66060,12269.767485
29875,428.023815167
7343,2967.00837318
16245,3815.80017762
1906,85.8241075557
10795,119.070573412
63291,0.0
64228,20503.539593
64690,6357.7125561
10793,12987.0837224
149738,2235.60177729
120824,4372.0
179003,573.268516499
176703,2433.61017864
143910,28813.7259691
146156,723.370085994
163685,9933.21302005
163680,2932.33434478
163681,100.652270985
112254,12340.020917
12338,890.626131478
163048,10194.3592855
135990,3737.51448202
138126,340.416783738
138122,8510.48263187
16480,219.950753276
27875,1666.80373503
14960,2002.98815058
27873,1776.29041018
112819,1133.06203943
176963,1408.22958161
163668,1043.06182543
163669,113.83183681
62768,0.0
121662,2074.81556586
14145,420.827329955
29082,3659.05459625
10247,2082.57678074
9023,3.37742750388
30558,4838.5314123
15267,4654.62088207
5229,5834.62512276
63166,1473.41697683
176567,7626.77128255
176565,15605.0944968
155280,12417.4197972
29710,932.766876078
29241,8132.73191578
11861,48642.6478382
14815,1843.00718658
155282,970.648365877
176361,0.0
176360,329.032604015
176363,17458.9016164
176362,5496.34849646
138341,1000.99577111
175490,0.0
176369,230.733388366
163595,353.646931877
113490,1173.22710916
179132,7910.00859198
15142,24010.7710041
162958,843.28279162
29887,2060.30109177
61206,931.693752029
238157,951.17294486
156953,2864.50110529
162957,5670.44806583
162956,23913.9784423
112721,1244.37905194
14369,1535.33079901
3062,9577.55600347
7171,2445.52645108
28349,1787.55973968
180905,1280.75241112
14490,22.4022235347
23220,930.226441448
138901,5918.33111897
2940,9859.61745532
5357,6968.09612402
62168,34097.7172076
174148,139.058021387
31739,957.048321826
31738,680.523235378
174637,368.252747166
160173,11730.9067898
122266,1485.65888568
112033,14.052034081
112030,62.8624578941
178608,2651.4303743
147579,4912.99614318
1690,4980.65823858
112034,706.761898519
65343,716.869519354
164665,1579.13420159
164664,258.742912771
178600,2278.20361415
164661,6218.17006283
179738,0.0
1279,24916.2677335
118502,2427.12310659
144009,544.029435689
30029,991.781073321
160785,0.0
12886,7314.50809143
1274,5385.69073325
61763,4400.37216995
122380,5301.09234333
14563,2164.25474085
14561,9298.92265225
8240,10061.5799313
137602,1257.8864269
24483,512.168597891
8247,15958.9279436
8245,8300.14516354
66261,423.857913167
24934,6812.00774549
138346,1158.19816001
111064,3546.0931095
62602,21926.6592872
3116,1006.89858822
165675,1689.57663432
162887,9487.3140353
64165,1138.80071579
28543,6306.28840361
62698,1674.35996385
157955,11431.5871545
29061,3728.34288607
28590,0.0
31607,54163.3125531
31462,3028.16826791
31460,21940.950448
28919,6155.99481616
8423,7105.52218005
2595,3834.955609
22373,0.0
66000,1186.34766213
1308,770.048339182
140902,24.8687870907
163939,1066.18728804
144139,4372.0
5742,24929.9482902
136186,991.956771614
122917,356.934363944
11300,10648.2304633
11301,270.048024162
11302,8233.79548195
11304,435.462693562
7124,1862.5828941
21232,9776.81725377
61662,1209.68494368
28620,2847.96802376
30932,3905.01308509
15363,1571.66530934
9831,4357.51637844
12407,2257.13823424
28629,15587.3811205
9835,2144.19893856
110732,10410.4569401
121493,3219.97857342
163594,1275.01954901
7759,2447.08959618
25823,12265.6385769
63058,2073.35461945
7300,1578.9480478
180698,614.819117581
7750,122.872547848
109699,1692.33551537
126417,6227.27597415
180279,3609.17757319
61448,926.894401638
180272,138.46321733
27914,10809.6776663
3937,49.4419582644
61112,5957.57138624
8333,0.983275280269
163916,3356.02194965
166402,0.0
163911,6068.36901724
8334,664.807455282
163919,975.726087922
175347,8305.05904339
61592,643.650378858
179288,6.34565802438
9904,3289.18950022
61591,1585.2998085
61596,364.864508924
127094,5374.29948553
176070,1550.20555172
28340,7.87720086375
24669,209.97936111
175483,1039.7866534
2593,13786.2729324
61061,2977.80865977
5697,9.67254550495
28135,657.628260203
24898,1090.44794179
28139,8690.19243013
61069,87157.1281115
177883,36824.4655641
24468,3624.42054721
65011,9747.11378952
19209,1221.79962583
25356,9056.77206899
177376,8950.18332503
60887,596.378815442
153668,863.088752103
64768,8660.86695823
64766,65865.8159374
64767,6944.98014739
22797,0.0
1300,475.80626776
25359,1871.80124906
13963,1373.53539455
119756,146.053334665
9324,899.832341678
110065,7308.00650279
29086,2918.27829795
183312,310.524850267
117018,1073.81344451
23485,494.537519314
25680,111.449135116
25681,423.29488126
121257,6460.8908533
4045,1962.03242813
23978,2693.78463644
6669,1242.14314192
4040,0.0
230796,136.825398245
6661,1276.43521904
4049,101.937506159
161965,1027.05545515
177088,158.857199399
22086,988.878586807
61285,0.0
65905,3877.99913315
65904,4606.80448676
10877,1964.82815935
1602,13934.026202
16890,8735.79196998
63621,1693.72555418
25536,0.0
17239,7700.06467772
16898,10003.0589368
2282,5964.20140685
24800,1423.94117205
17233,1579.22440151
124198,8917.15992929
64699,76.3883153325
13431,1132.85454595
153793,790.658444215
183830,3727.19278956
124196,3012.77691766
121817,1311.47090098
121816,3366.36527712
121815,168.690602169
162329,4539.2310469
11499,4338.70991327
2577,12361.8438199
2574,1741.02703961
2573,8467.57534199
10905,134.250912064
65345,2340.15975559
6733,18.0251591949
181099,0.0
10903,18138.3272438
10902,2614.58966928
64160,9212.60409243
11455,6644.61680335
11456,16038.1842988
64163,116.497931222
11450,262.394450208
150049,0.0
64166,20184.3720004
21237,5125.82508461
64341,53.1928881135
2596,469.600185792
64344,3189.47538299
9125,262.315386617
64346,15.294690456
3594,3471.90379677
13794,1805.48656328
113140,3067.49907727
10305,536.743619729
27913,1682.42871946
17438,930.482395554
21238,2044.83956071
11315,502.754800321
10086,13.2921271963
4430,15924.2737611
13323,3896.11281723
25224,175.413777745
7912,3308.12488396
17120,51132.1131919
13328,8929.71359334
1878,175.230422543
31099,4888.59628273
12603,1969.41114669
4941,6675.38333759
118081,3122.4853207
138205,6675.64940757
29729,18478.2699617
62501,3154.64221733
12138,2254.19035619
31276,3196.55658681
2111,176770.305252
122078,3045.3849969
63281,4354.14681026
160364,416.902293807
62378,6412.05538921
2628,70.8414229217
62374,0.0727618419662
63288,349.961315276
1919,135560.161214
149177,582.865990623
5109,9690.12160544
149721,400.700421278
63572,88.9045954286
64794,870.988539564
122674,383.366011617
176289,464.830314782
9230,5582.86835617
10016,5795.66346872
121077,5899.68993997
120816,1049.45701395
5831,2634.9765622
143909,509.235024488
2025,390.090890471
62972,2212.43130105
10499,259.437305435
163933,426.934718016
62979,1218.37356182
179782,5687.8802308
163051,4038.5237375
177782,5272.94535262
179783,272.155370204
10277,1561.10085704
108645,2974.02161165
163931,456.772487847
163673,1041.77945627
14790,9795.8776324
14793,9407.51365346
163679,7675.81261588
163678,1972.75818855
176914,10587.112658
10278,112903.883845
121673,19652.6850772
125315,25077.6777551
5210,30719.1294513
125000,1312.37452109
29246,1971.55382847
163935,3006.08369655
20548,23813.4640113
14027,4392.17776058
64193,1616.9914274
163586,3794.31638994
29278,28538.0051122
63172,1150.32409249
264265,776.931806505
61544,6055.18756009
14592,45748.0942739
176594,1711.03937229
21542,6815.26660051
176592,5439.6946624
176593,4146.71630039
63178,5505.44268012
176591,1780.25622248
11872,1474.00142101
176351,2376.02661968
176353,10298.2316036
112626,269.282082788
11877,790.813719745
112624,89.4170022544
133726,467.418001551
133724,679.261426512
142088,1607.79374719
176602,6813.51238538
164471,1721.41162148
179360,272.22677166
179361,2037.48682438
112759,180.294243946
164293,3190.89193295
164290,4885.44275526
31673,29009.851003
147101,0.0
142460,2780.85711436
65036,3032.43829127
30231,15485.8718621
126010,47.138385788
112754,1101.86438941
11976,238.616949591
179690,6279.09634316
165466,4071.9148943
62626,687.359146794
122520,282.397568228
7107,0.0
6865,22776.9235229
14370,23245.2884782
122778,1691.39559668
271794,1548.48620467
166230,29.0477320021
143526,0.0
176282,120969.368488
62396,0.80197792421
62391,12797.19246
28034,19839.5184319
1045,119.070573412
143605,17342.656072
31720,10893.4118017
166623,17831.2397337
62399,1295.64800492
180109,2008.40713493
178847,5918.72380405
178619,12594.5961272
143356,831.141146635
1686,188.803697612
164612,3412.12914427
5439,3645.90915719
164610,114.00163084
164611,1770.44541847
17861,1035.8001391
142260,2751.6538586
30059,57500.3214881
132525,12136.3450088
14163,6.34565802438
264713,2046.50277414
8253,30212.2624257
61589,2321.10372474
30055,2946.92047147
1266,164.375068352
62575,1334.43833159
8789,2742.28755469
24491,19314.6325944
62766,3927.63276702
109599,2296.96639537
143640,416.067952808
31616,4310.95841806
3129,2668.56076395
29698,0.804001448021
160417,2476.59960387
174049,195.728118227
3126,319.797588234
178507,23439.7084738
29052,6586.28431993
137351,794.278253678
31778,583.017893333
1468,0.0
29055,4271.88863196
115404,72317.1467913
183247,3281.13045398
144727,1144.01811641
115077,337.700267887
8431,1829.19453654
126318,4.31273915774
137232,7288.40937516
23768,221.222824583
23767,38332.670246
65365,5364.03030506
31477,1050.29176906
66016,18452.3324505
6338,9906.45212517
28900,19464.985159
164708,1624.30445818
5750,236.599805575
12433,102.210581876
24782,1447.58064678
147638,13216.4990127
165053,1211.81351284
29397,1102.20049918
160571,17709.7211091
160570,5017.01576594
114370,3743.82473296
61610,0.703638116958
15197,16079.9002775
133949,57.2754707568
5594,4528.45475203
5597,201.520490707
162988,4676.3025014
105936,4794.34802243
133944,159.501330512
133945,8437.28914361
183799,2751.08370435
115766,2331.8474496
178767,36576.5668311
110728,19.9110994044
175983,0.0
126775,63.0777378628
183797,7143.36272279
61439,7475.52761431
61129,6117.14975625
14386,34830.0044824
23812,2190.27873282
164407,1517.81641088
61121,971.292119504
61435,6859.55927751
4807,1797.40628017
66708,89432.7688977
66496,1460.89869979
25376,443.503228963
166434,12921.2708006
1230,11937.1242753
166436,4949.01892701
166433,648.201773996
4128,66.2097374286
4213,5796.71160258
6216,5529.43627726
24678,3709.78785271
8047,206.789411488
4127,11214.3645581
4124,4518.26281277
65009,44763.471922
7437,8639.32509388
61725,25.8461012431
27780,7741.91804432
61055,10950.7997357
61726,1397.43523913
5680,0.0
266165,2422.12770334
27786,2564.25963595
25320,11674.7599093
25322,2259.01684799
6386,0.0
62977,4637.37351939
60894,2102.29944596
10498,743.368302617
1239,23071.0221695
148531,96.03696854
23945,703.164642631
23943,3763.98774973
176256,507.490922261
23940,45.0763756867
22144,3051.601098
135004,0.211963468812
177744,1837.53247729
177745,353.241883918
113491,3849.90167984
4052,4614.30382574
163879,176.51689724
163878,16707.1146032
163877,2026.81778155
11514,60.7155262419
23852,1086.86656179
11511,5618.79793683
11513,8049.94277756
4058,448.789240914
110387,299.508652031
65176,3726.84002306
5978,12347.3328499
110382,12468.8341359
128098,870.330672533
8699,4934.99134473
10860,2894.72755901
65911,2223.38905994
10867,24635.1591831
150279,4841.16120852
150278,2208.46352938
21828,3153.35902341
150699,8298.21623202
16885,748.612920506
116284,3058.17385369
3619,395.924301558
16889,3422.45592109
179586,2641.38843797
2295,1810.6549816
25783,3869.07801651
65006,5112.08183454
141198,28556.0476602
25789,936.048222339
141197,2741.18375272
25030,11170.5518724
148249,3768.82450169
10813,25549.3088698
162338,4489.60898604
29736,2875.19436286
141359,1384.43773082
114628,13016.1295511
162336,7853.81168849
162335,0.0
10916,1554.23580247
10917,969.547385775
135044,3832.6371397
24922,1363.11278666
24925,15507.5075409
62057,6070.79423787
7291,281.728752367
17115,1929.33396876
13128,249.695090204
8512,3342.95276702
7923,40901.7234964
2581,555.861650247
7921,53.1831556793
14794,342.707378191
11694,3533.6445087
64408,4474.85863628
31483,891.890949505
2589,30181.5920837
1860,942.996346459
13353,1523.8063536
13354,13691.9422275
4448,117.785809361
164585,3342.6486516
64867,1890.54180034
176169,7918.83918661
28712,201.213607836
13597,5492.9849432
162584,10019.9779781
4685,16359.7116479
163118,22.3953165207
4936,120.230426076
62897,23.635641981
138747,2168.40490466
163117,2403.82849961
138741,895.038267978
13599,418.458409249
163113,1902.19326683
25978,16193.7334782
140821,958.291097463
24810,4086.11221408
6502,12731.6138009
2101,5742.01576124
151078,1630.71794309
13013,555.260123787
63814,21771.8210876
160373,3272.75553948
5116,4674.04381958
63543,1742.3689657
10002,6003.55138127
125014,4429.25437832
160378,18659.3204328
122061,643.849877757
10008,161.856888583
176291,162478.379903
17061,3935.71102484
5256,2818.71799032
9599,699.725271099
20791,1931.12714983
28256,1651.53377881
157153,4878.02397239
64568,1177.65086867
17069,159.565808252
9590,5402.14822593
176760,12190.1903918
176762,18284.7538684
176764,14618.9870403
176766,4009.86862167
176768,46008.9636046
146171,2969.04339227
179027,634.163337189
158473,28182.9507281
163069,3963.46537313
162517,1874.08328911
62967,567.078631947
4844,3637.7632175
4598,357.0430626
10484,532.401551021
4842,6757.60624894
4843,1444.53820705
14908,880.726726595
63724,12914.2487209
179597,0.0
112295,894.650644066
179598,258.851803464
10550,11441.1222244
133424,3730.60628567
5254,1367.48419108
10466,26027.7011677
29265,557.52952925
174729,5126.92625813
20570,0.0
5205,2062.09491818
25870,16675.9347331
17795,890.904997329
175153,9750.30310924
62700,1525.87482378
29268,7642.39226072
63383,293.149394085
13062,1428.36243893
121440,352.752991173
264270,1898.95808797
111974,0.81917416514
175127,1151.35105785
179110,2113.02090366
28490,1557.68079593
164266,351.914131882
62494,862.703235705
62382,645.199120255
134026,64409.962875
1539,362.845422396
18533,902.599061091
176343,1553.21999342
13174,1708.90339244
25108,591.117954344
11191,3749.39839308
149618,1073.98091437
108188,0.0
2960,2476.86072414
29868,26.7628438094
14340,0.0
164270,5550.44011978
1783,0.0
30222,2019.50551089
2968,4352.97653194
30220,0.0
1613,15862.4925982
62634,74045.4305724
24466,77750.2871616
7117,1296.42547371
7116,71.2593736539
24318,3645.22553968
24316,1026.70962072
21429,8216.74704835
17641,1422.96444451
108740,1136.9885336
176350,10305.3464561
29461,0.0
5379,101.204636828
183324,1971.6170967
1078,1315.9942739
1076,184.052000536
3643,2227.52031804
1075,1119.75915767
1913,16525.2843968
62388,134.783536639
164609,80573.463928
179202,1422.47227168
1678,615.502841121
30137,706.676039328
13003,4189.0386974
28819,2299.60773596
178371,638.400168066
30138,14013.2182903
179208,19972.3980482
164607,794.517855286
164606,0.0
1094,3476.70812879
175004,1048.93315549
3806,2305.98177415
175900,5166.1479944
30822,1265.07372073
175903,72756.4192515
8229,7009.5543785
66393,21026.4304634
9411,7084.54403423
11672,190749.015906
118525,6040.94968454
4331,11015.665371
29151,2013.9512682
65590,244.582261553
1050,1921.06058195
109584,330.991112273
178976,5691.43894128
23291,8226.0924558
14581,276.152359768
3138,4556.74871998
14583,761.530704018
178083,20414.7003774
174053,2477.90447047
28022,6573.5364045
174507,952.297237489
160600,9498.25993635
20202,74.2814604352
62055,66809.0299482
178089,4050.04698354
20209,10632.8140283
156933,6683.88603828
8348,20889.3179107
164046,3.79786670458
2490,49285.2681889
1410,25.1712055848
165993,12810.5530426
29040,2277.76152569
175055,33079.5168575
178676,5183.37480617
164296,4893.20936112
28938,2924.11426129
1327,2418.58464677
133547,1632.63207668
28930,42890.5233015
23776,4245.00321433
9850,455.023933738
12421,22460.0197885
137434,219.836055609
15343,6518.63901064
137432,2610.46711658
15347,1957.89924991
12428,1410.6509793
23577,579.822925914
5764,604.232830979
4201,887.606335745
5763,5133.20638267
177975,118.723485012
8133,81888.1733263
12789,0.0
61600,5808.79323185
5568,208.987964026
183780,1693.99486825
62139,1027.70948446
61608,193.820343861
5567,2295.082723
5560,1857.80142853
177405,259.381082392
1257,1371.92867678
1487,11696.2075091
24912,5260.02293312
28338,63.0425220316
178798,1748.89872052
180679,2516.67371139
7733,2108.63202641
178797,908.207304475
11220,2382.29083714
63520,1205.35077033
111629,3330.75665745
174470,12473.3563532
158414,4769.98970663
6437,80.7233805005
66731,5313.47115602
142462,223.074649121
126434,55063.1572003
174876,5359.86137889
133288,6523.0924652
122257,1608.81826839
22221,14824.1803599
6435,8874.8310579
14489,3043.55659078
8358,34136.2779241
4115,4061.9210282
6730,350.511629417
162264,519.596874154
8350,12672.8004223
140030,930.881651944
17245,2618.35794266
8357,190.775273128
163891,3428.85169612
177576,113.479272632
164116,9.46183922509
19049,7962.32253226
30312,6413.26884891
24440,381.759354158
24447,9821.26569713
7422,2258.57285665
126322,2355.95417422
7420,0.0
127234,2759.57976981
27790,5697.52224555
61735,4606.29988573
28155,472.412660924
66029,6012.43563909
181290,57.4215738037
61557,8795.87988818
25331,1022.53352125
61552,1893.44186042
7106,1898.25940749
25334,22720.0077731
116526,434.657159216
65615,951.030842492
25338,41111.0310792
25339,458.727492077
62919,577.671921553
145080,3173.77255301
12635,7548.0130486
28518,535.833165427
31887,5046.69704375
19057,12187.0067536
117034,768.719381197
117035,594.970903762
117036,876.64846646
65290,5115.56228459
4060,13085.3767985
6867,3678.3298389
4066,11741.0220377
23793,1189.28445349
14150,589.62376632
11509,672.444756361
11506,2554.73493281
182308,33256.7912807
26246,225.010674295
26013,717.683688934
5786,6104.14442929
177996,188.473285527
65105,4475.67275375
65106,1746.73584964
120656,11700.7621913
65108,2311.44757363
165734,3884.6846606
5788,5469.15521202
154760,3022.79834398
127439,2451.18862675
5918,1247.03331428
3607,4822.86062503
183812,11477.8862921
63600,4486.50962137
19538,2076.52780564
65796,2035.40148495
63971,1656.85462335
17780,211.328528472
12189,0.0
16637,11235.6331682
148239,2583.15159702
9465,1348.38595895
157755,569.642615731
12181,13603.652722
12180,3787.69177254
176017,575.195086819
164755,1474.47085921
182788,3329.43485775
6115,415.596591447
6116,2650.38032077
6110,12479.1862808
64745,0.0
10920,7188.3988229
166197,53.7861456486
64741,3957.75313624
165880,6217.21661005
28145,2798.95048057
109621,3437.52430032
3905,2832.85252576
3855,133.108621337
7281,2948.920925
64418,1637.53119784
17105,8578.00765972
17106,1184.8981804
7936,4819.80689354
10894,273.082182971
64410,226.556604717
134384,6463.59834621
13342,2374.05549658
16989,1488.03926476
4450,1196.76310951
254096,9054.82793154
65430,2622.69842366
17145,3355.92301245
118264,948.197136341
16981,12012.2681061
118267,5959.0858781
7977,2772.61270782
16985,8511.95414052
16456,4753.99085858
13580,369.617735989
4690,1254.95190476
162457,1465.85879197
6737,116099.409465
148349,23923.2989202
4699,3921.42509356
163102,402.671472784
130040,4075.81278064
162459,2096.82711679
154434,80768.902296
1682,2267.88655422
11721,1214.40140539
154439,6.13261058815
6025,6694.93059473
11729,191.398523534
121053,16959.166259
6266,1564.06933952
155754,10329.4467618
5165,1031.99508547
63800,63.8303666511
6223,3503.04513762
62823,927.078758896
160340,960.755098352
160341,16223.8725249
138483,49893.1992004
21499,85.4823265504
17074,1539.54116598
16781,5925.47703514
17076,1368.01206273
138489,1354.51863581
9216,0.0
21496,6913.63883639
64254,412.110537159
17073,228.841440558
3429,5132.47353329
178610,32.8250516427
20488,141.873907511
61494,2828.75155001
125595,7391.5686196
176022,711.958949658
120877,3615.37588284
3424,2816.04929863
6334,2727.18951315
6335,2143.39060588
6331,13763.454496
9698,17519.9839362
2005,4523.03817708
62954,8031.9905027
13341,8073.58023502
165124,16.6941849428
14170,705.395703697
62732,106.99985533
14172,4818.42810475
62730,9508.62263774
27886,673.086473406
10297,520.066012657
264391,3720.25715692
27882,3573.86378038
264397,9.04412655009
264395,277.773809802
29211,3218.32324938
63029,2.85598920694
9555,89219.9615629
29217,1036.70056093
24040,1678.12921924
3026,1789.74011911
152170,3034.85154229
177654,1964.59143197
175131,20181.1221664
175130,174.265016841
166569,2172.77220677
62990,21215.4171817
164126,1585.41580623
160293,3925.73671201
6066,53267.2194333
10581,4066.63481369
13169,6.68954524051
178003,7547.47990849
13163,19.596209374
8901,755.266440763
1706,0.0
11856,1526.06164236
8902,2396.28581405
65930,140.429064217
30219,204.616584099
157217,3135.92603395
14359,2703.77516251
1794,157.744800834
174663,1829.09241006
6848,73.5976466798
11538,1767.92807428
110039,5171.48483222
17919,436.835537857
24302,2939.29156302
24304,103.812808145
152008,2529.83661044
6845,8486.90421086
107755,3010.36556856
164633,306.126788271
30697,1735.08701338
5301,3484.31945199
111940,3558.15230555
29453,798.888950853
21440,18980.707586
176247,807.703979685
12096,7.41239523617
13011,2202.89580143
106418,3066.91839526
157634,261.20609423
157635,7840.50985011
176939,450.208299619
1661,13116.2994278
176249,1995.56017559
175913,299.399605092
30674,13223.3411054
157855,26516.1632502
156859,2232.79505823
1082,25.4275494237
30857,6508.236277
4321,13986.4814961
156857,2472.64559199
4322,2401.34029631
14828,2928.94607765
133432,2223.71719764
12091,3985.12690957
162809,564.44085165
2829,6516.99464298
1526,839.099460268
14597,634.700736828
24278,5639.37316009
14590,5697.24537528
20217,2146.53035088
178097,3574.36737095
7632,278.259076447
174066,0.0
24725,1076.7574399
7636,6635.30585216
7637,2241.65571749
62046,2162.22666723
136884,8654.05320754
142337,2430.83526298
5218,20686.8483059
9699,842.738311903
157452,27.6828358814
29032,302.415298524
142339,787.975940724
165728,30.221430532
28152,4538.45657712
31418,77.0321614204
183446,2153.5874291
16582,2792.00327005
162733,3589.54962454
60800,26157.0677193
122273,423.078071081
6932,5555.84323201
147658,4072.54669402
6936,26.1591455776
9846,607.412913371
8694,7681.08112833
9849,1154.90791266
8123,51.3758084126
147657,257.788332482
8692,1048.25670815
166491,145.436769387
25021,5875.92069088
61635,1159.05864727
178892,3276.53245116
178896,4373.71236653
66654,4002.22095214
3093,3072.72710948
126555,160.147741902
126554,33131.2309435
1533,8.96408056731
29143,14261.5386045
114829,4735.40887394
10787,4430.80048435
154757,3962.66645496
28322,21271.4807854
25874,2433.32616435
25877,782.12122768
136265,746.247300294
3121,57.1872699858
66728,29375.9381149
180083,3996.58839127
61380,13988.5891563
23898,18389.1833177
22543,28.4691176556
126423,2954.7374241
61388,4863.3521936
9317,10848.1202293
2352,35113.9842732
31095,442.610626763
177697,4800.87962266
63645,1515.87500356
11228,0.0
140023,8276.22415655
4108,16718.6003539
10420,5587.19401396
19932,1592.01920085
12568,0.0
160913,137.041390415
155174,31041.0954895
15240,6.32689619828
31674,1863.9402988
177031,187.972183038
15247,40952.8994955
63511,1953.25629686
28924,13023.8138395
174317,2151.88801988
66032,10977.1741605
25906,162.295206335
22306,8886.15737762
174313,5277.6393946
174310,924.787475575
1634,8941.56985028
61703,973.34138333
183684,124.301887137
180402,6419.40151499
180405,2730.35885805
3897,15678.9672856
106589,173.032054596
117026,3850.55610856
109919,755.971487851
16531,1118.56183352
61567,2278.12625326
174282,14703.3639053
117020,2029.48277268
25655,525.045910648
126136,19925.1833649
175741,544.600799516
16974,1221.69630428
166562,21581.7550318
166563,4336.60206352
12621,12921.9875833
6617,16.0255865999
166564,3993.7049009
12625,8064.99997723
31895,9696.12223355
65607,9763.77288281
179017,1500.66463139
163819,4372.0
121656,10529.2898128
148169,318.540715612
65286,621.588577558
282189,859.585019688
65937,0.0
5959,629.569626535
13765,55.0378745069
4077,0.0
11537,2402.39601617
61899,8702.78235413
11535,6969.48651212
4072,10367.3142327
154758,475.329285304
61140,781.954531598
3964,5114.87365998
3962,5021.09446021
5792,1069.48965231
5791,5543.84756293
177216,1196.18041145
130200,103.119169322
180249,1417.31388153
60942,24.1688031362
154755,1307.76082849
165723,13021.7564976
61418,2.42558679808
7152,3763.4954163
266316,2060.29446444
165943,3032.61978034
31574,82.5300488819
5087,39.6808483519
63605,29919.6690503
111581,5.74281354338
151928,3335.57914008
148223,852.992477511
65739,16829.1889279
22053,921.159743871
117115,71.9709916541
65732,13.7871014998
162076,0.0
15364,2517.00937722
266257,6706.04627861
22059,1789.27080032
2345,682.349666441
11051,162.627386065
109181,0.0
6109,5206.69061241
2342,8482.44857765
140759,11638.0881233
12757,2008.81056575
166366,106.575332862
6104,12430.3092058
119414,7700.86397465
272699,1092.0497575
182791,4739.22084213
119417,0.564601961112
10938,1719.52371944
61122,2641.08250024
25495,27444.727003
140979,5268.7286819
63700,290.402192178
25274,314.186685694
63707,1674.66430158
155133,1179.91817336
63708,5923.77681228
9445,2840.80993442
140977,165.920967924
161869,980.077658925
24538,35.236135305
3708,536.096116933
112362,10241.5603363
65421,11518.6925038
4467,6917.43610174
7959,134.718411854
1884,5722.11693481
4462,397.15948455
3707,7618.923429
4460,21817.3374113
17101,9645.93221288
25241,34013.4386034
13579,7516.80898277
2124,397.988758279
4918,8177.4927845
162449,3017.66755148
162448,9998.83639628
4666,20771.4459892
13570,11446.7234195
11925,5921.8710973
162283,4237.90279281
12756,721.529136552
64088,3824.74072291
17269,655.303809669
24878,14.9061707963
141720,4982.50466921
64082,106.683029376
6034,0.0
10063,2561.18030639
163884,4617.91564019
21487,80.5754637463
105670,283.722249353
9203,17087.3995367
5179,37.0998902962
24783,149.263501933
62549,8985.54172272
3416,5741.73564336
8530,11074.7768039
264416,77.9278641596
176973,1496.35655683
20779,8917.71840695
3413,868.135421059
3410,3357.34529869
165052,854.307163615
182307,1287.80674837
135805,718.130519864
165051,102.215648245
21374,297.886687632
10000,6650.83213764
146354,125853.161345
176035,1466.55484143
12379,17327.9614723
15293,21.2524850207
62948,1708.57825076
63490,8341.57564142
30188,2332.31762108
1072,143.389555686
65609,1688.59648667
12171,513.922550763
135484,911.389693962
4860,4766.86379224
162064,309.297251838
4864,15206.4458975
25711,5675.87362539
151403,533.36196053
113362,20565.4759092
163629,6463.86802751
7938,542.801192209
10286,4170.16075279
14108,4927.19805192
179577,185.950556075
264385,3844.60632238
160809,1141.9339884
264387,5791.12951554
112410,3041.31094513
17715,36743.1230737
181617,3596.76795911
9664,103.158381972
29206,80934.5868857
125360,329.16326564
10115,31745.4932869
124038,8683.56850631
10443,220.182863493
3562,3272.90425577
148772,11244.6441611
7257,111.223193224
7447,436.196179918
20019,2484.5438377
63120,3501.30528451
63123,5972.72196694
63122,167.185149401
182015,8641.76315572
176639,17515.5715234
25719,1948.80572901
4485,438.034705478
1439,4209.27715254
112618,37517.7125537
10597,561.195375503
149082,76468.7850696
10598,67.3061487163
176325,66.0561269487
126046,764.831791512
29099,4810.61503172
7798,1360.71026222
15199,8287.76622594
112168,7726.813339
17908,11673.8040355
7138,34229.111594
260737,653.056803406
62618,4.2693211475
122519,1791.28209786
7017,6899.45859375
141389,17286.0217756
122515,369.424664648
14616,1045.91085729
179974,328.189004402
157353,611.388679026
29448,6312.29009712
29449,9562.39342369
178310,10649.2373429
142230,2093.37429749
164624,1088.13521683
5313,2.31452699935
178319,8465.99540446
29332,202.20153548
2856,31991.8437564
29446,716.835240873
176255,68.772772558
18241,7215.70846821
176251,5982.85357679
14296,20.6183076727
157195,0.0
176928,29124.5115267
30443,25714.8907977
30666,0.0
15521,2412.06889764
133885,755.945698876
30662,5878.66826761
30847,146.35253303
178799,2450.69334292
116586,253.176984407
156861,1203.12198361
147792,2472.02874571
164155,411.509752794
109366,2978.64048517
176118,7462.90783426
133888,1429.09681855
3153,1149.99787939
12992,0.0
121713,4358.66859961
12994,1082.40989758
7620,1670.37852706
126772,2465.88854393
112095,1585.40628204
28795,658.169869391
3158,5243.82226617
25950,2098.3779944
28791,20065.9011924
1635,1382.47915376
183793,755.755950114
180833,3800.87909755
3394,1152.31027178
3399,54.7633807727
64162,1894.71368081
1981,620.595785971
122355,17573.4440793
175079,173.51778853
28323,491.576625841
5408,3535.11681362
29028,3046.76624896
136725,957.218829227
129469,2759.60265475
129466,678.38206774
19807,0.0
164258,1.15672593043
66281,7168.74166857
147660,539.225847805
147661,83719.0906935
66285,2541.87712121
23553,1932.70172952
5234,7851.47501575
66288,2365.84097071
18110,2076.0274842
65540,0.661962848278
15414,4591.15945143
8113,10948.3794165
15416,0.0
5237,17443.0426166
13375,6496.61937641
23084,16433.6220175
18307,1283.98911496
5543,5184.95949931
6522,157237.944345
29156,2697.14988726
111864,2077.0968568
29150,1912.17899562
30067,21208.0552561
4273,422.895902077
175674,1842.12204374
25860,1638.13200812
137024,9121.81909273
31336,248.125990821
140757,7790.29804146
158053,4198.19965954
61399,9500.4389596
65050,987.776031475
22207,174.248907348
22205,112.49045
29870,1867.75066548
7506,11908.4368456
8577,1079.63682552
3946,1435.34497293
5899,1512.12410752
11234,5033.72400025
13800,3117.99681904
157414,2369.10288436
28176,2003.17568331
12578,2206.22600905
175157,1772.27082505
139201,375.329073192
61712,1246.18335297
15252,529.343758073
15253,1229.24195115
12576,5681.27477158
161055,7423.59116684
174316,6193.89119955
28775,26394.4317062
140905,13838.7191031
25915,3075.16066142
7409,20648.2126048
28770,951.684240594
64915,367.030853954
7401,13729.5969599
61028,587.228540444
25918,0.0
117903,513.459886493
25318,7059.7017724
18040,1345.44276728
22447,2203.17758107
61574,5108.8666786
61576,4632.73279756
25313,0.0
25314,10081.5551508
182491,4372.0
61572,1774.43385139
148350,2381.72588451
145228,1988.89411891
163822,908.69316093
166435,2452.40051455
178529,277.299248615
12615,69.7230491012
4911,479.797086385
2831,8301.60520398
119714,4230.50642285
4001,5813.84104462
179428,4294.56659921
9919,940.695591186
13714,8349.05161144
3971,3837.2407522
61153,6938.95613218
60979,5967.6057981
24731,2754.98830304
61406,164.78350003
61155,119.309046348
61408,1565.60189329
61409,255.5745565
155614,93178.7513196
177206,7065.60630717
9898,271.183164844
30646,21010.2399905
182701,5905.76222583
61885,1692.64450591
29955,19286.5191888
61880,256.023729565
65702,20.2197097952
120456,2463.23299696
165979,0.0
181104,9758.16631168
2818,15498.0238291
17180,6403.30044603
154708,1393.43712134
141363,13675.8918786
148219,110.081300994
178834,1497.98632244
6528,1148.18494762
18329,7518.81715223
149318,440.964591401
13623,185.755097652
2337,6933.12445911
17184,1895.80364116
12761,80.2167497171
156153,3009.77574724
140760,317.198354522
140761,6176.68291631
8219,1409.22751825
11657,102.929419195
64891,2638.32484484
64720,4200.66521667
1995,4455.79841582
25481,971.145873574
140565,278.290050128
16477,7030.68174153
177884,1723.06700371
112774,4248.55759908
9472,124.300076487
150221,1246.85128228
14252,82.0005078684
29984,43.1918875951
141497,1625.42000567
162385,220.71782417
116895,6198.77359304
116894,2427.93029141
141496,1144.8006752
176138,9129.90413612
166583,0.135883930098
61976,1303.03443232
62723,1906.72707603
4477,16397.3519699
24996,1724.73769558
142945,1558.32167049
4678,1093.42809243
4900,2579.86127718
118042,7275.13963441
4674,21547.5541162
13562,7249.43940433
118046,1931.96706931
13561,396.697516307
25627,9927.50669285
28641,0.311729481192
153191,0.0
24844,235.421865825
162272,2160.26058238
63959,169.081232954
24841,9210.50471016
162497,2136.97000123
9273,1285.35066839
64275,40.6584027918
24197,1022.44432115
5149,658.076487996
24198,856.206022999
20109,8103.04501251
5142,0.0
124775,27134.1847696
266163,16544.3574284
156617,4075.21949811
149089,2975.45094911
129840,11.8404994507
2811,16101.4264174
180466,3940.18949301
63000,407.353870524
135844,1273.57560281
266160,835.663865859
12389,27041.4678382
7435,1262.18890406
10349,332.692345472
25731,0.0
150306,13530.6885803
166005,5365.70733627
12142,3652.26130426
12141,4469.67562911
12140,26542.8757771
10615,109.568248326
10614,350.373728689
6314,8.93760570228
152809,501.857348218
10618,0.0
64389,6213.35776265
182309,499.26202224
183366,132.945770176
7161,1954.45856076
64063,1220.46808902
62288,456.425287419
133366,229.259581291
133367,13110.0
163633,121.287883343
4926,579.681323093
125358,13957.0747626
113371,253.105521759
175689,556.016112051
116531,386.715859992
7228,2622.27474234
10121,1227.79809984
175686,13121.4635575
9302,178.094432655
10124,4372.0
164432,8271.17801089
2820,0.0
13142,14371.286599
5071,278.587514402
133766,1679.37380443
133767,630.592485267
157058,2250.80374719
158736,3287.29121787
157057,504.765996114
133768,2578.70058864
175110,1290.04035319
3570,794.980419329
63135,3086.60380167
4497,8618.16382749
124050,2245.70857339
9783,5072.86861881
17168,3214.06692611
13380,1028.50780404
13381,2206.69749026
175424,2762.88914639
162129,3503.30094136
6821,4114.61796337
120794,2055.38593718
2938,10683.8568445
17266,14260.873386
176862,1876.53875071
176863,9300.34194732
176861,1377.75877619
176867,675.331005539
133504,13375.5536324
108778,11.6957907299
5327,33.4919551316
7849,468.828865738
16845,853.365772745
174648,1196.63258029
10540,7693.35618322
179417,11.1056195198
14606,2053.33931342
66599,879.90335483
11896,1554.7612204
25047,1911.48622535
10549,360.013115569
14603,1725.10666789
62667,5129.38618232
62666,2250.66953542
20204,2035.70491426
63224,2229.6452835
20185,0.0
178304,0.0
65718,10635.6597704
166368,18.9274865586
29300,7321.85264268
115757,0.0
29304,3595.43692758
14282,35992.7422437
14934,1806.60978114
4881,3194.74540242
8810,6875.49279477
176268,19211.5387143
18276,8959.77186763
133166,4769.90296022
264629,2038.20999405
30477,24561.172022
164543,9307.93560405
13032,9.05957540161
8818,17064.2026714
11094,6200.9341956
8079,17556.6440444
30651,0.0
164365,1166.10475271
178943,21068.6501695
164668,7800.4781377
179437,221.74593846
30877,5437.50116773
8210,334.370830671
8213,14277.9233976
29946,142.99902323
8215,11956.4907219
8214,5760.00715132
164368,1626.15469483
164369,24702.190925
10840,0.0
24216,0.0
12726,928.240555863
7658,11.2503112483
12964,316.32921235
24219,9076.79853605
28785,681.609945905
162876,2733.21813163
5432,72.0486332708
143153,2706.84895366
29015,523.821107438
62266,7140.69203216
7092,376.293577308
3369,2627.93492809
62263,5373.93640142
6326,941.614075219
20237,2652.41169394
113093,4591.4976804
160657,1541.06476947
3362,2484.93856349
31203,110.491600533
29830,670.840140756
25745,1151.2148335
178548,2410.69106858
10658,6.70071860369
29837,2207.50981036
149437,635.536524453
2019,2789.03057326
136864,1109.88364845
178545,2151.22345136
2403,9843.64276178
13962,68.4356620478
9815,16802.2656516
109683,4584.11233149
8101,4382.25492464
163977,673.983520754
4279,6719.06791248
183421,1046.7481857
66290,0.5
1356,2800.9358694
61489,17082.6306286
163946,3260.31842376
177739,1318.19234296
5559,10896.5233217
9867,923.020691196
180646,6741.42974155
163587,272.0363511
25852,750.446498903
28303,4120.48193265
3502,7039.04587114
25859,2622.75513696
146500,5770.72898231
66630,166.198114713
176637,18143.7587895
30098,1549.64408368
29165,0.0
29164,1341.00521024
8582,411.830015591
110802,0.0
8363,3666.80466582
145308,1367.5244774
144520,15974.2475097
264388,0.0
114484,2757.48189808
9063,1264.01407461
12815,5932.48255881
144097,3481.04823309
12545,282.462733519
12544,7327.8377157
179441,6770.69973999
120297,7496.07542146
15261,1939.25833928
12540,19723.6315892
5888,2955.19557077
12818,201.662803767
180423,6889.67539518
150277,6388.59394591
123017,81.3461526011
123016,6070.49196492
15060,1079.20018334
177838,52.5900650056
61766,309.628461447
28168,84271.6222256
165411,1824.11681086
30899,0.0
25923,1496.07614748
25922,1258.01297079
25921,69633.4385168
28765,7249.43803807
28762,4888.51486291
145416,1333.54033049
25929,760.021626975
24436,3324.29921573
22325,6475.71308311
28769,1580.75614539
155738,393.291979679
165854,1121.75672401
130298,147.195630033
160961,132.746932379
19094,1124.12250633
25972,0.0
160592,526.928399237
3969,417.738503486
25676,7039.19145097
163627,4699.10931771
6639,0.0
11550,1436.93233639
18654,0.0
11555,3913.50558776
11554,2603.22807776
60802,4536.65167717
23450,257.955301538
264386,5978.43392867
5878,55.5021987503
1440,920.454235448
141982,2534.20175181
9667,63.2871837195
13709,379.705364984
165702,5689.92511444
25396,1066.23139411
177780,5114.02716753
161067,7779.48538543
13700,281.01890338
154739,7192.71402228
11399,3555.77456535
160598,8288.20182763
30277,1638.08893179
19433,1428.87251876
151544,2598.47177897
19431,3022.12780947
9882,529.270992264
24720,0.0
63244,1296.64930148
65133,451.988656375
61163,1710.65691887
65710,8559.84096982
65247,488.000633343
65244,1199.83310237
65713,2472.2090542
65717,1026.3247256
64663,0.310023465075
13432,4024.16890485
120444,5579.90637758
3612,0.0
61181,1071.84764656
119474,1021.87944155
127481,515.933657138
25130,5327.93441368
121199,1447.78566351
61188,4575.53212537
30727,651.936280176
13634,870.987742168
30576,20600.1400441
13630,6537.68462279
29074,2820.18556807
1891,635.519970355
2328,746.992648955
65399,146.073952103
154714,1055.40549615
10441,14926.8527202
117862,187.090848096
117861,1586.74927634
175006,13152.5581381
165361,25.9381229252
177650,5925.99919292
140672,790.723029699
166142,406.418548641
117868,1377.67498065
9916,1115.60923871
177659,2053.73240275
21776,2490.696528
161843,0.0
161844,11666.2653783
31227,1902.96814984
127455,43434.1969455
21777,2254.10835333
64102,4103.71732676
63725,1307.68917734
114959,1391.39967755
63723,3792.53587168
31593,5224.72659127
166363,2783.04974614
148770,7184.66037209
19508,1057.0471179
138707,245.23003317
111662,2131.49307226
61984,164.185345375
24980,1651.53377881
17640,12465.7202216
7251,748.036782938
142956,304.853555975
25632,1664.08631517
142953,849.710571647
4632,2134.5609956
117260,911.834791868
4640,4720.23722948
3662,5074.41288101
2497,6543.38072135
4645,0.455350543882
3243,1176.96792116
109580,1269.65025696
116791,149.429228454
2259,1699.92564736
253527,1616.26144103
11770,2916.95328667
2255,0.0
24853,4439.3411731
61483,179506.703011
24856,5185.62787098
17240,2971.5802187
4093,1075.73846899
62525,212.42090604
121080,31743.3918471
175510,12075.2525805
10735,70910.432659
162489,1988.0732223
64282,4371.88749448
19817,6903.78328974
7875,398.224607568
28295,0.0
180635,1762.58754485
64142,2741.88425872
24795,401.448709143
63030,292.91895409
9728,324.587459779
2787,605.526906027
2783,26110.4638763
12304,0.0
4809,2726.80898352
12395,7490.03802134
12392,935.873340903
163022,0.0
26016,1045.08246554
26015,1103.52375554
26012,410.371648953
11600,116.287070422
26011,1904.36980276
6304,4364.69709745
6307,2907.2211836
10609,767.507524928
128663,3011.95440831
183640,6075.80613932
26019,5346.85929714
10380,4321.73744012
13789,0.0
140736,4328.0749981
62290,6049.11865556
152149,913.371024692
179082,2088.01835524
9083,942.713242797
162732,597.645102375
16453,12696.472557
63454,1899.6773416
63456,0.0
121153,2818.38911275
27981,1194.78761175
27980,0.0
62984,976.770230183
147868,3225.90406944
21595,640.456779199
10426,15321.9221231
21593,417.873332509
27988,953.152396619
112366,980.55253108
164422,283.712996152
180597,0.583163499499
7277,51949.9959436
7275,2771.13386093
176659,3009.47341109
176658,797.540596694
22861,36577.4387899
7279,19675.0600385
3504,2666.82898927
3505,33.7093167833
8958,7.26314293081
8832,0.0
162644,163.497225502
157954,1388.09144081
148552,1001.74810396
6831,2359.15691734
6830,7543.61817284
6836,573.890462517
176873,215.584700067
176874,6920.81242384
113419,20267.9584392
155933,132.909979988
12390,78.3673949605
14639,751.085645458
62689,608.791426436
112968,2339.93036937
29312,3506.46766781
5336,683.245611167
125237,14996.932907
5338,1044.31297814
125234,242.04514608
174656,5410.33045747
65350,0.0
1632,2546.02412696
175271,4132.45116089
1982,14102.1351079
30461,2898.53813726
30463,181.623619384
121718,17345.3046768
144066,5616.98002594
3218,122.166847966
165244,22982.611594
1988,180.407455564
8001,4836.0974742
8823,7935.04136894
61095,7260.21410016
8826,3109.85641933
163601,44363.334276
176279,11344.6712281
13041,2229.27939443
164557,2115.71001875
147312,1492.74962249
178684,7981.28586849
29011,9566.26181437
2817,40.4080237972
18732,1958.00967366
30649,497.939091656
17982,3042.49393222
18049,2268.17873991
157865,435.770048233
178939,621.299520449
30640,1658.60419249
157862,516.682608049
30310,377.583271243
4274,13961.4023046
14256,929.961198475
7647,34919.2486156
6100,197.451994936
14253,2305.88006167
151606,2120.65802593
3170,356.094194958
24225,1150.73249114
7648,11361.7811839
12972,9676.94782187
119275,35709.3112454
122175,410.061664735
29001,5425.76866661
7085,3369.52717081
122172,912.144756591
20245,697.796512252
123097,129.766233163
29791,228.875036242
30260,0.0
66286,6973.31318048
175654,720.880194318
166591,545.487296441
175308,2196.8282743
6461,13563.6654469
179889,1208.5041768
175307,5946.5537062
129442,5160.64900091
29829,481.265455811
1743,5197.59120158
31683,41.2207284065
6497,244.626952634
1161,124.749157351
8176,20704.8018998
160329,6343.76414644
4242,1659.35895632
126615,170.320627587
66515,3224.59891041
4241,9514.74735378
5520,677.832631501
5523,1909.39795449
24409,4354.1181471
5526,1.54405045976
20297,2445.11359352
178846,891.581017961
7922,5303.98886311
160706,418.618502856
165177,5156.78050177
15474,0.0
7295,0.0
14412,0.0
24539,46845.8257554
122514,13466.2777523
14417,96.3211906208
25845,14.4176122755
66198,3657.50123294
24533,9279.42865641
28378,38.5940579665
126296,4341.05769818
14418,232.913688981
178443,0.894906614113
31037,600.779556946
31224,431.086821096
162909,1861.66107071
178113,2596.90441184
126056,5594.53434451
66354,6438.62374012
1562,799.495069419
30082,6491.04329964
66602,11.2503112483
29173,608.79241861
11257,591.989673599
2990,322.463630571
179380,29812.4082339
8972,1631.41028472
27199,28570.1695071
12804,92.4034976263
156618,6238.85787911
15274,8444.72322264
1659,16709.8587286
65899,21291.1048139
12403,12612.0336947
65896,14.1218120249
176595,465.00988014
65893,577.567316338
8092,3929.82241059
156613,3626.50558321
13824,1741.79633996
6547,7194.68889173
165179,13.9355401394
24405,4233.46940142
25937,557.509437438
6543,129.865190184
5639,0.0
61774,852.917306424
16836,935.381609304
4390,42.6447269785
28194,19524.3466861
63232,1401.79295897
28191,1021.02019351
121381,359.294169348
30888,2978.91494617
180183,1233.44072426
136804,5164.85805925
28209,1438.10438285
8486,1397.19146174
25279,263.751043009
25935,1244.1678274
151423,2417.70856654
127377,822.48798825
180636,9461.05496121
1864,46.2929476992
