215 0
212 0
213 0
210 0
211 0
265 0
218 0
133 0
227 0
131 0
130 0
498 0
136 30
389 10
494 16
496 0
138 0
584 0
493 0
24 0
25 0
92 0
22 0
580 0
160 0
28 0
419 0
161 0
289 0
288 0
405 0
347 0
340 0
221 0
401 1
400 0
281 0
280 0
283 0
220 0
285 0
284 0
287 0
574 0
567 0
577 0
576 0
120 0
121 19
123 0
124 0
266 8
126 0
264 0
128 0
269 0
268 0
91 0
422 0
54 0
57 0
56 0
529 0
414 0
417 0
410 0
411 0
298 0
299 0
296 0
297 0
373 0
295 0
292 0
293 0
290 12
291 0
591 0
586 0
593 0
594 0
597 0
313 0
312 0
310 0
191 6
190 13
315 0
192 0
393 0
271 0
117 0
89 29
111 0
113 0
394 0
278 24
83 0
80 0
583 0
457 9
537 0
251 0
497 0
558 26
256 0
520 0
421 0
429 0
428 0
526 0
527 0
447 0
521 0
522 0
369 0
366 0
367 0
364 0
255 0
362 0
363 0
427 2
361 0
308 0
309 0
449 0
440 0
412 0
516 0
420 0
443 0
301 0
441 0
413 0
304 0
305 0
306 0
307 0
245 0
244 0
247 0
109 0
241 0
240 0
243 0
242 0
388 0
103 0
100 0
444 0
249 0
104 0
380 0
372 0
32 0
34 0
391 0
518 0
383 0
377 0
438 0
534 0
510 0
513 4
435 0
515 0
514 0
430 0
385 15
458 20
459 0
339 0
386 0
335 0
334 17
452 18
453 0
454 0
330 0
456 0
332 0
404 0
258 7
259 0
97 0
65 0
179 0
178 0
252 0
601 0
250 0
174 0
173 0
172 0
254 0
170 0
554 0
549 5
406 0
371 0
530 0
540 0
180 0
181 0
184 0
185 0
506 0
403 0
188 0
189 0
402 0
568 0
425 14
273 0
468 0
370 0
465 0
317 0
467 0
509 0
461 0
462 0
528 25
168 0
228 0
164 0
165 0
225 0
167 0
223 0
222 0
162 0
96 0
470 0
505 0
348 0
314 0
272 0
354 0
538 0
397 0
116 0
409 0
274 0
532 0
501 23
349 27
464 0
471 3
605 0
150 0
155 0
395 0
156 0
140 22
158 0
238 0
239 0
279 0
234 0
545 0
236 0
237 0
230 0
399 0
232 0
519 0
47 0
43 0
322 31
320 0
321 0
327 0
325 21
329 0
477 0
146 0
200 0
144 0
508 0
205 0
204 0
207 0
141 0
564 0
563 0
149 0
77 0
73 0
489 0
487 0
474 28
484 0
483 0
481 0
263 0
573 0
262 0
524 11
472 0
356 0
355 0
260 0
476 0
352 0
351 0
350 0
267 0
431 0
358 0
