28997,46
28996,7
28998,29
19399,589
19398,64
5980,38
132641,198
5987,2
132644,129
19390,180
22260,64
61171,40
25062,64
25061,46
25069,29
120434,54
6797,28
6791,48
6799,69
6297,4
25285,6
25282,434
25283,47
16705,589
124174,129
116787,129
17252,115
17254,122
17255,589
17256,589
63026,109
9258,29
63023,55
9256,59
63029,106
24881,198
24880,53
24888,43
26022,295
26021,34
26020,198
64902,16
26026,64
124355,105
64901,16
124359,129
124358,63
133346,39
135966,79
135965,114
61179,14
63812,9
122061,129
14624,22
14626,120
122060,58
14622,198
14623,48
14628,25
14629,22
62885,12
62884,1
62811,40
62889,164
30416,589
65273,10
112042,101
18705,79
62088,40
122382,244
122380,9
143176,198
137641,129
133525,2
137642,198
137861,93
29818,64
29762,6
1177,64
1173,11
23050,64
23500,589
29436,117
31232,13
29108,54
31230,65
29921,2
31234,29
29101,589
7183,3
29105,46
7185,18
29107,13
8549,69
8017,26
65881,13
8014,37
65884,589
65886,45
65887,25
66504,589
66507,88
126601,75
126600,7
65084,42
65087,581
65088,64
10884,12
60902,20
60900,29
60901,126
60906,121
30384,65
8293,16
24708,48
24704,1
65264,113
65266,522
13619,185
13614,32
13616,7
13611,1
4723,580
11289,3
5841,198
11286,41
28253,120
13531,40
4622,21
13532,377
28256,30
29264,46
16394,64
63907,12
63901,66
3773,85
62501,52
62506,589
64029,129
64028,9
13289,9
13288,9
64021,129
13286,120
64023,589
13282,198
118321,129
113141,45
140421,55
138181,5
10390,4
10391,66
16936,442
16932,59
16938,589
6217,46
6215,26
6214,41
12222,39
15708,53
15709,13
29376,65
29374,45
10574,109
21427,3
21423,589
21429,8
61585,589
30628,589
119216,18
119217,47
30625,73
7668,68
7662,11
7665,393
1762,7
1766,22
29594,15
29592,35
108453,15
1545,65
14470,4
11115,84
19575,89
14477,40
30594,30
8716,1
8717,20
13840,4
13842,46
19570,589
31578,97
7882,61
122534,61
130400,107
110575,60
110576,23
19538,589
11564,19
126814,20
9259,4
22248,111
25739,589
25737,64
25047,198
6774,16
6773,65
9963,19
9969,84
65697,17
65693,127
19911,11
16721,18
16727,589
64614,589
64615,589
63046,6
63044,59
9504,3
65521,29
65527,97
65526,532
141459,8
2518,19
64929,8
64924,59
64925,102
64927,129
26045,6
26044,28
135945,109
125461,129
22810,3
3532,1
22817,17
22815,7
5050,16
116615,589
64455,13
14640,5
18549,55
14647,80
18545,28
66646,31
62317,68
122015,589
62313,5
4162,104
13075,469
133326,12
133324,86
133325,129
133328,198
108846,29
29992,198
10185,7
137668,98
137662,2
137667,79
29746,129
132498,589
1154,13
30293,78
30291,64
30298,49
15111,65
15110,25
29127,179
25899,127
29121,65
25896,42
25895,466
25894,396
31748,60
31749,589
31745,4
31214,5
31743,93
8031,173
8030,19
12589,64
12850,54
8521,58
12580,155
12587,129
12854,3
66564,198
127281,106
127282,101
22657,2
61786,589
65068,100
65069,589
65064,589
65062,14
22659,12
65060,589
22383,63
60928,121
110962,129
13988,96
60923,64
4292,9
23387,49
24767,129
61253,129
61255,27
61257,45
61256,8
4742,429
4740,70
12236,3
5860,18
5862,14
28937,145
25385,8
4608,15
2184,46
4607,14
2189,23
4605,65
4600,20
13510,65
121979,42
15343,26
30915,15
64555,589
64554,589
124254,16
64004,198
64550,10
64001,11
64552,17
115181,2
64009,129
118307,129
118304,52
118302,377
128620,129
6185,9
140441,124
27791,60
6908,22
140445,197
9191,39
9194,69
10379,31
10374,17
7238,589
63789,178
63781,589
63782,217
16910,489
6239,43
12206,12
29367,17
63525,59
121755,129
63527,11
10519,20
63252,47
9774,11
9777,15
29353,14
9771,18
121759,8
29356,129
63258,589
8867,58
8864,44
14985,149
62781,589
62784,198
108695,198
1704,44
1706,13
106628,70
15854,12
15855,124
15853,32
138309,19
15859,1
120193,589
14457,5
14324,78
1097,325
14450,20
63203,22
14459,129
17982,389
28408,1
62122,111
62123,589
3028,5
28403,8
3026,7
3024,224
62129,589
30600,12
111020,8
30350,26
30603,589
115077,2
30354,65
30355,64
30608,18
8734,140
31009,26
31554,13
13866,32
4194,9
13864,14
4193,65
110771,580
5671,30
111976,589
111974,29
126836,21
66046,9
66049,6
130421,84
136307,10
23714,64
6437,24
8193,41
6435,7
12445,2
6433,10
8194,46
12441,16
8199,67
6756,15
9942,2
9940,7
134932,65
19932,102
16747,101
27920,198
16748,589
63435,589
117298,198
12053,63
62928,28
117024,589
64638,14
64639,26
25711,34
64630,16
24447,579
25719,589
64637,50
21659,198
121562,589
121560,16
62923,197
65548,589
127234,70
65541,589
62437,6
27790,29
26067,589
26064,25
64491,15
26061,29
134308,182
2538,12
61730,47
64942,7
2536,27
2537,86
17166,589
5079,69
17160,589
5073,10
5071,13
5074,12
22837,198
137864,129
113530,1
113533,193
9563,4
10743,69
10740,21
18560,24
11832,59
62330,64
122034,26
62336,176
62335,419
13099,18
13092,60
112001,198
112004,102
112005,61
27828,29
20296,17
20297,589
27823,198
129419,129
129418,45
9380,163
29728,11
65927,484
15133,25
15135,1
31766,6
31761,198
31762,18
31763,24
7146,15
7143,11
18746,589
12877,3
30017,589
12874,8
2883,65
2886,65
2884,52
31495,589
2888,15
133871,198
24292,589
24293,20
126137,27
66235,589
66544,5
24295,87
61019,589
26523,11
26520,32
24746,464
24747,55
24749,11
28678,89
28675,2
28676,17
28895,3
11161,8
4764,589
4769,14
4768,10
11249,5
11247,453
65045,26
65042,198
5802,31
19742,434
65048,64
116806,26
64799,30
7180,8
110239,18
25364,5
25362,10
11793,198
11796,13
65220,80
65957,541
65226,129
65228,589
65958,293
61278,4
11991,5
25509,29
25508,589
16689,589
16684,589
16686,589
16681,589
10353,13
4881,20
4885,414
29645,589
7964,52
9173,20
9171,69
10685,2
61901,198
61900,10
61903,120
16974,589
17081,589
17080,127
6259,17
12262,8
12263,37
105365,23
105364,26
12266,29
10530,25
113274,7
5823,63
113272,9
113270,96
9719,65
63500,8
63507,65
63504,4
125054,589
9715,89
24100,3
24101,46
24105,13
134447,129
8542,22
26852,129
30175,64
133469,101
133468,198
1728,38
1722,15
13135,20
138321,64
62217,25
28461,15
28460,80
3007,64
28462,6
18358,544
5621,14
3002,13
7935,6
14309,12
63771,129
62109,64
62107,10
62100,126
1587,19
62102,44
1585,4
30379,89
9455,3
111000,83
111005,97
66686,95
66682,1
66681,341
66680,64
31530,76
31533,589
31535,585
31534,7
31537,11
66688,449
132518,111
13341,196
28285,2
66062,39
28287,21
66065,6
23220,15
23227,25
23224,8
61489,43
61481,38
15306,80
6416,11
30950,28
6410,14
61487,589
7773,4
7772,93
3917,104
19486,589
3918,17
117768,93
8317,63
6736,171
6737,21
115946,30
110532,5
110533,17
9921,5
9922,3
19262,589
16769,589
16763,589
22177,14
12077,64
12075,30
12070,88
25776,8
25777,14
25774,108
25778,15
65561,10
24825,66
21675,24
65569,45
3647,16
3643,589
2553,8
64964,2
2555,3
2556,21
2558,264
5018,12
135986,179
116144,589
17145,589
17140,589
17142,589
25194,4
63800,9
4418,198
4415,5
4412,16
125601,9
9548,10
9549,80
9545,58
62351,8
14828,374
14822,332
14820,531
14827,181
14824,129
64210,589
20109,589
21499,43
132980,125
27842,25
27847,3
27845,168
137803,70
137801,52
29709,92
29708,198
29707,79
29254,11
29705,2
29250,30
29701,60
29252,198
11815,64
11811,33
11818,126
11819,85
15153,589
15159,39
109425,76
109423,64
29427,28
31702,589
31703,589
31706,198
31707,388
7163,10
7161,2
8079,35
115554,93
12898,6
12895,25
8073,2
109683,589
141497,243
123099,42
123094,129
123097,5
1447,83
1444,2
28078,65
1440,69
23034,82
1449,163
22619,11
22612,47
22345,10
129839,63
12169,29
28616,33
13782,9
6529,106
6528,15
4783,3
5847,4
118738,128
23697,64
5824,10
5826,23
118734,9
11264,22
61071,2
65021,129
65026,8
65027,47
61077,9
127575,48
116826,110
25691,38
130766,43
25341,101
25692,2
25694,13
29211,589
121938,1
121934,80
65979,12
11060,40
127797,589
61296,23
65971,589
65972,20
65973,27
25526,589
25523,198
64515,198
64516,28
6431,8
129120,87
12796,391
9155,23
10331,46
29642,30
16405,81
16955,418
16956,589
16401,84
9483,43
16959,589
9481,102
63741,2
7906,31
63742,80
61923,16
61922,32
61921,7
122918,84
31150,31
122917,100
122915,69
21440,29
135844,11
4083,18
63291,1
63290,129
63297,84
125034,589
22978,11
22974,80
112254,589
138129,145
112095,103
138127,30
138126,198
138121,72
138123,52
138122,198
30671,20
14148,7
13163,14
14145,62
5229,20
13114,176
138341,198
126694,105
138343,84
138342,7
138345,129
138347,101
138346,89
3063,30
3062,6
14363,9
14490,4
11328,19
62168,133
62169,2
62162,12
122263,18
62167,31
120134,59
118503,12
118502,30
118504,16
66660,19
111282,27
111287,19
29066,20
129629,106
29061,589
129623,129
129624,9
29068,10
29069,30
23752,589
23753,5
1300,18
9248,46
66000,65
28917,8
28916,5
66004,64
63052,50
123137,110
30939,1
30932,589
15363,589
6471,11
9538,15
12407,79
15364,309
110732,39
31515,89
31045,34
7758,2
113093,589
7750,56
3937,9
3933,59
8333,23
8334,16
66448,1
6716,6
6717,3
6710,13
29553,589
9904,80
61314,14
24466,589
24463,15
24468,198
19209,17
119756,309
119753,64
22404,81
13756,5
13759,64
13758,44
27930,12
65519,7
25754,39
25757,39
24809,20
3662,15
24803,102
65587,5
65580,65
2577,26
2574,10
64985,17
2573,83
130398,129
130399,63
11455,15
11456,14
11450,29
5038,10
3594,79
5032,4
64186,106
124684,3
64184,46
64182,198
4430,76
124683,13
13323,15
17120,589
13328,2
13329,85
116610,79
118084,40
118081,73
13025,7
140837,80
136645,25
62809,198
62378,29
62377,47
62804,5
122077,124
63233,85
124534,18
64231,589
63825,55
13480,22
121474,40
29278,153
63172,24
63170,40
29276,10
63178,589
29274,47
11872,53
112623,23
8925,70
112626,589
11877,12
112624,129
18835,334
109919,5
30239,49
30584,5
30234,80
15174,22
15173,16
30233,61
7106,29
7107,19
28034,265
31720,129
31725,589
18788,88
1686,10
30059,47
111631,4
30055,589
29988,589
29984,65
66272,589
66275,5
66278,46
28058,589
1468,19
1465,362
28585,129
24781,198
24782,14
24783,7
13922,8
114370,62
4230,410
28630,1
28632,29
5594,43
5597,15
28637,27
13693,25
66496,13
66497,8
12226,87
13902,69
132702,121
65008,589
27788,129
22360,5
61059,186
61725,41
6213,30
27783,558
61726,68
61721,11
27784,64
65006,34
27786,80
25320,107
25322,10
60898,19
60899,65
60894,17
120794,69
60893,3
23945,198
23943,99
23940,64
23948,8
8699,10
65911,12
65916,47
65915,29
2299,90
2290,14
2295,9
19694,589
10916,400
10917,36
17337,213
7291,18
7922,35
7923,23
7921,15
63769,13
63768,79
63763,46
63766,19
63765,25
61941,65
6293,2
64536,1
64535,80
64534,2
64539,1
64538,20
63815,65
63814,589
63543,589
63541,43
125014,94
135865,94
135864,56
3439,69
22957,27
2034,5
2033,17
4595,18
4844,80
4598,16
4847,2
4842,46
4843,90
63278,4
133425,83
133424,198
14169,4
14163,12
62490,29
62491,47
62497,168
62494,1
62495,64
13174,4
11191,41
14340,114
3048,96
62634,91
122536,4
62632,198
3041,18
4569,1
115766,390
1094,15
1095,29
66649,64
118528,129
66643,11
66393,52
66392,81
1099,4
109581,7
109580,35
109584,589
111479,85
29517,7
29514,22
29515,589
29511,15
28938,48
1327,42
28933,26
28930,26
23774,17
23776,144
23777,129
30910,129
12421,42
8681,2
8687,126
15346,44
6900,18
109764,19
8133,64
7733,69
31062,589
26246,83
8358,20
128560,129
8350,20
8357,61
66027,198
24441,3
24440,147
126320,93
126322,129
24449,51
61556,88
61557,125
61552,28
61550,94
65615,17
65611,86
65610,589
61558,126
22139,22
119736,68
4062,13
4060,19
13776,65
4065,589
5785,3
5786,589
5783,29
5788,12
62911,198
25900,19
3607,22
17101,198
17105,589
17106,589
13342,179
13340,34
4450,19
4456,70
130048,40
130049,129
30226,33
130043,109
130040,129
130041,58
24860,1
16785,52
62829,30
62823,2
62822,49
62821,198
62826,198
16781,589
16855,589
125975,2
125976,52
16853,589
125978,6
6334,69
6335,24
6331,19
6333,35
6338,69
27886,589
27882,12
10453,17
10452,3
10451,97
10109,40
29217,23
9673,64
10458,46
21763,56
63154,46
63156,589
63157,29
8901,27
11856,250
8902,20
30219,9
30215,589
30214,589
113917,29
7127,42
7124,14
7123,48
7121,10
1663,10
1661,29
115519,55
115516,589
2829,31
24278,589
3384,41
5417,589
5412,16
1408,2
13906,5
4213,4
18100,10
114351,113
5578,42
5572,6
111874,6
30072,59
5798,34
5129,78
31300,28
28351,65
11228,38
11225,7
11220,55
19054,31
25906,198
22306,589
62599,105
61703,164
22308,99
61706,102
25655,12
25302,109
65930,197
65280,1
65286,44
65287,1
66414,34
65937,3
31574,10
16629,396
16620,43
6109,65
105126,296
12756,9
12757,198
6104,14
6102,15
6100,60
64733,589
64884,129
124036,129
64734,14
124034,97
64739,12
64738,65
124038,129
64888,20
63700,197
16996,309
121201,39
63705,55
16991,410
63707,8
63708,20
9445,69
9112,7
9443,6
65426,589
65424,29
61960,4
7959,16
16441,15
105698,589
11925,16
64088,79
21487,5
63836,34
21488,39
3416,22
3413,69
3410,142
135805,86
21374,589
3419,69
116245,55
15293,42
2019,589
13481,81
10938,61
4860,18
2011,67
13484,195
4864,23
18484,65
64881,2
14108,43
30146,24
17715,580
5619,589
13155,4
13151,65
13158,80
10597,16
10598,14
127799,589
102617,7
112168,29
17908,589
63702,589
62618,9
20423,30
122514,47
62612,1
62613,1
30688,129
16992,589
115747,189
30685,589
12992,10
12994,69
29533,589
29028,45
29029,19
30546,121
29022,16
29021,24
24008,198
65421,18
15414,103
6924,198
15417,28
6922,42
7711,489
26747,198
7718,7
66623,70
114835,589
66628,163
61390,589
61392,10
61393,589
61394,589
61396,102
61397,47
61398,78
61399,198
2889,2
28775,81
24428,26
28955,4
28770,7
28958,17
28778,17
22447,24
61574,11
61575,6
61576,6
65630,4
61570,129
61571,29
61573,127
119714,9
4001,8
13712,20
4005,2
13716,42
3971,23
19420,420
11566,35
19427,66
19428,589
3622,26
3625,12
110330,13
140569,29
13369,45
25465,589
25462,15
25460,108
13365,135
4477,129
4476,93
113028,6
118042,589
113026,54
24846,5
24844,48
24843,198
24842,17
24841,14
24840,29
64271,2
2467,22
64275,13
64279,80
126496,61
16872,589
16878,589
12143,10
12142,129
6310,69
12140,65
6314,17
6315,124
134744,114
10438,10
9650,29
9305,46
10121,144
29233,55
9302,27
10124,3
63138,17
121437,114
121436,67
62846,186
8964,16
25731,5
1641,3
1642,19
112088,14
29492,389
29497,6
29496,64
119081,115
29946,589
29940,589
29942,15
24216,28
2802,20
2803,69
24219,64
2807,47
28018,46
112888,30
62266,95
62261,46
3369,64
62263,198
62262,7
3365,88
112880,14
5439,20
62268,1
3362,15
30277,41
13962,56
13963,6
4275,1
4274,65
4279,42
5557,95
135484,55
5559,4
13483,42
106900,129
30098,20
30095,58
30094,129
8582,14
30093,27
130520,55
114484,33
31326,7
110106,7
110100,102
5885,198
5888,25
61763,9
30891,37
27748,2
6552,32
61766,4
27747,198
30899,8
25923,14
25922,4
25921,22
129850,126
25929,14
22325,94
62005,129
130298,6
25671,68
25670,29
25676,12
23989,2
23988,64
109043,35
7504,198
7506,42
9882,20
9880,589
16605,587
16601,589
12775,196
6127,69
6121,24
14554,13
127480,106
127481,187
61188,196
120063,91
64865,168
64864,118
64867,17
64713,12
64863,114
63728,64
63724,18
63722,589
61988,88
65404,198
24980,30
61980,198
61982,64
16729,42
2193,64
2259,69
25586,59
2255,2
5848,13
4093,69
24186,64
24184,38
135824,114
121080,66
63581,589
121083,35
63857,1
31455,114
22913,47
4800,69
4801,56
4802,26
2783,69
4807,6
4809,15
116224,455
9465,9
9466,13
11600,20
10609,15
11609,15
14129,589
62458,92
27980,4
62984,18
122754,3
62982,29
27988,198
10599,1
14383,7
14382,15
14380,45
14386,65
14385,21
14384,22
62670,589
11315,9
133170,17
12977,19
12972,38
29001,22
29550,589
7085,6
7086,20
6497,12
8173,322
122519,46
8176,19
6948,27
15470,28
66450,7
126056,60
66354,61
66602,7
66352,14
61376,17
127674,25
8390,47
61159,93
119696,129
24407,17
24405,40
24402,134
4390,10
64038,55
24409,129
28753,69
28209,198
1363,23
1360,64
28754,65
28976,589
28975,146
28758,113
28200,589
28970,589
61518,580
61519,5
61513,85
61516,2
22461,5
13733,9
13730,65
64030,19
4029,69
19158,589
19155,7
19156,589
19150,589
19152,13
118126,3
118122,16
118121,12
65875,129
65657,589
65872,198
65658,7
119993,58
106350,65
25118,16
25119,9
25115,114
25110,37
25111,64
28853,48
124599,91
124598,24
2444,18
64296,55
124594,94
2448,20
64292,7
61583,9
7866,12
7862,69
12521,39
8092,19
117323,61
61587,47
16813,3
61586,324
6379,20
6370,22
12123,46
12122,46
12125,64
12124,130
6376,27
12126,64
10417,2
10411,53
63447,46
63445,6
63442,64
121415,50
121142,34
137883,197
137881,129
63448,2
9325,6
8947,27
141057,67
62865,7
62864,19
62860,198
125240,27
21238,45
3206,69
1992,13
1995,69
5187,34
1998,566
138464,67
138465,55
138466,198
134764,129
138469,129
29968,30
29965,4
29964,30
28564,80
28563,198
24232,589
24233,263
24234,25
62243,589
122143,62
3342,4
3343,59
5456,32
30259,30
30257,198
30255,198
31129,1
4251,2
13941,78
13942,13
31122,12
31692,589
28690,54
5530,19
28696,372
28697,46
5539,8
28699,23
111839,29
66163,36
23616,21
6573,13
6571,14
6574,15
6575,4
61746,2
61745,159
61744,8
27766,64
27765,127
7694,198
7696,64
29616,8
7691,38
29613,589
29612,29
29619,589
25944,129
25946,46
3835,7
3833,12
7526,186
7525,88
16664,589
16665,64
16668,589
12713,198
6140,15
12717,21
15415,64
14863,6
10974,6
64848,18
60835,64
128599,64
16488,14
21118,129
65469,3
6500,11
65463,7
65466,129
65464,52
2271,8
2270,35
64597,129
138613,83
17534,582
116209,106
2052,21
2054,80
4828,34
30061,2
4826,21
2058,2
13440,55
13443,6
13442,54
9403,34
9402,26
7982,589
7985,6
10621,50
62471,17
62472,589
62473,80
8599,26
11976,21
122778,46
124437,589
124434,511
124435,80
27969,90
64330,105
64332,140
27965,76
17753,589
27960,3
13198,17
13193,12
120955,106
120956,87
121761,129
63874,36
63871,48
63870,230
125529,127
125528,41
62650,23
62654,589
62655,3
9051,31
10085,20
10086,176
7329,4
12955,35
12956,107
12950,4
7067,589
7066,33
7065,62
7063,65
107672,1
30756,589
6963,27
12484,53
12485,41
15459,7
8627,80
8150,4
8151,69
24397,589
24396,62
24393,341
110804,6
31594,8
110800,29
110801,52
110802,13
31590,11
66379,12
66371,4
61688,589
61689,55
127381,64
61686,589
127384,198
61684,44
61685,129
9988,6
124675,3
124676,3
109380,466
11027,4
14506,7
66085,550
14503,8
28733,384
28735,57
1382,20
64351,85
11366,45
27908,10
11361,3
61355,52
61356,68
61350,10
61352,40
61359,50
110379,12
114698,27
63180,105
136824,31
140528,8
64497,138
65853,129
65850,1
61534,1
129518,88
65679,55
65676,15
65858,41
65671,14
65670,24
25136,3
25130,9
25132,22
64102,2
64103,65
25422,65
118003,27
135165,16
6682,421
127075,99
16837,589
121382,28
121381,589
7849,69
16832,589
63687,589
16839,589
16838,589
6357,20
61828,366
12108,573
9340,194
9614,36
9613,2
9346,79
9611,5
9619,8
63468,14
63466,72
63467,589
63461,24
63462,92
14883,4
137064,7
137067,73
14083,46
14084,10
3229,73
1979,2
1976,17
1974,10
3221,86
1971,18
1606,11
13710,19
138404,198
2849,589
2845,28
13714,29
5476,5
5475,69
14268,123
14269,13
28504,4
14260,26
5479,8
20075,520
62221,3
62225,40
115313,55
115310,27
115317,114
115314,40
5519,11
5518,7
5513,10
106418,80
1559,48
62582,31
29901,24
14462,10
29904,7
29909,34
3036,25
66148,25
126718,37
66416,178
118795,80
126717,19
118797,64
136009,80
66410,52
118793,13
29129,30
25964,18
25961,25
17049,589
15027,5
30614,4
29634,68
29639,104
3813,31
23499,7
3814,69
8457,65
8455,69
109084,15
119154,589
13201,29
119153,8
120822,38
7549,8
31366,55
13853,1
16642,52
16643,581
6169,49
12730,64
65196,17
65194,6
109641,3
120717,27
64820,46
60812,589
10999,68
60818,20
120719,129
10991,30
24617,29
24610,15
25635,589
25633,66
25632,19
24618,113
65440,81
65448,55
65449,29
21136,3
116597,72
22729,1
116592,30
2215,6
31811,64
6130,124
116770,114
116772,100
116773,1
133044,129
12581,6
25091,129
25096,3
25094,589
12855,4
25099,11
25098,97
4517,69
4515,19
11649,17
11641,29
11644,61
11646,72
5284,29
27948,589
64314,198
64319,11
20666,409
9772,20
63898,11
63895,126
63894,124
63896,45
63891,589
63890,99
63892,9
134044,77
7300,4
9289,25
9284,37
63099,129
29085,80
11910,129
9023,22
11919,13
30193,40
7045,15
123994,129
123995,129
10200,49
123998,129
63324,129
63328,107
30778,6
30990,373
30775,198
30777,45
8606,1
8607,10
66313,589
24379,377
24378,46
24375,16
2982,14
24376,103
2986,69
127534,106
1013,102
61033,7
4351,69
4352,25
28717,8
28716,142
28714,65
28712,54
14525,12
14524,12
28249,78
28248,20
14529,37
106881,55
11340,57
11343,47
110683,589
110681,589
110685,21
5709,8
61332,4
61330,2
61335,53
61338,9
61339,20
111489,6
111488,129
6424,17
28866,589
118167,88
120297,64
2246,8
23809,47
65831,9
65833,69
65834,158
25150,129
4296,7
25157,9
25406,13
6428,5
16582,38
12697,1
12691,155
12698,13
116906,589
116905,589
10832,523
10839,8
1050,11
7828,3
19807,5
63669,29
63666,2
63667,98
63664,3
63665,39
63662,25
63663,106
63661,117
61803,5
64127,14
17180,93
119957,129
119956,52
17184,589
107446,27
21272,589
8987,51
63405,198
3798,55
3796,19
3793,10
2154,14
2150,29
2403,36
4988,12
1956,65
1951,146
14064,15
3243,521
3246,21
13259,65
12467,12
62755,589
62756,75
1487,316
122101,124
62201,129
62200,171
5496,18
14201,589
28524,5
5492,20
30561,62
30563,4
30565,80
6313,24
12141,129
113997,60
6311,80
112714,19
12144,4
112718,8
10618,3
29382,45
29381,88
29386,78
29929,65
29435,25
29434,10
29389,57
29388,589
29433,10
28388,5
14561,33
1228,2
8290,69
6534,2
109318,565
6531,20
30388,61
25984,106
25987,41
25981,64
25980,29
31166,111
31168,129
122315,198
8479,15
8475,47
8470,69
7566,64
7564,64
7561,6
119174,36
119173,62
66435,64
110160,129
66438,4
31381,44
127174,93
61476,3
127179,7
22528,121
120773,62
120774,129
60875,129
64807,12
24637,1
65317,8
65310,47
65311,39
65313,5
141241,2
2230,52
2237,3
3497,49
4572,55
13407,10
13406,21
13409,15
4579,5
63135,139
2188,19
11669,26
24965,37
27921,90
62439,100
27925,102
27924,10
27927,153
62929,52
17795,561
27928,12
62924,102
62925,129
62922,44
122736,35
62921,198
25216,25
25212,52
64371,66
64375,198
113299,589
23592,589
122841,129
122845,4
7368,13
7369,87
3333,66
7366,69
12317,238
11935,58
11934,15
11930,7
30177,29
12913,129
12915,142
30170,32
7022,26
107631,589
9004,30
10221,80
24037,35
24032,45
21519,40
62694,64
112473,5
62698,64
30718,4
134685,198
115121,589
30710,50
30714,27
7799,12
7798,13
24353,64
24352,129
24350,13
24356,45
1038,23
1034,28
66468,129
4372,11
4371,21
4374,13
14549,13
28266,94
28265,57
11065,10
28260,30
15490,9
8666,24
8669,15
17890,11
111179,589
114524,54
114523,4
13794,178
4087,10
13798,14
31449,589
31448,53
66597,589
66599,40
19137,589
5723,26
5726,9
8007,589
65163,16
61646,107
61647,589
61644,64
61642,129
61114,88
61640,14
61641,61
110400,589
60990,589
60993,10
60992,11
60994,11
61441,29
11499,12
8084,3
8087,25
65812,11
65810,11
140071,10
140073,4
25173,589
22823,56
16563,29
29948,41
12679,95
6649,19
12677,82
10813,11
10810,5
10816,8
63644,106
63645,101
63640,129
63643,46
7809,7
63648,129
65765,6
64483,3
64950,129
65768,19
12533,64
64480,102
61860,98
61866,589
26247,45
2393,20
2390,9
64145,113
63422,46
21218,12
12964,4
2176,18
5432,3
3265,55
62592,4
62590,46
5125,5
61880,13
5122,28
120835,16
120301,29
116031,100
120839,129
3366,129
113609,129
13235,108
14221,34
14954,7
120302,64
14225,47
14227,4
122474,118
28016,129
17179,589
20036,4
30540,68
113460,197
6886,1
111064,39
124995,98
4273,8
1209,22
109338,309
30818,64
8272,69
29677,179
29676,43
29675,1
114958,129
31636,24
31634,30
31143,129
31144,129
31147,88
61723,198
6669,21
111723,7
111721,589
107325,589
7585,3
9804,36
7582,42
66452,65
66102,589
66451,85
66454,6
66455,78
66108,3
66459,124
22507,17
65158,8
65156,1
61102,129
4145,18
3855,63
65376,198
121754,129
31858,65
29359,68
114777,9
31854,129
121757,13
5918,69
9778,5
64688,1
13427,69
64680,149
64682,61
4553,10
13421,93
11684,49
11687,561
65484,46
24907,37
65482,64
24909,129
65489,55
124326,86
64356,41
124324,106
124322,95
124320,87
124321,27
27906,13
27903,86
25236,589
25234,47
125583,50
16795,6
125584,92
16790,589
16791,589
128759,18
128758,106
6078,16
2616,198
2615,36
20488,14
7346,36
65236,37
7343,53
10795,20
64690,7
10793,15
21686,11
21685,198
12338,64
12334,39
124196,86
29088,244
121662,5
29081,26
29082,64
10247,22
10244,45
18680,36
22882,15
29883,95
29886,88
2942,20
2940,64
5357,18
5087,8
1056,61
30151,63
30152,12
31285,4
31289,589
14565,6
14563,4
24489,92
24486,18
24483,45
15060,80
62016,109
106846,589
3116,17
3114,55
62018,580
30732,7
8648,13
31462,589
31460,47
31467,4
2595,47
110645,20
2596,11
132405,129
132406,129
136186,198
11300,25
11301,32
11302,17
11304,69
140905,80
61664,4
28942,14
61661,12
61662,127
61669,108
25823,357
126417,118
66713,54
29757,2
28822,129
61592,83
61591,118
61596,14
127094,88
14182,19
9324,14
117018,589
117019,589
12658,13
6661,14
12655,9
10877,80
1602,198
63990,13
16890,589
63621,46
63996,198
16896,589
63998,589
61840,48
65740,43
141636,36
64160,9
64161,16
64162,66
64163,15
64165,33
64166,64
21237,52
140904,9
21232,37
121493,129
63194,88
63195,20
63196,33
63197,589
1878,108
4941,34
138205,76
138201,114
138203,197
2111,22
2113,39
112622,88
14027,24
1919,47
5109,41
17052,423
122678,8
62575,589
122677,129
122674,88
122675,110
62571,80
3282,22
62573,36
120816,106
120818,72
13219,15
11135,129
10499,15
10498,26
14978,47
14790,19
14791,62
14793,48
14794,12
18234,589
62710,49
62712,91
62715,17
20548,80
133728,106
133729,144
133726,45
133724,198
30283,55
112759,9
112752,100
7503,155
112754,198
6865,19
6867,69
8257,1
8250,15
8253,19
1266,9
8789,318
30833,7
30832,6
13439,12
30837,64
1913,17
30835,109
31614,64
30352,198
29698,8
29693,65
1914,6
114979,589
8431,143
8434,17
8439,38
119133,5
30358,2
133949,107
61187,13
126778,72
126773,113
61181,186
66476,589
61439,40
61129,438
61122,23
61433,198
61435,50
8515,19
24670,1
24671,64
4128,4
24675,64
24678,341
4199,15
4127,16
4124,5
5686,26
5680,12
11514,64
11511,46
11513,589
5978,2
65170,575
5973,48
5977,4
65179,8
17208,589
17202,5
25783,117
25781,296
25786,93
25789,33
25031,4
25033,198
140736,70
65350,18
65355,5
135044,92
24922,2
24925,18
24926,29
64402,33
2581,5
64409,80
64408,99
2589,64
124015,78
121673,84
64861,47
6053,18
10005,4
10000,12
10002,19
121674,9
10008,1
9599,71
20019,589
9225,4
9590,20
62962,3
62960,141
62966,88
62967,20
62965,66
12352,15
141178,120
118875,27
118876,589
10266,8
123937,129
140798,44
24281,5
9048,26
63388,59
63385,182
63384,88
63386,18
63381,118
134025,88
134026,16
2960,11
29868,56
29864,16
137611,62
24982,198
24318,123
24316,14
24315,102
24312,9
108740,29
62382,198
1078,41
1076,5
5374,2
5377,19
1075,69
1072,17
62388,77
30130,19
30137,198
13003,13
61027,16
30138,46
111579,46
31267,589
4331,69
3130,69
14581,75
3138,10
14583,65
20204,36
20202,10
62036,64
62037,7
115163,10
31403,13
23577,40
5764,12
5763,65
61600,43
61608,114
25808,129
25804,12
25805,79
25807,6
66731,39
126434,84
1627,11
30974,1
5408,65
12519,1
12516,19
8195,15
7422,80
7420,6
12631,24
12635,19
12634,12
12637,4
6608,17
117032,589
117034,589
117035,426
117036,30
10857,20
24185,3
6733,45
110442,79
60955,129
120655,70
120300,129
60950,41
60953,589
60952,589
62395,65
19537,589
63976,26
63601,15
63602,9
63975,29
63972,2
63605,69
63606,129
63607,80
12189,8
12183,10
12181,198
12180,198
28884,48
61987,15
135708,61
135705,23
17694,589
3735,18
3734,22
1891,6
13580,13
4690,282
4926,17
4699,359
2138,5
11727,64
11722,8
11720,24
11721,4
11729,147
2785,4
5165,18
5169,7
14002,13
14003,39
14005,18
14007,46
138483,76
62559,82
20783,9
138486,127
62553,15
17076,589
17070,589
122656,15
17073,268
120877,9
9698,17
9699,27
113646,84
128659,377
122434,129
122435,437
14918,198
122437,128
62733,7
62732,54
62730,119
14913,13
62739,7
62738,68
1794,52
6848,4
6841,18
6307,45
6845,12
2070,6
29459,156
29453,80
29323,57
30675,103
30674,198
30676,28
30855,589
30857,589
8234,92
4434,45
31672,589
31673,19
31674,29
31675,589
7632,43
8787,41
7636,17
7637,16
136884,198
112775,44
112778,6
9841,69
9846,66
9849,24
63454,106
13514,79
3093,20
1243,17
1533,1
1244,33
1246,8
28325,129
28322,277
28323,65
1539,22
121153,109
27981,46
22543,64
22544,22
31096,38
9317,30
4103,42
31095,65
31093,13
4108,13
29692,20
31099,20
24699,198
10426,52
24691,58
28149,4
9311,122
3892,4
3897,69
106589,198
31894,400
31895,291
12051,17
11538,64
5959,10
11531,3
11537,13
11535,38
61140,198
61142,3
65114,100
61410,78
61419,41
61418,6
111873,46
64644,46
25013,146
25017,8
121844,34
121840,5
121842,129
25276,40
25274,27
64392,197
124360,39
124361,80
64397,107
25279,111
119894,11
6039,5
119893,64
17269,589
6036,2
6034,2
10063,589
9203,20
63018,8
121513,45
12377,9
12378,41
12379,10
62948,46
113361,105
9063,7
113367,589
10286,15
112410,589
64631,18
125360,114
3562,65
112187,589
112186,589
22843,1
112184,29
13397,62
20993,18
2903,14
64547,589
2909,8
2908,34
64014,59
14616,23
20194,13
20191,589
5313,9
11018,4
13027,14
30448,8
30445,589
30442,64
30115,589
30117,57
31790,21
3153,19
1633,17
3157,55
3156,29
1982,147
28795,198
3158,48
28791,46
122358,100
122355,30
62057,98
122357,129
134870,105
129469,124
129466,198
129467,101
3031,106
25528,589
66281,341
66286,589
66285,589
23553,200
66289,589
66288,589
66531,76
66530,129
23088,46
23080,6
23084,26
61624,3
61627,19
29156,10
29152,48
29150,45
29151,23
25860,589
25864,30
126459,129
16454,46
126454,93
8577,64
8571,64
8579,27
12578,7
15253,13
12576,32
12575,5
7409,21
7406,36
7401,11
12615,19
60979,2
24731,65
60973,125
60970,52
60977,589
65706,60
29487,25
65703,55
65702,20
65701,8
65700,235
19557,72
65708,40
141362,71
13625,55
13623,43
2337,14
4719,12
25480,19
25481,589
3711,16
3713,30
141097,198
141098,114
4678,589
4900,43
2484,46
4674,589
13562,69
13561,484
63955,129
63956,36
63951,3
63952,55
63953,10
11700,62
63959,6
5149,34
62539,589
5142,14
124775,18
17016,589
64079,7
63483,17
63486,589
62285,129
5422,3
133766,77
7241,26
133768,265
17168,589
6821,13
6829,31
10541,16
10543,22
129078,31
10549,12
121720,129
121722,10
29300,589
29304,6
14282,34
8816,15
14286,17
8811,81
8810,69
14938,75
18276,7
8818,69
8219,40
30651,13
15089,29
30877,29
8210,29
8745,43
15084,80
8215,15
8214,20
109826,109
30870,33
133186,62
133184,87
7658,19
133988,589
133987,44
133985,122
9867,69
11147,15
14424,73
14425,54
28300,41
28303,41
24503,180
24500,589
1518,2
28165,129
28168,73
64341,44
110039,82
11550,69
11555,69
11558,80
127464,55
61166,198
65133,589
65134,31
65135,30
127462,129
25075,589
25079,30
120444,4
120441,27
135004,187
65399,17
63966,24
25296,112
8873,79
122737,129
111662,46
6010,129
117260,65
117263,6
116791,589
17248,589
17245,582
17243,484
17240,589
10734,100
10735,34
10044,19
10733,4
63038,142
63030,198
12396,31
122734,61
12395,19
12392,20
12390,57
26016,115
141138,69
26015,86
26012,44
26013,80
26010,21
26011,129
64919,46
64918,42
26018,6
26019,16
9083,89
118834,79
21598,5
139922,182
21595,589
3502,17
3504,49
3505,8
2677,65
2929,11
5330,69
14639,35
14638,16
112968,9
5336,198
14633,80
5338,15
112966,59
30467,589
30461,589
30463,26
4510,14
130764,15
13041,589
13046,23
18040,240
18044,589
18049,556
3178,13
122377,28
3171,198
3170,8
127274,47
29822,10
29791,108
137874,25
29826,13
129442,43
29829,59
1164,64
66519,58
1161,86
126615,129
27825,120
25844,100
25845,1
25848,18
31223,47
31224,12
31227,6
29176,34
29173,76
5253,11
27199,80
12804,10
29722,81
15274,29
8009,10
65899,129
65897,97
12559,15
65895,589
8559,7
65893,187
8001,64
8003,20
28206,78
136804,161
7469,108
2787,20
110621,10
19713,589
22668,80
111537,589
111534,129
111532,27
111530,25
60911,13
60914,60
60916,19
10894,65
110488,127
24712,68
24710,198
24716,43
61206,589
65270,59
65275,4
66657,129
13602,85
4737,589
4739,589
2312,12
5851,65
17654,589
3776,78
13599,198
13542,14
63930,64
63934,198
63935,47
7881,14
7883,37
63939,328
17030,580
17035,322
17036,439
62517,589
62516,17
62515,6
62511,129
64054,106
64055,26
64051,64
113178,145
21291,2
128618,126
28410,12
134164,125
10386,12
10382,1
10380,6
16924,589
7268,37
7267,222
16929,589
7260,14
12234,94
6207,8
12233,198
12238,24
6809,21
6802,31
6803,14
15711,20
10567,20
10565,22
9748,43
24157,10
63201,40
19402,36
18928,317
112557,589
112552,11
8832,18
30328,585
17065,513
30326,14
30637,88
7672,20
17069,589
136847,31
115245,50
24522,21
1281,42
11169,5
1283,14
14401,99
11162,64
14403,435
109842,161
8762,15
1577,29
13831,31
13839,14
30016,15
5626,17
28184,52
28185,589
28182,7
28180,15
8493,56
31016,34
8497,40
111940,379
110766,124
23276,9
28983,48
11573,5
28989,19
25056,103
25726,12
25053,51
6781,45
118873,12
6788,80
135024,129
4675,111
16718,589
16716,455
19965,12
16714,431
16710,111
16243,589
22496,6
120723,60
64602,4
64606,129
63051,39
121553,11
63053,129
107528,73
63054,8
63057,129
121555,589
63059,13
9240,116
9245,8
65515,15
24898,198
24890,4
24893,5
3691,197
121233,10
64931,197
64930,589
26038,5
64934,19
64939,31
26037,43
24096,11
133685,589
24099,4
126136,52
14650,129
62897,2
62895,589
62898,24
13067,12
30403,6
13065,1
61776,15
27816,23
122394,122
133731,198
29803,99
29806,44
1148,579
132482,106
29112,155
7192,11
31203,14
29114,12
31752,2
109186,92
12472,7
109189,8
8539,69
8028,47
12828,172
8530,90
12825,15
12827,12
12821,80
8536,20
15291,80
133825,129
15315,53
7447,100
7448,48
119034,33
61496,50
61494,1
65074,17
65072,44
22398,40
13990,40
60939,8
60938,589
120634,48
26557,45
60931,15
120633,16
124595,55
28641,1
126498,41
24771,198
126497,102
126495,129
28648,3
24776,11
61229,589
61227,589
65215,9
65217,44
5379,18
4758,13
4759,49
5870,69
5878,4
11291,25
11296,69
11297,19
3756,17
120093,69
13526,69
13525,129
11747,61
11748,14
63919,40
63912,10
63915,76
63917,169
20893,3
25554,2
60798,80
13292,43
120893,40
60797,105
60796,111
6194,58
6196,26
6193,14
140983,589
2735,15
2731,582
118444,2
134144,5
20097,589
9186,49
10364,42
138607,129
10361,13
7208,33
7203,28
7205,12
6223,7
12216,65
12215,93
12214,4
12218,83
15848,11
9761,13
29347,52
29346,64
29345,22
29344,198
10504,20
10507,69
29340,589
24171,46
63262,13
24179,198
121762,156
6375,12
8859,20
8858,125
62797,11
8852,15
8850,15
14418,30
1773,40
13318,13
14134,589
108111,39
24547,182
24544,19
24545,29
62135,17
28349,155
122233,32
62133,63
28340,54
28342,580
28435,90
14466,47
28433,93
30617,7
30342,589
30612,64
30618,3
31567,7
31564,115
31563,43
31560,10
134984,129
5606,53
5600,7
24381,64
5608,18
111960,589
111961,1
111965,198
110568,589
130419,2
110566,5
110562,65
23252,32
109240,13
15337,29
15331,41
12450,40
109247,45
30969,589
22250,119
6768,40
6765,16
115918,1
16736,87
16733,589
65686,68
65680,298
65681,64
65689,589
137436,48
119836,106
119834,32
120154,109
120156,129
64626,22
64621,424
64620,125
63077,3
125654,6
63070,66
65532,589
141469,86
61276,198
25762,3
2508,11
2507,30
64482,75
26050,4
2504,14
64486,19
64485,76
22829,64
5047,4
5046,15
5043,92
22822,128
10777,17
62304,129
62302,3
30420,1
30423,11
3203,14
29755,19
29756,64
10195,17
29751,6
10190,38
10198,27
29288,59
29282,589
29287,15
29284,6
1121,79
25880,1
15106,101
30281,198
15101,476
29131,20
29133,3
29134,55
3650,6
31778,589
108872,51
31775,8
12597,4
8512,78
8047,8
8049,80
12598,29
12840,29
12845,38
31483,48
31489,589
31488,86
23067,109
23062,13
126654,41
24283,12
24287,455
65059,9
61028,23
61795,29
65051,42
61791,589
61793,6
24757,35
24755,15
24751,9
24750,9
24758,26
28668,21
28881,129
61242,10
11462,20
61246,19
13646,16
13645,15
4771,16
13649,43
5818,43
19024,589
17348,589
17341,17
25390,28
13509,65
130200,58
130203,31
4611,44
25399,25
13503,21
13505,3
65945,589
65944,198
65235,139
65949,11
65948,6
64546,589
5458,5
64542,198
64015,46
64016,7
64017,4
64549,9
25579,62
25570,589
25572,4
25573,296
139201,50
117161,589
16698,589
2710,8
10349,7
7951,18
7228,64
10692,17
10345,15
63799,519
122921,129
6241,38
6242,14
9170,16
12274,198
12277,2
10520,59
63244,589
63246,198
63531,27
63538,589
25180,5
14990,19
8872,111
24110,198
24113,64
24114,5
23528,30
31888,9
8162,62
15442,35
5252,6
1712,24
5250,12
136809,70
5254,20
14192,341
30646,589
31880,12
13940,129
15822,7
15824,97
28414,21
11124,47
14446,197
62110,168
62117,82
23790,2
3011,198
3015,29
28691,64
30361,3
60814,40
31549,64
13870,19
4182,2
110760,33
5667,65
10534,1
118574,7
118577,89
65100,1
66050,20
66059,33
11804,3
23724,61
6403,51
12471,42
15316,80
30945,33
61498,119
8184,19
30948,32
63501,15
61490,198
9718,47
7761,64
7762,2
3905,12
6742,45
121257,129
63600,47
63977,3
9954,4
9952,46
16752,589
16751,477
63604,38
12046,80
12047,12
12044,80
63971,4
119813,589
25761,41
120178,44
25767,46
65552,107
65553,198
65550,129
65556,529
65554,66
2521,19
26077,589
26078,589
65725,55
64979,589
11465,22
61691,165
61690,4
17151,589
17150,582
17157,589
17405,8
25186,46
25181,11
4409,198
13316,17
13311,4
9573,2
10757,69
5395,7
14830,179
14832,47
14834,2
11805,17
14836,198
64205,589
64206,589
134845,55
64209,55
27855,68
9397,30
29733,39
9393,30
29734,6
9398,64
27760,3
119974,589
31716,589
7154,59
7152,29
30006,8
30007,197
30005,5
7692,9
8068,68
12868,40
8067,14
30008,1
30009,90
28744,77
7486,18
7481,11
29736,40
123080,62
133869,129
133868,182
133867,81
133866,129
23002,80
1104,5
23006,208
28742,17
28064,30
1109,2
131423,76
129823,29
131425,19
111590,70
22601,46
25241,2
13873,13
28608,65
61430,54
28600,23
28603,53
2136,53
114418,29
4790,23
5831,18
11257,69
65031,129
65034,137
65036,86
64782,52
64784,589
64786,13
112971,13
25376,569
25375,129
140672,198
140676,10
140679,106
65967,64
65788,156
65787,4
64568,27
64567,589
64560,99
64561,589
25514,198
117142,178
117145,29
12789,5
12788,9
17366,3
17367,441
12785,11
10321,187
2771,18
14304,58
9142,589
7974,69
7977,69
7970,69
16948,589
6266,46
12256,110
12253,64
12252,198
12250,198
6268,22
21186,168
119595,8
119594,30
119597,41
17095,589
122901,22
122902,129
123500,38
113269,97
63518,589
63511,589
3465,10
8898,211
8892,26
134451,139
134452,115
134104,129
138131,129
1581,55
20338,10
17074,346
5234,20
5237,19
121377,126
13124,64
13125,96
62555,17
13128,37
137373,8
137374,57
18329,589
3071,182
28471,479
28477,32
28474,589
1598,20
62170,198
122277,103
12711,198
66690,56
66691,9
31528,3
126597,129
66695,102
66696,34
66697,198
31522,589
31520,7
31521,67
31525,4
132504,55
5643,27
132502,126
143441,56
29075,6
29074,45
29070,39
31022,46
28296,80
28295,6
28291,10
66077,29
66070,58
66073,13
31536,5
105951,589
6461,48
30925,29
6465,13
7741,62
122436,129
6722,3
8304,7
61527,58
120048,26
110529,121
9937,42
16778,589
16775,118
16777,589
12065,2
6097,30
6096,19
25749,20
25748,109
25747,20
65570,8
65574,55
65576,65
65578,198
24837,17
24832,55
3673,39
64999,3
64994,4
2549,114
64991,359
64993,129
124616,94
11440,66
11446,14
3297,3
12805,24
3580,18
3581,20
3584,16
64194,589
64197,59
64192,589
17131,179
17130,589
17132,589
64199,589
17136,589
13339,46
4423,6
12212,109
9551,59
9555,12
66061,7
64223,7
134869,89
20134,38
135990,26
7826,9
139749,129
27875,48
27873,17
63161,24
63162,58
29246,589
29241,124
11861,589
14815,3
11867,87
14810,52
15142,116
109929,55
109925,198
109926,65
109920,94
7171,19
7179,3
12593,1
31739,589
31738,12
31737,55
31734,34
31732,8
112033,181
112030,29
1690,53
112034,16
30029,76
115566,589
12884,99
30027,1
30023,79
133844,5
66263,589
66265,14
66269,19
28590,5
1478,90
12466,2
28597,22
127180,36
22373,6
61484,20
4228,6
31195,25
31194,7
4225,7
4222,19
13932,34
28624,12
28623,6
28622,20
5581,80
24792,1
28629,65
5589,14
66484,586
11271,4
13680,15
13686,42
19069,198
61060,30
61061,64
61065,64
65016,197
61068,129
65014,69
65012,589
65011,176
60883,23
25355,73
60881,51
25357,46
60887,1
30946,88
3916,147
64766,86
64767,38
60888,97
25359,8
64760,6
25683,81
25680,23
25681,60
23976,80
65908,55
22086,589
65901,57
61285,3
65905,56
65904,93
65907,76
25536,2
124201,58
2282,57
2285,16
128698,106
6730,110
139244,27
10905,20
10906,18
10903,62
10902,27
9125,13
10306,79
10305,24
10656,19
10301,20
16437,152
63758,50
7912,80
7911,12
63755,20
7917,9
7980,102
31276,589
125000,106
63281,129
63288,99
121078,76
21300,7
63572,63
121077,125
11259,47
2025,176
2751,25
2028,2
133432,108
133430,44
5216,589
5215,16
5210,23
5218,7
61004,20
62481,206
9332,20
62487,589
18307,582
18654,11
14487,33
14489,20
122255,58
62627,23
62626,13
122520,11
28450,40
14370,17
11974,45
64334,198
132526,129
132525,106
132524,57
132523,86
66675,41
66672,589
66673,589
109599,589
112774,80
129635,10
129632,4
129631,3
29052,70
137351,589
137357,69
29055,388
29507,589
126318,40
23769,64
23768,4
23767,94
28907,6
66016,14
126314,50
28900,65
1318,53
15424,30
12434,23
12433,72
15350,214
15359,1
105936,40
110721,45
31501,589
110725,6
110724,368
29390,198
110729,9
110728,49
7723,16
3949,11
3946,1
6707,29
63876,18
9919,8
24474,67
24475,16
24473,198
6081,17
61544,26
61547,5
61546,129
61541,102
125525,129
61212,45
125524,129
22144,18
22140,40
4052,71
4051,11
4058,3
21828,46
3619,15
65592,46
65590,13
141198,10
114628,44
61264,589
11424,15
11427,16
17115,180
17114,182
17110,26
5020,198
61414,198
13351,20
116668,62
13354,5
4448,4
24810,69
134804,129
20158,64
62814,8
62363,4
105456,62
1240,33
139985,125
10466,50
29265,80
29268,40
121440,198
63147,12
28490,589
8912,17
28320,25
18533,589
11842,589
30598,12
30229,589
15160,50
30595,589
30225,30
30222,589
30220,18
30593,7
7117,12
7116,7
18797,448
1678,80
23898,12
1677,5
137722,119
29993,589
29996,589
29997,40
28020,39
28022,589
126140,589
66242,198
1418,17
1410,28
13913,16
4201,47
4205,30
5568,4
5569,11
5564,47
109158,589
5567,17
5560,15
7759,1
111627,44
111629,94
11213,4
11218,10
19049,472
61048,94
61739,142
27792,43
61737,93
127541,41
61735,39
61732,25
61733,64
27794,49
61047,22
25334,64
25338,47
25339,54
23950,13
23955,111
28518,19
65291,9
65290,65
65923,2
65922,296
65921,14
16637,589
16188,47
16630,197
6115,23
6116,12
6110,56
124046,319
10921,14
10920,10
64741,80
116857,30
124040,1
17322,589
28145,129
64748,589
125795,59
7281,19
7932,48
121273,129
9459,38
7936,198
7938,3
65434,64
16989,589
65436,1
65430,46
65433,88
21144,118
16981,589
16986,435
16985,589
16456,64
64526,2
64528,4
121053,51
63551,589
63804,198
63803,129
63556,109
63559,9
113224,64
22946,80
21496,8
3429,16
3424,64
2002,589
2007,589
2005,589
2008,9
12482,21
14170,9
14172,589
61094,22
30751,29
10581,16
118284,23
13169,3
10585,80
10588,6
13166,580
11183,198
125604,9
11185,6
14359,80
112178,198
112179,55
62602,50
17919,589
30697,21
30692,47
137110,124
1082,15
136648,17
66381,9
66386,13
66648,589
29038,44
29528,589
29033,5
29032,198
29526,589
61147,301
1334,95
1331,12
6932,69
6936,51
1902,191
8694,58
8123,20
8692,14
7700,589
123100,105
66654,524
126555,55
126554,62
114829,452
61381,7
61380,266
31593,589
61389,286
61388,122
8348,45
31591,102
8341,80
28924,47
66031,3
66032,77
66034,50
61562,50
61560,61
61567,7
61566,54
65609,20
65607,10
22122,589
4078,14
13765,10
4077,21
13760,1
4072,47
3964,5
3962,2
5792,10
5791,47
3969,50
3639,15
114648,589
106368,79
17461,589
13379,1
13378,119
4467,24
13375,55
4462,8
4460,13
140759,120
24870,48
6452,7
24877,198
135669,39
24878,198
141720,60
64267,589
64262,589
16847,589
16845,589
16843,589
6326,13
12171,13
14512,23
12178,1
9667,3
9664,21
29206,29
10115,43
10441,19
10443,15
21776,198
21777,66
63120,294
63123,23
62836,14
112618,589
62832,7
8972,13
8975,3
26008,7
7139,13
7138,31
7133,64
7132,64
7137,80
132978,62
1659,16
1650,76
1651,26
1655,18
133886,76
133885,195
3895,4
119095,66
133888,129
24203,57
24205,10
24204,8
5404,21
3394,11
3399,8
1380,36
28556,12
28003,80
1439,25
30205,46
28737,47
29706,46
30209,6
114346,7
13976,95
18110,579
23466,19
5543,235
111864,74
30067,65
111868,2
11234,8
61717,198
61711,198
61712,37
61718,12
61719,14
25915,15
129840,15
22338,505
129848,46
129849,81
25918,11
129519,52
25318,64
25312,64
25313,16
25314,30
25315,100
25640,22
25641,11
13572,61
23420,19
115831,129
9890,69
9898,25
9899,45
17266,223
109931,38
1594,46
12762,7
12761,13
6136,22
64891,41
64726,3
64896,7
10946,20
16477,13
63716,12
1593,22
9472,19
9473,38
16478,80
65413,99
61971,1
65417,64
61976,198
21163,62
24996,198
62543,589
14311,3
64099,129
120296,126
124976,13
124975,120
64096,11
124794,29
24191,198
24190,61
24197,50
24198,29
63821,106
63822,124
3407,62
138490,198
4878,8
138621,129
13498,5
10615,62
10614,381
2060,7
2061,15
2797,8
14112,114
14113,19
14111,13
14114,80
108970,442
62990,187
62996,589
62447,129
62446,77
122741,109
13142,180
9783,589
9786,2
62662,49
62667,45
62666,52
115750,198
133164,108
137131,14
137130,114
137137,27
30032,42
65180,26
138843,64
29015,23
29542,589
7092,74
107643,589
29011,30
14297,7
66698,198
126599,127
8105,7
1359,198
8109,20
1356,17
66630,43
66631,80
66636,129
8363,65
8365,38
61364,551
113362,123
110588,29
3184,8
28940,15
28765,64
28947,12
28944,23
24432,3
24430,21
24436,12
28769,65
13709,61
13700,16
4016,45
11399,58
19433,76
19431,14
19438,13
19439,13
3980,24
110326,55
110320,182
1111,16
65624,4
117862,20
117861,17
65621,43
65622,129
1117,1
25138,114
25108,46
24858,64
24853,149
24856,198
24857,29
65128,64
64284,2
64280,44
64283,129
64282,19
7875,3
112185,4
7873,18
7878,14
6308,5
6304,76
12156,8
63455,589
63106,27
63456,3
63451,28
63102,3
9319,13
63100,101
10422,83
10420,95
9313,18
63109,20
112366,32
112362,589
8958,7
62852,589
141044,99
62859,87
26900,3
123807,51
113419,65
125237,27
125234,589
112090,589
1632,78
112092,3
1634,20
1635,71
1981,20
3218,3
1988,8
2817,8
2811,19
2812,20
29954,20
29955,194
2818,46
14257,198
14256,61
14250,48
14253,589
14252,17
24225,24
24224,94
24222,2
24220,198
122175,2
122171,114
122173,100
122172,100
28573,488
3376,55
3373,261
3370,20
30263,9
30260,1
30261,45
30265,75
31683,40
31686,13
31689,198
31136,589
4242,69
4241,68
5520,16
5523,29
5526,483
8543,10
31037,49
30087,78
30084,129
31354,16
23195,40
23197,94
16453,11
6547,69
63680,16
30884,44
6543,14
61777,589
16836,589
127279,15
30888,589
25937,198
115812,102
12436,17
7515,19
18241,482
7510,9
16671,151
16675,375
16674,589
16679,585
6152,49
12702,1
61192,8
6158,3
6159,1
61198,71
64708,13
25665,272
120059,129
64879,62
64876,22
120051,198
60823,589
63739,63
30843,12
63730,589
22717,579
61996,152
65472,32
65474,8
30847,7
141236,56
2269,154
2267,13
63848,46
139804,11
63847,9
139803,114
138608,198
138609,13
2044,43
138601,43
138602,54
138603,65
2049,20
9411,14
9413,1
10639,46
10631,76
11948,106
14131,589
11944,39
11942,35
11940,2
8807,69
27991,46
27996,589
27997,14
17724,589
62465,64
65022,589
63596,10
125533,7
62646,143
62645,53
62642,589
62640,7
62649,47
10097,34
10096,44
117805,125
138861,6
62056,14
106770,589
12945,10
12944,3
20653,80
14395,179
15446,198
15443,32
30740,150
12497,13
66610,49
66616,53
66617,6
61349,19
8388,58
8387,80
8386,13
61340,21
61694,97
25342,98
25340,29
24414,589
24415,8
4383,69
24419,34
130762,82
1372,17
28749,30
28216,172
28217,32
28214,20
28740,28
23291,52
28967,443
4036,17
26360,129
11376,9
11371,27
11372,36
23961,80
19415,589
23872,2
23871,589
23877,64
65866,129
65643,55
65640,47
61523,18
65861,5
113425,102
120557,64
116680,589
124614,51
124615,589
25430,10
25433,125
25434,21
25124,22
65795,3
7852,162
7853,43
7850,25
63690,46
63699,589
61836,198
61832,589
16802,101
61839,69
61838,589
12138,49
12139,15
140800,80
6362,30
12136,106
10150,19
10156,68
10405,22
10407,17
10159,12
9338,8
63470,124
63474,5
63479,589
63478,193
14898,7
14897,65
14895,46
21731,182
14891,15
62870,48
28314,358
62874,168
3226,29
113439,40
3230,1
3231,589
1968,20
1969,8
1618,3
1619,589
3238,589
1613,20
138470,52
2870,68
3354,84
28513,589
28512,64
2547,298
3358,36
20064,80
122159,129
5442,24
62257,10
30539,65
30536,6
30534,26
64997,3
30247,18
114303,53
5508,17
18152,219
5505,33
23605,37
66151,589
66155,589
66404,69
66403,76
132799,62
27776,13
27771,106
61758,16
61759,9
6565,44
61752,129
61753,80
61755,83
29606,83
29607,59
7685,4
28501,64
7682,50
29600,56
29601,34
25950,56
25956,80
29608,20
29609,14
10332,41
3824,47
3821,16
65980,589
8440,80
109079,45
115872,29
115873,362
115876,589
7537,51
7536,109
31379,102
19355,589
16650,18
6178,61
12726,163
6171,11
64857,198
64850,60
64851,60
64853,79
10984,55
10981,16
64859,12
10983,18
24607,64
60802,30
60801,114
60800,29
24608,43
65456,589
24954,45
16957,589
65459,1
119535,589
119533,124
64583,64
64584,589
124934,39
7904,47
64589,80
11584,41
11580,18
138662,198
116210,589
4839,10
4830,30
4523,47
13453,306
130138,38
4520,26
7993,69
7991,8
13332,28
11636,17
62406,15
13184,198
64327,198
13187,64
64323,306
64321,32
134964,129
13189,59
8638,14
63862,4
63863,13
63866,198
122838,117
9293,18
7331,7
9298,64
9299,12
18439,589
123138,117
30185,58
30181,14
12926,29
30188,589
10215,19
10211,32
10213,6
63313,388
121613,109
61153,8
63318,589
61403,20
112111,24
127455,66
8148,65
30760,129
30989,7
66365,368
6994,11
6995,24
61155,20
8633,23
66366,63
61409,24
31588,10
2999,15
24382,2
66367,33
66360,9
2990,197
2991,52
66368,109
31587,46
24389,9
61885,589
111490,1
111491,4
111492,198
111493,2
9999,102
65251,81
64915,48
137531,589
66091,589
66096,589
28231,15
29900,31
11038,79
1397,4
1393,69
65709,198
11351,3
61321,129
61322,7
61325,64
64821,65
130305,79
22972,12
23819,38
23811,25
23810,8
23812,198
126715,123
126714,61
65664,26
65841,30
124638,102
25140,589
64130,11
124636,64
2437,80
2436,43
2435,8
16821,589
16824,589
63678,102
16827,589
16828,589
63674,8
63676,141
7835,11
63672,589
12110,47
117358,88
6343,3
61815,580
6346,64
6349,1
119493,110
17198,22
17197,283
17195,526
9351,414
9602,4
9355,84
9359,15
9358,10
10174,15
63419,42
63418,134
21244,58
11035,3
11032,64
63413,589
63415,317
63417,7
3781,3
3786,90
3785,8
8990,10
4993,24
4990,46
113459,2
125277,124
125276,129
125275,46
125274,126
125279,105
116004,120
1949,384
106073,589
1943,5
1940,2
13241,20
2859,69
133245,114
2856,69
14219,589
3336,3
122138,128
20047,3
62236,159
62237,198
122137,103
29710,62
106404,589
29910,13
29916,19
137943,25
137232,22
29918,48
1234,83
66428,64
28397,64
28395,5
126720,43
126721,14
28398,8
1239,8
66425,3
66424,589
8288,15
25970,294
25972,64
25976,95
25978,102
6502,27
2489,23
31170,20
29624,589
29626,27
4903,18
23486,4
2482,15
3807,114
23485,265
8463,7
8465,2
111779,589
110179,357
31394,45
7556,3
7554,4
22536,24
22532,29
14369,43
64830,7
14368,66
60868,129
64839,53
25628,80
24621,46
24620,11
25623,20
25627,69
65303,33
24978,5
24971,76
24976,589
24975,107
119553,9
116586,589
22751,570
116588,120
31821,21
2226,198
2222,198
2220,56
10056,22
8113,69
13474,2
4503,23
138641,198
2080,13
2086,32
25081,62
2085,6
11656,38
125860,55
128541,31
17761,469
17762,580
27957,15
11178,38
64308,129
64304,40
64306,65
64301,589
64302,7
64303,142
139665,19
63886,12
63883,3
128764,117
63881,64
62689,163
62688,3
20900,2
20901,64
62686,5
20909,69
63084,198
63085,6
63082,198
63083,177
63080,109
63081,198
7315,144
7316,45
12304,7
212340,198
11907,56
11908,19
12309,13
30169,1
12909,121
30165,377
12904,40
30161,18
30163,42
10232,50
9016,18
10237,17
10236,20
10235,46
10238,46
21505,198
21504,26
21507,62
63338,12
63339,88
21503,167
12734,4
24029,17
21508,114
26006,84
64381,60
30709,6
119316,1
119314,41
7781,8
66300,17
66301,13
66305,21
24360,11
24361,20
1004,19
10990,29
4340,119
28700,22
28701,15
28704,30
28706,66
65669,64
14535,28
11017,18
11012,15
8611,40
113373,5
5711,9
65665,48
25631,29
61655,198
61656,124
61302,479
61653,38
61300,28
28877,3
11482,483
11480,12
140049,129
140044,198
140042,153
65829,65
65827,80
65825,70
120518,106
120574,97
25168,64
25167,46
25166,76
120513,46
25164,14
120517,52
64135,14
32280,55
16597,80
12688,80
12689,19
10827,13
129626,2
28919,69
63651,17
63650,198
63657,29
4496,80
61871,135
61872,55
61877,59
64153,48
64154,42
64156,26
141397,18
121134,8
121136,28
121137,3
13380,45
63430,54
113611,19
9372,72
121139,124
24291,64
116394,3
116395,19
116393,9
28819,7
1820,8
1823,11
2146,55
4973,31
1920,5
3277,129
3275,12
1926,16
3278,7
116029,72
13228,4
4223,16
13227,8
112877,34
112876,71
112874,114
14233,29
112878,9
122447,129
62745,12
62742,4
62215,185
62740,589
122114,12
3311,13
3310,126
62748,44
20029,10
20028,589
30576,104
30577,55
20021,30
28620,589
12403,46
15360,46
138925,3
138924,109
138921,124
6475,12
31517,4
137960,34
29939,156
29930,9
29395,11
29396,129
29397,57
29934,11
29423,589
29392,9
1213,20
1210,20
23137,8
6522,216
6527,5
8264,69
8265,69
8266,16
30398,106
30399,20
25993,198
29649,37
31629,3
31159,59
31625,65
63679,33
31627,589
29647,10
31622,129
3862,6
16829,589
8402,8
7575,48
7576,92
9815,25
9812,6
66441,4
66114,40
66445,12
66447,122
66446,7
14934,80
117359,4
65148,29
12111,13
65145,25
65144,62
14285,193
61811,30
65142,23
4156,9
6347,13
60847,5
60846,93
60845,589
24648,198
28119,47
28118,40
24646,41
65368,147
22772,7
29953,13
65491,129
65365,88
65494,8
119574,129
31849,47
31843,102
31846,64
5902,198
15087,14
5901,84
19311,80
8213,8
19318,589
109823,198
106261,135
3480,16
109825,589
13412,76
13410,2
4560,47
13418,64
4568,20
11670,2
11672,47
24912,7
121839,377
121835,129
121834,107
121833,223
27932,350
62919,374
27936,43
27937,47
62913,198
27938,46
17780,589
25202,26
25203,55
25201,143
64363,30
64360,64
64367,6
64364,10
64365,44
118228,26
16784,589
128740,23
125595,129
118223,126
12094,8
6066,9
12091,21
12090,22
2606,15
2602,7
10787,17
10035,589
10789,5
127574,72
10030,7
10033,45
61069,129
7370,49
11929,45
12321,14
11923,75
105559,589
123474,2
60882,4
30490,88
30495,68
25356,64
30496,3
29099,65
29098,80
7017,68
29095,121
10252,60
64768,22
24005,80
18699,95
25353,46
121656,129
29895,55
29894,3
29899,589
29898,65
24344,198
2950,13
2953,5
5340,4
5342,1
126020,1
137573,48
137572,3
4367,12
28278,589
3105,29
3107,9
11074,23
3103,36
111102,15
111103,2
8675,14
30720,2
106853,589
31456,64
4091,19
4090,46
13786,176
31453,39
4094,19
66290,6
13789,7
31459,101
5735,544
66588,70
126623,39
66586,66
11313,25
66582,129
11310,4
19124,589
127378,17
61679,589
61676,129
127376,54
127377,95
60983,589
60984,589
140067,101
140065,129
28858,230
140062,84
140061,65
28851,14
126976,589
61581,9
8096,25
8095,29
65803,62
8093,24
61584,33
15203,129
15202,303
61589,312
8099,69
128978,22
11142,20
16573,589
12669,23
6653,236
107817,589
10801,69
120359,55
120358,31
63986,117
63633,5
63984,129
63635,27
63637,23
63639,589
65776,6
19878,589
6386,20
65772,21
65773,8
65771,6
21066,6
19873,589
61859,2
21061,353
65585,12
124678,129
64177,120
64176,12
64175,9
124677,102
64173,75
63188,20
121481,50
63181,2
64507,14
21204,125
124394,33
2169,58
2163,64
14036,2
62581,114
17047,589
122680,36
1906,19
5134,13
5133,12
3291,16
120824,5
13204,2
120823,88
13200,24
11914,45
14960,64
20005,22
20556,4
62768,15
62761,64
30558,2
30559,37
30550,589
15265,38
113498,70
113494,102
64984,45
113490,15
113491,55
112721,589
112720,13
138904,18
138901,41
133288,106
133284,129
1279,69
116831,589
1274,31
133246,198
8247,22
8245,589
29661,129
29663,63
12459,27
29668,12
29669,7
26898,198
31600,20
31607,129
31604,589
8423,13
111731,125
111732,38
10658,2
9831,69
9835,32
23111,589
23113,64
66465,46
23118,351
65169,70
61448,198
61444,589
61445,46
61446,64
61112,162
61113,88
61442,589
24662,13
24660,2
17128,589
24669,7
3840,11
5690,4
28130,126
5697,3
28135,589
3848,69
28139,17
22794,35
22797,2
22791,589
29086,198
63757,27
16439,23
5968,20
125596,70
5961,10
64189,580
5965,1
17237,589
17232,43
17233,589
124198,92
64699,589
64692,589
13431,80
13432,80
124195,102
4546,9
121817,29
121816,589
121815,6
11694,47
121819,198
121818,573
65345,35
65343,4
65342,30
24934,35
24931,64
64436,19
124442,14
124441,55
124440,129
64344,12
64433,8
64346,33
2593,20
27913,48
27914,64
25224,9
25227,19
25223,124
6044,17
2620,580
2625,67
2628,15
7350,27
10013,13
9589,45
9230,4
10016,5
62975,21
62977,198
62976,589
62979,589
12346,27
10277,69
9058,12
7336,45
63374,194
125315,109
63377,240
122078,80
9052,7
24069,10
24068,10
21542,18
24066,40
122075,129
122895,54
133547,88
29875,59
29874,175
29870,18
29873,80
129851,106
61167,198
2975,15
122096,44
122094,31
62396,57
62391,54
1045,20
62399,129
122099,105
30121,4
30127,589
30128,47
65711,1
11051,53
11056,35
14578,19
24491,18
24495,54
3129,9
3121,8
3126,7
64663,65
115404,52
8655,80
8657,7
31479,4
31474,3
31477,47
5750,19
5757,80
23561,69
61610,56
15197,589
127316,5
15199,589
25817,124
66708,114
1230,20
28836,23
28834,12
12503,26
7435,6
7437,69
7430,7
64423,129
120593,76
66426,19
117006,589
6678,3
117003,48
110387,29
10868,589
110382,61
10860,52
10867,22
16885,589
63617,197
121315,55
63967,5
16889,589
19508,477
63962,369
4708,589
119436,589
6509,43
21959,129
1860,27
1864,47
1866,34
13597,181
4932,14
4685,589
4682,580
4936,5
13590,64
138747,198
138210,86
138741,141
138743,68
25979,26
2101,3
2100,2
5116,10
5111,10
14019,51
14017,13
14016,32
14011,15
17061,423
20791,452
62564,7
62562,7
14150,23
10482,69
10484,20
14908,29
62488,115
62709,89
62702,40
62700,7
62705,179
29621,100
133049,55
133047,81
133730,12
133045,74
133732,105
1783,15
121478,38
29342,12
6873,14
29463,589
29461,3
29466,589
18221,460
29341,2
3806,19
30822,65
8229,18
14808,5
31661,21
31660,109
31662,589
29689,18
31669,589
7602,16
7601,2
2490,38
13550,5
9850,69
137434,111
137432,18
28483,7
1257,59
1254,12
1523,7
28337,34
63520,6
28333,30
28332,30
30236,198
30231,20
61420,2
61421,15
22221,64
61427,47
61425,4
4115,7
63928,3
24689,17
122257,198
28152,589
28155,589
28157,8
116526,92
110045,22
31887,90
31881,47
3054,11
5944,78
132605,54
23793,79
132600,94
11509,30
11506,69
11502,14
23799,194
127436,39
127435,39
65105,46
61131,26
65107,6
65106,589
65108,8
127439,9
127438,109
106228,1
25799,15
25025,64
25020,46
25021,7
31392,17
64418,12
64045,5
124319,120
124318,129
124316,129
124315,170
124314,34
64410,11
134384,93
64412,198
118264,42
118267,18
1682,69
6020,110
6025,19
9216,5
9217,20
12365,16
12364,8
62957,20
62955,15
62954,133
21159,589
9071,14
10297,6
10296,80
123435,17
10292,50
125379,43
24040,198
63394,45
121693,58
3556,9
3555,290
112190,19
134031,129
138004,109
138005,30
138002,46
138000,129
2916,12
64833,129
29852,24
137602,47
24302,198
24304,44
5301,32
5306,9
13013,111
13011,102
30451,11
30100,45
4328,23
4321,20
4322,10
31270,580
3144,15
14597,124
14592,66
14593,20
14590,14
62049,46
17861,589
17072,172
106760,347
62046,115
123694,7
31418,4
5772,18
5774,5
23544,520
61635,65
25878,4
29143,30
25870,12
25874,80
25877,276
136264,66
136265,589
136267,36
66728,75
28817,57
66725,3
66726,4
126424,51
126423,54
66723,129
109621,589
140027,22
140024,105
12568,10
135914,106
12560,7
15242,19
7416,19
110679,6
117026,589
16531,16
117020,589
61093,48
12620,11
6617,15
61095,24
12625,29
61098,589
127840,89
127841,589
10840,5
60949,589
60942,17
60943,589
120315,129
120314,50
63056,15
63943,65
63942,70
63941,198
63945,178
61899,198
65739,105
65732,15
12192,66
65737,441
65734,589
2345,19
119419,1
2346,5
2340,2
2342,27
119414,589
119417,10
66013,14
25495,69
135247,52
3708,45
65056,7
3700,15
1884,64
3707,38
13579,403
2124,16
4918,29
30906,46
4666,17
13570,1
4911,64
15354,109
105670,589
5174,86
5179,7
12430,1
62549,8
64064,589
64061,15
64060,1
64063,72
64062,545
9689,151
63490,64
63493,40
63495,29
63494,99
121194,15
63498,4
121199,589
62723,75
62724,12
62728,146
7257,38
7250,83
7251,89
7253,561
15347,8
5334,45
138943,82
29312,198
112965,589
29448,506
29449,7
29338,10
63232,589
29443,135
29332,51
29446,589
14290,8
14292,64
14923,80
8802,18
14296,9
31504,10
8808,69
30666,8
15521,46
30662,14
8759,21
30660,6
8755,80
6588,2
8750,47
109366,589
109364,589
15267,20
7620,52
30306,3
31643,163
136725,111
28502,49
9872,12
13479,25
1500,13
28313,589
3087,45
7824,69
28317,30
28316,99
28315,589
3082,589
22207,4
22205,39
13800,62
28176,12
3886,32
132599,50
117904,129
117905,106
117902,29
117903,114
116503,64
25080,35
116504,4
11523,129
18732,589
61400,10
61401,129
61402,65
61151,171
61404,2
61405,48
61406,382
61407,35
61408,165
65126,41
65124,64
15092,52
25000,20
120455,114
25002,45
120458,16
30640,589
64652,9
64650,75
119955,2
66185,589
9916,2
140760,7
65389,64
65383,16
24795,13
65387,17
124374,29
19954,49
134944,77
19953,11
119273,129
6003,83
65009,25
6008,102
17272,589
9273,27
10724,5
10726,29
27780,65
63004,178
61055,589
63000,9
12389,4
12381,198
26004,62
64387,18
26000,18
64382,62
64383,118
64389,12
125357,129
133369,4
133366,146
133367,6
125358,129
113371,75
113370,120
61540,8
29823,7
3574,3
3570,64
4497,15
124050,24
4495,1
4494,16
2662,14
2663,9
20988,2
13381,46
13326,7
20983,198
4498,2
108772,1
2938,46
133506,589
133504,133
108778,20
5327,7
14606,18
11896,589
14603,198
112970,47
1837,61
20185,2
30479,42
30477,16
13032,29
11094,19
11096,22
31789,589
18051,589
11099,15
62065,12
62064,52
122360,129
122361,17
3164,32
132361,106
28785,19
28787,5
30781,44
128098,1
30783,2
30782,40
30789,93
20237,12
29830,19
29784,6
29837,198
2402,4
129470,85
23526,20
66526,46
118445,129
118446,129
126621,31
126620,26
66292,17
118443,589
25852,108
25859,129
31254,589
29161,348
29167,80
29165,19
29164,65
20904,54
12815,8
12545,9
12544,12
8562,44
15261,579
12540,121
123015,45
123014,38
123017,64
123016,129
123019,129
105805,5
31430,8
14412,1
19094,589
6639,12
22695,18
65913,3
14417,76
12603,482
12606,14
60964,4
26582,11
60969,129
24725,40
24720,17
126296,60
24728,198
65710,65
65247,100
65244,74
65245,18
65242,129
65243,133
65717,44
65718,12
3612,7
119477,61
119474,46
13634,6
120595,108
13630,14
2328,58
20779,126
13639,16
11508,10
3761,48
3769,114
138701,129
138703,198
138705,186
138707,31
138706,55
7319,69
17641,580
17640,589
13552,10
4640,589
4641,1
13557,195
2497,4
13554,40
63927,20
11770,246
7892,69
61483,64
17027,513
62520,589
62526,198
62527,589
62525,198
5152,1
64115,4
64041,49
120845,129
64049,33
64048,46
11903,8
128663,174
62290,7
62295,7
62296,3
7277,80
7275,14
25405,16
7278,20
7279,16
2561,2
64011,589
8551,43
6831,64
6830,18
6836,12
29316,65
29317,20
10552,1
10553,124
10550,185
65896,5
121713,589
121717,88
121718,129
8823,19
8826,21
30649,33
30644,16
30861,29
30862,8
30647,589
30312,27
30865,69
30310,6
7647,580
7646,5
7648,8
119275,47
119277,17
28528,18
114920,70
62204,59
7034,23
112780,155
1743,29
9132,1
111205,23
28190,126
11172,9
24539,26
24538,3
126298,84
28374,81
11174,154
24533,268
126295,8
24531,49
126297,106
24537,3
5742,69
109831,265
1562,129
1567,18
13828,6
24021,30
13824,15
5639,3
28195,18
28194,20
13353,69
7466,69
8484,1
8486,9
8488,161
