65541 1
65548 1
65550 1
65552 1
65553 1
65554 1
65556 1
65569 1
65570 1
65574 1
65576 1
65577 0
65578 1
65580 1
65585 1
65586 0
65587 1
65590 1
65592 1
65593 0
65604 0
65607 1
65609 1
65611 1
65615 1
65621 1
65622 1
65624 1
65630 1
65640 1
65643 1
65653 0
65655 0
65657 1
65658 1
65664 1
65665 1
65669 1
65670 1
65671 1
65676 1
65679 1
65680 1
65681 1
65689 1
65690 0
65697 1
65698 0
65700 1
65701 1
65702 1
65703 1
65705 0
65706 1
65708 1
65709 1
65710 1
65711 1
65716 0
65718 1
65724 0
65725 1
65731 0
65732 1
65734 1
65737 1
65739 1
65740 1
65748 0
65749 0
65753 0
65768 1
65771 1
65772 1
65773 1
65776 1
65777 0
65785 0
65787 1
65788 1
65795 1
65803 1
65810 1
65812 1
65814 0
65825 1
65829 1
65831 1
65834 1
65841 1
65850 1
65852 0
65858 1
65861 1
65866 1
65870 0
65872 1
65875 1
65880 0
65881 1
65884 1
65886 1
65887 1
65893 1
65895 1
65896 1
65897 1
65899 1
65901 1
65904 1
65905 1
65907 1
65911 1
65913 1
65915 1
65916 1
65921 1
65922 1
65923 1
65927 1
65930 1
65937 1
65944 1
65945 1
65948 1
65949 1
65957 1
65958 1
65961 0
65967 1
65971 1
65972 1
65973 1
65979 1
65980 1
66000 1
66003 0
66004 1
66005 0
66013 1
66016 1
66026 0
66027 1
66031 1
66032 1
66034 1
66043 0
66046 1
66049 1
66050 1
66056 0
66059 1
66061 1
66062 1
66065 1
66070 1
66073 1
66077 1
66085 1
66091 1
66096 1
66101 0
66102 1
66108 1
66114 1
66148 1
66151 1
66155 1
66185 1
66242 1
66263 1
66265 1
66269 1
66272 1
66275 1
66278 1
66281 1
66285 1
66286 1
66288 1
66289 1
66290 1
66292 1
66293 0
66300 1
66301 1
66305 1
62221 1
66352 1
66354 1
66360 1
11060 1
66365 1
66366 1
66367 1
66368 1
66371 1
66379 1
66381 1
66386 1
66392 1
66393 1
66403 1
66404 1
66413 0
66414 1
66416 1
66418 0
16531 1
66423 0
66424 1
66425 1
66426 1
66428 1
66435 1
66441 1
66445 1
66446 1
66447 1
66450 1
66451 1
66452 1
66454 1
66455 1
66459 1
66465 1
66468 1
66476 1
66477 0
66484 1
66487 0
66496 1
66504 1
66507 1
66518 0
66519 1
66526 1
66530 1
1004 1
66544 1
1013 1
1021 0
66563 0
1034 1
1036 0
1038 1
1043 0
1045 1
66582 1
1050 1
66588 1
1056 1
66599 1
66602 1
1072 1
66610 1
1075 1
1076 1
1078 1
66616 1
66617 1
1082 1
66623 1
66625 0
66628 1
66630 1
1095 1
1097 1
66634 0
1099 1
66636 1
1104 1
66643 1
1109 1
66646 1
1111 1
66648 1
1115 0
1117 1
66654 1
66656 0
1121 1
66658 0
66660 1
66666 0
66667 0
66672 1
66673 1
66675 1
66680 1
66681 1
66682 1
1148 1
66688 1
1154 1
66691 1
66695 1
66696 1
1161 1
66698 1
1164 1
66708 1
1173 1
1177 1
66716 0
1183 0
66723 1
66725 1
66726 1
66728 1
66731 1
1209 1
1210 1
1213 1
1228 1
1230 1
1234 1
1239 1
1240 1
1244 1
1246 1
1254 1
1257 1
1259 0
1266 1
1274 1
1279 1
1281 1
1283 1
1297 0
1300 1
1318 1
1324 0
1327 1
1331 1
1334 1
1356 1
1359 1
1360 1
1363 1
1372 1
1380 1
1382 1
1393 1
1397 1
1408 1
1410 1
1418 1
1439 1
1440 1
1444 1
1447 1
1449 1
1465 1
1468 1
126620 1
1478 1
1487 1
1500 1
1523 1
1533 1
1539 1
1542 0
1545 1
1559 1
1562 1
1567 1
1573 0
1577 1
1581 1
1585 1
1587 1
1593 1
1594 1
1602 1
1606 1
1613 1
1618 1
1619 1
1627 1
1632 1
1633 1
1634 1
1635 1
1642 1
1650 1
1651 1
1655 1
1659 1
1661 1
1663 1
1677 1
1678 1
1682 1
1686 1
1690 1
1703 0
1704 1
1706 1
1712 1
1722 1
1728 1
1743 1
16675 1
1762 1
1766 1
120444 1
1773 1
1781 0
1783 1
1786 0
1794 1
1820 1
1823 1
1831 0
1832 0
1837 1
1848 0
1860 1
1864 1
1866 1
1878 1
1884 1
1891 1
1902 1
1906 1
1913 1
1919 1
1920 1
1926 1
1940 1
1943 1
1949 1
1951 1
1956 1
1968 1
1969 1
1971 1
1974 1
1976 1
1979 1
1981 1
1982 1
1988 1
1992 1
1995 1
1998 1
2002 1
2005 1
2006 0
2007 1
2008 1
2011 1
2019 1
2025 1
2028 1
2033 1
2034 1
2044 1
2049 1
2052 1
2054 1
2058 1
2060 1
2061 1
2070 1
2080 1
2085 1
2086 1
2100 1
2101 1
2111 1
2113 1
2124 1
2136 1
2138 1
2146 1
2150 1
2154 1
2163 1
2169 1
2175 0
2176 1
2184 1
2188 1
2189 1
2193 1
2213 0
2215 1
2220 1
2222 1
2226 1
2230 1
2237 1
2246 1
2251 0
2255 1
2259 1
2267 1
2269 1
2270 1
2271 1
2282 1
2285 1
2290 1
2295 1
2299 1
2312 1
2322 0
2328 1
2337 1
2340 1
2342 1
2345 1
2346 1
2351 0
27701 0
2390 1
2393 1
2402 1
2403 1
2435 1
2436 1
2437 1
2444 1
2461 0
2467 1
2482 1
2484 1
2489 1
2490 1
2497 1
2498 0
2504 1
2507 1
2508 1
2518 1
2519 0
2521 1
2536 1
2537 1
2538 1
2547 1
2549 1
2553 1
2555 1
2556 1
2558 1
2561 1
2562 0
2573 1
2574 1
2577 1
2581 1
2589 1
2593 1
2595 1
2596 1
2602 1
2606 1
2615 1
2616 1
2620 1
2625 1
2628 1
2646 0
2662 1
2663 1
2677 1
2710 1
2731 1
2735 1
2751 1
2771 1
2783 1
2785 1
2787 1
2797 1
2802 1
2803 1
2807 1
2811 1
2812 1
2817 1
2818 1
2829 1
2845 1
2847 0
2849 1
2856 1
2859 1
2860 0
2870 1
2883 1
2884 1
2886 1
2888 1
2889 1
2891 0
2903 1
2908 1
2909 1
2916 1
2917 0
2929 1
2938 1
2940 1
2942 1
2950 1
2951 0
2953 1
2955 0
2960 1
2965 0
2975 1
2982 1
2986 1
2991 1
2999 1
3002 1
3007 1
3011 1
3015 1
3024 1
3026 1
3028 1
3031 1
3033 0
3036 1
3041 1
3048 1
3054 1
62296 1
3062 1
3063 1
3071 1
3078 0
3082 1
3087 1
3093 1
3103 1
3105 1
3107 1
3114 1
3116 1
3121 1
3126 1
3129 1
3130 1
3138 1
3144 1
3153 1
3156 1
3157 1
3158 1
3164 1
3170 1
3171 1
3178 1
3184 1
3203 1
3206 1
3216 0
3221 1
3226 1
3229 1
3230 1
3231 1
3238 1
3240 0
3243 1
3246 1
3248 0
3255 0
3265 1
3273 0
3275 1
3277 1
3278 1
3282 1
3288 0
3291 1
3297 1
3310 1
3311 1
3333 1
3336 1
3342 1
3343 1
3354 1
3358 1
3362 1
3365 1
3366 1
3369 1
3370 1
3373 1
3376 1
3384 1
3391 0
3393 0
3394 1
3399 1
3407 1
3410 1
3413 1
3416 1
3419 1
3422 0
3424 1
3429 1
3439 1
3465 1
3480 1
3497 1
3502 1
3504 1
3505 1
3532 1
3555 1
3556 1
3562 1
3570 1
3574 1
3580 1
3581 1
3584 1
3594 1
3607 1
3612 1
3618 0
3619 1
3622 1
3625 1
3639 1
3640 0
3643 1
3647 1
3650 1
3662 1
3673 1
3691 1
11538 1
3700 1
3707 1
3708 1
3711 1
3713 1
3734 1
3735 1
3756 1
3761 1
3773 1
3776 1
3781 1
3782 0
3785 1
3786 1
3793 1
3796 1
3798 1
3806 1
3807 1
3814 1
3820 0
3821 1
3824 1
3833 1
3835 1
3839 0
3840 1
3848 1
3851 0
3855 1
3862 1
3863 0
3872 0
3886 1
3892 1
3895 1
3897 1
11573 1
3905 1
3911 0
3916 1
3917 1
3918 1
3933 1
3937 1
3946 1
3949 1
3962 1
3964 1
3969 1
3971 1
3980 1
4001 1
4005 1
4016 1
4024 0
4029 1
4036 1
4040 0
4051 1
4052 1
4058 1
4060 1
4062 1
4065 1
4066 0
4072 1
4077 1
4078 1
4083 1
4087 1
4090 1
4091 1
4093 1
4094 1
4103 1
4108 1
4115 1
4121 0
4124 1
4127 1
4128 1
4132 0
4145 1
109919 1
66586 1
4160 0
4162 1
4173 0
4176 0
4182 1
4186 0
4189 0
4191 0
4193 1
4194 1
4199 1
4201 1
4205 1
4213 1
4222 1
4223 1
4225 1
4228 1
4230 1
4241 1
4242 1
4251 1
126322 1
4273 1
4274 1
4275 1
4279 1
4292 1
4296 1
102617 1
4321 1
4322 1
4328 1
4331 1
4335 0
4340 1
4351 1
4352 1
60802 1
4367 1
4371 1
4372 1
4374 1
4381 0
4383 1
126717 1
4390 1
4409 1
4412 1
4415 1
4418 1
4423 1
4424 0
4430 1
4434 1
4448 1
4450 1
4456 1
4460 1
4462 1
4467 1
4476 1
4477 1
4494 1
4496 1
4497 1
4498 1
4503 1
4510 1
4515 1
4517 1
4520 1
4523 1
4546 1
4553 1
4556 0
4560 1
4568 1
4569 1
4572 1
4579 1
4585 0
4595 1
4598 1
4600 1
4605 1
4607 1
4608 1
4611 1
4622 1
4623 0
28078 1
66713 1
4640 1
4641 1
4645 0
4666 1
4674 1
4675 1
4678 1
4682 1
4685 1
4690 1
4699 1
4708 1
4719 1
4723 1
4736 0
4737 1
4739 1
4740 1
4742 1
4758 1
4759 1
4764 1
4768 1
4769 1
4771 1
4783 1
4790 1
4800 1
4801 1
4802 1
4806 0
4807 1
4809 1
4819 0
4826 1
4828 1
4830 1
4834 0
4839 1
4842 1
4843 1
4844 1
4847 1
4860 1
4864 1
126423 1
4878 1
28120 0
4885 1
4894 0
4900 1
4903 1
4911 1
4918 1
4926 1
4932 1
4936 1
126434 1
4961 0
4972 0
4973 1
4988 1
28138 0
4990 1
4993 1
5018 1
5020 1
5032 1
28146 0
5038 1
5043 1
5046 1
5047 1
5050 1
5066 0
5071 1
60920 0
5074 1
5079 1
5087 1
60923 1
5109 1
5111 1
5116 1
5122 1
5125 1
112557 1
5133 1
5134 1
5142 1
5149 1
28165 1
5152 1
5165 1
5166 0
5169 1
5174 1
5179 1
5187 1
5210 1
5211 0
5215 1
5216 1
5218 1
5229 1
5234 1
5237 1
11796 1
5250 1
5252 1
5253 1
5254 1
28184 1
60953 1
5284 1
5301 1
5306 1
28546 0
5313 1
126498 1
5327 1
5330 1
5334 1
5336 1
5338 1
5340 1
5342 1
5357 1
110239 1
5374 1
5377 1
5379 1
5395 1
5404 1
5408 1
5412 1
28209 1
5417 1
5420 0
5422 1
5432 1
5439 1
5442 1
5456 1
28216 1
5458 1
5464 0
5465 0
5475 1
5476 1
5479 1
5485 0
5492 1
5496 1
5503 0
5505 1
5508 1
5513 1
5518 1
5519 1
5520 1
5523 1
5526 1
5530 1
5539 1
5543 1
5557 1
5559 1
5560 1
5564 1
5567 1
5568 1
5569 1
5572 1
5578 1
5581 1
5589 1
5594 1
5597 1
5600 1
11856 1
5606 1
5608 1
5619 1
5621 1
5626 1
5639 1
5643 1
5667 1
5671 1
5680 1
5686 1
5690 1
5697 1
5709 1
5711 1
61028 1
5723 1
5726 1
5735 1
5742 1
5750 1
61033 1
5757 1
5763 1
5764 1
5772 1
5774 1
5782 0
5783 1
5785 1
5786 1
5788 1
5791 1
5792 1
61296 1
111488 1
5798 1
5802 1
5818 1
5823 1
5824 1
5826 1
61046 0
5831 1
5841 1
5847 1
5848 1
5851 1
5852 0
5860 1
5862 1
5870 1
5878 1
61055 1
5885 1
5888 1
5901 1
5902 1
28291 1
5918 1
126597 1
126599 1
126600 1
126601 1
5944 1
5959 1
61068 1
5965 1
5968 1
5973 1
5977 1
5978 1
61071 1
5980 1
5987 1
6003 1
6008 1
6010 1
6019 0
6020 1
6025 1
6034 1
6035 0
6036 1
6039 1
6044 1
6053 1
6054 0
28316 1
6062 0
28317 1
6066 1
126623 1
6078 1
6081 1
6091 0
6096 1
6097 1
6100 1
6102 1
6104 1
6109 1
6110 1
61093 1
6115 1
6116 1
6121 1
6127 1
6130 1
6136 1
6140 1
6152 1
6158 1
6169 1
6171 1
6178 1
6185 1
6193 1
6194 1
6196 1
6206 0
6207 1
6213 1
6214 1
6215 1
6216 0
6217 1
6223 1
6226 0
6239 1
6241 1
6242 1
6259 1
6266 1
6268 1
6272 0
6282 0
6293 1
6297 1
6301 0
6304 1
6307 1
6308 1
6310 1
6311 1
6313 1
6314 1
6315 1
6326 1
6331 1
6333 1
6334 1
6335 1
6338 1
6343 1
6346 1
6347 1
6349 1
6357 1
6362 1
6370 1
6375 1
6376 1
6379 1
6386 1
6403 1
61142 1
6410 1
6416 1
6424 1
6428 1
6431 1
6433 1
6435 1
6437 1
6452 1
6459 0
6461 1
6465 1
6471 1
6475 1
6492 0
6497 1
6500 1
6509 1
6522 1
6527 1
6528 1
6529 1
6531 1
6532 0
6534 1
6543 1
6547 1
6548 0
28398 1
6552 1
1094 1
66631 1
6573 1
6574 1
6575 1
28403 1
6588 1
6608 1
6617 1
126714 1
6565 1
6638 0
6639 1
6649 1
6653 1
6571 1
6661 1
6669 1
6678 1
6682 1
6707 1
6710 1
6716 1
6717 1
6722 1
66657 1
6730 1
6731 0
6733 1
6736 1
6737 1
6742 1
6744 0
6745 0
6756 1
6765 1
6768 1
6773 1
6774 1
6781 1
6788 1
6791 1
6797 1
6799 1
6802 1
6803 1
6809 1
6821 1
105126 1
6825 0
105132 0
6829 1
6830 1
6831 1
6836 1
6839 0
6841 1
6845 1
6848 1
6865 1
6867 1
6873 1
6886 1
13323 1
6900 1
6908 1
12075 1
6922 1
6924 1
66690 1
28461 1
6932 1
6936 1
6948 1
6963 1
66697 1
126773 1
6994 1
6995 1
28474 1
7007 0
7017 1
7022 1
7034 1
7045 1
105365 1
7063 1
7065 1
7066 1
7067 1
7070 0
7085 1
7086 1
7092 1
28489 0
7106 1
7107 1
5721 0
7116 1
7117 1
7121 1
7123 1
7124 1
7127 1
7132 1
7133 1
61264 1
7138 1
7139 1
7143 1
7146 1
105456 1
7154 1
7161 1
7163 1
7179 1
7180 1
7183 1
7192 1
7203 1
7205 1
7208 1
7215 0
7228 1
7238 1
7241 1
7250 1
7251 1
7253 1
105559 1
7257 1
7260 1
7267 1
7268 1
7275 1
7277 1
7278 1
7279 1
7281 1
7291 1
12138 1
7300 1
7315 1
7316 1
7319 1
7329 1
7331 1
7336 1
7343 1
7346 1
7350 1
28532 0
7366 1
7368 1
7369 1
7370 1
105698 1
7401 1
7406 1
7409 1
7416 1
7420 1
7422 1
7430 1
7435 1
7437 1
7447 1
7448 1
7466 1
7469 1
7481 1
7486 1
105805 1
7503 1
7504 1
7506 1
7510 1
7515 1
7525 1
7526 1
28620 1
7536 1
7537 1
61332 1
7549 1
7554 1
7561 1
7562 0
7564 1
7566 1
7572 0
7574 0
7575 1
7576 1
7582 1
7585 1
121415 1
7602 1
7617 0
7620 1
105936 1
7635 0
7636 1
7637 1
105943 0
7646 1
105951 1
7648 1
7658 1
7662 1
7665 1
7668 1
7672 1
7682 1
7683 0
7685 1
7691 1
7692 1
7694 1
7696 1
7700 1
7711 1
7718 1
7723 1
7741 1
7745 0
7750 1
7758 1
7759 1
7761 1
7762 1
106073 1
7772 1
28602 0
7777 0
7781 1
7798 1
7799 1
61376 1
7824 1
7826 1
7828 1
7835 1
7849 1
7850 1
7852 1
7853 1
7862 1
7866 1
7873 1
7875 1
7878 1
7881 1
7882 1
7883 1
7892 1
28622 1
7904 1
28624 1
7906 1
7911 1
7912 1
7917 1
7920 0
7921 1
7922 1
7923 1
106228 1
7932 1
28629 1
7936 1
7938 1
28630 1
7951 1
7959 1
126836 1
7964 1
7967 0
7970 1
7974 1
7977 1
7982 1
28637 1
7991 1
7993 1
7995 0
8000 0
8001 1
8003 1
8007 1
8009 1
8014 1
8017 1
8028 1
8030 1
8031 1
110566 1
106350 1
8047 1
8049 1
8050 0
8051 0
8060 0
106368 1
8067 1
8068 1
8073 1
28641 1
8079 1
8084 1
8087 1
8092 1
8093 1
8095 1
8096 1
8099 1
106404 1
8105 1
8109 1
8113 1
106418 1
8118 0
8123 1
8133 1
8148 1
8150 1
8151 1
8162 1
8163 0
8173 1
8176 1
8184 1
8193 1
8194 1
8195 1
8199 1
8202 0
8210 1
61443 0
8213 1
8214 1
8215 1
61444 1
8219 1
8229 1
8233 0
8234 1
8245 1
8247 1
8250 1
8253 1
8257 1
8264 1
8265 1
8266 1
8272 1
8288 1
8293 1
8299 0
8304 1
8317 1
8333 1
8334 1
61464 0
8341 1
8348 1
8350 1
8357 1
8358 1
8363 1
8365 1
110621 1
8386 1
8387 1
8388 1
8390 1
8402 1
8414 0
8423 1
8431 1
8434 1
8439 1
8440 1
8455 1
106760 1
8457 1
8463 1
8465 1
8470 1
8475 1
8479 1
8484 1
8486 1
8487 0
8488 1
8493 1
8497 1
8512 1
8515 1
106820 0
8521 1
8530 1
8536 1
8539 1
106846 1
106847 0
106853 1
8551 1
61500 0
8559 1
8562 1
8571 1
106881 1
8579 1
8582 1
8595 0
106900 1
8599 1
61508 0
8606 1
8607 1
8611 1
8627 1
8633 1
8637 0
8638 1
8648 1
8655 1
8657 1
8658 0
8666 1
8669 1
8675 1
8681 1
8687 1
8692 1
8694 1
8699 1
8716 1
8717 1
12377 1
8734 1
110683 1
8745 1
8750 1
110685 1
8755 1
8759 1
8762 1
8787 1
8789 1
8792 0
8802 1
8804 0
8807 1
8808 1
8810 1
8811 1
8816 1
8818 1
8819 0
8823 1
8826 1
61546 1
8832 1
8846 0
8850 1
8852 1
8858 1
8859 1
8864 1
8867 1
61553 0
8872 1
8873 1
8881 0
8892 1
8898 1
8901 1
8902 1
8912 1
8947 1
8958 1
8964 1
8972 1
8974 0
8975 1
8987 1
8990 1
110725 1
9004 1
9013 0
9016 1
107325 1
9023 1
9048 1
9051 1
9052 1
9058 1
9061 0
28817 1
9071 1
61587 1
9083 1
61590 0
9112 1
9113 0
9114 0
9125 1
28828 0
9132 1
9142 1
9155 1
9161 0
9170 1
9171 1
9173 1
9180 0
9186 1
9191 1
9194 1
9203 1
9216 1
9217 1
9224 0
9225 1
9230 1
9240 1
9245 1
9248 1
9256 1
9258 1
9259 1
12467 1
9273 1
28678 1
9284 1
9289 1
9293 1
9298 1
9299 1
9302 1
9305 1
9311 1
9313 1
9317 1
9319 1
9323 0
9324 1
9325 1
107631 1
9332 1
9338 1
107643 1
9340 1
9346 1
9351 1
9355 1
9358 1
9359 1
107670 0
9367 0
107672 1
9371 0
9372 1
9380 1
9393 1
9397 1
9398 1
9402 1
9403 1
9406 0
9411 1
9413 1
127180 1
122520 1
9441 0
9443 1
9445 1
110801 1
9455 1
9459 1
9465 1
9466 1
28885 0
9472 1
9473 1
63601 1
9481 1
9483 1
9504 1
9521 0
107830 0
9538 1
9545 1
9548 1
9549 1
9555 1
9563 1
9567 0
9573 1
9589 1
9590 1
107895 0
9599 1
9602 1
9611 1
9612 0
9613 1
9614 1
9619 1
9635 0
9643 0
9650 1
61684 1
28917 1
9673 1
9689 1
9693 0
9698 1
9699 1
9715 1
9718 1
9719 1
9724 0
28930 1
9742 0
9748 1
28933 1
9761 1
9771 1
9772 1
9774 1
9777 1
9778 1
9783 1
9786 1
28938 1
9804 1
108111 1
9812 1
9815 1
28944 1
9831 1
9835 1
9837 0
9841 1
9846 1
9849 1
9850 1
9857 0
9859 0
9867 1
30617 1
9872 1
61721 1
9880 1
9882 1
9890 1
28955 1
9898 1
9899 1
9904 1
61726 1
9916 1
9919 1
9921 1
9922 1
9937 1
9940 1
9942 1
9952 1
9954 1
9963 1
9969 1
28970 1
127275 0
9988 1
9999 1
10000 1
10002 1
10004 0
10005 1
10008 1
10010 0
127279 1
10013 1
10016 1
61744 1
61745 1
10030 1
10033 1
10035 1
10044 1
7137 1
10056 1
10063 1
10071 0
28987 0
10085 1
10086 1
10092 0
10096 1
10097 1
10109 1
10115 1
10121 1
10123 0
10124 1
28997 1
7152 1
61766 1
10150 1
10156 1
10159 1
29001 1
10174 1
10185 1
10190 1
10195 1
10198 1
10200 1
10211 1
10213 1
10215 1
10221 1
10232 1
127316 1
10235 1
10236 1
10237 1
10238 1
10244 1
10247 1
10252 1
10266 1
10271 0
10277 1
10286 1
10292 1
10296 1
10297 1
10301 1
10304 0
10305 1
10306 1
10312 0
10317 0
10321 1
10331 1
10332 1
10333 0
10345 1
10349 1
10353 1
10359 0
10361 1
10364 1
10374 1
10379 1
10380 1
10382 1
10386 1
10390 1
10391 1
10405 1
10407 1
10411 1
12658 1
10417 1
10420 1
10422 1
10426 1
10431 0
10435 0
10438 1
10439 0
10441 1
10443 1
10451 1
10452 1
10453 1
10458 1
10466 1
10482 1
10484 1
10498 1
10499 1
10504 1
10507 1
10519 1
10520 1
10530 1
10534 1
10537 0
29063 0
10540 0
10541 1
10543 1
10549 1
10550 1
10552 1
10553 1
10565 1
10567 1
61836 1
10574 1
10576 0
10580 0
10581 1
10585 1
10588 1
127376 1
10597 1
10598 1
10599 1
127378 1
10609 1
10614 1
10615 1
10618 1
10619 0
10621 1
10631 1
10639 1
10648 0
10656 1
10658 1
108967 0
10665 0
108970 1
10685 1
10692 1
110560 0
10724 1
10726 1
29095 1
10733 1
10734 1
10735 1
109043 1
10740 1
10743 1
61866 1
10757 1
109079 1
10777 1
109084 1
10787 1
10789 1
61873 0
10793 1
10795 1
10801 1
10810 1
10813 1
10816 1
10819 0
10827 1
10832 1
61880 1
10839 1
10840 1
10841 0
109158 1
10857 1
10860 1
10867 1
10868 1
10877 1
109185 0
109186 1
10884 1
109189 1
10894 1
10899 0
10902 1
10903 1
10905 1
10906 1
10909 0
10916 1
10917 1
10920 1
10921 1
109240 1
10938 1
109247 1
10946 1
61899 1
10950 0
61900 1
29133 1
29134 1
127439 1
10974 1
10978 0
10981 1
10983 1
10984 1
10990 1
10991 1
10993 0
10994 0
10999 1
11001 0
11010 0
11012 1
109318 1
11017 1
11018 1
11027 1
11032 1
109338 1
11035 1
11038 1
11040 0
11051 1
11056 1
109364 1
109366 1
11065 1
127455 1
11074 1
109380 1
11084 0
11091 0
11094 1
11096 1
11099 1
11113 0
11115 1
11117 0
109423 1
109425 1
11124 1
11135 1
11142 1
11147 1
11161 1
11162 1
11169 1
11172 1
11174 1
11178 1
11183 1
11185 1
11191 1
29173 1
11213 1
11218 1
11220 1
63659 0
11225 1
11228 1
11234 1
11236 0
11238 0
11247 1
11249 1
11257 1
11259 1
11264 1
11271 1
109580 1
109581 1
109584 1
11286 1
11288 0
11289 1
11291 1
109599 1
11296 1
11297 1
11300 1
11301 1
11302 1
11304 1
11310 1
11313 1
11315 1
11318 0
11319 0
11328 1
11340 1
11343 1
11351 1
11361 1
11366 1
11371 1
11372 1
11376 1
109683 1
11399 1
11403 0
11407 0
11424 1
105670 1
11436 0
11440 1
11446 1
11450 1
11455 1
11456 1
109762 0
109764 1
11462 1
11465 1
11480 1
11482 1
11499 1
11502 1
11506 1
11508 1
11509 1
11511 1
11513 1
11514 1
109825 1
109826 1
109831 1
11531 1
11535 1
11537 1
109842 1
127535 0
11550 1
11555 1
11558 1
11563 0
11564 1
11566 1
122078 1
11580 1
11584 1
12855 1
11600 1
11609 1
11615 0
109920 1
11618 0
109925 1
109926 1
109929 1
11636 1
11641 1
11644 1
11646 1
11649 1
11656 1
29250 1
11669 1
11670 1
11672 1
11684 1
11687 1
11694 1
11700 1
11720 1
11721 1
11722 1
11727 1
11729 1
110039 1
110045 1
11747 1
11748 1
11768 0
62036 1
11770 1
23810 1
11793 1
110100 1
11797 0
110106 1
11803 0
11804 1
11805 1
11807 0
11811 1
11815 1
11818 1
11819 1
62046 1
11832 1
11842 1
11852 0
11853 0
110160 1
208467 0
11861 1
11867 1
11872 1
110179 1
11877 1
62056 1
11896 1
11898 0
11902 0
11903 1
11907 1
11910 1
11914 1
11919 1
11923 1
11925 1
11929 1
11930 1
11934 1
11935 1
11940 1
11942 1
11944 1
11948 1
11974 1
11976 1
11982 0
11985 0
11991 1
110320 1
110326 1
110330 1
12044 1
12046 1
12047 1
12051 1
12053 1
12065 1
12070 1
110379 1
12077 1
110382 1
110384 0
110387 1
12090 1
12091 1
12094 1
110400 1
12102 0
12108 1
12110 1
12111 1
12122 1
12123 1
12124 1
12125 1
12126 1
12136 1
110442 1
12139 1
12140 1
12141 1
12142 1
12143 1
12144 1
29332 1
122175 1
12156 1
12169 1
12171 1
12178 1
12180 1
12181 1
12183 1
110488 1
12189 1
12192 1
29339 0
12206 1
29341 1
12212 1
12214 1
12215 1
12216 1
12218 1
12221 0
12222 1
110529 1
12226 1
110532 1
110533 1
110535 0
110536 0
12233 1
12234 1
12236 1
12238 1
12250 1
12252 1
12253 1
12256 1
110562 1
12262 1
12263 1
110568 1
12266 1
110575 1
110576 1
12274 1
12277 1
110588 1
12304 1
12309 1
12317 1
110624 0
12321 1
12331 0
12334 1
12337 0
12338 1
110645 1
12346 1
12352 1
62134 0
62135 1
12364 1
12365 1
110681 1
12378 1
12379 1
12380 0
12381 1
12382 0
12389 1
12390 1
12392 1
12395 1
12396 1
12397 0
12403 1
12407 1
110721 1
12418 0
110724 1
12421 1
110728 1
110729 1
110732 1
12430 1
12433 1
12434 1
12436 1
12441 1
12445 1
12450 1
110759 0
110760 1
12459 1
12460 0
110766 1
12466 1
110771 1
110772 0
12471 1
12472 1
12476 0
12480 0
12482 1
12484 1
12485 1
12497 1
110802 1
110804 1
12515 0
12516 1
12518 0
12519 1
12533 1
12537 0
12540 1
12544 1
12545 1
12548 0
12559 1
12560 1
12568 1
12570 0
12571 0
29402 0
12575 1
12576 1
12578 1
12580 1
12581 1
12587 1
12589 1
12592 0
12593 1
12597 1
12598 1
12603 1
12604 0
12606 1
12615 1
12620 1
12621 0
12624 0
12625 1
12631 1
12634 1
12635 1
12637 1
23953 0
12648 0
12655 1
110962 1
12669 1
12674 0
12677 1
12679 1
12681 0
12688 1
12689 1
12691 1
111000 1
12697 1
12698 1
111005 1
12711 1
111020 1
12717 1
12718 0
12722 0
12726 1
12730 1
12734 1
118266 1
12738 0
12756 1
12757 1
29433 1
111064 1
12761 1
12762 1
122277 1
24430 1
12775 1
29436 1
12785 1
12788 1
12789 1
12796 1
111102 1
111103 1
12801 0
12804 1
12805 1
12815 1
12816 0
12821 1
12825 1
12827 1
12828 1
12834 0
12840 1
12845 1
12850 1
12854 1
29449 1
12868 1
12874 1
12877 1
12879 0
12884 1
12895 1
12898 1
111205 1
29457 0
12904 1
12909 1
12913 1
12915 1
12924 0
12926 1
12944 1
12945 1
12947 0
12950 1
12955 1
12956 1
12964 1
12972 1
12977 1
111282 1
111287 1
12992 1
12994 1
13003 1
13011 1
13013 1
13016 0
13025 1
13027 1
13031 0
13032 1
13041 1
13046 1
13049 0
13054 0
13055 0
13062 0
13065 1
13067 1
13070 0
13075 1
111731 1
13092 1
13099 1
13102 0
111408 0
13114 1
7647 1
13119 0
13124 1
13125 1
13128 1
127799 1
127094 1
13135 1
13142 1
13151 1
13155 1
13158 1
13163 1
13166 1
13169 1
13172 0
13174 1
111479 1
13183 0
13184 1
111489 1
111490 1
13187 1
111492 1
13189 1
13193 1
13197 0
13198 1
13200 1
13201 1
13204 1
13208 0
13219 1
111530 1
13227 1
111532 1
111534 1
13235 1
13241 1
13259 1
62285 1
111579 1
13282 1
13286 1
13289 1
13292 1
13311 1
13316 1
13318 1
111627 1
13326 1
111631 1
13329 1
13332 1
13339 1
13340 1
13341 1
13342 1
13351 1
13353 1
13354 1
111662 1
13365 1
13369 1
13375 1
13378 1
13379 1
13380 1
13381 1
13387 0
13397 1
13406 1
13407 1
13409 1
13410 1
13412 1
111721 1
13418 1
111723 1
13421 1
13427 1
111732 1
13431 1
13432 1
13439 1
13440 1
13442 1
13443 1
13453 1
111779 1
13479 1
13480 1
13481 1
13483 1
13484 1
13486 0
13498 1
13501 0
13503 1
13505 1
13509 1
13510 1
13514 1
13515 0
13525 1
13526 1
13531 1
13532 1
111839 1
13542 1
13550 1
13551 0
13552 1
13553 0
13554 1
13557 1
111864 1
13561 1
13562 1
111868 1
111869 0
111873 1
13570 1
111875 0
13572 1
13579 1
13580 1
111491 1
13590 1
13597 1
13599 1
13600 0
13602 1
13608 0
13611 1
13614 1
13616 1
13619 1
13623 1
13625 1
13630 1
13634 1
111940 1
13639 1
13645 1
13646 1
13649 1
111960 1
111961 1
111973 0
13670 0
111976 1
13680 1
13686 1
13693 1
112001 1
112004 1
112005 1
13704 0
13709 1
13710 1
13712 1
13714 1
13716 1
112030 1
112033 1
13730 1
13733 1
112042 1
13756 1
13758 1
13759 1
13760 1
62368 0
13765 1
13776 1
13781 0
13782 1
112088 1
13786 1
112092 1
13789 1
112095 1
13794 1
13798 1
13799 0
13800 1
112111 1
29609 1
13824 1
13828 1
13831 1
13228 1
13839 1
13840 1
13842 1
13853 1
112168 1
13866 1
13870 1
7773 1
13873 1
112178 1
112179 1
112184 1
112185 1
112186 1
112187 1
117003 1
13902 1
13906 1
13913 1
13922 1
13927 0
13932 1
13940 1
13941 1
13942 1
122474 1
13962 1
13963 1
13976 1
13988 1
62406 1
13990 1
14002 1
14003 1
14005 1
14007 1
14011 1
14016 1
14017 1
14022 0
14027 1
14036 1
112362 1
112366 1
14064 1
14083 1
14084 1
7809 1
117036 1
112401 0
112402 0
112410 1
14108 1
14111 1
14112 1
14113 1
14114 1
14129 1
14130 0
14131 1
14133 0
14134 1
14145 1
14148 1
14150 1
14162 0
14163 1
14169 1
14170 1
14172 1
29669 1
14182 1
14192 1
14201 1
14219 1
14221 1
122680 1
14225 1
14227 1
14233 1
112552 1
14250 1
14252 1
14253 1
14256 1
14257 1
14260 1
14263 0
14268 1
14269 1
14282 1
14285 1
14290 1
14292 1
14296 1
14297 1
14304 1
14309 1
14310 0
14311 1
112622 1
112623 1
112624 1
122536 1
112626 1
14324 1
14336 0
14340 1
14359 1
14363 1
14368 1
14369 1
14370 1
14378 0
14380 1
14382 1
14383 1
14384 1
14385 1
14386 1
29705 1
14395 1
14398 0
14399 0
14401 1
14403 1
14405 0
112718 1
112720 1
112721 1
14418 1
14424 1
14425 1
14446 1
112752 1
14450 1
112759 1
14457 1
14462 1
14463 0
14466 1
14470 1
112775 1
112778 1
112780 1
14477 1
14489 1
29722 1
14503 1
14506 1
14512 1
14524 1
14525 1
14529 1
14535 1
14537 0
14549 1
14554 1
62501 1
14561 1
14563 1
14565 1
14569 0
112874 1
112876 1
112878 1
112880 1
14578 1
14581 1
14583 1
112888 1
14590 1
14592 1
14593 1
14597 1
14603 1
14606 1
14616 1
14622 1
14623 1
14624 1
14626 1
14628 1
14629 1
14633 1
14638 1
14639 1
14640 1
14647 1
14650 1
14652 0
112965 1
112966 1
112968 1
112970 1
29751 1
29757 1
113026 1
113028 1
113093 1
14790 1
14791 1
14793 1
14794 1
14808 1
14809 0
14815 1
14820 1
14822 1
14824 1
14827 1
14828 1
14830 1
14832 1
14834 1
14836 1
113141 1
7935 1
14853 0
14863 1
113178 1
14883 1
14886 0
14895 1
14897 1
14898 1
29791 1
14908 1
14913 1
14918 1
113224 1
14923 1
14926 0
14934 1
14938 1
14954 1
14960 1
113269 1
113270 1
13417 0
113272 1
113274 1
14978 1
14985 1
14990 1
113299 1
113301 0
15027 1
113361 1
113362 1
15060 1
113367 1
113370 1
113371 1
15084 1
15087 1
15089 1
15092 1
29822 1
29823 1
15101 1
62592 1
15106 1
15110 1
15111 1
15113 0
113419 1
113425 1
15126 0
15133 1
113439 1
15142 1
15153 1
113459 1
113460 1
15159 1
15160 1
15173 1
15174 1
5961 1
113489 0
113490 1
113491 1
113494 1
113498 1
15197 1
15199 1
15202 1
15203 1
113533 1
15240 0
15242 1
15247 0
15248 0
15253 1
15261 1
15265 1
15267 1
15274 1
15290 1
15291 1
15293 1
15294 0
15302 0
113609 1
15306 1
15315 1
15316 1
15331 1
15337 1
15343 1
29864 1
15346 1
15347 1
113652 0
15350 1
15354 1
15359 1
15360 1
15363 1
15364 1
29874 1
15411 0
15414 1
15415 1
15417 1
15424 1
29878 0
15432 0
15442 1
15443 1
15446 1
15459 1
15470 1
29886 1
15490 1
15495 0
8046 0
4881 1
15521 1
29894 1
113832 0
62666 1
29899 1
113917 1
62686 1
29921 1
113997 1
15708 1
15709 1
15711 1
212340 1
29929 1
15761 0
62702 1
62707 0
62710 1
15824 1
15848 1
62716 0
15853 1
15854 1
15855 1
111874 1
62723 1
62732 1
114303 1
117358 1
114346 1
114351 1
29982 0
114370 1
62756 1
114418 1
24531 1
62761 1
122837 0
114484 1
16188 1
114523 1
114524 1
16227 0
16243 1
30016 1
16284 0
114628 1
62797 1
114648 1
16394 1
16401 1
16405 1
16420 0
16437 1
16439 1
16441 1
16453 1
16454 1
16456 1
16469 0
114777 1
16477 1
16478 1
16480 0
16488 1
62823 1
62826 1
30061 1
114835 1
16550 0
16563 1
30068 0
16573 1
16582 1
16597 1
16600 0
16601 1
16605 1
16609 0
114920 1
16620 1
16629 1
16630 1
122921 1
16637 1
16642 1
16643 1
16650 1
114957 0
114958 1
16664 1
16665 1
16668 1
16671 1
16674 1
114979 1
62854 0
16679 1
16681 1
16683 0
16684 1
16686 1
16689 1
16698 1
16705 1
16710 1
16714 1
16716 1
16718 1
16721 1
16727 1
16729 1
16733 1
16736 1
16739 0
16747 1
16748 1
16750 0
16751 1
16752 1
16763 1
16769 1
16775 1
16777 1
16778 1
16781 1
16784 1
16785 1
16790 1
16791 1
16795 1
16802 1
21291 1
16813 1
115121 1
16821 1
16824 1
16827 1
16828 1
16829 1
16832 1
16836 1
16837 1
16838 1
16839 1
16843 1
16845 1
16847 1
16852 0
16853 1
16855 1
115163 1
16860 0
62885 1
16872 1
16878 1
16885 1
16887 0
16889 1
16890 1
16896 1
16910 1
30127 1
16924 1
16929 1
16930 0
16932 1
16936 1
16938 1
30130 1
16948 1
16955 1
16956 1
16959 1
16974 1
16977 0
16981 1
16985 1
16986 1
16989 1
16991 1
16992 1
16996 1
115310 1
115313 1
115314 1
17016 1
17027 1
17030 1
17035 1
17036 1
30146 1
17047 1
17049 1
17052 1
17061 1
17065 1
62919 1
17069 1
17070 1
17072 1
17073 1
17074 1
17076 1
17079 0
17080 1
17081 1
17082 0
17095 1
115404 1
17101 1
17105 1
17106 1
17107 0
17110 1
17114 1
17115 1
17120 1
30161 1
17128 1
17130 1
17131 1
17132 1
17136 1
17140 1
17142 1
17144 0
17145 1
17150 1
17151 1
17157 1
17160 1
17164 0
17166 1
17168 1
17179 1
17180 1
112090 1
17184 1
123014 1
17195 1
17197 1
17198 1
123016 1
17202 1
17208 1
17209 0
115516 1
115519 1
17232 1
17233 1
17237 1
17239 0
17240 1
17243 1
17245 1
17248 1
115554 1
17252 1
17254 1
17255 1
17256 1
115566 1
17266 1
17269 1
17272 1
4941 1
17322 1
30194 0
17337 1
17341 1
17348 1
17366 1
17367 1
17405 1
17433 0
30214 1
115766 1
62990 1
115812 1
115831 1
17534 1
17549 0
115872 1
115873 1
115876 1
63004 1
123080 1
115918 1
17640 1
17641 1
115946 1
13864 1
17654 1
62261 1
63023 1
17694 1
24795 1
116004 1
17715 1
17724 1
116029 1
30261 1
17753 1
17761 1
17762 1
17780 1
17795 1
13891 0
116144 1
63051 1
17861 1
17863 0
116210 1
30291 1
17908 1
116224 1
116245 1
63066 0
28967 1
17982 1
63080 1
18040 1
18044 1
18049 1
18051 1
18058 0
111493 1
116395 1
18100 1
18110 1
30326 1
116431 0
18152 1
116503 1
116504 1
116505 0
13700 1
18221 1
116526 1
18234 1
18238 0
18241 1
63120 1
18276 1
116586 1
116588 1
63122 0
116592 1
30355 1
116597 1
116609 0
116610 1
18307 1
30358 1
116615 1
18329 1
18358 1
116668 1
116680 1
30379 1
18439 1
116770 1
116772 1
116773 1
116787 1
18484 1
8542 1
116791 1
63156 1
8543 1
116806 1
116826 1
116827 0
116831 1
18533 1
18545 1
18549 1
116857 1
18560 1
116905 1
18654 1
18680 1
30420 1
8577 1
18699 1
117006 1
18705 1
117018 1
117019 1
117020 1
117024 1
117032 1
117034 1
117035 1
18732 1
18746 1
18788 1
18797 1
18835 1
117161 1
19537 1
18928 1
117260 1
117263 1
117298 1
19024 1
19557 1
19049 1
19054 1
117359 1
19069 1
19094 1
30490 1
19103 0
19124 1
19137 1
19150 1
19152 1
19155 1
19156 1
19209 1
19262 1
19311 1
19318 1
19346 0
19355 1
19390 1
117701 0
19398 1
19399 1
19402 1
19415 1
19420 1
19427 1
19428 1
19431 1
19433 1
19438 1
19439 1
30550 1
117768 1
112473 1
19486 1
117805 1
19508 1
117841 0
19538 1
19552 0
117861 1
117862 1
19570 1
19575 1
117902 1
117903 1
117904 1
117905 1
19694 1
118002 0
118003 1
19713 1
118042 1
19742 1
28937 1
62852 1
118081 1
118084 1
19807 1
118121 1
19818 0
118126 1
30121 1
62855 0
118167 1
19873 1
19878 1
19891 0
19911 1
118223 1
118228 1
19932 1
19950 0
19953 1
19954 1
118264 1
19962 0
118267 1
19965 1
118284 1
63405 1
118302 1
118307 1
20005 1
118322 0
20019 1
20021 1
20028 1
20029 1
20036 1
63415 1
20046 0
20047 1
30649 1
20064 1
30651 1
20075 1
20097 1
20109 1
20118 0
30662 1
20134 1
118443 1
118444 1
118445 1
118446 1
20151 0
20158 1
20185 1
20191 1
20194 1
20197 0
118502 1
118503 1
118504 1
20202 1
20204 1
63442 1
118528 1
20237 1
118574 1
118577 1
118579 0
63456 1
20296 1
63460 0
20338 1
118653 0
20417 0
30710 1
20423 1
118734 1
118738 1
31232 1
30718 1
20488 1
118793 1
118795 1
118797 1
20548 1
63500 1
20556 1
118873 1
118875 1
118876 1
118122 1
20653 1
63518 1
20666 1
63525 1
119016 0
63527 1
119034 1
119081 1
20779 1
20783 1
20791 1
63543 1
119154 1
30783 1
119173 1
119174 1
20889 0
20893 1
20900 1
20901 1
20904 1
20907 0
20909 1
119214 0
119216 1
119217 1
14414 0
119256 0
14417 1
119273 1
119275 1
119277 1
20982 0
20983 1
20988 1
20993 1
119314 1
119316 1
29070 1
21061 1
21066 1
25359 1
119414 1
119417 1
119419 1
21116 0
21118 1
119436 1
21136 1
21144 1
63600 1
21158 0
21159 1
21163 1
119477 1
63604 1
30837 1
21186 1
119493 1
21204 1
21217 0
21218 1
119533 1
119535 1
21232 1
21233 0
21237 1
21238 1
21244 1
119553 1
63617 1
119574 1
21272 1
5073 1
112774 1
119594 1
119595 1
119597 1
21300 1
21374 1
119696 1
119714 1
21423 1
21427 1
21429 1
119736 1
21435 0
21440 1
119753 1
119756 1
30884 1
119773 0
21487 1
21488 1
21496 1
21499 1
21503 1
21504 1
21505 1
21507 1
21508 1
21519 1
119834 1
119836 1
21542 1
21543 0
30899 1
21569 0
119893 1
119894 1
21595 1
30906 1
21598 1
9063 1
119955 1
119956 1
119957 1
21659 1
21663 0
119974 1
21673 0
21675 1
21685 1
21686 1
119993 1
30925 1
21731 1
21743 0
120048 1
30932 1
120059 1
21757 0
120063 1
21763 1
21776 1
21777 1
120093 1
63707 1
21828 1
120134 1
63716 1
120154 1
120156 1
120178 1
120193 1
120215 0
120218 0
21959 1
120278 0
120296 1
120297 1
120301 1
120302 1
30974 1
120314 1
120315 1
120358 1
120359 1
22057 0
22059 0
22086 1
63757 1
63758 1
22122 1
120434 1
120435 0
120441 1
22139 1
22140 1
22144 1
120455 1
120456 0
120458 1
22177 1
22181 0
112034 1
31007 0
22205 1
22207 1
120517 1
22221 1
22250 1
120557 1
22260 1
153351 0
120593 1
120595 1
22294 0
22306 1
22308 1
22325 1
120633 1
120634 1
22338 1
22345 1
22360 1
22373 1
22380 0
22383 1
22398 1
22404 1
120714 0
120716 0
120717 1
120719 1
120723 1
22447 1
22461 1
112971 1
120773 1
120774 1
120793 0
120794 1
22496 1
22507 1
120816 1
120818 1
120822 1
120823 1
120824 1
120825 0
22528 1
120835 1
22532 1
120839 1
22536 1
120845 1
22543 1
22544 1
22546 0
120877 1
107528 1
22601 1
22612 1
22619 1
120955 1
120956 1
22657 1
22659 1
22668 1
22681 0
22695 1
22717 1
25633 1
22729 1
63863 1
121053 1
22751 1
22765 0
22772 1
121077 1
121078 1
121080 1
121083 1
22791 1
22794 1
22797 1
22810 1
22815 1
22817 1
22823 1
22829 1
121134 1
121137 1
121139 1
22837 1
121142 1
22882 1
121194 1
31122 1
22913 1
121233 1
22946 1
121257 1
22957 1
5129 1
121273 1
22972 1
22974 1
22978 1
22980 0
23002 1
23006 1
121315 1
23034 1
31147 1
23045 0
23050 1
63918 0
23062 1
23067 1
121374 0
123995 1
23076 0
121382 1
121383 0
23080 1
23084 1
23088 1
25694 1
23111 1
23113 1
31159 1
23118 1
23120 0
121436 1
121437 1
23135 0
121440 1
23137 1
23146 0
121453 0
63934 1
121474 1
121481 1
63938 0
121493 1
23195 1
23196 0
23197 1
121513 1
23220 1
23224 1
23227 1
121553 1
121555 1
23252 1
121560 1
121561 0
121562 1
23276 1
23291 1
121613 1
121615 0
25731 1
31194 1
121656 1
121659 0
121662 1
121673 1
23387 1
121693 1
121713 1
121717 1
121718 1
121720 1
121722 1
23420 1
121742 0
121754 1
121755 1
121757 1
121759 1
121760 0
121762 1
23466 1
23485 1
23486 1
23487 0
23499 1
23500 1
121815 1
121816 1
121817 1
121818 1
121819 1
23526 1
23528 1
121833 1
121834 1
121835 1
121839 1
121840 1
121842 1
121844 1
31230 1
23544 1
23553 1
23561 1
23577 1
121893 0
23592 1
23605 1
23616 1
23622 0
121934 1
121938 1
121979 1
23692 0
23697 1
23701 0
122015 1
23724 1
23752 1
23753 1
122061 1
23767 1
23768 1
23769 1
122075 1
23774 1
23776 1
23777 1
122094 1
23791 0
122096 1
23793 1
122099 1
122101 1
23799 1
23809 1
122114 1
23812 1
23819 1
23820 0
122136 0
122137 1
122149 0
23852 0
122159 1
122172 1
122173 1
23871 1
23877 1
23898 1
122233 1
23934 0
23940 1
23943 1
23945 1
23946 0
23948 1
23950 1
122255 1
122257 1
23955 1
122263 1
23961 1
23964 1
23973 0
23976 1
23988 1
23989 1
24005 1
24008 1
122315 1
122316 0
24021 1
24029 1
24032 1
24037 1
24040 1
122354 0
122355 1
122358 1
122360 1
122361 1
24066 1
24068 1
24069 1
122377 1
122378 0
122380 1
122382 1
122394 1
122396 0
24096 1
24099 1
24100 1
24101 1
24105 1
24106 0
24110 1
24113 1
24114 1
122435 1
122437 1
24140 0
122447 1
24157 1
24170 0
24179 1
24184 1
24185 1
24186 1
24187 0
24190 1
24191 1
24197 1
24198 1
24203 1
24204 1
24205 1
122514 1
24216 1
24219 1
24220 1
24224 1
24225 1
122534 1
24232 1
24233 1
24234 1
24278 1
24279 0
24283 1
24287 1
24291 1
24292 1
24293 1
24295 1
24302 1
24304 1
24312 1
24313 0
24315 1
24316 1
24318 1
24334 0
24338 0
24344 1
24350 1
24352 1
24353 1
24356 1
24360 1
24361 1
122674 1
122675 1
24375 1
24376 1
24378 1
24379 1
24381 1
24382 1
24384 0
24386 0
24389 1
24393 1
24395 0
24396 1
24397 1
24402 1
24405 1
24407 1
24409 1
24414 1
24415 1
24419 1
122734 1
24432 1
122737 1
24436 1
122741 1
122742 0
24440 1
24441 1
24447 1
24449 1
122754 1
24463 1
24466 1
24468 1
24473 1
24474 1
24475 1
24483 1
24484 0
24486 1
24489 1
24491 1
24495 1
24500 1
24503 1
24510 0
24511 0
64160 1
24522 1
31394 1
122835 0
24533 1
24537 1
24538 1
24539 1
122845 1
24543 0
24544 1
24545 1
24547 1
64171 0
122894 0
122895 1
24607 1
24608 1
24610 1
122915 1
122917 1
122918 1
122919 0
24617 1
24618 1
24620 1
24621 1
25950 1
24636 0
24646 1
24648 1
24662 1
24668 0
24669 1
24670 1
24671 1
24675 1
24678 1
24685 0
24689 1
24691 1
24699 1
24704 1
24707 0
24708 1
24710 1
123015 1
24712 1
123017 1
123019 1
24716 1
24720 1
24725 1
24728 1
24731 1
31430 1
24746 1
24747 1
24749 1
24750 1
24751 1
24752 0
24755 1
24757 1
24758 1
24767 1
24771 1
24776 1
24779 0
24781 1
24782 1
24783 1
24792 1
123097 1
123099 1
123100 1
24800 0
24803 1
24809 1
24810 1
24825 1
123134 0
24832 1
123137 1
123138 1
24837 1
24840 1
24841 1
24842 1
24843 1
24844 1
24845 0
24846 1
24849 0
24852 0
24853 1
24856 1
24857 1
24858 1
24870 1
24877 1
24878 1
24879 0
24880 1
24881 1
24885 0
24888 1
24890 1
64223 1
24893 1
24898 1
24900 0
24908 0
24909 1
24912 1
24914 0
24920 0
24922 1
24923 0
24925 1
24926 1
24931 1
24934 1
4156 1
24945 0
24954 1
24965 1
24971 1
24975 1
24976 1
24978 1
24980 1
24982 1
24988 0
26010 1
24991 0
124315 1
24996 1
24997 0
24999 0
25000 1
25004 0
25013 1
25017 1
124319 1
25020 1
25021 1
25025 1
25030 0
25031 1
25033 1
26018 1
25047 1
25053 1
25056 1
25061 1
25062 1
26023 0
25069 1
25075 1
25076 0
25079 1
25080 1
25081 1
25082 0
25088 0
25091 1
25094 1
25096 1
25098 1
25099 1
25108 1
25110 1
25111 1
25114 0
25115 1
25117 0
25118 1
25119 1
25124 1
25130 1
123435 1
25132 1
25136 1
25138 1
25140 1
25150 1
25152 0
25154 0
25157 1
25164 1
25166 1
25167 1
25168 1
25173 1
25180 1
25181 1
64272 0
25186 1
25194 1
123500 1
25201 1
25202 1
25203 1
25212 1
25216 1
25223 1
25224 1
25225 0
25227 1
25234 1
25236 1
25240 0
25241 1
31515 1
64284 1
25274 1
25276 1
25279 1
25281 0
25282 1
25283 1
25285 1
25296 1
25302 1
25312 1
25313 1
25314 1
25318 1
25320 1
25322 1
25334 1
25338 1
25339 1
25340 1
25341 1
25342 1
25347 0
25353 1
25355 1
25356 1
25357 1
64301 1
25362 1
25364 1
64302 1
64303 1
25375 1
25376 1
25384 0
25385 1
25390 1
25396 0
25399 1
25401 0
25405 1
25406 1
28320 1
25422 1
25430 1
25431 0
25433 1
25434 1
25441 0
25460 1
25462 1
25465 1
64319 1
25475 0
25480 1
25481 1
31554 1
25508 1
25509 1
25514 1
25523 1
25526 1
25528 1
25536 1
64332 1
25554 1
25570 1
25572 1
25573 1
25579 1
25623 1
25627 1
25628 1
64346 1
25631 1
25632 1
123937 1
25635 1
25640 1
25650 0
25655 1
25656 0
25665 1
25670 1
25671 1
25676 1
25680 1
25681 1
25683 1
25688 0
31588 1
123994 1
25691 1
25692 1
123998 1
25699 0
25711 1
25719 1
25720 0
25726 1
124035 0
124038 1
124040 1
25737 1
25739 1
124046 1
64365 1
25745 0
124050 1
25747 1
25748 1
25749 1
25754 1
25757 1
25761 1
25762 1
25771 0
25774 1
25776 1
25777 1
25778 1
25781 1
25783 1
25786 1
25789 1
25799 1
31607 1
25804 1
25806 0
25807 1
25808 1
25823 1
25828 0
25844 1
31614 1
25848 1
25852 1
25859 1
25860 1
25864 1
25870 1
124177 0
25874 1
25877 1
25878 1
25880 1
124195 1
124196 1
25894 1
25895 1
25896 1
124201 1
25899 1
25900 1
25906 1
25915 1
25918 1
25921 1
25922 1
25923 1
25924 0
25929 1
64397 1
25937 1
25944 1
25946 1
124254 1
25956 1
25961 1
25964 1
31634 1
25970 1
25972 1
25976 1
64404 0
25978 1
25979 1
25980 1
25981 1
25984 1
25987 1
25991 0
25993 1
25995 0
26000 1
26004 1
26006 1
26008 1
26009 0
124314 1
26011 1
26012 1
26013 1
124318 1
26015 1
26016 1
124321 1
124322 1
26019 1
124324 1
26021 1
26022 1
31418 1
26026 1
26034 0
26037 1
26038 1
26039 0
26044 1
26045 1
26050 1
124358 1
124361 1
26061 1
26064 1
26067 1
124374 1
26077 1
26078 1
124394 1
124434 1
124435 1
124440 1
124441 1
124442 1
124534 1
26246 1
26247 1
60887 1
64455 1
124594 1
124595 1
124598 1
124599 1
124614 1
124615 1
124616 1
23790 1
124636 1
124638 1
26360 1
124675 1
124676 1
124677 1
124678 1
124679 0
124681 0
124683 1
124684 1
119095 1
60893 1
124794 1
26520 1
26523 1
26557 1
26582 1
64507 1
60898 1
31748 1
124975 1
124976 1
124995 1
125014 1
125034 1
26747 1
125054 1
64546 1
26837 0
26852 1
31784 0
64557 0
26898 1
26900 1
26905 0
125234 1
125237 1
125274 1
125276 1
125279 1
125315 1
125379 1
31821 1
28182 1
125461 1
27199 1
64611 0
125524 1
125525 1
125528 1
125529 1
125533 1
64614 1
125583 1
125595 1
125596 1
125598 0
125601 1
125604 1
64626 1
8549 1
125795 1
64663 1
27540 0
125860 1
125976 1
125978 1
126005 0
126020 1
27747 1
27748 1
27749 0
60936 0
126056 1
27755 0
27756 0
27760 1
27765 1
27766 1
27771 1
27773 0
27776 1
27780 1
27783 1
27784 1
27786 1
27788 1
27790 1
27791 1
27792 1
27793 0
27794 1
27810 0
27816 1
27823 1
27825 1
27828 1
126136 1
126137 1
126140 1
27842 1
27843 0
27845 1
27847 1
27855 1
27873 1
27875 1
27882 1
27886 1
27903 1
27906 1
27908 1
27913 1
27914 1
27920 1
27921 1
27923 0
27924 1
27925 1
27927 1
27928 1
27930 1
27932 1
27933 0
27936 1
27937 1
27938 1
27940 0
27948 1
27957 1
27960 1
27965 1
27969 1
27980 1
27981 1
27988 1
27991 1
126297 1
126298 1
27996 1
27997 1
28003 1
126314 1
126318 1
28016 1
28018 1
28020 1
28022 1
60796 1
60797 1
60798 1
60800 1
60801 1
28034 1
60812 1
60814 1
60818 1
60822 0
60823 1
60825 0
28058 1
28064 1
60835 1
60845 1
60846 1
60847 1
60848 0
60868 1
60875 1
28109 0
60881 1
60882 1
60883 1
126420 0
28118 1
28119 1
60888 1
28125 0
60894 1
108453 1
28130 1
60899 1
60900 1
60901 1
60902 1
28135 1
60906 1
28139 1
60911 1
28145 1
60914 1
28147 0
60916 1
28149 1
28152 1
28155 1
28156 0
28157 1
60928 1
60931 1
60933 0
60935 0
28168 1
60938 1
60939 1
60942 1
60943 1
28176 1
28180 1
60949 1
60950 1
60952 1
28185 1
60955 1
28190 1
126495 1
126496 1
28194 1
28195 1
60964 1
28200 1
60969 1
60970 1
28203 0
60973 1
28206 1
60975 0
60977 1
60979 1
28214 1
60984 1
28217 1
60990 1
60992 1
60993 1
60994 1
28229 0
28231 1
61004 1
28248 1
28249 1
28250 0
126555 1
28252 0
28253 1
28256 1
28258 0
61027 1
28260 1
28265 1
28266 1
28278 1
61047 1
61048 1
28287 1
61059 1
61060 1
61061 1
61062 0
28295 1
28296 1
61065 1
28300 1
61069 1
28303 1
61077 1
126616 0
28313 1
28314 1
28315 1
61084 0
126621 1
61086 0
28319 0
61088 0
28322 1
28323 1
28325 1
61094 1
61095 1
61098 1
28332 1
28333 1
61102 1
28337 1
28340 1
28342 1
61112 1
61113 1
61114 1
28349 1
28351 1
61121 0
61122 1
126424 1
61129 1
61131 1
61140 1
28374 1
61147 1
61151 1
61153 1
61155 1
28388 1
126694 1
61159 1
28395 1
28397 1
61166 1
61167 1
61171 1
61175 0
28410 1
61179 1
61181 1
28414 1
126720 1
126721 1
61187 1
61188 1
61192 1
28433 1
28435 1
61206 1
61212 1
28450 1
61227 1
28460 1
61229 1
28462 1
28469 0
28471 1
61242 1
28476 0
28477 1
61246 1
61247 0
28483 1
61253 1
61255 1
61256 1
61257 1
28490 1
61263 0
28496 0
28497 0
28501 1
28502 1
28504 1
61276 1
61278 1
28512 1
28513 1
61285 1
28518 1
28524 1
28528 1
61300 1
61302 1
28543 0
61314 1
61321 1
61322 1
28556 1
61325 1
61326 0
61330 1
28563 1
28564 1
61335 1
61338 1
61339 1
61340 1
28573 1
28577 0
28579 0
61349 1
61350 1
61352 1
28585 1
61355 1
61356 1
28590 1
61359 1
61364 1
28597 1
28600 1
61370 0
28603 1
61372 0
28608 1
28611 0
61380 1
61381 1
28616 1
28618 0
61388 1
61389 1
61390 1
28623 1
61392 1
61393 1
61394 1
61396 1
61397 1
61398 1
61399 1
28632 1
61401 1
61402 1
61403 1
61404 1
61405 1
61406 1
61407 1
61408 1
61409 1
61410 1
61413 0
61414 1
28648 1
61418 1
61419 1
61420 1
61421 1
61425 1
61427 1
61430 1
61433 1
61435 1
28668 1
61439 1
126976 1
61441 1
61442 1
28675 1
28676 1
61445 1
61446 1
61448 1
28690 1
28691 1
61462 0
28696 1
28697 1
28699 1
28700 1
28701 1
28704 1
28706 1
28707 0
61476 1
28712 1
61481 1
28714 1
61483 1
61484 1
28717 1
61487 1
61489 1
61490 1
61494 1
61496 1
61498 1
28732 0
28733 1
28735 1
28737 1
61507 0
28740 1
28742 1
28744 1
61513 1
61516 1
28749 1
61518 1
61519 1
28753 1
28754 1
61523 1
28756 0
28758 1
61527 1
61531 0
61532 0
28765 1
61534 1
28769 1
127075 1
61541 1
28775 1
61544 1
28778 1
61547 1
28781 0
61550 1
61552 1
28785 1
28787 1
61556 1
61557 1
61558 1
28791 1
61560 1
61562 1
28795 1
61564 0
61566 1
61567 1
61568 0
61570 1
61571 1
61573 1
61574 1
61575 1
61576 1
61581 1
61583 1
61584 1
61585 1
61586 1
28819 1
61589 1
28822 1
61591 1
61592 1
61596 1
61600 1
61601 0
28834 1
28836 1
61608 1
61610 1
28848 0
28851 1
28853 1
61624 1
28858 1
61627 1
28866 1
61635 1
127174 1
61640 1
61641 1
61642 1
61644 1
28877 1
61646 1
61647 1
28881 1
28884 1
61653 1
61655 1
61656 1
61661 1
61662 1
61664 1
28900 1
61669 1
61671 0
28904 0
28907 1
61676 1
61679 1
61681 0
28916 1
61685 1
61686 1
28919 1
61688 1
61689 1
61690 1
61691 1
28924 1
61694 1
127234 1
61700 0
61701 0
61703 1
28936 0
61705 0
61706 1
28939 0
28940 1
61709 0
28942 1
61712 1
28947 1
61717 1
61718 1
61719 1
28953 0
61723 1
61725 1
28958 1
61730 1
61732 1
61733 1
61735 1
61737 1
127274 1
61739 1
28973 0
28975 1
28976 1
127281 1
28979 0
28981 0
28983 1
61752 1
61753 1
61755 1
28989 1
61758 1
61759 1
28992 0
61763 1
28996 1
61765 0
28998 1
61769 0
61776 1
61777 1
29011 1
61780 0
29015 1
61786 1
29021 1
29022 1
61791 1
61793 1
61795 1
29028 1
29029 1
61798 0
29032 1
29033 1
61803 1
29038 1
61811 1
61815 1
29052 1
29055 1
61828 1
29061 1
61831 0
61832 1
29066 1
29068 1
29069 1
61838 1
61839 1
61840 1
127377 1
29074 1
29075 1
127381 1
127382 0
127384 1
29081 1
29082 1
29085 1
29086 1
29088 1
119536 0
61859 1
61860 1
127399 0
29098 1
29099 1
61868 0
29101 1
61871 1
61872 1
29105 1
29107 1
29108 1
61877 1
127414 0
29112 1
29114 1
61885 1
29121 1
29127 1
29129 1
29131 1
127436 1
61901 1
127438 1
61903 1
29143 1
29150 1
29151 1
29152 1
61921 1
61922 1
61923 1
29156 1
61925 0
61927 0
127464 1
29161 1
29164 1
29165 1
29167 1
29169 0
61940 0
61941 1
29174 0
29176 1
127481 1
127486 0
61960 1
61971 1
29206 1
61976 1
29211 1
61980 1
61982 1
29216 0
29217 1
61987 1
61988 1
61996 1
127534 1
61999 0
29233 1
62005 1
29241 1
29246 1
62016 1
62018 1
62019 0
29252 1
29254 1
29264 1
29265 1
29266 0
29268 1
62037 1
62041 0
29274 1
29276 1
29278 1
62049 1
29282 1
29284 1
29287 1
29288 1
62057 1
62064 1
62065 1
29300 1
62069 0
29304 1
62073 0
29311 0
29312 1
29316 1
29317 1
62088 1
29323 1
62100 1
62102 1
29338 1
62107 1
29340 1
62109 1
29342 1
29344 1
29345 1
29346 1
29347 1
62117 1
29353 1
62122 1
62123 1
29356 1
29357 0
29359 1
29360 0
62129 1
62133 1
29366 0
29367 1
62137 0
29372 0
29374 1
29376 1
29381 1
29382 1
62152 0
29386 1
29387 0
29388 1
29389 1
29390 1
29392 1
62162 1
29395 1
29396 1
29397 1
62167 1
62168 1
62169 1
62170 1
29406 0
29423 1
29427 1
62200 1
62201 1
29434 1
29435 1
62204 1
29443 1
29446 1
62215 1
29448 1
62217 1
29453 1
62225 1
29459 1
29461 1
29463 1
29466 1
62236 1
62237 1
62239 0
62240 0
62243 1
29487 1
62257 1
29492 1
127797 1
62262 1
62263 1
29496 1
29497 1
62266 1
62268 1
29507 1
29511 1
62280 0
29514 1
29515 1
62284 0
29517 1
62290 1
29526 1
62295 1
29528 1
29533 1
62302 1
62304 1
29542 1
62313 1
62314 0
29547 0
62317 1
29550 1
62320 0
29553 1
62327 0
29561 0
62330 1
62335 1
62336 1
62338 0
62346 0
62351 1
62356 0
29591 0
29592 1
29594 1
62363 1
62366 0
29600 1
29601 1
29606 1
29607 1
29608 1
62377 1
62378 1
29612 1
29613 1
62382 1
29616 1
29619 1
29621 1
62391 1
29624 1
29626 1
62395 1
62396 1
62399 1
62401 0
29634 1
29638 0
29639 1
29642 1
29643 0
62412 0
29645 1
29647 1
29649 1
62418 0
29661 1
29662 0
29663 1
62433 0
29668 1
62437 1
62439 1
29675 1
29677 1
62446 1
62447 1
62450 0
29689 1
29690 0
29692 1
29693 1
62465 1
29698 1
29701 1
29702 0
62471 1
62472 1
62473 1
29706 1
29707 1
29708 1
29709 1
29710 1
62481 1
29717 0
62487 1
62488 1
62490 1
62491 1
62494 1
62495 1
29728 1
62497 1
62500 0
29733 1
29734 1
29736 1
62505 0
62506 1
62507 0
62511 1
62513 0
29746 1
62515 1
62516 1
62517 1
62519 0
62520 1
62521 0
29755 1
29756 1
62525 1
62526 1
62527 1
29762 1
29763 0
62535 0
62539 1
62543 1
62549 1
62550 0
29784 1
62553 1
62555 1
62559 1
62562 1
62564 1
62571 1
29806 1
62575 1
62581 1
62582 1
29818 1
62590 1
62591 0
29824 0
29826 1
29829 1
29830 1
62599 1
62601 0
62602 1
29837 1
32280 1
62613 1
29852 1
29854 0
62626 1
62627 1
62632 1
62634 1
29868 1
29870 1
62640 1
29873 1
62642 1
29875 1
62646 1
62648 0
62649 1
62650 1
29883 1
62652 0
62654 1
62655 1
62659 0
62662 1
29895 1
29898 1
62667 1
29901 1
62670 1
29904 1
62676 0
29909 1
29910 1
62683 0
29916 1
29918 1
62688 1
62689 1
62690 0
62693 0
62694 1
62697 0
62698 1
62700 1
29934 1
62705 1
29939 1
29940 1
62709 1
29942 1
62712 1
29946 1
62715 1
29948 1
29952 0
29953 1
29954 1
29955 1
62724 1
62728 1
62730 1
29963 0
29964 1
62733 1
29968 1
62737 0
62738 1
62739 1
62740 1
62742 1
62745 1
62748 1
62750 0
29984 1
62755 1
29988 1
62759 0
29992 1
29993 1
29996 1
29997 1
30005 1
30006 1
30007 1
30008 1
30009 1
62781 1
62784 1
30017 1
30023 1
30025 0
30027 1
30029 1
30032 1
62804 1
62809 1
62811 1
62814 1
62821 1
62822 1
30055 1
30058 0
30059 1
62829 1
62832 1
62833 0
30067 1
62836 1
30070 0
30072 1
62846 1
30084 1
30086 0
30087 1
30088 0
62859 1
62860 1
30093 1
30094 1
30095 1
62864 1
62865 1
30098 1
30100 1
62870 1
62874 1
30115 1
62884 1
30117 1
62889 1
62895 1
30128 1
62897 1
62898 1
30131 0
30137 1
30138 1
62911 1
62913 1
62914 0
62918 0
30151 1
30152 1
62921 1
62922 1
62923 1
62924 1
62925 1
62928 1
62929 1
30163 1
62932 0
30165 1
30168 0
30169 1
30170 1
30175 1
30177 1
62948 1
30181 1
30185 1
62954 1
62955 1
30188 1
62957 1
30191 0
62960 1
30193 1
62962 1
62965 1
62966 1
62967 1
30205 1
62975 1
62976 1
62979 1
62982 1
30215 1
62984 1
30219 1
30220 1
30222 1
30225 1
30226 1
62995 1
62996 1
30229 1
30231 1
63000 1
30233 1
30234 1
30236 1
30239 1
30240 0
61019 1
63013 0
30247 1
63018 1
30252 0
30254 0
30255 1
30257 1
63026 1
30259 1
30260 1
63029 1
63030 1
30263 1
30265 1
63038 1
63044 1
30277 1
63046 1
30281 1
30283 1
63052 1
63053 1
63054 1
63056 1
63057 1
63059 1
30293 1
63062 0
30298 1
63070 1
30306 1
63077 1
30310 1
30312 1
63081 1
63082 1
63083 1
63084 1
63085 1
30325 0
63094 0
30328 1
63099 1
63100 1
30337 0
63106 1
63109 1
30342 1
30350 1
30352 1
30354 1
63123 1
63126 0
30361 1
63135 1
63138 1
63140 0
63147 1
63150 0
30384 1
63154 1
30388 1
63157 1
63161 1
63162 1
30398 1
30399 1
30400 0
63170 1
30403 1
63172 1
63175 0
63178 1
63180 1
63181 1
63182 0
30416 1
63188 1
30423 1
63192 0
63194 1
63195 1
63196 1
63197 1
63199 0
63200 0
63201 1
63203 1
30439 0
30442 1
30445 1
30448 1
30451 1
63225 0
30461 1
30463 1
63232 1
63233 1
30467 1
63244 1
30477 1
63246 1
30479 1
63252 1
63258 1
63262 1
30495 1
30496 1
63268 0
63269 0
63278 1
63281 1
63283 0
63288 1
63290 1
63296 0
63297 1
30534 1
30536 1
30539 1
30540 1
63313 1
30546 1
63318 1
63324 1
30557 0
30558 1
30559 1
63328 1
30561 1
30563 1
30565 1
63338 1
63339 1
30576 1
30577 1
30578 0
30584 1
30589 0
30593 1
30594 1
30595 1
30598 1
30599 0
30600 1
30603 1
63374 1
30608 1
63377 1
30612 1
63381 1
30614 1
63384 1
63385 1
63386 1
63388 1
30621 0
30623 0
30625 1
63394 1
30628 1
63398 0
30637 1
30639 0
30640 1
63410 0
30644 1
63413 1
30646 1
30647 1
63417 1
63418 1
63419 1
63422 1
30660 1
63430 1
30666 1
63435 1
30671 1
30674 1
30675 1
30676 1
63445 1
63446 0
63447 1
63450 0
63451 1
30685 1
63454 1
63455 1
30688 1
30689 0
30692 1
63461 1
63462 1
30697 1
63466 1
63467 1
63468 1
63469 0
63470 1
30703 0
63474 1
124320 1
30709 1
63478 1
30714 1
63483 1
63486 1
30720 1
63490 1
63493 1
63495 1
63498 1
30732 1
63501 1
63504 1
30738 0
63507 1
30740 1
63509 0
63511 1
30750 0
30751 1
63520 1
63523 0
30756 1
30757 0
30759 0
30760 1
63531 1
30764 0
63538 1
63541 1
30775 1
30777 1
30778 1
30781 1
30782 1
63551 1
63556 1
30789 1
63559 1
30797 0
63572 1
63581 1
30818 1
63589 0
30822 1
63593 0
63594 0
63596 1
30832 1
30833 1
63602 1
30835 1
30836 0
63605 1
63606 1
63607 1
30843 1
30844 0
30847 1
30849 0
63621 1
30855 1
30857 1
63628 0
30861 1
30862 1
30865 1
30866 0
63635 1
63637 1
30870 1
63639 1
63640 1
63641 0
63643 1
63644 1
30877 1
63648 1
63650 1
63651 1
63652 0
124326 1
30888 1
63657 1
30891 1
63661 1
63662 1
63663 1
63664 1
63666 1
63667 1
63669 1
63672 1
63674 1
63676 1
63678 1
63679 1
63680 1
30915 1
63687 1
63690 1
63693 0
63699 1
63700 1
63702 1
63705 1
30939 1
63708 1
30945 1
30946 1
30948 1
30950 1
63724 1
63728 1
63730 1
30969 1
63739 1
63740 0
63741 1
63742 1
63744 0
63755 1
30989 1
30990 1
30994 0
63763 1
63765 1
63766 1
63768 1
63769 1
63770 0
63771 1
63775 0
31009 1
63779 0
63781 1
63782 1
31015 0
31016 1
63789 1
31022 1
63791 0
31027 0
63797 0
63799 1
63800 1
63803 1
63804 1
31037 1
63809 0
63812 1
31045 1
63814 1
63815 1
31051 0
63821 1
63822 1
63825 1
63826 0
31062 1
31063 0
63832 0
63836 1
63847 1
63848 1
63854 0
63857 1
31093 1
63862 1
31095 1
31097 0
63866 1
31099 1
31100 0
63870 1
63871 1
63874 1
63876 1
63877 0
63881 1
63883 1
63886 1
63890 1
63891 1
63892 1
63894 1
63895 1
63896 1
31129 1
63898 1
63899 0
63901 1
31135 0
31136 1
63907 1
31143 1
31144 1
63915 1
63917 1
31150 1
63919 1
63920 0
63927 1
63928 1
63930 1
31166 1
63935 1
31168 1
31170 1
63939 1
63941 1
63942 1
63943 1
63945 1
63951 1
63952 1
63953 1
63955 1
63956 1
63959 1
31193 1
63962 1
31195 1
63966 1
63967 1
31203 1
31204 0
63974 0
63975 1
63976 1
63977 1
63980 1
31214 1
63984 1
63986 1
63990 1
31223 1
31224 1
63996 1
63998 1
64000 0
64001 1
31234 1
64004 1
64008 0
64009 1
64011 1
64014 1
64015 1
64016 1
64017 1
64019 0
64021 1
31254 1
64023 1
64028 1
64029 1
64030 1
31267 1
64038 1
64041 1
31276 1
64045 1
64048 1
64049 1
64051 1
31285 1
64054 1
64055 1
64056 0
31289 1
31291 0
64060 1
64061 1
64062 1
64063 1
64064 1
64066 0
31300 1
31302 0
64079 1
64088 1
64096 1
64099 1
64102 1
64103 1
64115 1
31354 1
64127 1
64128 0
64130 1
31366 1
64135 1
64136 0
64145 1
31379 1
31381 1
64153 1
64154 1
64156 1
31392 1
64161 1
64162 1
64163 1
64165 1
64166 1
64168 0
31403 1
64173 1
64174 0
64175 1
64176 1
64177 1
64182 1
64184 1
64186 1
64189 1
64192 1
64194 1
31427 0
64197 1
64198 0
64199 1
64200 0
64205 1
64206 1
64209 1
64210 1
31448 1
31449 1
31453 1
31454 0
31455 1
31456 1
31459 1
31460 1
31462 1
64231 1
31464 0
31467 1
31477 1
31479 1
31483 1
31484 0
64254 0
31488 1
31489 1
64262 1
31495 1
64267 1
31501 1
64271 1
31504 1
64275 1
64279 1
64280 1
64282 1
64283 1
31516 0
31518 0
31520 1
31521 1
31522 1
64292 1
31525 1
31528 1
31530 1
64299 0
31533 1
31534 1
31535 1
64304 1
31537 1
64306 1
64307 0
64308 1
64314 1
31549 1
31551 0
64321 1
64322 0
64323 1
64327 1
31560 1
64330 1
31563 1
31564 1
64334 1
31567 1
31571 0
64341 1
31574 1
64344 1
64345 0
31578 1
64351 1
31587 1
64356 1
64357 0
31590 1
31591 1
64360 1
31593 1
31594 1
64363 1
64364 1
31597 0
64367 1
31600 1
64369 0
64371 1
31604 1
64375 1
64381 1
64382 1
64383 1
64387 1
31620 0
64389 1
31622 1
64392 1
31625 1
31626 0
31627 1
31629 1
64398 0
64402 1
31636 1
64408 1
64409 1
64410 1
31643 1
64412 1
64415 0
64418 1
64423 1
31660 1
31661 1
31662 1
31663 0
64433 1
31666 0
64436 1
31669 1
31672 1
31673 1
31674 1
31675 1
31679 0
31683 1
31686 1
31687 0
31689 1
31692 1
31693 0
31697 0
31700 0
31702 1
31703 1
31706 1
31707 1
64480 1
64483 1
31716 1
64485 1
64486 1
31720 1
64491 1
31725 1
64497 1
31734 1
31737 1
31738 1
31739 1
64508 0
64509 0
31743 1
31745 1
64515 1
64516 1
31749 1
31752 1
31757 0
64526 1
64528 1
31761 1
31762 1
31763 1
31766 1
64535 1
64536 1
64537 0
64538 1
64542 1
31775 1
64544 0
31778 1
64547 1
64549 1
64550 1
64552 1
64554 1
64555 1
31788 0
31789 1
31791 0
64560 1
64561 1
31794 0
64567 1
64568 1
31811 1
64583 1
64584 1
64589 1
64597 1
64602 1
64606 1
31843 1
64613 0
31846 1
64615 1
31849 1
64620 1
64621 1
31854 1
31858 1
64630 1
64631 1
64633 0
64637 1
64638 1
64639 1
64640 0
64644 1
64645 0
31880 1
31881 1
64650 1
64652 1
31887 1
31888 1
31894 1
31895 1
64669 0
64675 0
64680 1
64681 0
64682 1
64687 0
64689 0
64690 1
64699 1
64708 1
64711 0
64713 1
64726 1
64733 1
64734 1
64738 1
64739 1
64741 1
64748 1
64753 0
64760 1
64763 0
64766 1
64768 1
64769 0
64776 0
64780 0
64782 1
64784 1
64786 1
64799 1
64807 1
64809 0
64813 0
64820 1
64821 1
64822 0
64830 1
64833 1
64839 1
64840 0
64848 1
64850 1
64851 1
64853 1
64857 1
64859 1
64861 1
64863 1
64864 1
64865 1
64866 0
64867 1
64880 0
64881 1
64884 1
64886 0
64888 1
64891 1
64896 1
64898 0
64899 0
64901 1
64902 1
64914 0
64915 1
64918 1
64919 1
64921 0
64924 1
64925 1
64927 1
64929 1
64930 1
64931 1
64934 1
64936 0
64939 1
64942 1
64950 1
64956 0
64961 0
64964 1
64967 0
64979 1
64983 0
64985 1
64989 0
64991 1
64993 1
64994 1
64996 0
64997 1
64999 1
65006 1
65008 1
65009 1
65011 1
65012 1
65014 1
65016 1
65020 0
65021 1
65022 1
65023 0
65024 0
65026 1
65027 1
65028 0
65031 1
65034 1
65036 1
65042 1
65045 1
65048 1
65051 1
65056 1
65060 1
65061 0
65062 1
65064 1
65068 1
65069 1
65072 1
65074 1
65084 1
65087 1
65088 1
65100 1
65105 1
65106 1
65107 1
65108 1
65124 1
65126 1
65128 1
65133 1
65134 1
65135 1
65142 1
65144 1
65145 1
65148 1
65149 0
65156 1
65158 1
65163 1
65169 1
65170 1
65175 0
65177 0
65179 1
65180 1
65184 0
65194 1
65196 1
65215 1
65217 1
65220 1
65224 0
65226 1
65228 1
65236 1
65242 1
65243 1
65244 1
65245 1
65247 1
65251 1
65252 0
65264 1
65266 1
65267 0
65268 0
65270 1
65273 1
65275 1
65280 1
65281 0
65282 0
65284 0
65286 1
65287 1
65290 1
65291 1
65303 1
65310 1
65311 1
65313 1
65315 1
65317 1
65322 0
65342 1
65343 1
65345 1
65350 1
65355 1
7632 1
65365 1
65368 1
65376 1
65387 1
65389 1
65399 1
65404 1
65413 1
65417 1
65420 0
65421 1
65424 1
65426 1
65430 1
65434 1
65436 1
65440 1
65448 1
65449 1
65456 1
65459 1
65463 1
65464 1
65465 0
65466 1
65469 1
65472 1
65474 1
65477 0
65482 1
65484 1
65488 0
65489 1
65491 1
65494 1
65512 0
65515 1
65519 1
65521 1
65526 1
65527 1
