180167,20
61519,4
184526,1
19713,89
61513,55
22461,3
180169,148
63763,41
177795,7
13733,5
165284,109
111537,175
111534,38
28998,13
166555,154
4029,33
177227,160
177225,59
177224,3
60914,44
19398,27
161071,140
5987,4
132644,42
177228,201
61179,7
24710,201
19159,175
160891,138
160892,5
160893,2
180562,20
19402,38
127475,24
19152,9
16671,70
65270,28
277918,9
16679,74
150179,139
183850,4
165914,21
142814,59
22008,59
149337,19
61192,3
142811,10
142812,47
6158,2
12708,8
30646,159
13602,6
4737,175
6791,69
118126,14
118125,91
2312,7
118121,13
177313,201
25665,48
165710,3
177640,44
177315,22
177314,175
165358,12
140541,41
166485,15
63739,27
161853,148
25283,41
22717,175
184064,175
13599,201
25119,4
16705,175
30662,18
65474,19
25110,32
30847,6
166733,17
7993,69
140897,8
141236,34
7991,4
111532,37
63930,27
2269,75
63936,157
116787,44
19570,110
7881,13
63938,50
7882,24
162254,10
24996,201
61581,4
20747,16
124599,59
17035,112
2444,7
139804,59
2448,12
63847,6
7866,12
184994,43
176066,16
61585,167
176068,4
24888,39
140982,1
61584,30
138608,201
2044,33
11304,55
146659,62
138601,12
148414,69
197855,175
163036,5
148410,5
185661,50
6379,8
26021,38
124355,48
166028,9
6370,29
28410,9
12123,41
124358,26
12124,48
10631,53
10411,33
63814,175
162742,8
11944,41
133346,26
63447,41
175465,30
185227,41
10382,2
121142,28
160256,28
160375,108
160255,25
63448,9
135965,52
16926,175
162560,148
8947,20
164416,1
125014,14
157074,83
7260,18
12234,59
63596,6
12236,13
125531,201
12233,201
139025,25
7781,4
146017,1
14624,29
62646,85
14622,201
14623,57
160488,190
66300,13
152049,93
10567,3
10565,16
125240,17
145729,83
3394,12
175263,7
1995,69
10096,22
30416,163
175269,9
178327,3
182112,13
163610,18
8838,33
138466,201
138467,52
147303,148
147307,4
147305,12
8832,1
25062,20
164342,5
143689,45
138861,9
21440,20
29962,5
30637,45
29964,2
28564,83
61205,63
62088,18
12942,201
24232,175
24233,84
24234,19
12945,29
62243,89
183228,7
62245,174
183224,5
175087,7
157493,28
175083,147
13189,46
137641,48
3580,9
137642,201
175319,15
135788,57
30259,17
175646,148
156383,84
156384,130
29762,9
1177,19
25069,20
1173,10
30740,83
157921,8
13940,37
165699,76
31122,13
31692,136
23500,81
160719,18
5530,13
5539,16
162925,70
147453,12
151708,10
11169,3
66438,3
11161,6
14403,167
29108,83
178453,19
175995,201
8762,10
66610,23
7183,57
7185,9
7186,19
66161,169
8387,74
8386,5
61693,139
185269,8
127644,4
13839,10
8087,2
184392,12
8549,53
8017,11
65884,86
23616,40
65886,28
8542,32
6573,10
6574,13
162699,46
180193,68
61745,190
27760,1
28180,11
12065,4
66504,131
144435,10
7696,27
143357,9
28749,12
111940,175
126600,3
28216,71
28742,9
25946,32
3835,5
63866,201
10884,7
151544,174
179428,201
155394,3
155393,83
4036,7
1228,1
25462,22
60902,12
60900,25
177256,2
177257,51
177255,33
161040,12
12377,1
184442,83
11371,9
11372,2
179925,16
24708,33
4842,32
7525,46
5667,47
160888,57
25056,18
16668,23
25726,14
30861,20
12711,201
141339,20
5526,11
12719,5
184500,18
16957,175
6781,74
64708,11
23877,28
13619,199
64383,4
6788,74
185006,5
4723,175
65643,59
65640,86
120048,21
177674,4
62919,59
177677,8
118577,64
5918,36
165832,3
3203,4
21118,62
65872,201
177108,7
177109,5
148313,20
25921,18
16716,60
25430,15
16714,143
25434,19
16710,57
25124,16
10466,55
2271,3
2270,19
155174,46
10801,38
120134,48
65796,175
63907,13
166230,10
9248,41
65467,175
133871,201
63057,48
9538,8
141846,201
113093,175
9242,32
25980,9
64028,9
153128,9
65515,147
138613,47
174390,152
13289,175
13288,32
17534,175
24890,5
62700,8
158414,148
29433,13
2052,43
146648,66
4826,77
113140,20
13440,35
13443,21
175307,45
7982,175
64930,167
26038,11
7985,19
64934,8
264386,36
26037,8
24096,19
10156,47
10405,14
62472,175
10407,17
4740,46
30067,53
24466,110
24099,16
161852,43
10390,8
64334,201
124434,28
147849,33
27965,59
179298,175
63479,168
27960,3
149683,3
1949,48
24291,27
1979,6
14898,6
176670,139
18844,7
185619,2
14891,10
164404,1
6216,7
63874,41
176479,175
148531,18
15708,201
14650,48
176999,148
62654,175
62655,5
16245,175
185018,45
179621,16
61996,71
62895,175
65732,14
3231,175
1968,6
164572,69
1618,2
3238,175
157865,201
175523,18
21429,4
158053,164
179534,15
12956,56
2870,44
12950,6
119217,57
142748,2
294524,21
160661,8
27816,18
160667,148
27810,193
7883,33
122394,42
160668,201
3358,32
164756,72
164755,25
174236,30
7067,114
5442,1
7065,20
7063,27
13174,7
264507,2
147204,43
30539,46
147208,83
29804,28
11687,175
264509,46
12482,12
12485,27
15459,4
132482,31
8151,83
178868,44
11096,6
179841,11
179843,49
184057,52
178862,65
178863,66
178865,37
178866,48
24396,31
1545,41
29868,39
11115,56
14477,14
183528,19
66379,13
11440,27
8716,13
8717,14
66371,6
148950,7
31751,12
31752,5
109186,24
31576,175
4390,2
65482,27
66155,123
175834,7
127383,1
66158,175
183700,15
8539,58
27776,29
160471,8
12828,165
160474,12
12824,10
12825,13
160479,46
12821,83
15291,74
133825,43
61759,36
66085,167
14503,5
6565,50
8105,2
29607,41
7685,6
7682,57
1257,42
28733,48
1380,52
1382,12
29609,13
9155,24
160989,21
3820,5
177924,26
3946,2
161056,13
8446,33
160228,41
8440,83
24316,9
109079,5
11566,25
144356,8
13990,28
9258,18
24428,13
160505,59
115876,175
160503,8
60931,15
11361,2
61350,36
66798,7
62516,3
126496,21
174301,84
28648,25
145407,8
65218,186
19355,95
19605,40
25737,27
10187,175
16650,14
114698,37
65180,4
30877,20
184514,50
4759,13
64857,201
64850,3
64851,24
64853,59
6774,19
10984,32
140529,6
10981,13
10983,14
117901,167
5870,58
25918,4
65676,19
60801,44
11291,32
11296,58
9969,117
65671,16
16955,131
177111,43
177110,201
177112,201
154056,13
25234,41
25138,14
64103,43
65459,2
164557,14
158563,201
4632,113
120093,82
13526,50
19911,9
16721,14
175079,29
162233,2
149268,83
64584,175
11748,10
7904,49
3581,5
165934,201
63919,48
165244,48
161909,130
11580,14
16929,100
166593,30
61576,38
161903,4
179084,48
25313,1
141859,48
138662,201
121382,7
65521,18
65527,42
16832,175
260893,6
63687,175
153130,57
64030,10
63029,5
4839,3
6357,7
4045,42
61925,4
141459,9
162585,201
4523,41
13453,106
7346,31
6194,83
6196,14
64929,5
162349,167
162346,51
64925,48
11636,15
140983,148
26045,3
4818,8
9346,62
9611,35
13657,22
9619,2
13184,201
64327,147
3532,18
63468,14
22817,1
22815,26
10364,25
160272,201
63467,159
5050,12
20653,83
63462,52
9411,13
7203,16
116104,41
7205,20
30870,4
12212,48
63863,9
12216,59
12215,59
162160,35
21743,30
160183,3
160181,11
18549,50
17072,74
178015,29
64901,3
143153,167
9761,4
14084,7
162404,56
62317,43
122015,148
10504,10
62313,45
13071,18
24171,41
164506,3
179299,30
7331,4
5518,5
1976,16
3226,24
3221,34
176229,201
175533,201
6375,13
147988,3
8858,28
122915,83
179058,4
148170,201
138402,48
133328,201
8850,6
30185,129
123720,175
12926,28
178676,17
30188,167
5475,51
14269,2
10213,4
156633,12
30298,45
149477,9
1773,36
62221,4
129438,4
3138,8
112111,8
112112,175
9890,58
8148,46
2999,6
6994,2
6995,32
184281,7
61155,12
184287,148
30293,46
18364,2
28022,175
24547,159
61409,16
184046,201
15111,46
184040,83
162906,9
162907,52
29127,201
28349,134
66366,201
1554,2
183554,24
183555,19
28340,18
2991,58
3036,37
66368,11
3031,38
29129,12
31587,41
174118,67
174119,5
23195,9
30614,2
30612,30
31748,44
31744,175
31214,6
31743,59
30618,4
178704,41
31564,29
66148,71
126718,22
178703,28
61885,175
163983,13
111491,14
27997,19
163987,32
144567,167
25896,37
177872,44
17724,175
12589,13
5606,29
5600,5
178493,37
178492,148
12850,12
12581,13
28347,20
12855,11
5608,13
29901,1
25964,8
11032,42
29900,30
66098,175
25860,175
151161,9
15027,9
161120,5
111961,3
105538,86
111965,201
29634,21
1397,3
151364,13
9325,3
11600,8
1974,3
183606,81
3813,33
127282,24
181104,22
22650,13
183603,66
3814,62
160991,40
160990,45
180150,5
23253,181
23252,21
8455,58
109084,4
30964,5
15337,10
15331,37
143910,175
184263,27
165742,201
146156,35
12459,38
12458,1
174115,167
61321,51
7549,5
61325,21
31368,175
29511,9
28296,83
31567,2
16641,147
164411,185
30473,13
154595,70
130305,26
8031,70
8030,10
64821,46
31560,10
166458,83
6768,33
23810,7
114421,12
166451,12
24617,20
24610,17
118795,83
180395,2
150562,12
25633,148
25632,41
5862,8
25140,167
65444,126
177125,76
177127,50
64132,179
64130,15
124634,147
64135,7
184676,42
22729,1
4608,3
2184,24
4605,46
19907,175
25389,9
13510,41
9999,59
138126,201
158354,6
178494,1
28770,7
177871,30
153728,48
165924,2
64626,10
166213,15
121974,175
12761,3
254399,124
64554,148
124254,9
64004,201
64550,2
64552,16
140760,2
15347,8
2436,38
2435,7
13709,8
16821,154
116772,19
185654,83
16824,169
65532,174
61811,13
179186,39
61815,167
6346,26
4510,10
62640,13
141460,201
4517,58
184700,8
11649,3
6185,2
119493,59
17197,86
162354,44
17195,175
2504,28
11644,16
141913,12
162576,148
9355,7
9359,20
3562,46
5284,18
11035,1
22829,27
21241,2
5047,1
212340,201
10374,35
63415,32
63417,35
63789,201
3785,4
63781,140
183780,64
16910,78
163772,59
6239,48
10777,5
4990,41
63895,50
12206,24
141001,13
162175,15
160742,2
63892,16
125274,57
164680,8
63527,6
10519,14
9778,5
9774,5
9777,13
29353,11
9771,1
121759,14
164510,201
8864,42
179288,14
9289,5
176235,15
182383,201
2942,12
9284,17
176239,79
175503,13
63099,37
19150,175
11910,48
162770,201
146119,45
11914,34
146114,167
2859,78
264418,148
264414,201
264416,18
24157,76
133246,201
14219,175
2295,6
3336,13
10200,57
108693,6
160684,17
162385,6
175342,2
29755,11
10195,4
1704,59
29751,8
10190,23
61971,1
174744,21
14182,7
62236,134
10198,4
14186,185
15855,46
112101,125
17120,89
29282,114
184885,29
176523,8
178803,21
178806,13
120193,175
29001,9
30990,148
1121,83
8606,19
8605,49
14324,59
106404,175
25880,3
25882,155
65553,201
15106,124
30281,201
15101,159
29131,8
66313,175
29133,10
24379,106
24378,13
3028,4
65556,95
3024,93
2986,58
157354,10
29910,33
137230,80
137943,16
30354,46
110566,3
8734,107
183388,129
31775,2
175983,4
1234,58
8515,8
1230,12
1982,90
4199,13
126721,19
4194,2
12598,20
4193,36
175966,201
5671,14
29709,13
12840,20
4351,36
4352,11
28717,22
8457,46
6509,57
28712,46
31489,167
31488,59
145979,6
31170,13
174567,6
113490,12
23062,29
111976,77
24283,9
180363,201
29621,12
24287,22
163887,8
61028,8
183612,5
62797,17
3807,94
23485,48
8463,8
30328,175
11340,46
11669,41
11343,23
136306,7
23714,21
13561,68
111779,110
110685,19
108306,86
184603,44
24755,8
12445,6
6433,3
5709,10
184256,201
12441,28
184258,2
184259,1
8199,72
177267,34
177264,38
110179,32
177465,1
61338,4
140033,6
176874,5
31392,11
177284,63
177287,201
156953,132
180231,201
165798,38
11462,16
13646,7
166689,59
28866,167
4771,7
13988,129
137704,59
165640,5
23809,36
14368,3
24843,201
165649,83
166443,8
65838,88
24620,12
65831,25
19024,175
25623,117
25627,83
154039,52
25405,3
25406,1
16748,102
24975,55
165746,2
12053,42
130200,17
266315,44
141277,75
4611,19
141278,59
158587,148
13505,12
183942,9
28769,48
161924,175
162559,21
12691,64
151630,201
2222,201
2220,27
166208,18
177734,1
65235,28
24440,51
165264,147
151632,83
10832,148
181617,201
177739,82
150139,32
64637,49
64547,110
178939,8
66697,201
18241,112
64549,8
65548,139
174148,147
146616,201
25579,24
4503,11
127234,144
63667,24
25570,157
25572,4
7824,65
26067,167
166061,83
124394,27
25088,8
26061,20
117161,18
28155,114
184717,7
16698,89
2086,56
26069,83
161813,5
3342,6
2538,8
25216,22
66029,83
161814,20
64942,5
31593,98
2536,27
11657,6
153028,38
160213,59
17762,175
160211,26
160216,25
29968,12
160173,168
107446,6
105574,201
8987,15
7951,17
149070,18
64304,41
5073,4
64306,46
5071,13
64302,10
175424,201
63798,5
63799,114
1837,51
63928,10
63790,201
185827,148
185532,69
185821,46
2154,9
113530,3
122921,48
2150,18
2403,201
4145,24
4988,13
6242,6
184807,35
10740,12
20904,66
25339,73
184180,148
18560,17
62686,3
1951,121
63531,25
152249,43
62330,27
30255,201
63538,175
61900,6
8873,62
63083,123
63080,42
7315,21
164663,37
24113,27
13092,27
3246,7
11903,9
179739,83
179077,32
176954,12
12909,48
30161,22
112007,175
179700,13
62755,141
9016,10
62204,83
7034,17
10236,10
10235,41
20297,175
5496,7
5492,23
27823,108
5252,12
1712,83
179380,147
29722,55
63338,13
21503,93
156613,48
117034,148
63337,2
157218,27
12141,50
156614,6
13710,16
176558,59
6311,83
176556,42
178811,111
119316,4
119314,8
178814,37
183283,76
30647,175
6315,193
2259,55
184068,34
179818,11
179819,3
11124,49
174485,7
179817,7
180958,144
31764,115
122211,19
122212,9
66301,3
184109,9
30640,175
7146,13
10999,44
183570,41
24363,8
29382,38
164652,18
29386,59
147340,43
29435,10
183377,48
29389,48
1004,14
143640,16
114880,83
7921,5
12874,102
183593,201
28380,99
110760,35
4186,3
30384,85
6534,7
160448,24
6532,59
109318,167
147708,6
165123,19
10991,23
160447,24
175978,160
4341,3
4340,59
180711,59
28704,12
2884,28
14535,18
2888,15
11017,8
174393,8
11012,11
150201,58
8611,34
116504,2
66239,9
24293,10
126136,31
22632,66
66261,25
163893,3
145701,48
5783,20
144383,3
111581,6
26520,26
8479,13
8475,23
184487,201
161000,52
7566,27
1920,3
12471,16
150838,17
177921,10
150837,83
12478,18
119173,24
177925,9
184241,30
61490,201
62990,82
3116,201
61655,201
28675,6
61656,4
145367,34
61302,47
31381,31
3905,13
145636,148
24980,21
147868,19
165785,15
180228,122
127179,2
28877,4
6742,167
177124,83
11482,175
165653,9
165652,78
120774,57
163948,9
140044,201
140043,175
140042,191
65045,50
9715,41
9954,8
181445,7
146137,65
64794,167
29698,4
116895,6
25167,41
25166,59
120513,15
65317,10
13142,86
181269,39
174136,201
32280,18
16597,59
133766,24
17168,175
166789,1
183974,44
184652,51
161952,91
161953,11
174135,17
157058,12
12689,11
11796,3
2237,190
65220,83
65226,44
65228,148
65229,11
175111,50
65958,98
175110,7
2049,14
148234,29
3497,104
20847,27
25509,64
1633,2
146607,148
65552,12
4579,9
63651,26
63650,201
3650,9
162809,201
65554,23
26071,139
148239,79
16689,169
61871,139
61870,42
16681,175
64979,175
11465,16
24965,47
9783,175
4600,9
64156,20
4601,171
134932,59
27920,201
121136,2
27925,35
160204,201
160207,32
10353,8
162557,175
27928,28
135425,43
9372,60
62922,41
4885,45
62921,201
17151,114
17150,175
102696,44
158743,13
158742,17
9173,4
9171,50
10685,2
25186,41
25181,6
25180,2
61903,32
26016,84
1820,4
16974,168
149379,4
12262,8
105365,8
6266,39
12266,20
4973,17
10530,27
5395,30
13554,29
122841,48
6110,139
11805,24
157117,41
63501,38
3275,37
160338,27
1926,35
11301,41
160331,68
3278,5
157118,49
7368,4
177031,8
64745,1
116029,65
7366,83
154757,148
8543,3
176863,52
176725,91
162909,37
176726,1
11930,1
112876,83
161797,2
161798,148
161072,22
22053,82
30175,26
133468,201
30170,59
12915,20
66149,6
7022,17
62213,12
270989,2
3310,34
10221,82
20029,91
29733,40
140194,83
24032,38
1728,35
28620,167
1722,11
180822,28
180821,1
4383,49
62745,5
179666,43
176540,43
13139,5
175163,193
138321,27
108449,39
147175,74
178538,2
178539,45
115121,148
30710,59
62217,12
30714,14
178531,201
7799,14
174490,32
3007,27
18358,175
27765,171
14304,16
14309,25
141400,35
7694,201
174169,72
24352,48
126036,13
24350,18
143356,91
4409,201
144437,57
142251,16
29930,3
111000,26
164648,9
29392,9
7691,20
30006,34
30007,201
1210,11
177487,45
183581,2
29613,154
8068,26
178752,107
66235,175
145552,34
143421,124
63224,175
8060,3
7486,9
7481,9
132518,16
6529,59
9393,41
8266,12
150937,57
30398,50
30399,12
133869,48
133868,201
174389,10
29734,3
11060,38
11065,8
23002,83
29649,38
31629,3
156155,16
156156,7
156157,5
183101,201
254096,196
17890,3
28967,175
174541,12
66061,4
114524,10
129823,18
66065,3
4087,4
3863,5
183636,39
144396,13
66592,3
13341,79
160541,72
66597,83
176899,83
177930,42
161013,41
23220,16
160549,18
23226,19
16981,175
23224,9
161014,148
177446,1
184239,41
160781,148
19137,175
5723,4
160838,19
6416,4
6410,7
9812,7
61487,175
28608,33
27828,26
7772,59
66446,11
61646,43
144559,44
144809,26
3439,58
13580,16
266216,148
65148,20
60992,19
117768,59
14938,59
6733,41
166460,11
137131,29
141469,27
5835,4
4156,4
11259,30
163933,4
163930,6
140073,31
11094,3
9299,20
61004,13
165468,2
110533,4
165466,83
9921,3
9922,2
165465,148
28119,37
28118,38
19262,115
130041,9
64784,175
22772,6
65491,48
25173,175
16763,175
164364,175
145049,35
141462,10
145042,10
12075,9
145041,38
145046,31
119574,55
140672,201
161942,173
6649,3
31843,46
31846,27
10813,8
15087,5
165209,13
65967,34
10816,5
25774,16
161843,2
150481,20
19318,175
184449,37
110164,175
63640,4
106261,179
63643,38
24825,41
184157,9
23812,201
65569,41
8214,7
65765,4
24893,4
184735,36
4560,41
6639,8
164368,169
3647,3
148476,32
29942,13
148470,27
11670,20
117141,175
117142,193
64480,48
2555,5
2556,18
7798,15
2558,86
141389,59
165845,36
165846,81
17367,175
2393,7
2390,11
12782,13
12785,5
141384,1
27932,74
63422,9
11376,3
27936,41
27937,41
5018,8
2771,10
27938,41
27939,193
178172,7
160232,59
160233,167
2802,6
24021,13
17148,169
25201,14
17145,169
7977,69
7970,59
16785,175
12256,48
116387,30
176237,201
16781,175
12252,201
12250,201
176404,34
118223,11
6268,7
21186,201
119594,22
6066,44
125601,17
2176,4
125604,1
17095,117
30016,7
7526,160
122902,52
2606,11
28135,167
174160,201
14822,72
14820,167
113269,31
14824,131
160341,83
61574,11
4903,8
10787,8
62592,201
62590,41
10035,172
5125,2
10789,3
10030,7
64218,175
146140,46
177884,83
154760,175
8898,167
8892,14
3469,83
24468,201
11929,201
12321,11
65011,142
31718,119
4331,58
11923,78
11925,72
141720,83
132988,175
14954,1
7154,26
17173,175
30490,42
179231,175
30495,39
30146,8
20338,8
17074,116
177376,9
142391,19
5046,18
29097,36
108664,175
1585,3
27845,179
29921,2
29101,78
24005,83
164255,26
18699,17
17070,139
29705,10
5234,8
175376,22
30540,55
164494,6
158791,52
13124,52
176375,84
137024,83
179657,2
15803,201
11819,61
176378,9
15153,91
29894,3
179342,41
179831,83
184009,17
137373,9
109930,7
178834,148
24344,201
3071,175
156095,7
28477,20
1593,5
1598,18
2953,3
31702,169
31703,175
65689,174
183366,7
17795,121
31707,167
5342,5
7163,1
126020,5
143668,56
178633,18
62107,9
183352,10
137573,46
30032,63
4367,16
1209,11
66686,45
12895,10
29466,175
31521,51
23107,175
144010,13
164109,83
18037,139
12789,1
175955,59
175953,33
8272,63
183580,148
28278,143
6334,58
66681,112
162892,201
4274,59
162894,51
14555,137
1447,145
12868,33
175007,12
175006,37
1117,5
114959,4
114956,175
174531,50
174024,148
175008,201
1449,79
31147,59
13782,5
11446,7
4091,14
4090,41
13786,201
31453,48
4094,61
185194,27
183640,20
6333,92
23587,5
177943,8
66588,117
177944,175
66586,37
111721,175
11313,32
19129,40
160797,59
107325,175
7585,34
160798,24
19124,167
180029,7
7741,30
61673,201
28616,8
61676,52
127377,18
22507,18
22500,5
150258,50
60983,168
8264,10
8304,5
166414,201
6528,7
66281,148
28853,50
8633,22
23697,35
8092,8
61587,46
61586,167
163921,70
163920,175
160196,5
15208,166
8099,58
11264,15
65021,50
65026,12
177895,9
177896,58
3851,12
110529,50
180118,2
9937,26
22761,7
165691,4
65376,171
16775,109
16777,137
128978,10
158313,169
25691,39
110250,175
25340,18
130762,59
6097,8
185177,32
63511,175
12669,25
121934,82
6653,33
12994,58
177099,28
107817,141
19305,5
25749,8
25747,17
127797,148
25745,58
64844,13
165215,201
65971,175
120359,30
120358,24
161996,148
161997,7
65576,41
63639,94
24837,12
64515,201
266214,90
150477,7
185618,45
65772,11
65771,2
21066,40
19873,175
184748,3
183822,140
13421,42
21061,148
2547,73
139526,20
64997,4
153895,175
114608,27
166639,17
165501,130
165856,3
165855,38
65483,114
23006,46
64175,5
12796,24
2282,27
177764,201
24491,28
10332,34
64356,50
124615,148
64423,48
175509,14
27906,9
121381,175
140938,175
160225,13
17233,114
64194,175
182387,43
260774,16
25236,175
64193,174
16401,59
17131,70
260779,42
17132,167
64199,159
7906,25
17136,175
125580,175
16790,110
4423,9
163927,59
4622,8
137371,1
166747,144
111179,98
62110,201
148391,41
148390,55
64879,46
162401,10
122916,14
2163,27
6078,10
2615,15
176238,18
8493,64
160312,46
163926,175
64223,5
150761,83
66060,201
7343,59
19965,7
1906,2
10795,12
63291,1
64228,175
64690,5
10793,10
149738,3
120824,2
179003,147
176703,148
176701,9
13200,51
163685,31
163680,83
163681,148
112254,139
12338,42
135990,59
184961,201
138122,201
1414,6
27875,35
14960,34
27873,7
12096,1
112819,1
176963,168
163668,10
163669,35
62768,1
29082,37
24483,41
10247,12
9023,5
164155,34
30558,4
15267,10
5229,14
63166,175
176567,51
176565,83
144097,83
29710,25
143870,65
29241,51
11861,151
14815,83
179648,29
176361,1
176363,59
176362,19
138341,201
175490,7
8902,4
163594,83
163595,15
163596,38
179132,18
15142,47
178519,21
162958,201
29887,22
184035,83
238157,24
109926,40
162957,10
112721,151
14369,28
3062,19
7171,16
133724,201
180905,14
272699,10
2940,56
5357,33
62168,66
62169,29
31739,167
31738,31
174637,7
14401,131
174147,18
122266,14
112030,11
178608,28
133288,59
1690,31
112034,14
164664,76
178600,148
164661,78
164660,6
1279,65
118502,16
147750,29
30029,22
160785,5
12886,18
1274,131
123017,6
122380,7
178995,8
14563,7
14561,33
184101,50
8240,4
1794,10
178851,12
8247,10
8245,175
62016,26
174663,16
66268,39
165675,17
3734,9
162887,191
150049,2
63901,27
157955,167
29061,167
28590,3
31607,59
15363,174
23027,3
23753,8
31460,35
28919,83
8423,14
64341,123
22373,4
66000,46
1308,16
2596,11
144139,2
177953,11
136186,201
122917,20
62139,169
11300,18
4225,2
11302,8
185346,10
144135,33
184219,32
9125,10
30939,1
61662,24
5581,21
30932,167
12403,41
9831,51
12407,45
28629,46
9835,36
110732,63
121493,31
7759,11
23111,167
63058,175
7300,7
180698,201
7750,37
109699,148
139225,83
29300,175
61448,201
180272,6
17438,175
3937,3
61112,46
66484,167
163916,32
166402,3
8334,8
27780,46
157452,21
24430,56
175347,10
9904,83
61591,46
61596,7
127094,22
24660,1
156861,2
19817,81
24669,6
2593,10
5690,4
61061,42
5697,2
24463,13
24898,201
28139,55
61069,48
177882,37
177881,156
19209,7
25356,75
25357,41
60887,2
153668,35
64768,20
64766,59
64767,25
22797,2
1300,11
13963,1
119756,51
9324,28
110065,50
29086,201
117018,148
7912,83
25680,19
25681,4
7911,4
165993,64
23978,34
6669,17
4040,1
230796,1
6661,10
161966,101
177088,21
160580,47
22086,81
61285,4
65905,69
65904,59
10877,79
1602,201
16890,175
63621,41
25536,1
17239,32
65587,6
24800,57
2285,15
124198,30
64699,154
183838,2
13431,76
153793,201
183830,41
183833,45
124196,48
121817,18
121816,175
121815,9
11499,8
2577,21
11694,55
2573,51
10905,58
65345,68
282553,9
65343,9
1661,28
10903,70
10902,8
11455,25
11456,8
64163,36
11450,6
64165,1
64166,53
21237,50
2595,41
140902,8
140904,9
21232,13
64346,2
3594,74
13794,162
61839,38
10305,6
27913,13
27914,34
125595,48
21238,57
11315,7
10086,7
4430,83
13323,7
25224,8
30778,11
121257,49
13328,13
1878,17
179413,174
26015,59
12603,80
4941,18
118081,85
138205,62
29729,9
62501,58
12138,48
4321,12
2811,7
184689,167
184688,42
2111,56
184684,3
1559,22
122078,9
63281,48
160364,19
62378,20
2628,16
62374,7
63288,70
142956,8
1919,21
163939,50
149721,20
62575,163
5237,10
122674,20
176289,4
10016,1
121077,51
120816,17
184079,201
5831,16
2025,46
61408,84
10499,59
60846,59
62979,148
174355,7
163051,41
13700,2
10277,65
179586,175
163931,201
174077,48
163673,167
179583,36
14790,11
184996,4
14793,83
163679,59
163678,20
176914,38
10278,83
121673,24
184070,3
5210,27
125000,87
29246,167
163935,83
5218,19
14027,9
175157,83
163586,9
29278,196
63172,28
264265,201
24278,159
176594,201
21542,7
176592,21
176593,14
63178,109
29274,30
11872,17
176351,148
19431,10
112626,163
11877,10
112624,11
133726,38
175483,83
142088,175
176602,158
164471,27
179360,7
179361,148
112759,5
164293,174
164290,27
20217,83
29875,41
142460,11
65036,59
152008,201
126010,4
112754,201
11976,10
179690,48
176595,28
28408,5
19658,155
7106,29
7107,8
6865,41
14370,8
6867,83
271794,191
62123,148
176282,83
13800,38
62396,7
62391,36
28034,8
1045,12
143605,8
31720,43
166623,34
175739,9
62399,31
180109,148
178619,135
5109,41
1686,1
164612,160
164611,14
142260,22
30059,41
182827,1
184114,201
264713,8
8253,5
61589,68
111631,10
30055,175
1266,5
11051,24
8789,131
65713,119
183963,33
21593,89
62766,155
1913,9
136884,201
31616,50
3129,7
8867,36
3121,4
183480,2
178507,20
29052,56
137351,175
1468,5
174282,24
115404,41
183247,148
144727,27
1823,7
115077,21
8431,70
126318,24
156859,3
29837,201
137232,45
23768,5
23767,59
65365,40
31477,55
66016,10
28900,46
19057,175
24782,116
164408,9
12433,27
147639,12
15350,22
185370,50
165052,25
160571,41
160570,8
114370,59
122273,13
61610,5
160809,201
133949,32
5594,23
5597,7
162988,41
105936,31
133944,48
133945,46
115766,98
178767,35
110728,2
1013,36
183797,39
61439,32
61129,148
119474,22
61122,22
61121,4
61435,30
31418,33
66708,59
185289,201
66496,8
25376,114
181794,18
12304,2
166434,42
28397,27
166436,83
166433,19
4213,2
63876,14
24678,158
4127,19
4124,10
65009,83
62972,175
61725,29
6213,28
61055,114
6081,8
5680,16
65006,83
27786,83
31849,37
6386,2
62977,201
60894,10
2751,9
183932,1
1239,3
23945,201
23943,59
176256,163
23940,1
22144,10
185797,17
135004,2
177744,31
177745,27
113491,33
4052,83
163879,28
163878,13
163877,5
11514,16
11511,38
11513,175
4058,4
110387,19
65176,175
5978,7
177983,22
128098,27
6936,31
10860,66
65911,8
10867,28
150278,41
21828,41
150699,72
15709,8
116284,8
3619,7
2290,29
108645,83
19508,154
65399,9
25783,48
141198,22
25789,11
141197,201
25030,45
148249,27
5902,201
162338,20
29736,41
184569,81
114628,33
117861,9
162335,1
10916,175
10917,46
135044,59
24922,4
24925,10
7291,20
17115,50
8512,83
7923,20
2581,22
64404,31
14794,4
61544,17
64408,46
25972,3
1860,18
13353,58
28785,2
13354,17
4448,2
164585,17
166142,20
176169,3
145977,36
162584,45
4685,175
163118,7
4936,3
62897,1
1613,10
138747,201
163117,174
138741,77
138743,47
163113,8
64536,12
140821,9
154357,83
24810,83
25979,2
2101,6
29156,4
10005,1
160373,25
5116,6
63543,168
10002,11
160376,35
160378,148
122061,26
10008,2
176291,81
5256,4
9599,59
20791,83
20019,175
157153,18
64568,18
17069,86
176760,8
176762,175
185419,29
176764,32
176766,148
176768,39
146171,19
179027,30
163069,148
184785,8
162517,5
62967,18
62965,21
4844,83
4598,4
141178,57
4843,201
14908,36
179597,3
160657,148
155282,175
112295,139
179598,201
133424,201
29264,41
29265,16
174729,9
20570,1
5205,5
152109,8
14163,7
10345,9
29268,41
63383,19
121440,201
264270,201
29627,9
164571,17
179110,29
19932,175
28322,44
164266,201
62494,15
28323,46
25047,201
134026,73
183902,83
18533,92
176343,20
11842,167
11191,8
149618,148
108188,2
2960,44
176833,35
179378,20
164270,201
1783,3
30222,175
2968,175
30220,4
137611,7
62634,35
122536,8
7117,6
7116,5
24318,130
179686,201
176591,131
176070,78
17641,169
108740,9
176350,148
62382,201
163884,77
1078,37
1076,9
3643,175
1075,65
1072,21
62388,7
164609,199
179202,18
1678,72
30137,201
13003,8
28819,28
178371,56
30138,41
164607,18
164606,2
1094,9
175004,11
3806,7
175900,33
184167,89
30822,46
175903,30
8229,3
66393,57
264708,41
118525,175
148932,54
29151,12
65590,9
1050,7
178976,14
23291,99
14581,51
178973,2
14583,41
117145,18
178083,50
174053,70
178081,22
174507,201
160600,17
28027,201
20202,4
178089,17
20209,14
156933,9
31095,20
164046,15
2490,14
29517,60
183257,33
29040,34
175055,16
164296,17
28938,56
1327,59
133547,24
28930,14
9850,58
12421,32
137434,19
15343,10
137432,15
6900,8
12428,62
23577,38
5764,7
4201,37
5763,46
177975,9
8133,70
143526,2
61600,19
5568,13
175130,145
12788,8
137310,59
61608,100
5567,16
5560,13
177405,13
147101,4
1487,167
24912,7
28338,16
178798,83
1523,6
7733,58
178797,13
31099,12
63520,2
111629,43
26246,32
28806,201
66731,131
142462,22
126434,43
174876,10
61420,1
10618,2
6435,4
14489,16
8358,13
5408,42
4115,9
6730,201
162264,7
8350,10
24783,4
260778,56
8357,16
163891,27
177576,6
164116,2
19049,112
180183,138
122257,201
24447,102
7422,83
61739,32
178672,78
61737,59
27790,16
61735,13
61732,17
27794,57
181290,4
61557,17
25331,16
61552,42
25334,27
116526,59
65615,5
25338,41
183920,28
156618,175
65610,98
145080,40
29616,2
12635,15
28518,8
176369,3
31887,60
114748,17
31881,29
117035,148
117036,12
65290,46
4060,10
4066,7
23793,45
65921,13
11509,8
11506,83
182308,37
26013,77
5786,175
177996,41
65105,41
65106,154
120656,14
65108,15
5788,8
120301,18
127439,44
174313,175
3607,7
183812,18
63600,59
19538,175
63605,83
63971,5
17780,86
12189,3
16637,175
16188,22
157755,17
12181,201
25021,9
176017,201
182788,148
6115,15
6116,12
184576,16
184571,11
124046,41
10920,17
166197,148
64741,65
165880,82
109621,157
7309,83
3855,50
7281,9
64418,11
17106,175
7936,201
10894,45
64410,6
134384,56
13342,55
16989,175
4450,7
17694,175
65430,41
7974,56
118264,36
3735,10
118267,22
1891,3
16985,175
16456,44
2136,51
4690,175
162457,51
6737,13
148349,13
4699,175
163102,122
162459,83
154434,59
179741,53
11721,3
154439,1
6025,11
11729,43
121053,13
63551,175
155754,113
5165,15
6223,8
62823,7
160340,201
62826,201
138483,29
21499,23
62553,20
147908,16
17076,171
9216,3
21496,17
64254,6
17073,54
179782,83
3429,18
178610,34
20488,13
61494,16
4418,201
176022,201
120877,2
3424,33
2002,175
6335,15
184797,18
144436,20
6331,13
9698,14
2005,175
62954,147
6338,78
165124,3
184117,175
14170,7
62732,23
14172,175
62730,50
27886,175
10297,4
264391,14
27882,9
264397,1
264395,21
10453,59
10451,70
9555,16
29217,10
24040,201
3026,2
66059,3
175131,39
3556,2
31895,163
160293,148
10581,13
13169,13
178003,5
13163,6
8901,17
1706,8
11856,175
153813,46
10840,4
30219,6
157217,12
179303,7
137602,47
62602,34
6848,29
148169,201
17919,44
24302,201
24304,61
108753,19
6845,5
185518,15
107755,83
164633,154
5301,17
29453,62
183312,9
176247,7
13013,60
13011,56
106418,74
157635,59
176939,12
147349,16
176249,27
175913,76
30674,201
157855,48
30671,7
1082,6
30857,165
136646,8
161088,201
156857,201
4322,3
14828,131
18049,123
133432,48
12091,95
3144,10
2829,34
1526,47
14597,201
14592,28
14590,13
31673,32
178097,201
7632,35
17861,169
7636,8
7637,168
109599,175
112774,30
142337,83
1408,4
9699,3
164708,46
142339,76
5792,5
28152,114
13906,1
164407,3
183446,56
183526,4
16582,18
9083,111
185318,20
154714,147
176782,12
6932,78
177601,13
8699,9
9846,69
8694,51
9849,9
8123,4
147657,12
8692,7
166491,3
61635,43
178896,1
66654,150
3093,10
126555,43
126554,27
1533,2
29143,14
114829,163
25870,10
174401,167
28490,169
25874,83
25877,84
136265,163
174049,3
66728,51
180083,13
61380,35
23898,59
22542,1
22543,27
126423,55
183324,148
61388,57
62984,13
2352,16
8348,30
17341,30
177697,8
63645,201
11228,31
140023,201
4108,7
9728,13
25895,172
11220,49
12568,2
160913,39
160912,12
15240,15
31674,16
3639,19
15247,49
181931,8
28924,41
174317,50
66032,59
25906,194
174312,83
5903,46
174310,7
61703,181
183684,21
180402,19
180405,15
3897,59
106589,201
61562,52
109919,7
16531,3
61567,17
117020,175
65607,10
144640,6
3465,5
166562,43
166563,54
64848,1
12621,20
6617,3
166564,83
12625,20
166569,201
62626,74
7277,83
65930,178
185138,10
11538,27
65286,57
5860,19
282189,83
65937,2
5959,4
13765,5
4077,1
11537,4
148223,16
11535,22
4072,41
154758,7
61140,201
3964,41
65739,59
3962,4
165728,22
5791,14
177216,79
145024,37
180249,3
60942,12
154755,131
165723,159
61418,1
7152,13
63986,13
7279,23
266316,201
165943,190
31574,16
5087,1
175127,148
3107,28
148221,8
183945,201
61899,201
10498,7
148224,41
117115,5
151928,13
162076,5
15364,154
266257,62
22059,20
179605,165
148469,46
2342,23
140759,57
166366,10
6104,7
119414,148
20109,175
6100,49
10938,62
63290,37
124038,44
140979,51
63700,201
25274,15
155133,16
63708,9
9445,58
117026,148
161869,11
3708,26
150720,2
65421,17
7959,11
61685,28
4462,3
3707,17
4460,18
17101,201
25241,13
13579,47
6109,59
4918,20
162449,12
162448,28
148350,8
4911,27
162283,28
12756,7
5750,11
64088,23
17269,175
24878,86
13235,139
184542,199
166705,95
10063,175
21487,8
105670,89
9203,12
5179,4
147638,31
62549,20
3416,20
165053,22
176973,36
64061,24
182309,201
3410,46
182307,39
165051,8
21374,175
10000,9
146354,126
65944,201
176035,57
149177,18
15293,35
62948,76
6326,14
30234,83
8333,69
2019,175
144998,20
65609,20
12171,21
135484,32
4860,4
162064,11
4864,11
25711,16
151403,41
113362,46
163629,36
10286,24
14108,57
179577,5
118046,122
264385,138
15197,175
264387,117
112410,175
17715,125
9664,25
29206,20
125360,49
10115,26
25495,69
10443,9
21776,201
21777,137
148770,83
7447,45
10839,1
63123,20
160282,4
176639,10
25719,175
4485,79
1439,15
10597,9
149082,45
5379,18
8972,19
176325,1
29099,45
15199,98
112168,61
17908,175
7138,17
260737,2
122519,15
7017,83
163889,193
175741,83
122515,169
14616,20
179974,29
157353,34
29448,148
29449,10
178310,44
142230,83
29211,112
164624,9
5313,2
178319,83
29332,27
2856,51
29446,175
176255,19
8807,58
176251,26
176928,13
30443,12
30666,1
15521,38
133885,201
179957,14
184149,13
31242,155
147792,148
142546,2
109366,61
176118,43
133888,48
3153,13
12992,2
121713,175
3157,52
7620,62
126772,2
112095,59
28795,201
3158,56
185926,8
25950,36
28791,58
30461,175
180833,5
176572,41
3399,6
64162,36
30463,15
122355,23
62057,19
62055,77
30205,18
29028,35
136725,91
129469,50
129466,201
19807,1
164258,5
122263,24
147660,19
147661,41
66285,175
23553,89
66288,175
18110,175
65540,10
15414,86
8113,83
15417,41
13375,32
23084,37
111103,1
184899,24
18307,169
8823,24
5543,43
180658,28
111864,42
13125,45
29150,41
8599,11
175674,37
180652,2
3082,175
111819,175
61398,59
61399,173
65050,175
22207,6
22205,28
29870,8
8577,11
7124,12
184321,65
14359,83
165394,19
5899,4
11234,4
8579,25
2124,53
28176,3
12578,3
139201,148
61712,34
15252,7
15253,8
12576,28
161055,38
12575,3
28775,14
140905,83
25915,19
129840,8
13128,8
5878,9
7401,3
2080,16
117902,18
117903,33
25318,44
18040,175
183903,52
22447,83
116503,27
25312,6
65630,29
25314,17
182491,1
61572,57
13570,5
266160,51
163822,42
166583,13
178529,78
12615,11
2831,3
119714,46
185128,17
161048,34
4001,3
2812,7
9919,4
13714,18
3971,20
61153,5
60979,3
24731,46
61406,57
61407,7
155616,7
19428,175
31276,175
177206,62
9899,33
182701,46
65706,37
25007,2
65703,3
65702,3
120456,46
141240,35
183879,201
165979,1
3622,22
157862,9
1254,8
141363,49
148219,201
184551,59
164075,16
18329,175
149318,10
13623,32
2337,6
17184,84
6130,57
156153,59
161897,4
140761,2
64082,96
64891,33
64720,7
64896,5
25481,175
140565,102
16477,9
9472,10
2574,23
151606,168
29984,41
2710,4
162384,3
16478,83
65413,52
116894,175
141496,201
65417,26
184884,201
61976,201
176135,201
62723,24
4477,7
4476,59
6003,59
4678,175
4900,36
118042,175
4674,175
13562,56
6008,59
14311,3
7437,72
28641,4
153191,4
24844,13
162272,74
63959,5
162497,201
9273,13
64275,7
24197,27
5149,41
10056,9
8810,58
5142,6
124775,13
266163,41
156617,201
160163,1
29612,20
180466,5
63000,6
135844,14
61726,28
12389,12
7435,4
177731,1
28460,52
10349,4
150306,159
166005,148
12142,48
13498,9
12140,69
10615,59
10614,30
152809,4
8530,194
2061,33
64389,8
3413,58
6034,1
7161,2
64063,50
62288,201
133366,115
133367,2
163633,148
4926,9
125358,48
6136,5
113371,11
175689,3
175688,42
7228,32
166435,201
10121,131
175686,11
9302,11
10124,1
164432,16
2820,3
63138,6
10692,13
29359,47
133767,27
133764,147
157057,131
133768,98
133769,51
3570,27
63135,163
4497,11
162127,35
4494,16
2663,12
13380,41
13381,41
63405,201
7241,24
4498,1
6821,8
120794,83
2938,41
17266,111
6829,23
176861,201
176867,7
133504,63
108778,3
5327,19
16845,175
174648,201
10540,8
179417,7
14606,32
66599,31
11896,175
174647,128
10549,4
14603,201
62667,41
62666,29
20204,30
175404,8
178304,1
65718,6
22306,175
10757,75
115757,1
29304,35
14282,48
14934,83
4881,8
12379,6
176268,46
18276,175
133166,72
30477,8
164543,83
13032,20
8219,38
8079,18
30651,10
164365,148
178943,59
3969,59
179437,26
179438,201
8210,9
8213,7
29946,87
8215,10
11099,21
109826,23
164369,48
274165,8
24216,2
12726,130
7658,3
12964,7
24219,42
2807,24
162876,13
28018,41
139665,61
29015,33
62266,44
7092,24
3369,27
62263,201
63490,38
66602,3
5439,7
28543,26
3362,13
31203,12
29830,8
10658,2
126417,57
63495,9
136864,102
178545,175
13962,34
9815,10
109683,175
163977,25
4242,50
4279,20
183421,35
66290,3
1356,3
126615,48
61489,32
163975,7
163946,54
5559,4
9867,63
180646,7
163587,11
25852,85
28303,38
3502,3
174428,88
11811,32
25859,48
146500,26
66630,14
176637,148
30098,8
29164,46
8582,7
61163,42
185229,8
110802,1
8363,46
145308,3
144520,22
264388,5
114484,25
9063,6
12815,19
185209,148
12545,5
12544,10
179441,79
120297,39
15261,167
12540,48
29312,201
5888,64
12818,121
180423,13
150277,83
61763,21
123016,41
15060,74
61766,2
165411,175
30899,2
25923,7
25922,4
28940,13
28762,24
145416,137
25929,7
24436,14
22325,59
110382,46
155738,4
165854,77
130298,2
160961,7
19094,175
147579,26
160592,15
25676,24
163627,13
110039,59
11550,58
18654,1
11555,58
11554,20
185112,59
23450,175
8402,4
185119,16
1440,61
141982,83
9667,1
60800,18
165702,11
25396,16
177780,27
161067,28
177782,48
154739,104
4016,33
11399,43
160598,3
30277,41
19433,49
7506,59
24725,32
9882,12
24720,7
65133,168
3980,17
7509,8
65710,41
65247,10
65244,36
14418,12
65717,48
25079,12
13432,83
120444,14
10386,3
3612,2
61181,121
184527,5
64344,12
127481,201
25130,20
61188,22
30727,22
13634,3
30576,49
13630,10
23852,4
2328,33
157414,201
20779,55
10441,3
117862,5
177654,48
157415,9
177300,147
177650,50
177303,10
64867,33
117868,175
9916,2
3761,58
16889,175
161844,10
127455,85
148772,5
177429,1
64102,13
63725,175
63724,16
63723,175
162129,28
9465,16
166363,83
25320,37
7257,201
25108,41
138707,59
66354,47
61984,4
65406,19
156578,24
15520,1
7251,57
106853,113
142953,12
174449,140
117260,43
4640,175
3662,18
2497,9
4645,5
3243,38
109580,28
116791,119
63927,27
63120,50
253527,201
11770,138
17245,167
24853,186
61483,79
24856,201
17240,175
4093,58
62525,201
121080,14
175510,83
10735,20
162489,175
143974,5
7875,4
185453,44
28295,1
24795,5
63030,194
185921,6
2787,12
17180,71
2783,58
4807,8
4809,13
12395,28
12392,12
64915,47
9466,11
26012,7
6308,13
26011,47
6304,59
6307,32
10609,7
128663,144
22612,36
10380,7
140736,43
62290,3
152149,31
179082,57
162733,48
162732,201
176781,52
63454,43
63456,3
121153,51
27981,41
27980,1
9317,42
10420,43
21595,96
10426,13
10598,4
27988,201
112366,32
132525,50
164422,9
180597,4
112362,175
7275,7
176659,72
176658,39
22861,24
141359,7
3504,98
3505,4
8958,2
155280,12
8551,33
11672,41
162644,5
157954,201
185584,13
148552,201
6831,28
6830,10
122514,12
6836,3
176873,7
14386,19
113419,25
14639,37
14150,8
62689,54
112968,10
10550,152
65896,6
125237,17
5338,8
125234,96
174656,83
1682,58
65350,6
1632,59
175271,83
1634,12
1635,31
121717,16
121718,57
30260,1
3218,1
11584,19
1988,2
20548,82
61095,11
8826,11
163601,41
13041,175
176275,163
147312,148
178684,83
29011,12
2817,5
18732,140
30649,33
17982,63
111064,27
15092,27
29955,201
30312,12
2818,41
30310,3
14256,59
7647,139
14253,175
14252,24
3170,3
24225,21
7648,11
12972,28
119275,46
5639,2
122175,48
164086,28
7085,5
122172,32
20245,201
123097,19
29791,59
137874,18
66286,175
175654,2
166591,201
175308,201
6461,41
179889,148
178201,29
29829,32
1743,20
6497,7
178063,43
140030,56
1161,59
8176,20
184225,82
160329,43
144009,16
175607,154
66515,82
4241,65
5520,7
5523,25
30888,175
178848,23
178846,8
178847,201
160706,35
160417,37
7295,1
14412,1
24539,32
24538,4
14417,36
25845,1
180635,45
24533,44
28378,7
126296,8
11178,23
7922,41
178443,3
5742,83
31037,21
31224,13
31227,7
178113,9
126056,19
111662,41
1562,21
30082,175
144066,18
29173,74
11257,45
2990,201
5250,16
27199,38
12804,1
181904,36
15274,83
1659,20
65899,43
25935,3
12559,9
8007,175
16453,10
8001,81
13824,18
6547,50
165179,5
24405,37
25937,201
6543,7
5254,3
16836,175
28195,17
28194,10
63232,164
28191,9
160415,17
160416,49
143283,5
136804,84
28209,201
8486,4
25279,50
7849,58
28206,59
180636,9
1864,10
