180167,7
61519,6
19713,7
61513,7
4418,8
22461,8
180169,7
4448,7
177795,7
13733,8
165284,7
111537,7
111534,8
28998,8
166555,8
4029,7
60911,7
177226,8
177225,8
177224,9
60914,7
197855,7
5980,7
161071,8
5987,7
132644,8
177228,8
61179,8
24710,8
19159,7
160891,8
160892,7
160893,8
19150,8
127475,7
19152,7
16671,7
65270,8
277918,8
165912,7
150179,8
25069,7
165914,7
142814,8
22008,7
149337,8
61192,8
142811,7
142812,8
6158,9
12708,7
164086,8
13602,8
23450,8
4737,7
6791,7
118126,8
118125,7
2312,8
118121,8
64708,8
25665,8
65876,8
177640,7
177315,8
177314,7
165358,7
140541,7
166482,9
166485,8
120051,8
23220,8
63739,7
119316,8
161853,8
161852,7
22717,7
119314,8
138743,8
25119,7
16705,8
179957,8
65474,8
25110,7
166733,8
6194,7
140897,7
141236,8
9919,8
6196,7
111532,7
63930,7
2269,7
63936,8
116787,8
19570,7
7881,8
63938,8
7882,7
162254,7
177227,8
20747,8
124599,7
17035,7
9258,8
139804,8
2448,8
63847,7
7866,8
176066,8
23697,6
176068,7
24888,7
8092,8
138608,8
178958,8
2044,8
146659,7
138601,8
148414,7
4818,8
163036,8
148410,8
2049,7
9411,7
26021,7
124355,8
166028,8
6370,8
28410,7
12123,6
124358,8
12124,7
10631,7
7620,7
10411,7
162742,7
11944,7
105538,7
63447,7
175465,7
163927,8
121142,7
160256,8
160375,8
161072,8
9324,7
135965,8
176781,8
16926,8
9346,8
8947,7
163720,8
164416,8
160376,7
157074,7
7260,8
12234,8
63596,7
12236,8
28791,7
12233,8
125533,6
139025,7
180958,8
146017,8
14624,7
62646,7
14626,8
175688,7
61077,8
179186,7
14623,8
3851,8
66300,8
152049,7
10567,8
10565,8
125240,7
145729,7
3394,7
176268,7
175263,8
1995,7
10096,7
30416,8
178327,9
182112,8
163610,8
8838,7
138466,8
138467,7
147303,8
147307,8
147305,8
8832,9
61206,8
164342,8
30328,7
138861,7
5835,7
174077,8
30637,7
29964,10
28564,7
61205,8
62088,8
28563,8
12942,7
24232,7
24233,7
24234,8
9225,9
151632,7
62243,7
183228,9
62245,7
3342,8
175084,8
123495,8
157493,8
175083,8
13189,7
137641,8
16679,7
137642,8
175319,7
135788,7
30259,7
175646,8
156383,7
156384,7
29762,8
1177,7
8162,8
1173,8
30740,7
157921,7
13940,8
165699,6
31122,8
31692,7
23500,7
160719,8
5530,7
178855,8
5539,8
162925,7
147453,8
178850,8
147451,8
151708,7
11169,9
66438,7
14401,7
14403,7
29108,7
178453,7
29433,7
8762,7
29101,7
7183,8
7185,7
7186,7
66164,7
183714,9
66161,7
8387,7
8386,8
61693,8
127644,8
13839,8
12874,8
8549,7
8017,7
61408,7
65884,7
23616,8
65886,7
8542,7
6573,7
6574,7
12212,8
155133,8
61745,8
27760,8
28180,7
130762,7
8493,7
144435,7
7696,7
144437,8
7691,7
126601,9
29612,7
28216,7
23291,8
28967,7
3835,7
65084,8
63866,8
3833,7
4973,7
10884,7
155394,8
155393,7
4036,7
60902,8
60900,7
177256,8
177257,8
177255,7
161040,8
18732,7
11376,7
11371,8
11372,8
179925,8
24708,7
141178,7
7525,7
5667,7
160888,8
19361,7
25056,8
16668,7
25726,8
30861,7
12711,8
141339,8
5526,8
12719,8
16957,8
6781,7
23877,7
13619,8
64383,8
6788,7
164432,8
4723,7
65643,8
65640,7
120048,7
177674,7
5841,8
177677,8
4340,8
64844,7
120557,7
165832,8
21118,7
124615,8
177108,8
177109,7
6461,7
148313,7
16716,7
25430,7
16714,7
25434,6
16710,8
25124,6
10466,7
2271,7
2270,8
155174,7
10801,7
120134,7
120359,7
120358,8
166230,8
9248,7
65467,7
11017,6
63057,8
9538,7
141846,8
141847,8
9242,7
174393,8
176070,7
153128,7
65515,7
138613,8
174390,8
13289,7
13288,8
17534,7
24890,7
64027,8
158414,7
176595,7
180658,7
2052,8
146648,8
4826,8
61839,7
13440,7
13443,8
175307,7
7980,8
7982,8
64930,7
26038,8
7985,8
64934,8
26037,8
12136,8
24096,7
10156,7
10405,7
62472,8
10407,8
4740,7
10159,8
24099,7
122778,7
10390,8
64334,8
124434,7
147849,8
27965,8
164506,7
63479,7
27960,7
149683,8
164408,7
19431,7
1979,8
14898,8
176670,8
164407,7
148469,7
14891,7
164404,10
3594,7
63876,8
63874,7
6213,7
62870,8
15708,8
14650,8
160416,7
176999,8
62654,8
62655,7
179621,6
163893,8
62897,8
62895,8
21427,8
3231,7
1968,8
164572,7
164571,8
3238,7
175523,8
1611,8
61398,7
179534,7
2999,7
12956,7
2870,7
119217,8
142748,8
13782,7
160661,7
27816,8
160667,8
27810,8
122394,8
160668,7
3358,8
164756,7
122159,8
174236,8
7067,7
5442,9
7065,7
62257,9
7063,6
13174,8
264507,8
264506,8
179067,8
147204,7
30539,7
30536,9
147208,7
29804,7
11687,7
264509,7
30247,8
12482,8
6963,7
12485,7
15459,7
132482,8
8151,7
178868,8
179843,7
120444,7
61586,7
178862,7
178863,6
178865,8
178866,8
24396,8
1545,7
176833,7
160417,7
179378,8
11115,8
14477,7
8579,7
66379,8
11440,7
8716,7
144640,8
29112,7
66371,8
148950,8
31751,8
11446,7
109186,8
31576,8
65482,7
66155,7
127383,9
66158,7
61685,8
8539,7
27776,7
160471,8
12828,8
160474,8
137130,7
12824,8
12825,7
160479,7
7883,8
2290,7
15291,7
151403,8
61759,8
66085,7
7447,7
6565,8
105670,7
28206,8
29607,7
7685,9
122536,8
7682,8
1257,7
25950,7
1380,7
1382,8
29609,7
9155,7
160989,7
3820,8
119173,8
65072,8
161056,8
161055,7
8440,7
137024,7
109079,7
11566,7
13990,7
2444,7
175092,7
160505,8
115876,7
160503,8
60931,7
11361,8
61356,8
61350,7
63422,7
62516,7
126496,8
7409,7
28648,7
24776,7
65218,8
9899,7
61229,8
19355,7
19605,7
25737,7
10187,7
16650,8
65180,8
4759,7
64857,8
64850,8
64851,7
64853,8
6774,8
10984,7
140529,8
10981,6
10983,8
117901,7
5870,7
25918,9
65676,8
60801,8
11291,7
11296,7
9969,8
65671,7
16955,7
65325,7
177111,8
16956,7
177112,8
154056,7
25234,7
64102,7
64103,7
65459,9
164557,8
158563,8
17131,7
120093,7
13526,6
260779,7
19911,7
16721,7
162233,9
149268,7
64584,8
135165,10
11748,7
7904,7
165934,8
63919,7
11584,7
161909,7
28195,7
11580,8
16929,7
166593,7
61576,7
166591,8
179084,8
25313,9
141859,7
6008,8
138662,8
16836,7
65521,8
10867,6
65527,7
16832,8
260893,8
63687,7
153130,7
64030,7
16838,7
4839,8
6357,8
16790,7
162584,7
162585,8
4523,7
13453,7
7346,8
7993,7
7991,8
64929,8
162349,8
139225,7
64925,8
11636,7
140983,8
26045,8
26044,8
9340,7
9614,7
162560,8
9611,7
6742,7
9619,8
13184,8
64327,8
135784,8
3532,7
63468,7
175404,7
22815,8
160272,8
63467,7
5050,8
20653,7
63462,7
6379,7
7203,8
116104,7
7205,8
162699,7
63863,7
12216,8
12215,8
165845,7
162160,8
181904,7
160183,8
160181,8
18549,8
17072,7
178015,7
64901,9
264708,7
4476,8
9761,7
14084,7
162404,8
62317,8
122015,8
10504,7
62313,8
13071,8
24171,7
179298,8
179299,8
7331,7
5518,7
1976,8
9299,7
3221,7
176229,8
175533,7
6375,7
147988,9
8858,8
122915,7
179058,8
4001,7
138402,7
133328,7
8850,7
30185,8
123720,7
12926,6
2845,7
14418,8
178672,7
5475,8
14269,7
10213,8
14260,7
1259,8
156633,8
149477,8
1773,6
136825,7
108449,7
62224,8
178973,9
2697,7
112111,9
112112,7
24731,7
8148,7
23079,8
8638,7
6994,8
6995,7
61155,8
8633,8
61418,8
178878,8
30293,7
162909,8
178081,8
18361,7
24547,8
61409,8
30298,7
15111,7
184040,7
162906,8
106418,7
28349,7
66366,7
1554,7
183554,8
183555,8
28340,8
2991,7
3036,7
66368,8
111819,7
29129,8
28347,7
29901,10
174119,8
23195,7
30614,10
179470,8
30612,8
31748,8
64741,7
31744,8
31214,8
31743,8
178704,7
31564,8
178706,7
8031,7
126718,7
178703,7
65706,8
163983,7
118795,7
27997,8
163987,7
144567,7
25896,6
9999,8
17724,7
12589,8
177871,8
25895,7
178493,8
178492,8
12850,7
12581,8
31587,7
12855,9
5608,8
174118,8
160255,8
11032,8
29900,7
66098,7
25860,7
15092,7
151161,7
15027,7
161120,7
111961,7
111965,8
29634,8
1397,9
151364,8
9325,7
1393,8
1974,8
183606,7
3813,7
127282,7
3622,7
22650,7
183603,7
3814,7
160991,7
110566,8
180150,8
23253,7
23252,7
8455,7
29517,8
109084,7
23700,8
30964,8
15337,8
13988,7
176701,8
165742,8
13200,8
12459,7
165746,9
174115,7
61321,8
7549,7
61325,7
31368,8
160867,7
65872,8
178073,8
31567,9
16641,8
16643,7
164411,8
31242,7
154595,7
130305,8
66148,7
8030,7
64821,7
31560,8
166458,7
10999,7
23810,8
114421,8
166451,8
24617,7
142460,7
24610,8
111491,7
180395,8
150562,7
25633,8
25632,7
5862,7
25140,7
177124,7
177125,8
177127,8
65448,7
64132,8
21132,8
64130,7
64135,7
22729,8
4608,7
2184,7
4605,7
19907,7
25389,6
13510,7
177872,8
158354,8
178494,8
137434,7
5606,8
153728,8
165924,8
137611,8
64626,7
140194,7
121974,7
6130,8
5600,7
64554,8
124254,8
64004,7
64550,8
64552,8
6136,7
15347,8
2436,7
2435,6
29511,7
16821,7
116772,8
16824,7
3761,7
63676,8
65532,7
61811,8
14622,8
61815,8
6346,7
4510,7
6809,7
141460,8
4517,7
141462,8
11649,7
6185,9
119493,7
162355,7
17195,7
64480,7
11644,8
64485,8
141913,8
164075,8
162576,8
9355,8
9359,7
5284,8
64356,8
25964,7
164255,7
22829,7
21241,8
5047,9
5046,8
10374,7
63415,7
63417,8
63789,7
3785,8
63781,7
16910,7
163771,8
163772,8
6239,7
10777,8
4990,6
63895,8
12206,8
141001,7
162175,9
160742,7
63892,8
25929,8
125274,7
29359,7
63527,7
10519,8
63520,8
9774,7
9777,7
29353,7
9771,8
121759,8
9772,8
175509,7
116004,8
182387,8
9289,8
106073,7
176235,7
182383,8
9284,6
176239,7
7309,7
63099,8
1526,7
11910,8
162770,8
146119,7
11914,8
146114,8
65703,9
2859,7
264418,7
30198,7
264414,8
180679,8
24157,7
2856,7
14219,7
2295,7
3336,8
10200,8
108693,8
3203,8
26015,8
16478,7
175342,10
29755,7
10195,8
1704,8
175347,8
10190,7
174744,7
14182,8
62236,8
10198,8
14186,7
15855,8
112101,7
111629,8
10056,7
29282,7
25462,8
176524,8
176523,8
174637,8
178803,8
178800,8
178806,7
146607,8
178805,8
30990,7
1121,7
8606,7
8605,7
14324,8
24893,8
106404,7
25880,8
25882,8
4579,7
15106,7
30281,7
15101,7
29131,8
66313,7
28408,9
24379,7
24378,8
3028,9
3650,8
3024,7
2986,7
126136,8
157354,8
29910,7
183380,8
137230,8
115077,7
30354,6
160990,7
8734,7
144998,7
31775,8
1013,8
1234,8
8515,7
1230,8
65413,8
4199,7
178738,8
126721,8
4194,8
12598,7
4193,7
175966,8
5671,7
137874,8
12840,7
4351,7
4352,7
28717,8
8457,7
31483,8
145977,7
31489,7
31488,7
31170,7
174567,8
148170,8
113490,8
23062,7
139665,8
111976,7
24283,7
179132,8
29621,7
24287,8
163887,7
144375,8
183612,8
62797,8
3807,8
3806,8
8463,7
143689,8
11340,7
64979,8
11343,7
136306,8
23714,8
13561,7
111779,7
110685,8
108306,7
6435,7
12445,8
6433,8
5709,7
12441,8
8199,7
177267,8
177264,7
110179,7
61338,7
140033,7
176874,7
31392,7
15709,7
177284,8
177287,8
156953,7
180231,7
165798,8
11462,7
177288,7
13646,8
166689,8
28866,8
4771,7
182701,7
137704,8
165640,9
23809,7
166449,8
3062,7
162272,7
165649,7
62967,8
65838,8
24620,8
65831,7
19024,7
25623,8
30857,8
25627,7
154039,8
24978,10
25405,8
25406,7
16748,7
24975,8
17341,7
12053,8
145024,8
16582,7
141277,8
4611,6
141278,8
158587,7
13505,7
161927,7
28769,7
161924,8
160207,7
12691,8
166200,7
161997,8
151630,8
2222,7
2220,7
166208,8
162557,7
65235,8
24440,7
165264,7
12945,7
10832,7
64630,8
177739,7
25719,7
64637,8
64547,7
30463,7
61739,7
66697,8
63927,7
18241,7
64549,7
65548,7
19807,8
25579,8
4503,7
61737,7
63667,8
25570,7
25572,8
7824,7
26067,8
166061,7
124394,8
25088,8
26061,7
117161,8
61732,7
2080,7
16698,7
2086,7
26069,7
161813,7
2538,7
25216,8
66029,7
161814,9
64942,8
148932,7
2536,8
11657,7
153028,7
160213,8
141497,8
160211,7
160216,8
174147,7
107446,8
11178,7
105574,8
6437,8
8987,8
175949,8
7951,7
149070,8
64304,7
5073,8
64306,7
5071,7
10345,7
175424,8
63798,8
63799,7
1837,7
63928,8
63790,8
2154,7
113533,8
122921,8
2150,7
260758,7
4145,8
4988,8
6242,8
12277,8
10740,9
20904,7
25339,8
164668,7
62686,9
15350,7
63244,7
63531,8
152249,7
62330,7
122034,8
30255,7
63538,8
25180,8
8873,7
63083,8
63080,8
3243,8
164663,7
24113,7
29968,8
3246,8
64223,7
11903,7
212340,8
179739,7
164660,7
179077,7
179253,7
12909,7
15446,8
179258,8
30161,8
112007,8
179700,7
62755,7
9016,8
62204,7
7034,7
10236,6
10235,6
20297,7
5496,7
22861,7
5492,8
27823,8
5252,7
1712,8
5250,6
29722,8
5256,7
21429,7
21503,7
12142,8
14192,7
117034,8
63337,8
157218,7
12141,8
156614,8
176558,8
12140,7
3157,8
176556,9
10614,7
178811,7
111169,9
184064,7
178814,8
30701,8
183283,8
152809,7
137310,8
179818,8
179819,8
11124,8
2061,7
64302,8
179817,7
144135,8
7781,8
31764,7
122211,7
122212,8
66301,9
30640,7
7146,6
6768,7
24363,8
29382,7
164652,8
29386,8
147340,8
29435,8
183377,8
29389,7
1004,7
175995,8
114880,7
163049,8
30016,7
28388,9
183593,7
28380,8
110760,8
4186,8
30384,7
6534,7
160448,8
6532,8
109318,8
147708,8
165123,9
10991,9
160447,8
175978,8
4341,9
118577,7
180711,8
28704,7
113270,8
2884,7
14535,8
2888,7
133871,8
25980,8
11012,6
177996,7
8611,7
66239,8
26022,8
24293,8
66235,7
22632,8
62016,8
61019,7
66050,8
145701,7
5783,7
144383,8
66059,9
30067,7
26520,8
8479,7
8475,6
161000,7
7566,7
12472,8
12471,6
150838,7
24747,7
177921,8
150837,7
12478,8
177924,7
177925,8
61490,8
126734,8
28678,8
66268,7
61655,8
28675,7
61656,8
145367,8
61302,7
31381,8
127177,8
24980,8
25062,7
165785,8
180228,6
11161,7
28877,7
13657,8
65444,7
11482,7
165653,9
165652,7
120774,8
163948,7
163946,7
121257,8
140043,7
65045,8
9715,8
65042,8
9954,8
4321,7
10124,8
178779,8
146137,7
64794,7
25167,7
25166,8
120513,8
65317,8
13142,7
181269,7
66610,8
12046,7
21136,7
32280,7
16597,7
166789,10
141240,8
161952,7
161953,8
174135,7
157058,8
12689,8
11796,8
2237,7
65220,7
176760,7
65226,8
65228,8
133768,7
65958,7
12189,7
23753,7
3497,8
20847,6
3570,7
25509,7
31460,7
120193,8
13406,7
65552,8
65553,8
63651,7
63650,8
65556,7
65554,8
26071,7
148281,7
16188,8
16689,8
120301,8
61871,7
61870,8
30651,7
16681,8
11669,7
11465,6
24965,7
4494,6
4600,8
64156,8
4601,8
175835,8
2663,7
134932,8
27920,8
121136,7
27925,8
160204,8
162559,7
10353,8
17795,7
27928,8
135425,7
9372,8
62922,7
4885,8
62921,7
17151,7
17150,8
102696,8
158743,7
158742,8
9171,6
10685,8
31193,9
25186,7
25181,7
4409,8
61903,8
177953,8
1823,7
10553,8
6115,8
12262,7
105365,8
12266,7
10757,7
10530,7
112410,7
30720,8
5395,7
13554,7
122841,8
2807,7
11805,8
157117,7
63501,7
3275,8
160338,7
1926,7
11301,7
24856,8
125054,8
160331,8
3278,8
157118,7
7368,7
179065,8
124046,7
116029,7
7366,7
8543,7
176863,8
176725,8
176726,7
11930,8
112876,7
30175,8
161798,8
179249,8
22053,8
266315,8
161797,8
133468,7
30170,7
12915,8
66149,8
7022,7
62213,8
62217,8
3310,8
10221,7
20029,8
29733,7
166213,8
9393,8
1728,6
142382,7
5581,8
1722,6
180822,8
180821,8
4383,7
179662,8
15331,8
179666,8
112473,10
176540,7
62698,7
175163,8
138321,7
147175,7
178538,8
178539,7
115121,7
30710,8
270989,9
30714,8
178531,8
7799,6
174490,8
3007,7
138921,8
24795,9
14304,8
14309,7
66504,7
174647,7
174169,7
24352,8
126036,8
24350,7
183388,7
143356,7
1585,7
140044,8
143357,8
153813,7
142251,8
29930,8
111000,8
29934,8
164648,8
29392,7
28749,8
30006,7
30007,7
1210,8
177487,8
183581,9
29613,7
66681,7
143892,8
12868,7
24291,7
145552,8
143421,8
8060,9
6522,7
7481,7
132518,8
6529,8
24032,6
8266,8
150937,8
163933,8
30398,8
30399,8
133869,8
133868,7
174389,8
29734,9
11060,7
11065,9
133866,7
23002,7
29649,7
23006,6
156155,7
156156,8
156157,7
17694,7
17890,7
25946,7
29647,7
174541,8
66061,8
114524,8
129823,7
66065,9
4087,8
3863,9
144396,8
66592,9
160541,8
66597,7
176899,7
177930,8
161013,7
66599,8
160549,8
23226,8
3735,7
23224,8
161014,8
177446,8
118267,7
160781,8
19137,7
9815,6
160838,7
6416,8
30950,8
6410,7
9812,7
61487,7
28608,8
27828,8
7772,8
66446,7
61646,8
144559,7
16456,8
144809,7
2136,7
65148,7
29955,7
60992,8
65142,8
117768,8
30473,8
62465,8
166460,8
133166,7
4926,7
8087,9
4156,8
11259,6
60846,7
163930,7
140073,8
11094,8
163935,7
61004,8
162127,7
65036,8
160498,8
9921,7
9922,8
165465,8
28119,8
180109,8
19262,7
162459,7
64784,7
22772,8
22543,7
65491,8
25173,7
65365,8
164364,8
145049,7
25376,7
12075,8
145041,7
145046,8
119574,8
31849,6
161942,7
6649,7
31843,8
31846,7
10813,8
5903,7
165209,8
65967,8
10816,7
25774,8
150481,7
19318,8
161048,8
110164,7
64568,8
106261,8
63643,7
24825,7
12559,8
23812,7
65569,7
8214,7
65765,7
17197,8
61900,8
4560,7
109826,8
3647,7
148476,7
29942,7
3643,7
11670,7
117141,7
117142,8
2504,8
117145,8
2556,7
28460,8
2558,7
165844,8
12788,8
165846,7
24912,7
2393,7
2390,7
18358,7
12785,7
141384,9
27932,7
62919,7
27936,7
27937,7
63551,7
5018,9
2771,7
27938,7
160232,8
160233,8
2802,7
24021,7
17148,7
25201,7
7974,6
64360,8
7970,7
64365,7
16785,8
12256,8
116387,8
176237,8
16781,7
12252,8
12250,8
176404,7
4415,9
118223,8
6268,8
21186,8
119594,8
6066,7
125601,8
2176,8
125604,8
17095,7
7526,8
62723,8
122902,8
5432,8
14828,7
24463,7
174160,8
14822,7
14820,7
113269,8
14824,7
160341,7
61574,7
4903,6
175575,7
62592,8
20109,7
10035,7
5125,7
10789,9
63511,8
64218,8
3465,7
120835,7
179017,8
25079,8
8898,7
62262,8
8892,8
3469,7
177882,7
11929,8
12321,7
65011,7
31718,7
11923,7
11925,7
141720,7
132988,7
14954,9
176973,7
14225,7
30490,7
179231,8
30495,7
30146,7
20338,8
62553,8
177376,8
13794,8
29099,7
29097,7
7017,7
19433,7
27845,8
29921,9
24005,7
29939,8
18699,8
17070,7
29705,8
20036,8
175376,8
30540,8
164494,9
158791,8
13124,7
13125,7
146564,8
11811,8
22794,7
179657,8
15803,8
11819,7
176378,7
15153,7
29894,8
179342,7
179831,7
163929,7
137373,7
175399,8
109930,9
178834,8
18329,7
3071,8
156095,8
28477,8
1593,7
177300,8
2950,8
1598,7
2953,7
31702,7
31703,7
65689,7
160163,8
31707,8
5342,8
7163,7
7161,7
143668,8
178633,7
62107,8
183352,8
8079,7
30032,7
4367,8
1209,7
66686,8
12895,7
29466,7
31521,8
23107,7
144010,8
164109,7
18037,7
12789,9
123097,8
175953,7
8272,7
132502,7
28278,7
6334,7
8068,6
63495,7
22817,9
65021,7
3107,7
162897,7
162894,7
14555,8
30727,8
178752,7
175007,8
175006,7
1117,8
114959,8
114956,8
31634,7
106853,8
174024,8
175008,8
1449,7
31147,8
28296,7
4091,8
4090,6
13786,8
31453,7
4094,8
183640,8
6333,7
25823,7
23587,8
177943,7
66588,8
177944,7
177945,7
66586,7
111721,7
11313,7
11310,8
160797,7
107325,7
12200,9
160798,8
19124,7
180029,9
7741,8
61673,8
142546,9
28616,8
61676,8
174449,7
22507,8
22500,7
150258,7
60983,7
4049,7
8264,7
8304,7
140063,8
166414,8
6528,7
28853,7
61581,7
61585,8
61584,8
61587,8
5826,7
163921,7
163920,7
160196,8
15208,8
8099,7
163926,7
64848,8
65026,7
177895,9
177896,7
160488,8
61523,7
110529,8
9937,8
22761,8
165691,7
1487,7
17982,8
65540,8
65376,8
16775,7
16777,7
128978,7
158313,7
25691,7
110250,7
25340,7
12065,9
6097,8
10453,8
12669,7
121934,7
161977,7
6653,7
10451,7
61562,8
177099,8
107817,6
19305,8
25749,7
25747,7
127797,8
25745,7
165215,8
65971,8
65796,7
65973,7
161996,8
63986,9
161994,7
177654,8
65576,8
63639,8
24837,8
64515,8
25528,7
266214,7
150477,9
266216,8
65772,7
65771,9
21066,8
19873,7
183822,7
13421,8
21061,7
2547,7
139526,8
62302,7
64997,8
153895,7
114608,7
66354,7
166639,8
165501,7
165856,8
165855,8
65483,7
31629,8
64175,8
12796,8
65587,9
30098,7
10332,7
3581,8
160228,7
8666,8
64423,8
164510,8
27906,7
177697,7
121381,8
140938,8
160225,8
2285,7
64194,8
1949,8
260774,7
25236,8
64193,7
16401,8
260778,8
17130,7
143974,8
17132,7
64199,8
7906,6
17136,7
125580,7
61925,8
4423,8
4622,7
166747,8
111179,7
62110,7
148391,7
148390,8
64879,7
162401,7
122916,8
2163,7
6078,6
2615,9
176238,8
160312,7
21440,7
150761,8
66060,7
29875,7
7343,8
16245,7
1906,8
10795,8
63291,9
64228,8
64690,7
10793,7
149738,7
120824,8
179003,8
176703,7
143910,7
146156,8
163685,7
163680,7
163681,8
112254,7
13169,9
12338,8
163048,8
135990,7
138126,8
138122,7
16480,8
27875,7
14960,8
27873,8
112819,8
176963,8
163668,8
163669,7
7154,7
62768,8
121662,8
14145,8
29082,7
10247,7
9023,7
30558,8
12815,7
5229,8
63166,7
176567,8
176565,7
155280,7
29246,8
29241,8
11861,7
14815,8
12544,7
176361,9
176360,8
176363,8
176362,8
138341,7
175490,8
8902,7
163594,7
163595,7
163596,8
113491,7
15142,7
162958,8
29887,8
238157,8
109926,7
162957,7
162956,8
112721,7
14369,7
14368,7
7171,7
5234,7
180905,8
14490,8
2942,8
138901,8
2940,8
5357,7
62168,8
174148,8
31739,8
31738,7
122263,8
160173,7
122266,8
112033,8
112030,8
178608,7
147579,7
1690,7
112034,9
65343,7
164665,7
164664,8
178600,8
164661,8
179738,8
1279,7
118502,8
147750,8
30029,8
160785,8
12886,8
1274,7
123017,8
122380,8
14563,7
14561,8
8240,8
133246,8
24483,7
8247,7
8245,7
66261,8
24934,8
138346,8
62602,8
3116,8
165675,8
162887,8
64165,8
63901,8
157955,7
29061,8
28590,7
31607,7
31462,8
61483,7
28919,7
8423,7
64341,8
22373,9
66000,7
1308,7
2596,8
144139,9
5742,7
136186,8
122917,8
160684,7
11300,8
4225,7
11302,7
11304,7
7124,8
140905,7
61662,8
28620,7
30932,7
15363,7
9831,6
12407,7
28629,7
9835,8
110732,7
7759,8
23111,7
62501,7
7300,8
180698,8
7750,8
109699,7
126417,8
180279,8
61448,8
180272,8
27914,7
3937,7
61112,8
66484,7
163916,8
166402,8
163911,8
8334,8
163919,8
29751,7
61592,8
179288,9
9904,7
61591,8
61596,7
127094,8
64028,7
24669,8
175483,8
13962,7
61061,8
5697,8
28135,7
24898,8
28139,8
61069,8
177883,8
24468,8
177881,8
19209,7
25356,7
25357,7
60887,9
153668,8
64768,7
64766,8
64767,8
22797,8
1300,8
25359,7
119756,8
110065,7
29086,7
61726,8
117018,7
7912,7
23485,7
25680,8
25681,9
17120,7
4045,8
23978,7
6669,7
4040,8
230796,8
6661,7
161966,8
161965,8
177088,7
22086,7
61285,9
65905,8
65904,8
10877,7
1602,8
16890,8
63621,7
25536,10
3662,8
16898,7
2282,7
24800,8
17233,7
124198,8
64699,8
25921,6
13431,7
153793,7
183830,7
124196,8
121817,8
121816,7
121815,8
162329,7
11499,7
2577,7
2574,7
2573,8
10905,7
65345,7
29709,7
181099,9
10903,8
10902,7
64160,8
11455,7
11456,7
64163,8
11450,9
150049,10
64166,7
21237,7
2595,7
140902,7
140904,8
9125,8
64346,8
2593,7
121493,8
113140,7
10305,8
27913,8
17438,7
21238,8
10086,8
4430,7
13323,7
25224,9
30778,8
7911,8
13328,7
1878,8
12603,7
4941,7
118081,8
138205,7
12138,7
136646,8
2111,7
1559,8
122078,8
63281,8
160364,8
62378,7
2628,7
62374,9
63288,7
176282,7
163939,7
149721,8
63572,7
5237,7
122674,8
176289,8
9230,7
10016,7
121077,8
120816,8
5831,8
143909,7
2025,7
62972,8
10499,8
10498,7
62979,7
179782,7
163051,7
177782,8
2829,8
10277,7
179586,8
163931,8
163673,8
14790,8
14793,7
163679,7
163678,8
176914,7
164585,7
121673,8
125315,6
5210,7
20019,7
63593,8
14027,8
175157,7
163586,7
29278,8
63172,8
264265,8
14592,7
176594,8
21542,7
176592,7
176593,7
63178,7
29274,8
176350,7
176351,8
176353,8
112626,7
11877,8
112624,9
133726,8
133724,8
142088,7
176602,7
164471,7
179360,8
133547,8
112759,8
164293,8
164290,7
180193,8
147101,9
30234,7
110533,8
30231,8
126010,7
112754,7
11976,7
179690,8
165466,7
29133,7
19658,7
122520,8
7107,9
6865,7
14370,6
6867,7
271794,8
62123,7
1919,7
62396,8
62391,7
28034,7
1045,8
143605,8
31720,8
166623,8
62399,8
28118,7
178619,8
5109,6
3026,8
164612,8
5439,8
164610,8
164611,7
4450,8
174066,9
142260,8
30059,6
132525,8
264713,7
8253,7
61589,7
30055,7
1266,7
62575,8
8789,7
24491,8
62766,7
109599,8
143640,8
31616,7
3129,8
8867,8
174049,8
3126,8
19402,7
178507,7
29052,7
137351,8
31778,7
1468,8
174282,7
115404,8
183247,7
144727,7
137943,8
8431,7
126318,8
8864,8
157353,7
23768,7
23767,7
16763,8
31477,8
66016,7
28900,7
157452,8
5750,8
12433,8
147639,7
147638,7
165053,7
29397,8
160571,7
160570,8
114370,8
122273,8
61610,8
15197,7
133949,8
5594,8
5597,7
162988,7
105936,7
133944,8
133945,8
183799,8
178767,7
110728,8
175983,9
126775,8
183797,7
61439,7
61129,7
119474,7
61122,7
61121,8
61435,8
4807,8
66708,7
66496,8
145042,8
166434,8
28397,7
166436,7
166433,8
4128,8
4213,7
6216,8
24678,7
8047,8
4127,8
4124,8
65009,7
7437,6
61725,8
27780,7
61055,7
6081,7
150306,7
65006,8
27786,7
61544,8
25322,7
6386,8
62977,8
60894,7
2751,8
1239,7
148531,8
23945,8
23943,8
176256,8
23940,8
22144,8
61996,8
177744,8
177745,8
4052,7
163879,7
163878,8
163877,7
11514,7
23852,7
15364,7
11513,7
4058,8
150277,7
65176,7
5978,7
110382,7
160592,7
8699,8
10860,7
65911,8
12677,8
150279,7
150278,6
3612,8
150699,7
16885,8
116284,9
3619,7
16889,7
108645,7
19508,7
65399,8
25783,8
141198,7
25789,8
141197,8
25030,7
148249,7
5902,8
18560,8
162338,7
29736,7
141359,8
13432,7
63058,7
162336,7
162335,9
10916,7
10917,7
177606,7
135044,8
24922,8
8692,7
24925,8
176138,8
7291,7
17115,7
13128,9
8512,7
7923,7
2581,8
7921,7
14794,8
64408,7
17762,7
6509,8
2589,8
1860,8
13353,7
1864,7
63763,7
10278,7
166142,7
176169,8
28712,8
13597,7
4685,7
163118,8
4936,8
138747,8
163117,7
138741,8
13599,8
163113,7
64536,7
140821,7
24810,7
6502,6
2101,7
61635,7
63814,7
160373,7
5116,8
63543,7
10002,7
125014,8
160378,7
122061,8
10008,7
176291,8
17061,7
9599,8
20791,8
28256,8
157153,7
63640,8
17069,7
19057,7
9590,9
3439,6
176762,8
176764,7
176766,7
176768,7
146171,8
179027,8
158473,8
163069,7
162517,8
5218,7
4844,7
4598,8
10484,8
4842,7
4843,8
14908,8
179597,9
160657,8
112295,7
179598,8
10550,8
133424,8
5254,8
29264,7
29265,7
174729,7
20570,8
5205,8
25870,7
14163,9
175153,8
62700,8
29268,6
63383,8
13062,7
121440,8
264270,8
29627,7
175127,7
31574,7
179110,7
19932,8
28322,8
164266,8
62494,8
28323,7
134026,8
25877,7
18533,7
176343,7
11842,7
11191,8
149618,8
108188,8
2960,8
29868,8
14340,9
164270,8
1783,8
30222,7
2968,7
30220,9
1613,7
62634,7
24466,6
7117,8
7116,7
24318,7
24316,8
174136,8
176591,7
65406,7
108740,8
11872,7
29461,9
62382,8
183324,7
1078,8
1076,7
148470,7
1075,7
1913,6
62388,8
164609,8
179202,8
1678,7
30137,8
13003,8
23898,7
178371,7
30138,7
179208,8
164607,8
164606,9
1094,7
175004,9
115766,7
66648,7
175900,7
30822,7
175903,8
8229,7
66393,8
177764,7
118525,7
4331,6
29151,7
65590,8
1050,8
109584,7
178976,8
28742,8
14581,8
3138,8
14583,7
178083,7
174053,7
28022,7
174507,8
160600,8
20202,9
178089,7
20209,8
28924,7
27765,7
156933,7
31095,7
164046,8
2490,7
1410,7
165993,8
29040,7
175055,7
178676,7
164296,8
28938,8
1327,8
179361,7
28930,6
23776,8
9850,7
12421,6
63448,8
15343,7
137432,7
6900,8
12428,6
23577,7
5764,8
4201,7
5763,7
177975,8
8133,7
143526,8
61600,8
5568,7
175130,8
183780,7
62139,7
61608,8
5567,8
5560,8
177405,8
162809,8
1254,7
17367,7
28338,8
178798,7
1523,8
7733,7
178797,8
11220,7
174471,8
174470,8
28806,8
66731,7
142462,7
126434,8
174876,8
133288,7
10618,8
22221,8
24755,7
14489,8
8358,7
5408,7
4115,8
6730,8
11770,7
8350,8
140030,8
17245,7
8357,8
163891,7
177576,8
164116,8
19049,7
17239,7
122257,7
24447,7
7422,7
126322,8
7420,10
127234,7
27790,8
61735,7
28155,7
12821,7
27794,8
181290,8
61557,8
25331,8
61552,8
7106,7
25334,6
116526,8
65615,7
25338,7
183920,8
65610,7
145080,8
12635,8
28518,9
176369,10
31887,8
114748,8
31881,8
117035,8
117036,8
65290,7
4060,7
4066,7
23793,7
65921,8
11509,8
11506,7
6733,7
26246,8
26013,7
5786,7
150201,7
65105,7
65106,7
120656,8
65108,7
165734,7
5788,7
154760,8
127439,7
5918,7
3607,8
183812,7
63600,8
19538,8
63605,7
63971,8
17780,7
148234,7
16637,8
148239,8
157755,8
12181,7
12180,8
176017,8
164755,7
182788,7
149379,8
6116,8
6110,7
29729,8
64745,8
10920,7
166197,8
156618,7
165880,7
28145,8
109621,7
3905,8
3855,7
7281,7
64418,8
17105,7
17106,7
7936,8
10894,7
64410,8
134384,8
13342,7
16989,7
13341,7
254096,8
65430,7
17145,7
118264,7
16981,7
3734,7
7977,7
16985,7
29127,7
13580,8
4690,7
63030,8
162457,8
6737,7
148349,8
4699,7
163102,8
130040,8
130041,7
154434,7
1682,7
11721,9
154439,7
6025,7
11729,7
121053,8
6266,8
155754,7
5165,8
63800,8
6223,8
62823,8
1686,8
160340,7
62826,8
138483,7
21499,8
17074,7
141037,8
17076,8
138489,7
9216,9
21496,8
64254,7
17073,7
3429,8
178610,8
20488,8
61494,8
125595,8
176022,8
120877,7
3424,6
2002,7
6335,7
144436,8
6331,6
9698,7
2005,7
62954,8
6338,6
165124,9
14170,8
62732,8
14172,7
62730,7
27886,7
10297,8
264391,7
27882,8
264397,8
264395,7
29211,7
63029,8
9555,6
29217,8
24040,7
152170,8
175131,7
3556,8
31895,7
62990,7
164126,8
62745,7
160293,7
125600,8
10581,8
12096,8
17640,7
178003,9
13163,8
8901,8
1706,9
11856,7
6308,8
163819,9
30219,7
14359,7
26011,8
137602,8
174663,8
6848,8
11538,7
110039,8
17919,7
6304,8
24302,8
24304,8
152008,7
6845,7
10609,7
107755,7
164633,7
30697,8
5301,7
111940,7
29453,7
183312,7
176247,8
13013,8
13011,8
157634,8
157635,8
176939,8
1661,7
176249,7
175913,8
30674,8
157855,8
156859,8
1082,7
136648,8
31276,8
156857,7
4322,7
2606,7
18049,7
25283,7
133432,8
12091,7
3144,7
179783,8
14597,8
24278,7
14590,7
31673,7
178097,8
7632,7
17861,8
7636,7
7637,8
62046,9
136884,8
142337,7
1408,7
9699,7
164708,7
29032,8
142339,7
152149,8
5792,8
28152,7
31418,8
183446,7
162733,8
60800,7
176782,8
6932,7
147658,7
6936,8
9846,7
8694,7
9849,7
8123,7
147657,8
29698,8
166491,7
25021,7
3226,7
151078,7
178892,8
178896,8
66654,7
3093,7
126555,8
126554,8
1533,9
29143,7
114829,7
10787,8
174401,7
28490,8
25874,7
1539,7
136265,7
3121,8
66728,8
180083,8
61380,7
28819,7
62590,7
126423,8
61388,7
62984,7
2352,6
8348,8
110802,8
63645,8
11228,8
140023,7
4108,7
10420,8
31099,8
12568,9
160913,7
160912,8
15240,8
31674,7
3639,8
15247,7
181931,7
174316,6
174317,8
66032,7
25906,8
22306,8
174313,8
174310,8
1634,7
61703,8
183684,8
180402,7
180405,7
3897,6
106589,8
117026,7
109919,8
16531,8
61567,7
29055,7
117020,8
25655,8
65607,8
8717,8
16974,8
166562,7
166563,7
12621,8
6617,7
166564,7
12625,7
166569,8
62626,7
7277,7
65930,8
121656,8
10030,7
148169,8
65286,8
5860,8
282189,7
65937,9
5959,7
13765,8
4077,9
11537,8
148223,8
11535,7
4072,7
154758,9
61140,8
3964,7
3962,8
165728,7
5791,8
177216,8
130200,8
180249,9
31752,8
60942,8
154755,7
165723,7
154757,8
7152,8
266316,8
165943,8
177031,9
5087,8
111581,9
151928,8
61899,8
65739,8
148224,7
117115,8
65732,8
162076,8
266257,8
22059,8
2345,7
11051,8
109181,10
140757,7
2342,7
140759,8
12757,7
166366,7
6104,7
119414,8
182791,8
119417,8
141389,8
10938,7
63290,8
124038,8
140979,8
63700,8
260737,8
63707,8
63708,8
9445,7
140977,7
161869,8
3708,7
65421,7
111974,8
166368,7
7959,7
1884,8
4462,8
3707,8
4460,8
17101,8
25241,8
13579,7
2124,8
4918,6
162449,8
162448,7
4666,8
13570,7
4911,7
162283,7
12756,7
13139,7
64088,8
17269,7
24878,8
13235,8
64082,7
6034,7
10063,7
163884,7
21487,9
24782,8
9203,7
5179,8
24783,9
62549,8
3416,7
8530,8
264416,8
20779,7
3413,7
64063,7
165052,7
128098,8
182307,7
135805,8
165051,8
21374,8
6836,8
10000,8
141469,7
146354,7
65944,8
176035,8
12379,7
15293,9
62948,8
63490,7
30188,8
8333,8
1072,8
65609,7
12171,7
135484,7
4860,7
162064,7
176873,7
141400,7
25711,8
133825,8
9063,7
163629,8
7938,7
10286,7
14108,8
179577,8
264385,8
160809,8
264387,8
264386,8
9667,8
181617,8
9664,7
29206,7
125360,8
10115,7
25495,7
10443,8
21776,8
21777,7
148770,7
14503,7
10839,7
63123,7
63122,8
182015,8
176639,7
150139,7
4485,7
1439,8
112618,7
10597,8
149082,6
5379,8
8972,8
176325,8
126046,7
142391,8
7798,8
15199,7
5336,8
112168,7
17908,7
7138,7
25274,8
62618,7
122519,7
108664,7
163889,8
175741,7
122515,8
14616,7
179974,7
29448,7
29449,7
178310,8
142230,7
63232,8
5313,7
178319,7
29332,8
29446,7
174656,7
176255,8
8807,7
176251,8
14296,8
157195,8
176928,8
30443,7
30666,8
15521,6
133885,8
30662,8
30847,8
178799,8
116586,7
156861,8
147792,8
164155,8
109366,7
176118,8
133888,8
3153,8
12992,7
175271,7
12994,7
24204,8
126772,9
1982,7
28795,8
3158,8
28733,7
2831,8
1635,8
183793,7
180833,8
176572,8
3399,8
64162,8
121717,8
122355,7
62057,8
62055,8
29028,6
136725,8
129469,8
129466,8
146616,7
164258,9
3031,8
66281,7
147660,8
147661,7
66285,7
23553,7
11694,8
66288,7
18110,7
4467,8
15414,7
8113,6
15416,9
15417,7
13375,7
23084,7
20548,7
18307,7
10598,7
5543,7
29156,7
111864,8
29150,7
8599,8
4273,7
175674,7
180652,9
3082,8
31336,7
158053,7
61399,8
65050,7
22207,8
22205,7
9778,8
62640,8
7506,7
8577,7
3946,8
5899,8
11234,7
13800,8
28176,7
12578,8
139201,8
61712,8
15252,7
15253,8
12576,7
8446,7
12575,8
28775,8
24428,8
25915,8
174301,7
28770,8
64915,8
7401,7
61028,8
117902,8
117903,7
25318,8
178684,7
22447,7
116503,7
25312,8
65630,7
25314,7
182491,9
61572,8
116504,8
145228,8
163822,8
166583,8
178529,8
12615,8
119714,8
13710,7
2812,8
13714,8
3971,7
61153,8
60979,7
9890,7
61406,7
61407,8
155616,8
19428,8
155614,8
177206,7
9898,7
30646,7
61885,7
30647,7
61880,8
65702,8
120456,7
164680,7
165979,10
181104,8
2818,7
17180,7
154708,8
141363,7
148219,8
148217,7
24344,8
149318,8
13623,8
2337,7
17184,7
12761,7
156153,8
140760,7
140761,9
8219,7
64891,7
64720,8
64896,7
25481,7
29710,8
140565,7
179605,8
16477,8
177884,7
14253,7
112774,8
9472,8
150221,8
151606,7
29984,8
2710,7
162385,8
116895,8
116894,7
141496,7
65417,7
61976,7
18844,9
4477,7
24996,8
142945,7
4678,7
4900,8
118042,7
4674,7
13562,7
118046,7
14311,8
28641,9
153191,9
24844,8
24843,7
63959,9
24841,7
162497,7
9273,8
64275,8
24197,7
5149,7
24198,8
1920,8
8810,6
5142,8
124775,7
266163,7
156617,8
149089,8
129840,8
180466,7
63000,8
5723,8
266160,8
12389,7
26016,7
7435,7
10349,7
5680,7
166005,7
26004,8
13498,7
6311,7
10615,8
266165,8
6314,8
6315,8
182308,8
64389,6
182309,8
183366,7
126020,9
3410,7
62288,8
133366,8
133367,8
163633,7
125358,8
113371,8
175689,7
116531,7
30576,7
7228,8
166435,8
10121,7
175686,8
9302,8
137232,7
21743,8
2820,8
63138,8
10692,8
133766,8
133767,7
7241,7
158736,7
157057,7
175111,8
175110,7
158733,7
63135,8
4497,7
124050,8
9783,7
17168,7
13380,7
13381,7
63405,7
162129,7
6821,7
120794,7
2938,7
17266,7
176862,7
6829,7
176861,7
176867,8
133504,7
108778,7
5327,7
7849,7
16845,8
174648,8
10540,8
179417,8
14606,8
11896,7
25731,9
10549,8
14603,7
62667,7
62666,8
20204,7
63224,8
20185,10
178304,9
65718,7
125531,7
29300,7
115757,9
29304,8
14282,7
14934,7
4881,7
149177,8
14938,7
18276,7
137131,8
264629,8
30477,7
164543,7
13032,8
8818,7
18364,8
137573,8
11096,6
164365,8
178943,8
3969,8
179437,7
30877,7
8210,7
8213,7
29946,7
8215,6
11099,8
164368,7
164369,8
10840,8
24216,7
12726,7
7658,9
12964,7
24219,8
5888,8
28785,7
162876,7
28018,6
143153,7
29015,7
62266,8
7092,8
3369,7
62263,7
6326,8
66602,9
20237,8
113093,7
28543,8
3362,7
31203,8
29830,7
178548,8
10658,9
29837,7
149437,8
2019,8
30671,8
178545,8
2403,8
8105,8
13963,7
109683,7
8101,7
163977,7
4242,6
4279,8
183421,7
66290,8
1356,7
126615,8
61489,7
5559,8
9867,7
180646,8
163587,7
25852,8
28303,7
125000,8
25859,8
146500,8
66630,8
176637,7
4864,7
29165,8
29164,7
8582,8
61163,7
8363,7
145308,8
144520,8
264388,8
114484,7
11511,7
113362,8
175955,7
15267,7
144097,7
12545,8
155282,7
179441,8
120297,8
15261,8
12540,7
22308,8
12818,8
180423,8
110387,8
61763,7
123016,8
25047,7
15060,7
177838,8
61766,8
28168,7
165411,8
30899,8
175079,8
25923,7
25922,7
28940,8
28765,7
28762,7
145416,7
24430,7
24436,7
22325,8
177983,8
155738,8
165854,7
130298,7
160961,9
19094,7
25972,9
25676,8
163627,7
6639,9
11550,7
18654,8
11555,6
11554,7
60802,8
5824,7
8402,8
5878,7
1440,7
141982,7
17715,7
13709,8
165702,7
25396,8
177780,8
161067,7
13700,8
154739,7
11399,8
160598,8
30277,7
162892,8
151544,7
24725,7
9882,8
24720,8
1951,8
65133,7
3980,8
65710,7
65247,8
65244,8
65713,7
65717,7
64663,9
11264,6
160329,8
10386,7
21828,7
61181,8
64344,8
127481,8
25130,7
121199,7
61188,7
148350,7
177110,8
1447,8
13634,8
135004,8
13630,7
29074,8
1891,7
7486,8
2328,7
157414,7
154714,8
10441,6
117862,7
117861,8
157415,8
165361,8
177650,8
140672,7
64867,8
117868,8
9916,9
177659,8
3562,7
161843,9
161844,8
135844,8
127455,8
148772,9
25138,9
63725,7
63724,7
63723,7
31593,7
166363,7
25320,8
7257,8
25108,7
138707,8
111662,7
61984,9
17641,7
156578,7
7251,8
141459,8
142956,8
142953,7
4632,8
117260,7
4640,7
2497,7
4645,9
7315,8
109580,8
116791,7
2259,7
63120,7
253527,7
162264,7
2255,8
24853,7
25978,8
19398,7
17240,7
29870,7
4093,6
62525,8
121080,8
13092,7
175510,7
10735,7
162489,8
64282,8
19817,7
7875,7
28295,8
180635,7
64142,7
25979,8
9728,8
2787,7
2783,7
12304,8
4809,7
12395,7
12392,8
163022,9
9465,8
9466,7
26012,7
11600,9
20217,7
7694,8
3580,8
6307,7
136864,7
128663,7
22612,7
26019,8
10380,8
13789,9
140736,8
62290,8
21232,7
179082,8
9083,8
162732,8
16453,7
63454,8
63456,8
121153,8
27981,7
27980,9
9317,7
147868,7
21595,7
10426,6
21593,7
27988,8
112366,8
164422,8
180597,9
112362,8
7275,7
176659,7
176658,8
3502,7
7279,6
3504,8
3505,8
8958,8
114628,7
6109,8
8551,7
11672,6
162644,8
157954,8
148552,8
6831,7
6830,7
122514,7
64061,8
15087,7
1794,7
14386,7
113419,7
155933,7
12390,8
14639,8
14150,8
62689,7
112968,7
29312,7
65896,8
125237,7
5338,7
125234,7
11315,7
65350,8
1632,8
121713,7
112095,8
30461,8
1981,7
121718,8
144066,8
3218,8
165244,8
1988,7
8823,7
61095,7
8826,7
163601,6
176279,8
13041,8
176275,8
147312,7
18040,7
29011,7
2817,8
2811,7
30649,8
179428,7
111064,8
157865,8
178939,8
30312,8
157862,9
30310,8
4274,7
14256,8
7647,7
6100,8
160887,8
14252,8
3170,8
24225,8
7648,8
12972,6
119275,8
122175,8
29001,7
165177,9
7085,7
122172,8
20245,8
29791,8
30260,8
66286,7
175654,9
161903,7
175308,7
7585,8
179889,7
178201,7
129442,7
29829,8
1743,7
31683,7
6497,8
1161,8
8176,7
19965,7
144009,7
175607,8
66515,7
4241,7
5520,8
5523,6
30888,7
178848,8
178846,8
178847,7
160706,7
180183,7
15474,8
7295,9
14412,8
24539,7
24538,8
14417,9
25845,8
66198,9
24533,8
28378,8
126296,7
64404,8
7922,7
178443,10
31037,8
31224,8
31227,8
178113,8
126056,9
176479,7
1562,8
30082,7
272699,8
29173,7
11257,7
2990,8
179380,8
27199,7
12804,9
157217,8
15274,7
1659,7
65899,7
12403,7
63338,7
8007,7
65893,7
8001,6
156613,8
13824,8
6547,7
165179,8
24405,7
25937,8
6543,8
5639,9
61774,9
121382,8
4390,8
28194,7
164624,8
28191,7
160415,8
24409,7
143283,7
136804,7
28209,8
8486,8
25279,8
25935,9
151423,8
127377,8
180636,8
13354,8
