28997,6
28996,7
28992,7
28998,7
19399,7
19398,7
5980,7
5986,8
5987,7
19390,7
22260,7
22263,7
61171,6
61175,8
25062,7
25061,7
25069,7
6796,7
6797,7
6791,7
6799,8
61941,6
25284,7
25285,7
25282,7
25283,6
25281,7
16705,7
64675,8
17252,6
17254,7
17255,7
17256,7
63026,6
63021,6
9258,7
9259,6
9256,6
9521,6
24881,7
24880,7
24885,7
24884,7
24888,7
26023,6
26022,7
26021,8
64902,8
64455,7
64901,7
20151,7
61179,7
3515,8
14624,6
14626,7
14622,7
14623,7
14628,7
14629,6
62884,6
62880,8
62889,7
30416,7
13058,7
13054,7
13055,7
61206,7
112042,7
18705,7
62088,7
29818,7
29816,7
29761,7
29763,7
29762,8
1177,7
1173,7
23050,6
23500,7
29436,7
31232,6
29108,7
31230,7
29921,7
31234,7
29101,7
31239,7
29105,6
7185,6
29107,7
8549,7
12834,7
8017,6
65881,7
65882,6
8014,8
8543,7
8542,8
66504,7
66507,6
65084,7
65088,6
10884,7
4731,7
22677,7
1228,7
60902,7
60900,7
60901,7
60906,8
60904,6
8290,8
6534,8
107895,8
24708,7
24704,7
24707,7
4739,7
65268,7
30383,7
65264,8
65267,6
15240,8
2308,7
13619,7
13614,7
13616,6
2302,7
13611,10
4723,8
11289,7
11288,7
5841,7
11286,7
28252,7
28253,7
3747,6
13531,6
4622,6
4623,7
13536,7
11018,7
10466,7
16394,7
63907,7
63901,8
62450,7
17654,7
11017,6
62500,7
62501,7
62505,7
20889,7
62507,7
64029,6
64028,8
13289,6
13286,7
64023,7
64025,7
13282,7
113141,6
10390,8
10391,6
10392,7
16936,7
16932,8
16930,7
7215,8
16938,7
7217,8
6217,6
6216,7
6215,7
6214,6
6213,7
12221,6
6218,7
15708,7
15709,7
29372,8
29376,6
29374,7
10574,7
10576,7
63278,7
21423,7
21420,7
21429,7
8846,7
30628,7
30623,7
30621,7
30625,7
7668,7
7662,8
7665,6
63258,7
1762,7
1766,6
29597,7
29594,6
29592,7
29591,6
108453,7
1545,6
28429,8
14470,7
11113,7
11115,8
11768,7
14477,7
30335,7
30337,7
8716,7
8717,7
13841,7
13840,7
13842,6
31571,7
63935,6
31578,7
7883,7
7882,7
23262,7
11563,6
11564,6
11566,6
17036,7
63023,7
25739,7
25737,6
63029,7
6774,7
9963,6
9969,7
65502,7
16239,7
65697,7
65690,8
19911,7
16721,6
16727,7
65698,7
19917,7
64612,6
64613,7
64611,7
64614,7
63040,7
63046,7
63044,7
9504,7
65521,7
65520,7
65527,7
65526,7
3684,7
2518,6
64929,7
64924,7
64925,6
64927,6
26045,8
26044,7
22810,7
3532,7
22817,7
22815,7
22819,6
5050,6
64906,7
10764,6
26026,7
14866,7
14640,7
18549,7
14863,7
18545,7
62319,7
62314,7
62317,7
62313,7
13070,7
13075,6
30439,7
4160,7
18769,8
10185,8
61765,7
29746,7
1154,7
23076,7
30293,7
30291,7
15119,7
30298,6
15111,6
15110,7
15113,7
29127,8
29125,6
29121,7
25896,6
25895,7
25894,7
31748,6
31749,7
31745,8
31214,8
31743,7
8031,7
8030,6
12589,7
12850,7
8521,7
12580,7
12855,7
12854,8
66563,7
61780,7
61039,7
61038,7
65068,7
65069,7
65066,7
61037,7
61788,7
65062,6
22659,7
65060,7
65061,7
22383,6
22380,7
60928,7
110962,6
110960,7
13988,7
19575,7
60920,7
60923,7
4293,7
4292,7
24768,7
23387,8
24767,7
65202,7
61253,6
65201,7
61255,8
61257,7
61256,8
4742,7
4740,7
6207,7
5860,7
5862,7
28937,8
2183,8
25385,7
25384,7
28935,7
4608,7
2184,6
4607,7
13515,7
2188,7
4600,6
13510,6
12421,6
6452,7
15432,7
8687,7
64555,7
64557,7
64004,7
64003,7
64002,7
64001,6
64000,7
6900,7
64009,7
64008,7
6185,8
27791,8
8133,7
9191,7
9195,6
9194,7
10379,7
10374,7
7238,7
63789,8
63788,7
63781,7
63782,6
16910,6
6239,7
6235,6
12205,7
12206,7
10565,7
63525,7
29359,7
63527,8
63526,7
9778,7
63523,7
29350,7
9774,7
9777,7
10511,6
9771,6
29356,7
9772,7
8867,6
8864,7
14985,7
8863,7
14986,7
24167,6
62781,7
62784,7
26837,7
28540,7
1703,7
1704,7
1706,7
14182,7
15854,7
15855,6
15853,7
15858,8
14457,7
14324,7
11135,7
14453,8
14450,6
28408,8
62122,7
3028,7
28403,8
3026,7
3024,7
30600,7
30350,6
30354,6
30355,6
30608,7
8734,6
31551,7
31009,7
31554,7
13866,6
31007,7
13864,7
110773,7
110771,7
5671,8
111973,7
111970,8
66046,7
66043,7
66049,7
6437,6
8193,6
30974,7
12445,6
6433,7
6432,7
8194,6
30971,7
64690,7
8199,8
64156,7
30637,7
6756,7
9940,6
16747,7
62439,6
16748,7
12051,7
12053,7
30476,8
28704,7
62928,7
64638,7
64639,7
25711,7
64630,7
64631,7
64633,7
25719,7
64637,7
62433,7
21659,7
63062,8
63066,7
65549,7
65548,7
61737,6
62437,7
26067,7
64497,7
64491,7
26061,7
2538,7
61046,7
64942,7
64943,7
64940,7
61047,7
2536,7
2537,7
17166,7
17164,8
5079,8
17160,7
5073,7
5070,6
5071,7
5074,7
22837,7
113533,7
9563,7
9567,6
10743,8
10741,7
10740,7
18560,7
11832,7
62339,8
62338,7
62330,6
62336,7
62335,7
13099,6
13096,7
13092,7
112001,7
112004,6
112005,7
27828,6
20296,7
27825,6
20294,7
27823,7
29723,7
29722,7
9380,7
9382,6
29729,7
29728,7
65291,8
15133,7
65295,7
15135,8
31766,7
31761,7
31762,7
31763,6
7146,7
7143,7
18746,7
12877,7
8051,7
12874,7
30012,8
12879,7
2886,6
31497,7
2884,7
31495,7
2888,7
2889,8
24292,7
24293,7
66543,7
66544,7
66546,7
24295,6
61019,7
26523,7
26520,7
24746,7
24747,6
24749,7
3275,7
28678,7
28676,7
14401,6
4764,7
4769,6
4768,7
11249,9
30594,7
65045,6
65047,7
65042,8
5803,8
5802,6
19742,7
65048,7
64797,7
116806,7
64799,8
7180,7
110239,7
25364,7
25361,7
25362,7
7183,8
11793,7
11797,7
11796,7
65220,7
65957,7
65224,7
65226,7
61278,7
30597,6
25509,7
25508,7
16689,7
16684,6
16686,7
16681,7
16683,7
10353,7
4881,6
10359,7
7967,7
7964,6
10686,6
9171,8
10685,7
61901,7
61900,7
61903,7
16977,7
16974,7
17081,7
17080,6
6259,7
12269,7
12262,8
17088,6
105365,7
12266,7
10530,7
113274,7
10534,8
113270,7
10537,7
63503,8
65880,6
63501,6
9718,7
63507,7
63504,7
63509,7
8015,7
9715,7
24108,7
22991,7
24100,7
24101,6
24106,7
8881,8
24105,8
65886,7
65887,8
26852,6
12913,6
1728,6
1722,6
13135,6
15182,7
28461,7
28460,8
3007,7
28462,7
18358,7
28180,7
14304,7
28469,7
9458,7
14309,7
17457,7
62109,7
1581,7
62100,7
1587,6
62102,7
1585,8
9455,8
111000,7
111005,7
110759,7
66682,6
66681,7
66680,7
31530,7
31533,7
31532,7
31535,7
31534,7
31537,7
66688,7
8658,7
4450,6
66062,6
28287,6
66065,7
3184,7
23220,7
23227,6
23224,7
61489,6
61481,6
15306,7
6416,6
30950,7
6410,6
15302,7
61487,7
7777,7
7773,6
7772,7
3917,7
3916,7
3911,6
3918,7
6730,7
6731,7
8317,6
6736,7
6737,6
110535,6
110536,7
110532,7
110533,7
9921,7
9922,7
19262,7
16769,7
16763,7
22177,7
22170,7
12077,7
12075,7
12070,6
25771,7
25776,8
25777,7
25774,6
25778,7
25779,7
65564,7
24825,6
21675,6
21673,9
65569,6
3647,7
3643,7
3640,6
64961,7
2553,7
2554,6
2555,6
2556,6
64967,7
2558,7
5018,7
116144,7
17144,7
17145,7
30017,7
17140,7
17142,6
25194,8
63800,7
13308,7
4418,8
4415,7
4412,7
9548,6
9549,7
9545,6
62351,7
14828,7
62356,7
14822,6
14820,7
14827,7
14824,7
14825,7
64210,7
20109,7
21499,7
3897,7
27842,7
27843,6
27846,7
27847,8
27845,7
29709,7
29708,7
29707,6
29254,6
29257,7
29250,7
29701,6
29252,7
11815,6
11811,7
11818,7
11819,7
15153,7
15159,7
109425,8
109423,7
29930,7
29395,7
29396,6
31702,7
31703,7
31700,6
31706,7
31707,6
31704,6
7163,6
7161,8
8079,8
30032,7
12898,7
30034,7
12895,6
8073,7
109683,7
1111,7
1444,7
1115,7
28078,6
1440,7
23034,7
1449,7
22619,7
22612,6
22345,6
6338,8
28618,6
28611,7
28616,7
31456,6
8264,7
8265,7
4783,7
23692,6
5823,6
23697,6
5824,7
5846,6
11261,7
11264,6
61071,7
65023,7
65020,7
65021,7
65026,7
65027,7
61077,7
65028,8
31454,7
64776,7
116826,6
116827,6
25699,7
25691,8
25342,7
25341,7
25692,9
25347,7
25694,6
10453,7
23961,7
65979,7
28266,7
5848,7
65971,7
65972,7
61292,7
25526,7
25525,7
25523,7
64510,8
64513,8
29216,6
64515,7
64514,7
64516,6
17314,7
12791,8
12796,7
9155,6
10333,6
10331,6
31625,7
16405,7
16955,7
16956,7
16401,7
9483,7
16959,7
9481,7
7904,7
63740,7
7906,6
63742,7
12240,7
61922,7
61921,7
6272,7
29647,7
13532,7
31622,7
21440,7
114524,6
63290,7
63297,8
63296,7
22978,7
22974,7
22972,8
16710,7
112095,7
30671,6
14148,7
13163,7
14145,7
14146,7
5229,6
13115,7
13114,7
13119,7
14369,7
14368,7
3066,7
28449,7
14363,7
11328,7
62168,7
62169,8
110766,6
62167,6
62165,8
2595,6
66667,7
66660,7
66662,7
111282,7
111287,6
28276,6
29066,7
29063,7
29061,7
29068,7
29069,7
23752,7
23753,6
1300,7
28918,7
66000,7
66003,7
66005,8
66004,6
107528,6
30939,7
30932,7
12403,6
6471,6
30931,7
30936,7
12407,6
15364,7
110732,7
31516,7
31515,7
31045,7
7758,7
31048,7
7750,7
31518,7
3935,8
3937,7
8333,7
8336,7
8334,7
6716,8
6717,8
6710,7
9904,7
61642,7
25353,6
24464,7
24466,7
24463,6
65512,7
24468,7
19209,6
64020,7
22404,7
16824,7
22403,7
13756,8
4040,7
13758,7
24893,7
25754,7
25757,7
24809,7
3662,6
65585,7
65587,8
65586,7
3668,6
61469,7
64989,7
2577,7
64984,6
64985,7
64983,7
11455,7
11456,7
11450,6
5038,6
17433,7
64194,7
5032,8
64186,7
4434,7
17128,7
64182,7
4430,7
13323,7
116615,7
13328,8
13329,7
64189,7
26039,7
62809,7
62808,6
62378,7
62377,7
62804,6
62374,8
62372,7
17179,7
65814,8
63825,7
64816,7
29278,8
63172,7
63170,6
24648,7
29276,7
63178,7
29274,7
11872,7
112623,7
112626,7
11877,7
112624,7
112625,6
18835,7
14809,7
109919,7
30239,7
30584,7
30234,7
30237,6
15174,7
15173,8
30233,7
7106,6
7107,7
28034,7
31720,7
31722,6
31723,7
31725,7
31727,8
18788,6
1686,7
30059,6
30058,7
111631,7
30055,7
29988,7
29984,6
28054,7
28058,7
19402,6
1468,6
1465,7
28585,7
24781,7
24782,7
24783,8
13927,8
13922,8
4230,7
28630,8
28632,7
5594,7
5597,7
28637,7
28639,7
61462,8
13690,6
13693,6
13699,8
66496,7
7216,8
12226,7
4213,7
19078,7
65008,7
27788,7
22360,7
61059,7
61725,7
12222,6
27783,7
61726,7
61721,6
27784,8
61723,7
27786,7
25320,7
25322,7
60898,7
60899,7
25326,7
60894,7
64754,7
23946,7
23945,7
23943,7
23942,6
23940,8
23948,7
65913,7
65911,6
65916,6
65914,6
65915,7
2299,8
2290,7
2295,7
10916,7
10917,7
17337,7
7291,7
7922,6
7923,6
10648,6
7921,7
10312,7
10317,6
63769,7
63768,7
63763,6
63762,6
16420,7
63766,7
63765,7
8638,6
6297,8
61940,9
6293,8
64537,7
64536,7
64535,8
64538,7
63815,7
63814,7
63811,7
63541,7
63812,7
8559,6
3439,7
22957,8
2034,7
2033,7
4595,6
4844,8
4598,7
4847,7
4842,6
4843,6
30400,7
14169,7
60881,6
11991,7
14162,7
11993,7
14160,7
24140,7
62492,6
62490,7
62491,6
62497,7
62494,7
62495,6
13172,7
13174,7
11191,7
14344,7
14340,7
3048,7
62634,6
62632,7
62633,7
3041,7
115766,7
1094,7
1095,7
66649,8
1097,7
66643,6
66393,7
66392,7
1099,7
109581,7
109580,7
109584,7
111479,7
29044,7
29517,7
29514,7
29515,7
29513,7
29511,7
28939,7
28938,7
1327,6
1324,7
28933,7
28930,7
23774,7
28936,7
23776,8
23777,7
6450,7
8681,8
30914,7
30915,7
15346,6
15347,8
6459,7
30919,7
109764,7
109762,7
6908,6
7733,7
31063,7
31062,7
26246,8
19196,7
8358,6
111408,7
8350,7
8357,7
66027,7
66026,7
24441,6
24440,7
24447,7
66021,7
24449,8
61556,6
61557,7
61552,7
61553,7
61550,7
65615,6
65611,7
62919,7
61558,6
22139,7
4062,7
4060,7
4066,6
13776,7
4065,7
62093,7
5786,7
5782,7
5783,6
5788,7
27938,6
25900,7
3607,7
62915,6
22308,7
12472,7
11436,7
17101,7
17105,7
17106,7
17107,7
13342,7
13340,6
13341,7
4456,7
30226,7
65609,7
24860,7
24865,7
62829,8
62822,6
62821,7
62826,7
25650,6
153351,7
64254,7
16855,7
16853,7
16852,7
6334,7
6335,7
6331,6
6333,6
12169,7
27886,7
27882,6
29211,7
10452,7
10451,6
10109,6
29217,6
9673,6
10458,7
21763,7
63154,6
63157,7
63150,7
11858,7
11852,7
11853,6
8901,7
11856,7
8902,6
65282,7
30219,7
30216,7
30215,7
30214,7
113917,6
7127,6
7124,8
7123,7
7121,7
65936,7
1663,7
1661,8
115516,7
2829,7
24278,7
24279,7
3384,6
5417,7
5412,8
5419,6
1408,7
13906,7
13902,7
4218,6
18100,8
114351,7
5579,7
5578,7
5572,7
111874,7
111875,7
30072,6
30070,7
62593,6
5798,7
62592,7
31302,7
31300,7
28351,6
11228,6
11225,6
11220,6
19054,7
61709,8
25906,7
22306,7
5122,7
61703,7
61702,7
61701,7
61700,7
61706,7
61705,7
25655,8
25656,7
25302,7
29112,7
31754,7
4205,8
65930,7
65280,8
65281,7
65286,7
65284,8
65937,8
31203,8
31750,7
31574,7
16629,7
16620,8
6109,7
105126,7
12756,6
12757,7
6104,7
6102,6
6100,8
64886,6
64884,6
10938,8
64734,7
64880,7
64739,7
64738,6
64888,6
63700,7
16996,7
63705,7
16991,6
16992,7
63708,7
9113,6
9112,7
9443,7
9114,7
9441,6
65424,7
65420,7
65421,7
7959,6
16441,7
12289,8
64088,7
63832,7
21487,7
63836,7
63835,7
21488,7
3416,7
3413,7
3410,6
21374,7
3419,7
116245,6
15293,7
10665,7
2019,7
13481,6
13480,7
13483,7
2011,8
13484,7
4864,6
13486,7
18484,6
108967,7
17715,7
5619,7
13155,7
13151,6
13158,7
10597,7
10598,7
10599,7
102617,7
112168,7
20423,7
62614,6
62613,7
30688,7
30689,7
63707,8
30684,7
30685,7
9445,7
12992,7
12994,7
29533,7
29028,6
29029,7
30546,7
29022,6
29021,6
21158,6
4469,6
8118,7
15414,8
15415,6
15416,8
30540,7
16440,7
6922,7
7711,6
26747,7
7718,7
8386,7
66623,6
66625,7
25047,7
66628,7
61390,7
61392,7
61393,7
61396,6
61397,6
61398,7
61399,7
28775,7
28953,7
28955,7
28958,6
28778,7
22447,6
61574,8
61575,8
61576,7
65630,8
61570,6
61571,7
61572,7
61573,7
13710,6
13712,7
4005,7
13716,6
3971,7
19420,7
19427,7
19428,7
3622,6
3625,8
110330,7
29898,7
60933,6
13368,7
13369,7
25465,7
25462,7
25460,6
13365,6
4477,6
4476,7
113028,7
24849,7
24846,7
24845,7
24844,7
24843,7
24842,7
24841,7
24840,7
64271,8
64272,7
2467,7
2461,7
64279,7
9459,6
1021,7
16872,7
16878,7
12143,7
12142,7
6310,7
6311,7
6314,7
6315,7
10439,7
10438,7
9650,7
9308,8
10431,7
9305,6
10121,7
29234,8
29233,7
9302,7
10124,8
21743,6
63138,7
63130,7
63135,6
62846,7
8960,6
8964,8
25731,7
1641,7
1642,7
112088,6
29492,7
29497,7
29948,7
29946,7
29940,7
29942,7
24216,7
2802,6
2803,7
24219,7
2807,6
5432,8
112888,8
62266,7
62261,6
3369,6
62263,7
62262,7
28546,7
3365,7
3366,7
5439,7
62269,7
62268,7
3362,6
30277,6
13962,7
13963,7
4274,7
4279,7
5557,8
2014,7
5559,6
4860,7
106900,7
10669,7
30098,6
30095,7
30094,7
8582,6
30093,6
111673,8
110104,7
110106,7
110100,7
5885,7
8093,7
5888,7
61763,7
27749,7
15060,8
6552,7
61766,8
61769,8
27747,7
30899,7
30898,6
25923,7
25922,7
25921,7
25924,7
25929,7
25928,7
22325,7
28278,7
25671,7
25670,6
25676,7
23989,8
23988,7
109043,8
7504,7
7506,6
9882,7
7503,7
16605,7
16600,8
16601,7
16609,7
6125,7
6124,7
61187,6
61181,8
14554,7
3103,7
61188,7
30726,7
64865,7
64864,7
64867,7
64866,8
64713,7
64863,7
63728,7
16469,7
63724,7
24988,8
61988,7
65404,7
24980,6
61980,7
61982,7
16729,7
2259,7
61055,7
2251,7
4093,7
63589,7
24186,6
24187,7
24184,8
24185,8
63854,7
13781,7
22913,7
2785,7
4801,7
2787,6
4806,7
4809,6
116224,7
19914,7
9465,7
9466,7
11600,6
2070,7
11609,6
3226,7
14129,7
27987,7
62458,7
27980,7
62456,7
62455,8
62453,7
62982,7
27988,7
62838,7
14383,7
14382,6
14380,7
112410,7
14385,8
14384,7
62670,7
62676,7
66586,6
61155,7
12977,7
12972,6
29553,7
29550,7
7085,6
7086,6
8171,7
6497,6
8173,7
8176,7
9413,7
6948,7
15470,7
15471,7
8699,7
66354,7
66602,8
66352,7
61376,7
61374,7
61372,7
61159,7
61370,7
24407,7
24405,7
24402,8
24400,6
4390,7
25554,7
24409,7
28753,7
28209,7
1363,6
1360,7
28754,7
28976,7
28975,6
28758,7
28973,7
28200,7
28203,7
28970,7
61518,7
61519,7
61513,7
22461,7
4024,7
13733,8
13730,6
13292,6
4029,7
11384,7
65156,9
19155,7
19156,7
19150,7
19152,7
65875,7
65653,7
65655,7
65870,7
65657,7
65872,7
65658,7
25118,7
25119,7
25117,7
25114,7
25115,6
25441,7
25110,8
25111,6
2519,8
2447,8
2444,7
64299,7
64292,7
8095,7
7866,6
7862,7
12521,7
7920,8
61584,7
15203,6
16813,6
61586,7
64921,7
6379,6
6370,7
12123,6
12122,6
12125,7
6375,7
6376,6
12126,7
10417,7
10411,7
63446,7
63447,6
63445,7
63442,7
63117,8
9323,8
9635,7
9324,7
9325,7
8947,7
62869,7
62865,7
62864,7
62860,7
3206,7
1992,7
1995,7
5187,8
5184,7
3200,6
1998,7
28109,8
2860,8
29968,7
29963,6
29964,7
28564,7
28565,7
14244,7
28563,7
24232,7
24233,6
24234,7
8047,7
14249,7
5458,6
62241,7
62240,8
3342,7
3343,7
5456,6
30259,7
30257,7
30255,7
30254,7
30252,6
31129,9
4251,7
13941,7
13942,7
31697,6
31122,7
31692,7
31693,7
28690,8
5530,6
28696,6
28697,6
5539,7
28699,6
111839,7
23616,7
6573,6
6571,6
6574,6
6575,7
61745,7
61744,7
27766,7
27765,8
7694,7
7696,6
29616,7
7691,6
29613,7
29612,7
29619,7
25944,7
25946,6
3835,7
3833,7
3839,7
7526,8
7525,6
16664,7
16665,6
16668,7
18891,7
31857,7
12712,7
6140,6
6146,7
6924,7
12718,6
14647,7
15417,7
10974,7
10978,7
15411,7
64848,7
25619,7
60835,7
60832,6
21116,7
16488,8
21118,7
16480,7
65469,7
65463,8
65466,6
65464,7
65465,7
2271,7
2270,8
64597,6
63630,7
63632,7
17534,7
2052,7
2054,7
4828,6
30061,7
4826,8
2058,8
4530,7
13440,7
13443,7
10504,6
9403,7
9402,7
7982,7
11626,7
10621,7
62474,7
62473,8
8599,6
11976,7
11974,6
64334,7
63269,7
27969,7
64330,7
64332,7
27965,7
17753,7
13198,7
13193,7
13197,7
63877,7
63876,7
63875,7
63874,6
63871,7
63870,7
63878,8
62650,6
62652,6
62654,7
62655,7
62658,7
62659,7
64681,8
10085,6
10086,7
7329,7
13421,7
12955,6
12956,7
12950,7
12953,6
7067,7
7066,6
7065,7
7063,7
107670,6
30756,7
30757,7
6963,7
12484,7
30751,7
15459,7
8627,7
8150,6
8151,7
24397,7
24396,7
24395,7
24393,6
110804,6
31594,7
31593,7
110802,7
31590,7
66379,7
66371,7
61688,7
61689,7
61681,7
61686,7
61684,6
61685,6
9988,7
11027,7
14506,6
66085,7
14503,7
28739,7
28229,7
28733,7
28732,8
28735,7
28737,6
63975,7
64423,6
11366,6
63188,7
11361,7
61355,7
61356,7
61350,7
61351,7
61352,7
61359,7
110379,7
63180,7
23868,7
65852,7
61532,6
65850,8
61534,7
65679,7
65676,7
65858,7
65672,8
65671,7
65670,6
25136,7
25130,7
25132,7
25138,6
64103,7
25422,7
8802,6
25647,6
6682,7
25312,7
63680,7
16836,7
7849,8
16832,7
63687,7
16839,7
16838,7
6357,6
12102,7
6351,7
61828,7
12108,7
9340,7
9614,7
9612,6
9613,8
9346,7
9611,7
10163,6
9619,6
63468,7
63469,7
63466,7
63467,7
63460,7
63461,6
63462,6
14881,7
14883,7
14886,8
113425,7
14083,6
14084,7
1608,7
3229,7
1979,8
1976,6
1602,7
3221,7
1971,7
1606,7
13276,8
2163,6
4001,7
2849,7
2846,7
2847,7
2845,7
13714,7
28502,7
5475,7
14268,6
14269,7
28504,8
14260,7
14263,8
20075,7
62221,7
62225,6
115313,6
115310,6
115314,7
62134,7
25899,6
5519,6
5518,8
5513,7
106418,7
17047,7
29901,6
1559,7
29904,7
29909,6
28342,7
66418,7
66416,8
66414,7
66413,6
3031,7
27701,7
29129,8
14465,8
25964,7
25961,6
17049,7
15025,8
15027,7
6517,7
31100,7
31101,7
29634,7
29639,7
29638,7
23499,7
3814,7
23491,8
23492,6
8457,7
8455,7
8452,7
109084,8
109082,6
7549,7
31366,8
13853,7
19346,7
16643,7
16645,7
16647,7
12738,6
12730,7
12734,7
65194,8
65195,7
64821,7
64820,6
64822,7
60812,7
60813,7
10994,7
60818,7
10993,7
10990,7
10991,7
24617,7
24610,7
25635,7
25634,7
25633,7
25632,7
24618,7
65440,7
65448,7
65449,7
24945,6
21136,8
116597,6
22729,7
116592,7
2213,6
31813,8
2215,7
31811,6
116772,7
116773,7
12581,7
25091,6
25096,7
25094,7
12587,7
25099,6
25098,7
4517,8
4515,7
11649,7
11641,6
11644,7
11646,7
62412,7
62416,7
62418,8
5284,7
27948,7
64314,7
64319,7
20666,7
63899,7
63898,7
63895,6
63894,7
63896,7
63891,7
63890,7
63892,8
63094,7
7300,7
9289,6
9284,6
63099,6
10247,7
11910,6
11915,6
9023,7
11919,8
30191,6
30193,6
30194,8
30197,7
30198,6
7045,7
10200,7
7049,7
24999,7
63324,7
63328,7
30778,7
30990,7
30775,7
30777,7
30994,7
8607,6
24991,7
22657,7
24379,7
24378,7
24375,7
2982,7
24376,7
24371,7
2986,7
1013,7
61033,7
4351,7
4352,8
28717,7
11001,7
14520,7
28712,7
14525,8
14524,7
28249,7
28248,7
14529,6
106881,7
11340,6
11343,6
110683,7
110681,7
110685,8
5709,7
61332,8
61330,6
61335,7
61338,7
61339,7
111489,7
111488,6
28866,7
23809,6
23801,7
65831,7
65834,6
25152,7
25401,7
25150,7
4296,7
25157,7
25154,7
25155,7
6428,7
16582,7
63828,7
64275,7
12691,8
12698,8
10832,7
10839,7
1050,7
7828,7
19807,7
63669,7
63666,7
63667,6
63664,8
63665,7
63662,7
63663,6
63661,7
61807,7
61803,7
64127,7
17180,7
17184,7
9367,7
21272,7
8987,7
63405,7
1832,7
1831,7
3798,7
3796,8
3793,7
2154,7
2150,7
2403,7
4988,7
1956,6
1951,8
1953,7
14064,7
3248,6
3243,7
3240,8
3246,6
13259,7
62755,7
28529,8
62756,7
1487,7
62750,7
1485,7
62200,8
5496,6
14201,7
62759,7
28526,7
30561,8
30563,7
30565,7
6313,6
30569,7
12141,6
113997,7
24171,6
12140,6
12144,7
10619,7
10618,7
29382,6
29381,6
29387,8
29386,7
29929,6
29435,7
29434,7
29389,6
29388,7
29433,7
28388,8
28389,7
23120,6
23122,7
30384,6
8293,7
6532,7
109318,7
6531,7
8299,7
30388,6
25984,7
25987,6
25981,6
25980,7
25983,7
30803,7
29659,7
31166,7
31165,7
29650,7
31168,7
62016,6
29661,7
3872,7
8479,6
8475,6
8470,7
7566,7
7564,7
7562,7
7561,7
66435,7
31381,7
61476,8
10123,6
22528,6
22294,7
22525,7
4162,7
64809,7
60875,8
64807,8
10435,7
13899,7
24636,7
24637,8
65315,7
65317,6
65310,6
65311,7
65313,7
2230,8
2237,8
3497,7
4572,7
13407,7
13406,6
13409,7
4579,7
2189,7
4605,6
11669,7
24965,7
24967,7
24969,6
27921,7
27920,7
27923,6
27925,7
27924,8
27927,7
62929,6
27928,7
62924,6
62925,6
62922,6
62923,7
62921,7
25216,7
25212,7
64371,6
64370,7
64373,6
64375,7
5742,7
7368,7
7369,7
7366,7
12317,8
11935,8
11934,7
11930,7
30179,7
30177,7
30175,7
30172,7
12915,7
30170,7
7022,7
107631,7
9004,6
10221,7
24037,7
61724,7
24032,6
21519,6
62694,7
62697,7
62690,7
62691,6
112473,7
62698,6
64007,6
30718,7
9831,7
115121,7
30710,7
30714,7
7799,6
7798,6
24353,7
24352,6
24350,6
24356,6
1038,6
1034,7
23113,6
4372,7
4371,6
4374,7
14549,6
11060,6
28265,8
11062,7
11065,8
14547,8
28260,7
15490,7
8666,6
8669,7
4083,6
114523,7
13794,8
4087,7
13799,7
13798,7
31449,7
31448,7
66590,6
66599,7
19137,7
5723,7
5721,8
5726,7
61444,7
61646,7
61644,7
61314,7
61114,6
61640,7
61641,7
60990,7
60993,7
60992,8
60994,7
61113,6
23820,7
11499,6
23355,7
28848,7
8084,7
8087,7
65812,7
65810,7
25170,7
25173,7
16563,7
29496,7
12679,6
6649,6
12674,7
12677,7
10813,8
10810,7
10816,7
10819,6
63644,6
63640,6
63641,6
63643,6
7809,6
63648,7
65765,7
65764,7
65766,7
65761,8
64950,6
28966,7
65768,7
61868,6
64480,7
61860,7
61866,7
26247,6
2393,6
2390,7
64145,7
63422,6
21218,7
21217,7
3840,6
63410,8
2176,7
2175,8
4961,7
28018,6
3265,7
5129,7
62591,7
62590,6
5125,7
61880,7
5121,6
62599,7
29547,7
28010,6
112880,7
113609,7
13235,7
14221,6
14954,7
14225,6
14227,6
28543,7
28016,6
22823,7
20035,7
6886,8
6882,7
15799,7
15798,7
29411,7
29414,9
4273,7
1209,6
1203,7
109338,7
30818,6
8272,7
29677,7
26884,7
29675,7
29672,7
31636,6
114957,7
31634,7
31143,7
31144,6
31147,7
6669,7
8417,8
8414,7
7585,7
9804,6
7582,6
66452,6
66101,8
66450,8
66451,7
66454,8
66455,7
66108,7
66459,7
22507,7
61108,7
65158,8
61105,7
65155,7
61102,6
4145,7
3855,7
3851,7
24651,8
24655,7
22765,7
65376,7
31858,6
114777,7
31854,7
10519,7
5918,7
63252,6
63603,7
64689,7
64688,7
13427,7
64680,7
13423,7
4553,7
64687,7
29353,7
11684,7
11687,7
11682,6
65484,6
24900,7
65482,6
24908,7
24909,7
65488,7
65489,7
64357,6
64356,7
64353,7
64351,7
27908,7
27906,7
27903,7
25236,7
25234,6
16797,7
16795,7
16790,7
16791,7
6078,6
2616,7
2615,7
20488,8
30836,6
7346,7
65236,7
7345,7
7343,7
7341,7
10026,7
10795,7
10791,7
10793,7
21686,6
21684,7
21685,7
12338,7
12334,7
12337,6
12331,6
29088,7
29081,7
29082,6
29085,7
10244,8
18680,7
22882,7
29883,6
28942,7
24334,6
24338,7
2942,8
2940,7
5357,6
1056,7
5421,7
30151,6
30152,7
31285,7
5420,8
31289,7
28940,7
14565,7
14563,7
24489,6
11040,7
6550,7
24484,7
24483,6
14569,8
106847,7
3116,7
3114,7
3111,6
62019,7
30732,8
8648,7
30738,7
31462,7
31460,6
31467,7
31465,7
31464,7
23592,7
11300,7
11301,6
11302,6
11304,8
64433,7
61664,8
61665,7
61662,6
61669,6
25823,7
25821,7
25828,7
66716,7
66713,7
27914,7
28828,8
29757,7
28822,6
61592,7
12537,7
61590,7
61591,6
61596,7
12533,6
61594,7
61595,7
117018,7
117019,7
12658,6
6661,7
12655,7
10877,7
63990,7
16890,7
63621,6
16895,7
63627,8
63996,7
16896,7
63998,7
61840,7
65740,6
65749,7
65748,7
64168,7
64160,7
64161,7
64162,7
64163,7
64165,7
64166,7
21237,7
63199,7
21235,10
21233,8
21232,7
63192,7
63194,6
63195,7
63196,7
21238,7
1877,8
1875,7
1878,7
4941,7
2111,6
2113,6
14022,7
14027,7
1919,6
5109,6
17052,7
3288,7
4556,7
62571,7
3282,6
17059,7
14325,7
13219,6
10499,7
10498,6
10497,6
18238,7
14978,7
14790,7
14791,6
14793,7
14794,7
14796,7
18234,7
13704,7
62710,7
62712,7
62715,7
20548,7
62716,6
113489,7
15101,7
112752,7
9880,7
6865,7
6867,7
29357,7
17055,7
8257,6
8250,6
8253,6
1260,7
1266,7
8789,7
30833,7
8782,6
30837,7
1913,7
30835,6
31614,7
30352,7
9589,7
29698,7
7617,6
29690,7
29693,7
29692,6
62572,8
8431,7
8434,6
8439,6
30358,7
12775,7
6127,7
6121,7
66476,7
66477,6
61439,6
61129,7
61430,7
61121,8
61120,7
61435,7
61436,7
12597,8
24670,7
24671,6
4128,7
24675,6
24678,7
4121,7
4199,7
4127,7
4124,7
28125,7
5686,8
28120,7
4194,6
4193,6
4191,8
11514,6
11511,6
11513,7
65175,7
65177,7
65170,7
5973,7
5977,7
5976,7
17209,8
17208,7
17202,7
25783,6
25781,7
25786,7
25789,7
25031,8
25030,7
25033,8
65350,7
65355,8
24920,7
24922,7
24923,7
24925,6
24926,7
64402,7
2581,7
64404,7
64409,7
64408,6
2589,7
10950,7
64861,7
64711,7
6054,7
6053,6
10004,7
10005,7
10006,8
10000,6
10002,7
10008,7
9599,7
20019,7
9225,6
9224,7
9590,6
62962,7
62960,7
62966,7
62967,7
62965,7
12352,7
12356,6
113832,7
9048,7
63388,7
63385,8
63384,7
63386,6
63381,7
2965,7
2960,7
29868,6
5847,7
29867,7
29864,7
24982,7
64552,7
24318,7
24317,6
24316,7
24315,7
24313,6
24312,7
62382,7
1078,7
1076,7
5374,7
5377,6
1075,7
1072,7
30130,6
30131,7
30137,7
13003,7
61795,7
30138,6
65051,6
10286,7
4335,7
4331,7
3130,6
14581,7
3138,7
14583,7
20204,6
20202,7
62036,7
62037,7
31403,7
5768,6
23577,7
5764,7
5763,6
61603,7
61600,8
61601,7
61606,6
61608,7
25808,7
25804,7
25806,6
25807,7
25801,7
66731,7
1627,7
6435,7
5408,6
12518,7
12519,7
12515,7
12516,7
12441,7
7422,7
7420,6
12631,6
12635,7
12634,7
12637,7
12636,7
6608,7
10857,7
10855,6
6733,6
60958,7
110442,7
60955,6
60954,7
60951,7
60950,6
60953,7
60952,7
62395,7
19537,7
63600,7
63601,7
63602,7
19538,7
63972,7
63605,8
63606,6
63607,7
12189,7
12187,8
12183,7
65724,7
12181,7
12180,7
28884,7
2351,7
61987,7
17694,7
3736,7
3735,7
3734,6
1891,7
2136,7
4690,6
4926,7
2130,6
4699,7
2138,6
11727,6
11722,7
11720,7
11721,8
11728,6
11729,7
5161,6
5165,6
5166,7
5169,6
14002,7
14003,7
14005,6
14007,6
62559,7
20783,7
63451,7
17079,7
17074,7
17076,7
62550,6
17070,7
17072,7
17073,7
2783,8
9698,7
9699,6
9692,7
9693,6
62737,7
62735,7
62733,8
62732,7
62730,7
14913,7
62739,8
62738,7
1794,7
6848,8
6841,7
12156,7
6844,8
6845,7
10609,6
29329,7
29459,8
29457,7
29453,7
29323,7
30675,6
30674,7
30676,6
30855,7
30854,7
30857,7
8234,7
11058,7
30832,7
31672,7
31673,6
65580,6
31674,7
31675,7
7632,7
8787,7
31679,6
7636,7
7637,7
7635,7
112774,7
8785,7
112778,8
9841,7
9846,7
9849,6
63454,7
13514,7
1240,6
1533,8
1244,7
1246,7
28326,7
23146,7
28496,7
28497,7
28490,7
28323,6
28320,6
63102,7
27981,6
22543,6
22544,7
22546,7
22231,7
31097,8
4103,8
31095,7
4105,7
31093,7
4108,6
31099,7
24699,7
63459,7
24691,7
28149,7
9643,6
3892,8
28146,7
28147,6
28145,6
31894,7
31895,7
117298,7
11538,7
13509,6
5959,7
11531,7
11537,7
11535,6
61417,6
61140,7
61143,6
61142,8
61413,7
61411,7
61146,9
61419,6
61418,7
64645,7
64644,6
64640,7
4611,6
25399,6
25013,7
25017,7
25016,7
25276,6
25274,7
25271,7
64392,7
64462,6
64397,7
25279,7
6039,8
17262,7
17266,7
17269,7
6036,7
6035,6
6034,7
10063,6
3370,7
9203,7
63018,7
63013,7
12377,8
12378,6
12379,7
62948,8
9061,7
9063,7
113364,6
113367,7
9069,7
14386,7
3562,6
112187,7
112185,7
112184,7
13397,7
20993,7
2903,8
64011,7
2909,7
2908,7
64542,7
14616,7
64015,6
20194,7
20191,7
20192,7
5313,7
13027,7
13025,7
30445,7
30442,7
30115,7
30117,6
31791,7
31790,7
31241,7
31240,8
31794,6
3153,8
112092,7
3157,8
3156,7
1982,7
28795,7
3158,7
28791,7
11084,7
62057,7
62753,6
66281,7
66286,7
23553,6
66530,6
23088,8
23080,7
23084,7
61624,7
61627,7
29156,7
29152,8
29150,6
29151,7
25860,7
61433,7
25864,7
26064,7
8571,6
8573,7
8579,6
12578,7
15253,6
12570,8
12571,7
12576,8
12575,7
31427,7
7409,7
7406,8
7401,6
61088,7
22681,7
6626,7
12615,7
61087,6
60979,7
24731,6
60973,6
60970,7
12460,7
60975,7
61885,7
65705,7
29955,7
65703,7
65702,7
65701,8
65700,7
19552,7
19557,7
65708,7
13625,6
13623,8
2337,7
14257,6
25480,8
61960,7
4679,7
4678,7
4900,7
4675,8
4674,7
13562,6
13561,7
63955,7
63956,7
63951,7
63952,7
63953,7
11700,7
63959,7
62535,7
29001,6
5142,7
62274,7
64075,7
17016,7
64079,7
15354,7
7955,7
5680,6
63482,8
63483,7
63481,6
63486,7
63489,7
28577,7
62285,7
62284,6
62280,7
16550,7
5422,7
22832,7
7241,6
17168,7
6821,7
6825,7
6829,6
30265,7
10541,6
10540,6
10543,7
10549,7
63225,8
8186,7
63229,7
14282,7
8816,6
14934,7
8811,7
8810,7
14938,7
18276,6
8819,6
8818,7
8219,6
30651,7
15089,7
15087,6
8210,8
8745,7
15084,7
8215,7
8214,6
109826,7
30870,7
7658,7
31651,7
6492,7
31131,7
4241,8
9867,7
11147,7
14424,7
14425,6
28300,7
28303,6
24503,7
24500,7
1518,6
28168,7
5978,8
110039,7
11550,7
11555,7
11554,7
11559,7
11558,7
65179,7
61167,7
63244,7
65134,7
65135,8
64669,6
25075,7
25076,7
64663,7
65399,7
63966,6
25296,7
14990,7
30087,7
6010,7
6012,8
6019,7
64769,7
116791,7
17248,7
17245,7
17243,7
17240,7
10735,6
10044,6
10733,7
63038,7
63030,7
12396,7
12397,7
12395,6
12392,6
12390,8
64915,7
64914,7
26015,7
26012,7
26013,7
26010,6
26011,7
64919,6
64918,7
26018,7
26019,7
8390,6
113301,6
9083,7
21598,7
65024,7
64765,7
3500,7
3502,7
3504,7
3505,7
2677,7
2929,8
5331,7
5330,7
14639,7
14638,7
5334,6
5336,7
112965,7
5338,6
112966,7
30467,7
30461,7
30463,7
13049,7
13041,7
13046,6
18040,7
18044,7
30887,7
18049,7
18739,7
3178,7
62073,7
3171,7
3170,7
3172,8
30797,7
29822,7
29823,7
29793,7
29826,7
29824,7
29829,7
1164,7
66518,7
1161,7
25844,7
25845,7
25848,7
31223,6
31224,8
29174,7
29176,6
28756,6
28979,6
1712,7
109641,7
27199,7
12804,7
12805,7
15274,7
8009,7
65899,6
12801,7
65897,7
65896,8
65895,7
65894,7
8000,7
8001,8
8003,7
28206,7
7469,7
110624,7
7466,6
19713,7
22668,7
2917,6
111534,7
111530,7
60911,7
10899,7
60914,6
60916,7
10894,7
24712,7
24710,7
24717,6
24716,7
110480,8
65273,7
65270,7
65275,7
65279,7
20782,8
13602,7
13600,7
4736,6
4737,7
13608,7
2312,7
5851,6
5852,8
3773,7
3776,6
3779,8
13542,7
63930,6
63934,7
19570,7
7881,8
63938,7
63939,7
17030,7
17035,7
62519,7
62516,7
62515,7
62513,7
62511,7
64054,6
64055,7
64056,7
28414,7
21291,7
28410,7
10386,7
5116,7
10382,8
10380,7
16924,7
7268,7
7267,7
16929,7
7260,7
12234,7
6206,6
12236,8
12233,7
12239,7
12238,7
6809,7
6802,6
6803,7
15711,7
29360,7
10567,7
9742,6
29366,6
9748,8
21435,7
24157,7
63207,7
63200,7
63201,7
63203,7
18928,6
112552,7
8832,7
30639,6
111059,7
30328,7
17065,7
30632,7
30326,8
30325,7
7679,7
7672,7
62564,7
17120,7
1755,6
24522,7
1281,6
11169,7
1283,8
14405,6
11161,7
11162,6
14403,7
109842,7
109840,7
8762,6
1573,6
109849,7
1577,7
13830,6
13831,7
2818,6
13839,7
30016,7
5626,7
28184,7
28185,7
28182,7
5621,6
8493,7
13870,7
8497,7
60850,7
4182,7
28987,8
23276,7
28983,7
28981,7
4186,6
11573,6
28989,7
25059,7
25056,6
25726,7
25053,6
25720,6
64389,7
6781,7
10266,6
6788,7
16718,7
16716,7
19965,7
16714,7
19962,6
16243,7
22496,7
64602,7
64606,6
63051,7
9248,6
63053,6
63052,7
63054,7
63057,7
9538,6
63059,7
9245,7
65515,6
24898,7
24890,8
65519,7
3691,7
64931,8
26038,8
64936,8
64934,7
26034,7
64939,7
26037,8
24096,6
24093,7
24099,7
29338,7
24291,6
14650,7
14652,8
14655,7
62897,6
62895,7
62898,7
13067,6
30403,7
13065,7
13062,8
61776,6
27816,7
27810,7
27540,7
27818,7
29803,7
29806,6
1148,7
23045,8
31755,7
7192,7
31757,7
31204,7
31751,7
7196,6
29114,7
31752,8
109186,6
109185,7
15312,7
8539,7
8028,6
12828,7
15299,7
8530,7
12825,6
15294,7
12827,7
12820,7
12821,7
8536,7
15291,7
15315,8
7447,7
7448,7
12474,6
8184,7
30948,7
65074,7
65072,7
22398,8
22392,6
13990,6
60939,7
60938,7
60936,7
60935,7
26557,7
60932,7
60931,6
24779,6
28641,8
28642,7
24771,7
28648,7
24776,6
61229,7
29463,7
61227,7
65215,7
65217,7
5379,8
4758,7
4759,7
5870,7
5877,8
208467,7
5878,7
11291,7
11296,8
11297,7
3756,7
2193,7
13526,7
13525,7
11747,7
11748,7
63918,7
63919,6
63915,7
63917,7
20893,7
64038,6
60798,7
64030,7
60797,7
60796,7
6194,8
6196,6
6193,6
29705,7
2735,7
2731,7
20097,7
9186,7
14414,7
9180,6
10364,7
10361,8
7208,7
7203,7
7205,7
6223,7
12210,7
6226,7
12216,7
12215,7
12214,8
15848,6
9761,6
29347,7
29346,6
29345,6
29344,7
29342,7
10507,7
29340,7
63268,7
24170,7
24179,7
12124,7
8859,6
8858,7
10631,7
8852,7
8850,6
1773,6
13318,7
106820,7
11942,6
24543,6
108111,7
24547,7
24544,7
24545,6
62135,7
28349,7
62137,7
62133,7
63111,7
14462,7
14463,6
3036,7
28435,7
14466,7
28433,6
3033,8
30617,7
30614,8
30613,7
30612,7
30611,8
30619,6
30618,8
31567,7
31564,7
31563,7
31560,6
17724,7
5606,7
5600,7
5608,7
111961,8
63448,8
111968,7
110568,7
110566,8
110562,7
110560,8
23252,6
23701,7
23700,7
6424,7
15337,7
15331,7
12450,6
109247,7
30969,7
22250,7
22255,7
6768,6
6765,7
115918,7
16736,7
16733,7
16739,7
65680,7
65681,7
16227,7
64626,7
64621,7
64620,7
63077,7
63073,7
63070,7
61276,7
64489,7
2508,6
2507,7
64482,7
26050,8
2504,7
64486,7
64485,7
64956,7
15185,7
22829,6
5047,7
5046,7
5043,7
10770,8
9511,7
10777,6
116609,7
14853,7
14854,7
62304,6
62302,7
62300,7
30420,7
30423,7
5181,6
3203,7
28337,7
29755,7
29756,6
10195,7
29751,7
10190,6
10198,6
29288,8
29282,7
1259,7
29287,7
29284,7
1121,7
28805,7
25880,6
15106,7
30281,7
30283,7
29131,7
29133,7
29134,7
3650,7
31778,7
31775,7
8514,7
8515,8
8512,7
8045,7
12592,7
12593,7
8049,7
12598,7
2521,8
12840,7
12845,6
31483,7
31489,7
31488,7
23067,7
23062,7
24285,7
24287,7
61798,7
61028,7
61027,8
111579,7
65056,7
61793,6
24757,7
24755,6
24752,7
24751,7
24750,7
24758,8
28668,6
28881,7
61242,7
61246,7
61247,6
13646,6
13645,7
4771,6
13649,7
5818,7
19024,7
17348,7
17341,7
25390,7
25391,7
25396,7
13500,6
13501,6
13503,6
13505,7
23934,7
65945,7
65944,7
65949,7
65948,7
64546,7
64547,7
64014,8
64543,7
64016,7
64017,7
64019,8
64549,7
25579,8
25570,7
25571,7
25572,7
25573,7
16694,7
16698,7
2710,7
10349,7
7951,6
7228,7
10692,7
9161,6
10345,7
11770,7
9173,6
63791,7
63797,8
6241,6
6242,7
9170,7
12274,7
12277,6
10520,6
63242,6
63535,8
63532,6
63246,7
63531,7
25180,7
14993,8
8873,7
8872,8
24110,7
24113,6
24114,8
110045,7
8162,7
15442,7
5252,7
5253,7
5250,7
5254,6
14192,7
13940,6
17082,7
15824,7
14336,7
11124,7
28411,7
14446,7
12263,7
62117,7
23790,8
3013,6
3011,7
3016,8
3015,7
28691,8
30368,7
30361,8
4189,7
31548,7
31549,7
31016,6
31015,8
110760,8
31011,7
5667,7
113272,7
30448,7
66056,7
65107,7
66050,6
11807,7
66059,7
23724,6
6403,7
12471,7
15317,6
15316,7
30945,6
61498,6
61496,7
61494,7
9719,7
61490,7
63500,7
7761,6
7762,7
64200,7
3905,7
6745,7
6744,8
6743,7
6742,7
6748,7
63976,7
63977,7
9954,8
63974,7
9952,6
16752,7
16750,7
16751,8
16754,7
63604,8
12046,7
12047,7
12044,7
25761,6
25760,7
25762,8
25767,6
8880,7
65552,6
65553,7
65550,7
65556,7
65554,7
26072,7
26074,7
26077,7
26078,7
65725,7
64979,7
11465,6
8387,7
11462,6
5066,7
5061,7
5063,7
8382,8
17151,7
17150,7
17405,7
4090,6
25186,6
25181,7
4409,7
25183,7
25182,7
13315,7
13316,8
13311,7
10751,7
10757,7
62327,6
62320,8
62321,7
5395,8
11803,7
14830,7
14832,6
62328,7
14834,8
11805,7
14836,7
64205,7
64206,7
64201,8
20118,7
64209,7
27855,8
27856,8
9397,7
29733,7
29731,7
29736,6
29734,8
9398,6
27761,7
15126,7
31716,7
7154,6
7153,7
7152,7
30006,6
30007,7
30005,8
7692,7
8068,7
12868,6
8067,7
8062,7
30008,10
30009,7
28216,7
7486,6
7481,7
9393,7
2897,6
2891,7
23002,7
1104,7
23006,7
28742,6
28064,8
111591,6
22601,7
13873,6
28608,6
28600,7
28603,7
28602,6
13580,7
114418,7
4790,7
5831,7
11257,7
61004,7
65033,7
65034,8
64780,7
64782,7
64786,7
112971,7
25376,7
25375,7
65961,7
61263,7
65967,7
65788,7
65787,7
65785,8
64568,7
64560,7
64563,7
25514,7
12789,7
12788,6
17366,7
12785,7
10321,7
2771,6
3002,7
4894,7
16417,6
9142,7
7974,7
7977,7
16419,7
7970,7
16948,7
6266,6
12256,7
12253,7
12252,7
12250,7
6268,6
21186,7
17095,7
9726,8
9724,7
9728,8
63518,7
22980,7
3465,7
3461,7
8898,7
8892,7
62107,7
62101,7
62553,7
5234,6
5237,6
13124,6
13125,7
62555,7
15802,7
13128,7
15800,8
18329,7
3071,7
28471,7
28476,8
28477,7
28474,7
3078,7
14310,7
14311,8
62170,7
2402,7
12711,7
12717,7
66691,7
31528,7
66695,7
66696,7
66698,7
31520,7
31521,7
31525,7
5643,7
29075,7
29074,6
29070,6
29073,7
31022,6
28296,7
28295,7
28291,7
66077,7
66070,7
66073,7
8060,8
12418,7
12410,8
30925,7
6465,6
12417,7
31037,7
7745,6
31038,7
14918,7
6722,8
8304,6
65866,6
9932,7
110529,7
9937,7
16778,7
16775,7
16777,7
12068,7
6091,7
12065,7
6097,7
6096,7
64840,7
25749,6
25748,6
25747,7
25746,7
25745,7
65570,7
61730,6
65574,7
65576,6
65577,7
65578,7
24837,8
21663,7
24832,7
21667,8
3673,8
2547,7
64994,8
2549,7
64996,7
64991,7
23000,7
64993,6
116680,7
11440,7
11446,7
3580,6
3581,7
3584,7
17138,7
64197,7
64192,7
17131,7
17130,7
17132,7
64198,7
17137,6
17136,7
13339,6
4423,7
4424,7
12212,7
9555,7
62346,7
66061,7
64223,7
20134,8
27875,7
27873,6
27879,7
63161,7
63162,7
29246,7
29717,7
11861,7
14815,7
11867,6
14810,8
15142,7
109929,7
109925,7
109926,7
109920,7
7171,6
7179,7
31739,7
31738,8
31737,7
65438,7
31734,7
112033,7
112030,6
1690,7
112034,7
64999,7
30029,7
115566,7
30025,7
12883,6
30023,7
61791,7
66263,7
66265,7
66269,7
1474,7
28591,7
28590,7
1478,7
12466,7
28597,6
12467,7
61484,7
31193,7
4228,8
31195,8
31194,7
4225,7
4222,7
4223,6
28624,7
28623,7
28622,7
28620,7
24797,8
28629,7
5589,7
66487,7
11271,7
13680,7
11278,7
13686,7
19069,7
28340,6
7850,7
61062,7
61060,7
61061,7
61065,7
65016,8
61068,7
65014,7
65013,8
65011,7
60883,7
25355,7
25356,7
25357,6
60887,7
25351,7
30946,7
19486,7
64766,7
60888,7
64763,8
64760,7
25688,7
25683,7
25680,7
25681,7
25686,7
23973,6
23976,7
22086,7
65901,7
61285,7
65905,8
65904,7
65907,7
64508,7
64509,7
2282,6
13011,7
2285,7
10905,8
10906,6
10903,8
10902,7
10909,7
9120,7
8233,7
9125,7
10306,7
10305,7
10656,6
10301,6
16437,8
63758,7
7912,7
7911,7
13442,7
7917,7
6288,6
6282,7
31276,7
7985,6
63281,7
63283,8
63288,7
29706,7
21300,7
63572,7
11259,6
2025,7
2751,6
2028,7
2029,7
5216,6
5215,7
5210,6
5211,7
14150,7
65031,7
62481,7
10407,6
62487,7
4800,7
13102,7
18307,7
18654,7
14489,6
14378,7
62626,7
62152,8
28450,6
3054,7
3055,7
17863,7
4802,6
66673,7
29052,6
29055,7
29507,7
23769,6
23768,7
23767,7
66013,6
28904,7
66016,7
28900,7
1318,7
15424,6
12434,7
12433,8
12430,7
15359,7
15358,8
105936,6
31501,7
31502,7
31051,7
31504,7
110724,7
110729,7
110728,7
7723,7
3949,7
3946,7
6701,6
6707,7
9916,7
9919,7
24474,7
24475,7
24473,7
6081,7
61544,7
61547,7
61546,7
61541,7
61540,7
22144,8
22140,7
4054,6
4052,7
4051,7
13741,8
4058,7
3612,6
3615,6
3617,7
3618,6
3619,7
65592,6
65593,8
65590,6
65591,6
2561,7
2562,7
11424,6
17115,7
17114,7
17110,7
5020,7
61414,7
5027,7
13351,7
13353,7
13354,7
4448,7
24810,7
24813,7
62368,7
62819,7
20158,7
62814,7
62363,8
62366,7
62811,6
3093,6
27895,8
27894,7
27896,7
27891,7
29264,6
29265,7
29266,7
29262,7
28495,7
29268,6
63140,8
63147,7
28322,7
8912,6
1539,7
18826,6
8918,7
11842,7
30598,7
30599,7
15160,7
30595,7
30225,7
30222,7
30220,6
30593,7
7117,7
7116,7
18797,7
1678,7
66725,7
1677,7
64963,7
29992,7
64964,8
29996,7
29997,6
28020,7
28022,7
1418,7
1410,6
1411,7
26431,7
13913,7
4201,7
13916,7
13914,7
5568,7
5569,6
5564,6
5567,7
5560,7
7759,8
111627,7
12568,7
31319,7
11213,8
11218,7
28494,6
19049,7
14271,6
61048,7
61739,7
27792,7
27793,7
27790,7
61735,6
61732,7
61733,6
27794,7
61731,7
25334,6
25338,6
25339,7
23950,7
23953,7
23955,6
65927,7
65290,6
65923,8
65922,7
65921,8
65928,7
17025,7
16637,7
16188,6
16630,7
6115,7
6116,7
6110,8
12742,7
10921,8
64741,8
17322,7
3895,6
63775,7
7281,6
7932,7
7935,7
63771,6
63772,8
7936,7
7938,8
10676,7
65434,7
65436,9
65430,6
21144,6
16981,6
16986,7
16985,7
16456,6
64528,8
121053,7
63804,7
63803,7
63556,6
63559,7
63809,7
30536,8
22946,7
24486,7
21496,8
3429,7
3422,7
3424,6
2002,6
2006,7
2007,7
2005,7
4585,6
2008,7
12482,7
14170,7
61095,6
14172,7
12625,7
12480,7
61918,7
11982,7
11985,8
6618,6
30750,7
12485,7
10581,6
10580,7
13169,8
10585,7
10588,7
13161,6
13166,7
11183,7
11185,7
14359,7
112178,7
112179,7
62602,7
62601,8
30759,7
30697,7
30696,7
30694,7
30692,7
1082,7
66381,7
66386,8
66648,7
29038,6
29528,7
29033,7
29032,7
29526,7
61147,7
1334,7
61410,7
1331,7
6932,7
6936,7
1902,7
8128,7
8694,7
15409,8
8123,6
8692,6
7700,7
66654,7
66655,7
66656,7
66657,7
114829,7
66658,8
61382,7
61381,7
61380,7
61389,7
61388,7
8348,7
31591,7
8341,7
24398,7
28924,6
66031,7
66032,7
66034,7
63942,7
61563,6
61562,7
61561,7
61560,7
61567,6
61566,7
61565,7
61564,8
65607,8
65604,7
61568,8
22122,7
22121,7
4078,7
13765,7
4077,7
13760,8
4072,6
3964,6
3962,7
5791,7
3969,7
3639,6
3637,7
26000,7
11407,7
114648,7
11403,7
61122,6
22059,7
106368,6
25475,8
13379,8
13378,7
4467,7
13375,7
4462,7
4460,7
13370,6
113036,6
24870,7
24877,7
24878,7
24879,7
64267,7
64262,7
16844,7
16845,7
16843,7
6326,7
12173,7
12171,6
12178,8
9667,7
29206,7
10115,7
10441,6
10443,7
21776,7
21777,8
63120,7
63123,7
63122,8
63127,7
63126,7
62836,7
62832,7
62833,8
8972,7
8974,8
8975,7
7139,6
7138,6
64398,7
7133,8
7132,6
7137,7
1659,6
1650,6
1651,7
1655,6
24203,7
24205,7
24204,6
3391,8
3393,7
5404,6
3394,8
28009,8
28008,7
3399,7
1380,7
28556,6
28003,7
1439,7
30205,7
30206,7
1382,7
30203,7
30209,7
114346,7
13976,7
29702,8
18110,7
28118,6
5549,6
3821,6
5543,7
5545,7
111864,7
30067,6
30068,7
8595,8
111869,6
111868,7
11238,6
11234,7
11236,7
61717,7
61711,7
61712,7
61719,7
25916,7
25915,7
22338,6
25918,7
25318,7
25311,6
25644,6
25313,7
25314,7
25640,6
25641,7
4911,7
23420,7
115831,7
2999,6
9890,7
9898,7
9899,7
1594,6
12762,7
6130,6
6136,6
64891,6
64726,7
64727,7
64896,7
64898,7
64899,7
10946,7
16477,7
63716,7
1593,7
9472,7
9473,6
16478,7
65413,7
61971,8
65417,6
65416,7
61976,7
21163,6
65419,8
24997,8
24996,7
64099,7
2246,7
64096,8
24191,7
24190,7
24195,7
24197,7
24198,8
63826,7
63827,7
63821,7
63822,7
31150,8
3407,6
3409,6
4878,8
13498,7
10615,7
10614,7
2060,7
2061,6
2797,7
14113,7
14111,6
14114,7
108970,7
62990,8
62447,7
62446,8
62441,7
13142,7
13149,7
9783,7
9786,8
112401,8
62669,7
14292,6
62192,6
62662,7
62667,6
62666,7
12726,7
12964,7
8213,8
29015,6
29542,7
7092,7
29011,6
65184,6
31522,7
8105,7
1359,7
8109,6
1356,7
9406,7
4885,7
66630,7
66631,7
66636,7
66634,7
8363,6
8365,7
111321,7
61364,7
113362,6
61531,7
110588,6
28766,7
3185,7
24438,7
28765,6
28947,7
28944,6
24432,7
24430,7
24436,7
28769,6
61509,7
61508,7
61500,7
61502,7
61507,7
13709,7
13700,7
4016,6
11399,7
19433,7
19431,6
19438,6
19439,8
3980,6
110326,7
110320,7
1447,7
23852,9
23858,7
65624,8
65621,7
65622,7
16284,6
65629,7
1117,7
64102,8
25108,6
24858,7
24850,8
24852,7
24853,7
24856,7
24857,7
64284,7
64281,6
64280,6
64283,7
64282,7
7875,6
7873,6
7878,7
16860,6
16861,7
6308,7
8050,7
6304,7
6307,6
6301,6
63455,7
63106,7
63456,7
9649,7
63450,7
9319,7
63100,7
10422,6
10420,7
29223,7
10426,7
63458,7
63109,7
112366,7
21757,7
8958,7
62852,7
62850,7
62854,8
62855,6
62859,7
26905,7
26900,7
113419,7
112090,7
3216,7
1633,7
1634,6
1635,7
1981,6
3218,8
1988,7
2817,6
2811,7
2812,6
29954,7
29487,7
29952,7
29953,7
29950,7
29483,7
18284,7
14256,7
14250,7
14253,7
14252,6
24225,8
24224,7
24223,7
24222,7
24220,7
28579,7
28573,7
3375,6
3373,7
1183,7
28574,7
30263,6
30260,8
30261,7
6461,7
30268,7
31683,7
31687,7
31686,7
31689,7
31136,7
4242,7
30924,7
5520,7
5523,6
5526,7
7741,7
30088,7
30086,7
111662,6
30084,6
31352,8
31354,6
23195,6
23196,7
23197,7
23622,7
6547,7
16837,7
30884,6
6543,6
61777,7
61774,7
61775,6
27756,7
27755,7
30888,7
6548,6
25937,7
115812,6
12436,7
14290,7
7515,6
18241,6
7510,6
16671,7
16675,7
16674,7
16679,6
6152,7
12702,8
61192,7
6158,9
6159,8
2991,7
13028,6
64708,7
25665,7
25662,7
60825,8
60823,7
60822,7
63739,7
21107,7
15521,6
63731,7
13453,7
22717,7
61999,6
61996,8
65472,6
65474,6
65477,7
8759,7
30660,8
2269,8
2267,7
63848,6
6588,8
8750,6
63847,7
30669,6
2044,7
4819,7
5826,7
2049,6
9411,6
11615,7
10639,6
11618,7
11948,6
14130,6
14131,7
14133,7
14134,7
11940,6
11941,6
27991,6
27996,7
27997,7
27998,6
62465,7
65022,7
63594,7
63596,7
63593,7
62646,7
62642,7
62640,7
62649,7
62648,7
20417,7
10092,8
10097,7
10096,6
13183,7
12947,7
12945,7
7070,7
29561,7
13189,6
14395,8
14398,7
14399,7
8163,7
15446,7
15443,7
30740,7
12497,7
30742,7
64772,7
66610,7
6475,7
66616,7
66617,7
61349,7
8388,7
61691,7
61690,9
61340,7
61694,6
25340,7
24414,7
24415,7
4383,7
24419,6
4381,7
14370,7
1372,7
28749,7
28744,7
28217,6
28214,7
28740,8
23291,7
28967,7
4036,6
26360,6
11376,7
11371,7
11372,7
19415,7
30861,7
23872,8
23871,7
23877,7
61527,8
65640,6
61523,7
65861,7
65869,7
64115,8
64117,7
64112,7
25431,6
25430,8
25433,7
25434,6
25124,6
61296,7
65795,8
65973,7
7852,6
7853,6
63695,7
63694,8
63693,7
63690,6
63698,7
61836,7
61831,8
61832,7
16802,6
61839,7
16807,7
12138,7
12139,7
28325,6
6362,7
12136,6
10150,6
10156,7
10405,6
9332,7
10159,7
9338,8
63470,6
63475,7
63474,8
63478,7
14898,7
14897,7
14895,6
21731,7
14891,7
62879,7
62870,8
3082,7
62874,7
1974,7
113439,7
66689,7
3230,7
3231,7
1968,7
1969,7
1618,7
1619,7
3238,7
1613,6
1611,9
2872,7
2870,8
3354,7
28513,7
28512,7
28518,6
3358,7
20064,7
5442,7
30248,8
8577,7
30539,6
30240,7
30534,7
64997,7
30530,7
30247,8
114303,7
18152,6
62069,7
5505,6
5503,7
29979,6
23605,7
66151,7
23600,7
66155,7
66404,7
66403,7
27776,7
27771,6
27773,6
61758,6
61759,7
6565,7
61752,6
61753,7
61755,6
61757,7
29606,7
29607,6
7685,7
28501,6
7683,7
7682,7
29600,7
29601,6
25950,6
25956,7
29608,7
29609,7
10332,6
3824,6
23466,7
3820,7
8440,7
65988,6
109079,7
115873,7
115876,7
31423,7
7537,7
7536,8
19355,7
16650,7
6178,7
65180,8
12725,7
12722,7
6171,7
64857,7
64850,7
64851,7
64853,7
10984,6
10981,6
64859,7
10983,6
24607,7
60802,7
60801,7
60800,6
24608,7
65456,7
24958,8
65322,7
24955,7
24954,7
65459,9
63744,7
64583,7
2204,7
64584,7
63741,8
64589,7
11584,6
11580,6
61923,7
4839,7
4830,6
4523,5
4834,6
4520,6
7993,7
7991,7
7995,7
13332,8
11636,6
62401,7
62400,7
62406,6
5295,6
13184,7
64327,7
13187,6
64322,7
64323,7
64320,7
64321,7
27973,8
64329,7
30764,7
6994,6
63863,7
63866,7
63869,6
9293,7
7331,7
9298,6
9299,7
18439,7
30187,7
30185,7
12924,7
30181,7
12926,6
30188,7
10215,6
10211,7
10213,7
63313,7
61153,7
63318,7
61151,7
112111,7
13822,6
8148,6
30760,7
6998,6
30989,6
24381,8
8637,8
6995,7
61407,7
8633,7
66366,7
65126,6
66360,7
66365,7
24382,7
66367,6
24384,8
24386,7
60977,7
66368,7
31586,7
31587,6
24389,8
65706,7
111490,7
111492,8
9999,6
65251,6
66091,7
66096,7
28231,8
29900,6
65252,7
11038,7
125034,7
28728,7
1397,6
1393,7
65709,7
11351,8
61321,6
61320,6
61322,8
61325,7
61326,7
5476,7
23819,7
23811,7
23810,8
23812,7
65669,7
65844,7
15092,6
65841,7
65667,7
25140,7
64130,7
64136,7
64135,7
14001,8
6694,8
2439,7
2437,7
2436,6
2435,7
4719,7
16821,6
63679,7
63678,7
16827,7
16828,7
16829,7
63676,8
7835,7
7837,7
12110,6
12111,7
61811,7
6347,7
6346,7
12118,7
17199,8
17198,6
17197,7
17195,7
17193,7
9351,7
9602,8
9355,7
9359,6
9358,7
10174,8
63419,7
63418,7
21244,7
11035,8
14512,7
63413,7
63415,7
63414,6
63417,6
63416,7
3782,7
3781,7
3786,7
3785,7
8990,6
4993,6
4990,6
113459,8
116004,7
1949,7
3713,6
1943,8
1940,8
3255,8
3257,8
13241,7
2856,7
14219,7
5465,6
5464,7
28539,7
28538,7
28534,7
28533,7
28532,8
28530,7
62239,7
20047,7
20046,7
62230,7
62231,7
62236,7
62237,7
62234,7
29710,7
29241,6
29910,6
29916,7
29918,7
1234,8
1235,7
66428,6
28397,6
28395,7
66423,6
28398,6
1239,6
66425,7
66424,7
5479,7
8288,7
25972,7
25976,7
25978,7
6502,6
2489,6
31170,7
31172,7
13567,8
29624,7
29625,7
29626,6
4903,6
23486,7
2482,7
3807,8
23485,7
8463,7
8460,7
8465,7
8468,7
111779,7
110179,7
31394,7
7557,7
7556,7
22282,7
22536,6
22532,6
3063,8
64830,6
3062,6
60868,6
64839,7
25628,7
24621,6
24620,7
25623,7
25627,7
65303,7
24979,6
24978,7
24971,8
24976,7
24975,7
119553,7
116586,7
22751,7
116588,7
31821,8
2226,7
5149,7
2222,7
2220,6
10056,7
8113,7
64483,7
4503,7
13473,7
13479,6
2088,7
25088,8
2080,7
25080,7
25081,7
25082,7
2085,7
62162,7
11656,7
17761,7
17762,6
6578,7
17764,7
62932,7
64308,8
64309,7
64304,6
64306,6
64307,7
64301,7
64302,8
64303,7
63888,8
63886,8
16642,7
63881,6
20907,7
62689,7
62688,8
20903,7
20900,7
20901,6
62683,7
62686,7
20909,7
63086,7
63087,7
63084,7
63085,7
63082,7
63083,7
63080,7
63081,7
7315,7
7316,6
63088,7
11902,7
12304,8
12307,8
11032,7
11907,6
11904,7
11908,8
12309,7
30169,8
30168,7
30165,7
12904,6
30161,8
30163,7
10232,7
9016,6
10237,7
10236,7
10235,6
10238,7
21505,7
21504,6
21507,7
63338,7
63339,7
21503,7
63334,7
65196,7
24029,7
21508,7
64387,7
64381,7
30709,7
60814,7
6431,7
30701,6
30703,7
15487,7
7781,7
66300,7
66301,7
10998,7
66305,7
10999,7
24360,7
24361,7
1004,6
4340,7
28700,7
28701,7
28250,7
28256,6
28706,7
28707,6
14535,7
28258,7
14537,7
11010,8
11012,6
8611,6
19103,8
5711,6
65665,7
25631,6
61655,7
61656,7
61302,6
61653,7
61300,7
28877,7
11483,7
11482,7
11480,8
65829,6
65825,6
25169,7
25168,7
25167,6
25166,7
25164,7
32280,7
16597,7
12681,6
12684,7
12688,7
12689,7
10827,7
63659,7
63658,7
19818,7
63653,7
28919,7
63651,7
63650,7
63657,7
63656,7
13387,7
61871,7
61873,6
61872,7
61877,7
64150,6
64153,7
12476,7
28917,7
13380,6
63430,7
9371,6
9372,8
28910,7
116395,6
2214,6
1820,7
1823,7
2146,7
29934,7
4972,7
4973,7
1920,7
3277,7
1923,7
3273,7
1926,7
14057,7
3278,7
116029,7
13228,8
13223,7
13932,6
13227,7
112877,7
112876,7
112874,7
14233,6
112878,7
62745,7
62742,7
62215,8
62740,7
62217,8
3311,7
3310,7
5485,7
62748,6
20029,6
20028,6
30576,7
30577,7
30574,7
20021,7
30578,6
5581,7
15363,7
15360,6
30934,9
6169,6
31517,7
29939,8
29394,8
29427,7
29424,7
29397,7
29390,7
29423,7
29392,7
31512,8
1213,8
1210,7
23137,7
23135,8
23133,6
6522,7
6527,7
30391,7
6529,6
6528,7
8266,8
30398,7
30399,7
14108,7
25995,6
25993,7
25991,7
29649,6
31629,7
31159,8
29642,8
29643,7
31627,7
31620,7
29645,7
29300,7
3863,6
3862,8
63674,7
8402,7
29304,7
7572,6
7575,6
7574,7
7576,7
9815,6
9810,6
9812,7
66441,7
61084,7
66114,7
66445,8
66447,7
66446,7
61464,6
65149,7
65148,7
65145,7
65144,7
14285,7
65143,8
65142,7
4156,7
61815,7
60848,7
60847,7
60846,7
60845,7
64813,7
61086,7
60840,7
6349,7
28119,6
4510,6
24646,7
65368,7
22772,7
65492,7
65491,6
65365,7
11096,6
65494,7
31849,7
31843,7
31847,7
31846,7
5902,7
30877,7
5901,8
19311,7
30307,7
19318,7
17560,6
30306,7
3480,7
109825,7
13412,7
4560,5
13417,7
13418,6
4568,6
11670,8
11672,5
11678,7
24912,7
24914,7
24919,6
27932,7
27933,7
27930,7
62918,7
27936,6
27937,6
62913,7
62911,7
17780,7
62914,6
64369,7
25202,6
25203,7
25201,7
64363,7
64360,7
64367,7
64364,7
64365,7
16784,7
65221,8
16781,7
12094,7
6066,7
12096,7
12091,8
12090,7
6062,7
2606,7
2602,6
10787,6
10035,7
10789,7
10030,7
10033,6
61069,6
7370,7
11929,7
12321,8
12329,6
11923,7
11925,8
60882,8
30490,7
30495,7
30146,7
30497,6
30496,7
29099,6
29098,7
7017,7
29095,7
10252,7
29092,7
18693,7
64768,6
24005,7
18699,7
24008,7
29895,6
29894,7
29891,7
29899,7
25359,7
24344,7
24345,7
2955,7
2950,7
2951,7
2953,7
5340,7
5342,7
4367,7
4369,7
62005,7
62004,7
3105,7
3107,7
11074,7
28277,7
111102,7
111103,8
8675,7
30720,8
13782,7
4091,7
31455,7
13786,7
31453,6
4094,7
13789,7
31458,7
31459,7
5735,7
66588,7
11319,6
11318,7
11315,8
11313,6
11312,7
66582,6
11310,7
19124,7
61679,7
61671,7
61670,6
61676,6
61674,7
60984,7
28858,7
28851,7
28853,7
61581,7
61583,8
65803,7
61585,7
8092,8
61587,7
15202,6
61589,7
8099,8
22181,7
28305,7
8046,7
11142,7
16573,7
12669,6
24509,6
6653,6
12661,6
10801,7
63986,7
63984,7
63635,7
63637,7
63639,7
65776,7
65777,7
19878,7
6386,6
65772,8
65773,7
65771,7
21066,7
19873,7
21062,7
61859,8
21061,7
24803,7
64178,7
64177,6
64176,6
64175,7
64174,7
64173,7
64172,8
64171,7
7303,7
63182,7
63181,9
64507,7
21204,6
1849,7
1848,7
2169,6
4954,7
14036,7
62581,7
62582,6
1906,7
5134,6
5133,7
3291,7
13204,7
13201,7
13200,7
13208,7
11914,7
14960,7
20005,6
20556,7
62761,7
30558,7
30559,6
30550,7
12545,7
30557,7
12816,8
113498,6
2574,7
113490,8
113491,7
112721,7
112720,7
29406,7
28914,7
29402,6
1278,7
1279,8
116831,7
1274,7
8248,7
8792,8
8794,7
8247,6
8245,7
3333,7
29662,7
29663,6
12459,6
29668,6
29669,8
26898,7
31600,7
31607,7
3336,7
8423,7
111731,6
111732,7
10658,7
3594,7
9837,7
9835,8
23111,7
66468,6
23118,7
65169,8
10304,7
61448,7
65163,7
61445,6
61446,7
61112,6
61441,7
61442,7
61443,8
24662,6
4132,7
64184,6
24669,8
24668,6
5693,6
5690,7
28130,7
5697,8
28135,7
3848,7
28139,7
28138,8
22794,7
22797,9
22791,7
29086,7
63757,7
16439,7
63755,7
118653,7
5968,7
5961,7
5962,6
5965,6
17549,7
17239,7
17237,7
17232,8
17233,7
13439,7
64699,7
13431,7
13432,7
64691,7
64696,7
4546,6
11694,7
11693,7
65345,8
65343,7
65342,7
11117,6
24934,7
24931,7
64436,8
64341,7
2596,7
64344,7
64345,8
64346,7
2593,7
27912,7
27913,8
2598,6
64439,7
25224,8
25225,7
25227,7
25223,6
6044,7
2620,7
2625,7
8606,7
2628,8
9582,7
7350,6
10013,6
10010,7
9230,7
61180,7
62975,7
10277,7
10271,6
10270,7
9058,7
7336,7
63374,7
63377,7
9051,7
9052,7
24069,7
24068,7
21543,6
21542,7
24066,6
1500,8
29879,7
29878,7
29875,6
29874,8
29870,7
29873,7
63289,7
24326,8
61166,7
2975,7
1043,8
62396,7
62391,6
62390,7
1045,7
61163,7
62399,6
30121,8
30127,7
30128,7
31291,7
14163,7
31297,7
11051,8
11056,8
14578,7
24491,7
24492,6
24493,7
24495,7
24497,7
3129,7
3121,7
3126,7
25079,8
8655,7
8657,7
31479,7
31474,7
31477,7
9317,8
5750,7
5757,7
23561,7
61610,6
15197,7
15199,7
25813,7
66708,7
1230,6
28830,6
28836,6
28837,7
28834,7
12503,7
7435,7
7437,7
7430,7
9313,7
66426,7
12648,7
6678,7
117003,7
110387,6
10868,7
110382,7
10860,7
10867,7
9311,6
16887,7
16885,7
63617,7
63967,8
16889,7
19508,7
63962,7
65755,7
13639,7
65753,7
1914,7
6509,7
21959,7
1860,7
28714,6
1864,6
1866,7
13597,7
4932,8
4685,7
4682,8
4936,7
13590,7
13599,7
25979,7
2101,6
2100,8
6500,7
5111,6
14017,7
14016,6
14011,7
17061,7
17066,6
20791,7
17069,7
62562,8
5218,7
10482,7
10484,7
14908,7
62488,7
62709,7
62702,7
62700,7
62707,7
62705,7
29621,6
1789,7
1781,6
1783,6
1786,6
6876,7
6873,7
15761,7
112622,6
29461,8
29466,7
29468,7
18221,7
23487,8
29341,8
3806,6
30822,6
8229,6
62984,7
14808,7
31661,7
31660,7
31663,7
31662,7
31666,7
31669,7
7602,7
2490,7
4640,7
4641,7
9850,7
9857,8
9859,7
13554,6
28483,8
1257,6
1254,7
28338,8
1523,7
28489,6
63520,6
30589,7
28333,7
28332,7
61428,7
30236,7
30231,7
61421,7
22221,7
61427,7
61425,8
4115,8
7897,6
24689,7
24685,7
62627,7
28159,7
17932,8
28152,7
28155,7
28157,7
28156,7
62520,7
31888,7
31887,8
31881,7
31880,7
5944,7
23793,6
11508,9
23791,9
11506,7
11502,6
23799,7
65100,8
65105,6
61131,7
61132,7
65106,7
65108,7
106228,8
25799,7
25028,6
25025,6
25020,6
25021,7
64418,7
64415,7
64410,7
64412,7
25240,7
25241,7
1682,8
6020,6
6025,6
10071,7
2646,7
9216,8
9217,7
12365,7
12364,7
62957,7
62955,6
62954,7
62951,8
21159,7
9071,7
10297,7
10296,6
10292,7
63398,8
24040,7
63394,7
21569,7
3556,6
3555,7
20969,7
63770,7
2916,7
64833,7
29852,7
4176,8
29854,6
24302,7
24304,7
24307,6
5301,6
4173,7
5306,7
13016,7
13013,8
13010,7
30108,7
30107,7
30451,8
30102,7
30100,7
4329,8
4328,7
4321,6
4322,7
3144,6
14597,7
14592,7
14593,6
14590,8
62049,6
14561,7
17861,7
62046,7
31418,7
62296,7
5772,6
5774,6
23544,7
61635,7
25878,7
29143,8
25870,7
1632,7
25874,7
25877,7
28811,7
66728,7
23897,6
28817,7
23898,7
66726,7
66723,7
109158,7
25405,7
12569,6
15248,7
21595,7
12560,8
15242,7
15247,6
7416,7
61093,7
12620,7
12621,7
6617,6
12624,6
61094,7
61099,7
61098,7
10840,7
10841,8
10848,7
13891,7
60949,7
60942,7
60943,7
63056,7
63943,7
5087,6
63941,7
63945,7
22057,7
61899,7
65739,7
65732,7
12192,7
65731,7
65737,7
65735,7
2345,7
2346,7
2340,8
2342,6
28907,7
25495,7
3708,7
3700,6
1884,7
3707,7
13579,6
2124,7
4918,7
30906,6
29365,7
4666,7
13570,9
13572,7
15426,7
15343,6
62544,7
105670,7
5174,8
5179,7
15350,7
62549,7
64064,7
64066,6
64061,7
64060,8
64063,7
29367,7
9689,7
63490,7
63493,7
63495,7
63498,7
62723,6
62724,8
62728,8
20519,7
7254,6
7257,6
7250,8
7251,7
7252,7
7253,7
10553,6
29312,7
10551,6
14633,7
7007,7
29448,7
29449,7
63233,6
63232,7
29443,6
29332,7
29446,7
8804,7
14926,7
8807,7
14923,7
14297,7
14296,7
8808,7
30666,8
30843,8
30662,7
30847,7
30844,7
30661,8
8755,7
30849,6
8202,8
109366,7
109364,7
15267,6
7620,7
31643,7
9872,6
24511,7
24510,8
7826,7
28319,6
3087,6
7824,7
28317,7
28316,6
28315,7
28314,7
22207,7
22205,6
13800,7
28176,6
3886,6
116503,7
2086,6
116505,7
116504,7
20653,8
61401,7
61402,7
61403,7
61404,7
61405,7
61406,7
65128,6
61408,7
61409,8
65124,7
30646,7
25004,7
25000,6
64657,7
64650,6
30310,7
64128,9
65389,7
24795,8
65387,6
25268,8
19954,7
27957,7
65711,7
19950,7
19953,7
64753,7
6003,7
65009,8
6008,7
17272,7
9273,8
10724,7
10726,7
13408,7
27780,6
63004,7
63003,8
63000,7
2573,7
12389,7
12381,7
12380,7
12382,7
26004,7
26006,8
65006,8
64382,7
64383,6
61050,8
26009,7
26008,7
29791,7
3574,7
3570,6
4497,7
4496,7
4494,6
2662,8
2663,7
20988,7
13381,6
13326,7
20982,7
20983,7
4498,7
2938,6
2939,7
5327,6
11898,7
14606,7
11896,7
14603,7
112970,7
1837,8
20185,7
30479,6
30477,7
13031,6
13032,7
11094,7
31788,7
31789,7
11091,7
18051,7
31786,7
11099,6
31784,6
18058,7
62065,7
62064,7
28781,8
3164,6
28783,7
28785,6
28786,7
28787,6
30781,7
30783,7
30782,6
30789,7
20237,7
29830,6
29784,7
29837,7
29836,8
4985,7
23526,8
66526,6
23528,7
66290,7
66292,7
66293,7
25852,7
25859,7
63883,7
31254,7
29161,7
29167,7
29165,7
29164,6
29169,7
20904,8
12815,7
15265,7
12544,7
8562,7
15261,7
12540,7
12548,7
105805,8
31430,7
7475,7
19094,7
6639,7
6638,7
22695,6
31597,7
6631,7
12603,7
12604,7
12606,7
60964,7
26582,7
26016,7
60961,7
60962,7
11174,7
60968,7
60969,6
24725,7
24720,7
24531,7
24728,7
65710,6
65247,7
65244,7
14418,7
65242,7
65243,8
65716,7
61212,6
65718,7
21828,6
2322,9
13634,7
13630,6
2328,7
20779,7
4708,7
3760,6
3761,7
1542,7
11509,7
63652,7
7319,7
17641,7
17640,7
61482,7
2498,7
13553,9
13552,6
13551,7
13550,7
13557,7
2497,7
4645,7
63920,7
63925,6
19891,6
63927,6
63926,7
11771,7
63928,7
29173,7
7892,7
61483,7
17027,7
25721,7
62521,6
62526,7
62527,7
62525,7
5151,6
5152,6
64041,7
64045,7
64049,6
64048,6
8197,7
11903,7
62290,7
62294,6
62295,6
16453,7
8195,6
7277,7
7275,7
7278,6
7279,7
8551,6
6831,6
6830,6
6836,7
6839,8
29315,7
29316,6
29317,7
29311,7
10550,7
12559,7
29318,7
8007,7
16454,6
65893,7
8823,6
8826,7
18914,7
30649,7
30644,7
111064,7
30862,7
30312,7
30865,7
30866,6
7640,6
7646,6
7648,6
28528,7
30113,7
7034,7
1743,7
62201,7
9132,7
111202,7
111205,6
7295,7
11172,7
24539,7
24538,8
14417,7
28374,7
28376,7
24533,7
28524,8
63754,7
11178,6
24537,7
5492,7
109831,7
1562,7
1297,8
1567,7
29689,7
13828,7
24021,7
13824,7
5639,7
28195,7
28194,7
28190,7
8484,7
8486,7
8487,6
8488,7
