0.000000000000000000e+00 0.000000000000000000e+00 2.088340269613005784e+00 1.764518102571453806e+00 8.461211015243578215e-01 -1.000000000000000000e+00 3.336374608011271281e+00 0.000000000000000000e+00 0.000000000000000000e+00 4.585962236882941134e+00 1.976322422267799972e-01 5.776651077281534263e+00
0.000000000000000000e+00 0.000000000000000000e+00 1.201065658343294595e+00 2.739393028510808570e+00 2.464260037016836602e+00 -1.000000000000000000e+00 3.336374608011271281e+00 0.000000000000000000e+00 0.000000000000000000e+00 4.046550967230181151e+00 9.667460633524030955e-01 5.386609971977117439e+00
0.000000000000000000e+00 0.000000000000000000e+00 1.277666787444120100e+00 0.000000000000000000e+00 1.776023024142202034e-01 -1.000000000000000000e+00 3.336374608011271281e+00 0.000000000000000000e+00 0.000000000000000000e+00 5.796500620236169965e+00 1.557445574829260659e-01 5.121333661397992287e+00
1.310940128420035711e+00 0.000000000000000000e+00 3.352445862378377939e+00 3.531110748451505188e+00 3.313787440601159595e+00 -1.000000000000000000e+00 8.366743554400881688e-01 2.498696044700325025e+00 2.091555216073597734e+00 4.703904092008036386e+00 1.574694562478821780e+00 1.797830276688582085e+00
0.000000000000000000e+00 0.000000000000000000e+00 1.277666787444120100e+00 0.000000000000000000e+00 1.776023024142202034e-01 -1.000000000000000000e+00 3.336374608011271281e+00 0.000000000000000000e+00 0.000000000000000000e+00 5.796500620236169965e+00 6.569458136083307087e-01 5.711520274155486021e+00
1.920492575381911315e+00 0.000000000000000000e+00 3.320850488248075827e+00 3.563768827202248080e+00 3.362291293971370276e+00 -1.000000000000000000e+00 2.859185617759466558e-01 2.638080053538948366e+00 3.064073008667283382e+00 6.137533938743551687e+00 1.648449723445862158e+00 5.384357064883186439e+00
0.000000000000000000e+00 0.000000000000000000e+00 1.201065658343294595e+00 2.739393028510808570e+00 2.464260037016836602e+00 -1.000000000000000000e+00 3.336374608011271281e+00 0.000000000000000000e+00 0.000000000000000000e+00 4.046550967230181151e+00 4.121602810837550757e-01 4.362661636833280454e+00
0.000000000000000000e+00 0.000000000000000000e+00 2.456905647621824285e-01 1.165318169330647580e+00 2.086464470545154715e+00 -1.000000000000000000e+00 3.336374608011271281e+00 0.000000000000000000e+00 0.000000000000000000e+00 5.220182854841302955e+00 7.492910083616597383e-01 5.070412278903934755e+00
0.000000000000000000e+00 0.000000000000000000e+00 1.520953886204175598e+00 2.384673479819888975e+00 2.497176471033040634e+00 -1.000000000000000000e+00 3.336374608011271281e+00 0.000000000000000000e+00 0.000000000000000000e+00 4.703904092008036386e+00 7.787431236897840447e-01 4.501827736750349196e+00
0.000000000000000000e+00 0.000000000000000000e+00 2.079632240758788164e+00 1.773946716176689975e+00 1.513663360744898823e+00 -1.000000000000000000e+00 3.336374608011271281e+00 0.000000000000000000e+00 0.000000000000000000e+00 4.585962236882941134e+00 1.223559529774945059e-01 5.263906915896161109e+00
0.000000000000000000e+00 0.000000000000000000e+00 1.201065658343294595e+00 2.739393028510808570e+00 2.464260037016836602e+00 -1.000000000000000000e+00 3.336374608011271281e+00 0.000000000000000000e+00 0.000000000000000000e+00 4.046550967230181151e+00 4.121602810837550757e-01 3.218483457646106771e+00
0.000000000000000000e+00 0.000000000000000000e+00 0.000000000000000000e+00 1.447841542286006256e+00 2.522725596109090418e+00 -1.000000000000000000e+00 3.336374608011271281e+00 0.000000000000000000e+00 0.000000000000000000e+00 0.000000000000000000e+00 9.801297751891224763e-01 4.568718592404768408e+00
0.000000000000000000e+00 0.000000000000000000e+00 1.201065658343294595e+00 2.739393028510808570e+00 2.464260037016836602e+00 -1.000000000000000000e+00 3.336374608011271281e+00 0.000000000000000000e+00 0.000000000000000000e+00 4.046550967230181151e+00 4.121602810837550757e-01 4.704160329805865182e+00
3.448991389011059283e+00 3.303317800073938937e+00 3.237329586586744412e+00 5.460376461879800081e-01 1.188696192096018039e-01 -1.000000000000000000e+00 6.130143909672400859e-01 2.579785524684890419e+00 2.639248834116822540e+00 5.796500620236169965e+00 3.623197194428220413e+00 4.914044378380208578e+00
0.000000000000000000e+00 0.000000000000000000e+00 2.088340269613005784e+00 1.764518102571453806e+00 8.461211015243578215e-01 -1.000000000000000000e+00 3.336374608011271281e+00 0.000000000000000000e+00 0.000000000000000000e+00 4.585962236882941134e+00 1.976322422267799972e-01 5.335533022861933539e+00
0.000000000000000000e+00 0.000000000000000000e+00 1.277666787444120100e+00 0.000000000000000000e+00 1.776023024142202034e-01 -1.000000000000000000e+00 3.336374608011271281e+00 0.000000000000000000e+00 0.000000000000000000e+00 5.796500620236169965e+00 1.557445574829260659e-01 5.345109234385931885e+00
0.000000000000000000e+00 0.000000000000000000e+00 2.202604771952145324e+00 1.641061119886192854e+00 2.895966630980387091e+00 -1.000000000000000000e+00 3.336374608011271281e+00 0.000000000000000000e+00 0.000000000000000000e+00 6.137533938743551687e+00 8.777491811638288288e-02 5.787031720316513805e+00
0.000000000000000000e+00 0.000000000000000000e+00 1.520953886204175598e+00 2.384673479819888975e+00 2.497176471033040634e+00 -1.000000000000000000e+00 3.336374608011271281e+00 0.000000000000000000e+00 0.000000000000000000e+00 4.703904092008036386e+00 4.599869120502687592e-01 5.604877930859701429e+00
8.271111321709878617e-01 0.000000000000000000e+00 2.364162203629686321e+00 1.467346618493514887e+00 1.278161416314706589e+00 -1.000000000000000000e+00 1.530145659107250866e+00 2.195523814309389365e+00 1.319624417058411270e+00 5.796500620236169965e+00 6.576280839180783655e-01 5.561418014846200464e+00
0.000000000000000000e+00 0.000000000000000000e+00 7.166792611353046683e-01 6.290940590407169131e-01 9.929595155410242402e-01 -1.000000000000000000e+00 3.336374608011271281e+00 0.000000000000000000e+00 0.000000000000000000e+00 4.585962236882941134e+00 1.633022314634308414e-01 5.136721895580598662e+00
0.000000000000000000e+00 0.000000000000000000e+00 1.520953886204175598e+00 2.384673479819888975e+00 2.497176471033040634e+00 -1.000000000000000000e+00 3.336374608011271281e+00 0.000000000000000000e+00 0.000000000000000000e+00 4.703904092008036386e+00 0.000000000000000000e+00 3.491942793598000971e+00
8.271111321709878617e-01 0.000000000000000000e+00 2.738028356486501558e+00 1.069187848194782964e+00 2.964668074471404235e+00 -1.000000000000000000e+00 1.550161346537968887e+00 2.190014304135193601e+00 1.319624417058411270e+00 4.046550967230181151e+00 1.817774921573895419e+00 5.660434305167504121e+00
0.000000000000000000e+00 0.000000000000000000e+00 2.291869320351501926e+00 1.544957150742507279e+00 1.895979057338555096e+00 -1.000000000000000000e+00 3.336374608011271281e+00 0.000000000000000000e+00 0.000000000000000000e+00 4.046550967230181151e+00 9.793364433079307374e-02 5.576087724200839979e+00
0.000000000000000000e+00 0.000000000000000000e+00 1.013371398574671289e+00 2.950515647526211760e-01 2.034015137386388616e+00 -1.000000000000000000e+00 3.336374608011271281e+00 0.000000000000000000e+00 0.000000000000000000e+00 5.796500620236169965e+00 2.115809181457774801e-01 4.369082853042399961e+00
0.000000000000000000e+00 0.000000000000000000e+00 1.520953886204175598e+00 2.384673479819888975e+00 2.497176471033040634e+00 -1.000000000000000000e+00 3.336374608011271281e+00 0.000000000000000000e+00 0.000000000000000000e+00 4.703904092008036386e+00 1.022917968965502578e+00 5.123781578644642565e+00
0.000000000000000000e+00 0.000000000000000000e+00 1.201065658343294595e+00 2.739393028510808570e+00 2.464260037016836602e+00 -1.000000000000000000e+00 3.336374608011271281e+00 0.000000000000000000e+00 0.000000000000000000e+00 4.046550967230181151e+00 4.121602810837550757e-01 5.231322183946988780e+00
0.000000000000000000e+00 0.000000000000000000e+00 2.815416886737771129e+00 4.091710191369940297e+00 4.095625732291570564e+00 -1.000000000000000000e+00 3.336374608011271281e+00 0.000000000000000000e+00 0.000000000000000000e+00 6.137533938743551687e+00 5.578021387647136287e-01 3.927945638213991231e+00
0.000000000000000000e+00 0.000000000000000000e+00 1.765269508129950982e+00 2.116199707180514977e+00 1.569876753904560163e+00 -1.000000000000000000e+00 3.336374608011271281e+00 0.000000000000000000e+00 0.000000000000000000e+00 3.890540159732955416e+00 2.894343857573458689e-01 5.596555225759678898e+00
0.000000000000000000e+00 0.000000000000000000e+00 1.277666787444120100e+00 0.000000000000000000e+00 1.776023024142202034e-01 -1.000000000000000000e+00 3.336374608011271281e+00 0.000000000000000000e+00 0.000000000000000000e+00 5.796500620236169965e+00 1.455063520931968446e+00 2.901201389932567043e+00
4.207897150504399164e+00 3.715785589266749511e+00 5.404272848319494393e+00 5.243131747429966794e+00 4.155956877106352643e+00 -1.000000000000000000e+00 2.003427221118301849e-01 2.672629944405897628e+00 3.958873251175233587e+00 6.137533938743551687e+00 4.281832611692609092e+00 5.367587527256220348e+00
0.000000000000000000e+00 0.000000000000000000e+00 1.765269508129950982e+00 2.116199707180514977e+00 1.569876753904560163e+00 -1.000000000000000000e+00 3.336374608011271281e+00 0.000000000000000000e+00 0.000000000000000000e+00 3.890540159732955416e+00 2.894343857573458689e-01 5.418744166734888346e+00
3.574714839723887039e+00 3.371701812837356371e+00 3.902650528481448777e+00 2.969067462738540275e+00 1.467882448349151048e+00 -1.000000000000000000e+00 6.256392983010869990e-01 2.578191809034213300e+00 2.639248834116822540e+00 3.890540159732955416e+00 3.381397548566189126e+00 5.483256610888224358e+00
3.741488450919924436e+00 3.382996939007905102e+00 3.567045387939562051e+00 3.310384966791063199e+00 2.584876904389510344e+00 -1.000000000000000000e+00 5.785967320199576491e-01 2.591647038608210885e+00 2.091555216073597734e+00 4.703904092008036386e+00 4.158632114529806856e+00 2.277613472759930424e+00
0.000000000000000000e+00 0.000000000000000000e+00 2.202604771952145324e+00 1.641061119886192854e+00 2.972993061469681564e+00 -1.000000000000000000e+00 3.336374608011271281e+00 0.000000000000000000e+00 0.000000000000000000e+00 3.723761724117923944e+00 5.901030371330532320e-01 3.631483793373593283e+00
8.271111321709878617e-01 2.311091101661292058e+00 1.781883950413777118e+00 2.098020592688897956e+00 1.249361263994553939e+00 -1.000000000000000000e+00 3.336374608011271281e+00 0.000000000000000000e+00 1.319624417058411270e+00 4.046550967230181151e+00 7.436535279070618509e-01 3.578818860554866088e+00
0.000000000000000000e+00 0.000000000000000000e+00 1.765269508129950982e+00 2.116199707180514977e+00 1.569876753904560163e+00 -1.000000000000000000e+00 3.336374608011271281e+00 0.000000000000000000e+00 0.000000000000000000e+00 3.890540159732955416e+00 2.894343857573458689e-01 5.468398629158839341e+00
8.271111321709878617e-01 0.000000000000000000e+00 2.604748203061137524e+00 1.210506329594701169e+00 2.654976854249722518e+00 -1.000000000000000000e+00 1.539101201792304252e+00 2.193064807592674637e+00 1.319624417058411270e+00 5.796500620236169965e+00 1.721344293472366171e+00 4.938869896778162349e+00
0.000000000000000000e+00 0.000000000000000000e+00 1.277666787444120100e+00 0.000000000000000000e+00 1.776023024142202034e-01 -1.000000000000000000e+00 3.336374608011271281e+00 0.000000000000000000e+00 0.000000000000000000e+00 5.796500620236169965e+00 1.557445574829260659e-01 3.846824677942358495e+00
0.000000000000000000e+00 0.000000000000000000e+00 2.456905647621824285e-01 1.165318169330647580e+00 2.086464470545154715e+00 -1.000000000000000000e+00 3.336374608011271281e+00 0.000000000000000000e+00 0.000000000000000000e+00 5.220182854841302955e+00 2.307967143534236654e-01 4.958342532488719812e+00
0.000000000000000000e+00 0.000000000000000000e+00 2.088340269613005784e+00 1.764518102571453806e+00 8.461211015243578215e-01 -1.000000000000000000e+00 3.336374608011271281e+00 0.000000000000000000e+00 0.000000000000000000e+00 4.585962236882941134e+00 1.976322422267799972e-01 5.208808810397735023e+00
0.000000000000000000e+00 0.000000000000000000e+00 1.520953886204175598e+00 2.384673479819888975e+00 2.497176471033040634e+00 -1.000000000000000000e+00 3.336374608011271281e+00 0.000000000000000000e+00 0.000000000000000000e+00 4.703904092008036386e+00 1.387363869526679894e+00 3.919468728282654357e+00
0.000000000000000000e+00 0.000000000000000000e+00 1.520953886204175598e+00 2.384673479819888975e+00 2.497176471033040634e+00 -1.000000000000000000e+00 3.336374608011271281e+00 0.000000000000000000e+00 0.000000000000000000e+00 4.703904092008036386e+00 1.220877968469032515e+00 4.585767099140154457e+00
0.000000000000000000e+00 0.000000000000000000e+00 2.132053919569977030e+00 1.717229953868720571e+00 2.449835746560841354e+00 -1.000000000000000000e+00 3.336374608011271281e+00 0.000000000000000000e+00 0.000000000000000000e+00 6.137533938743551687e+00 7.480780033568819321e-02 5.627988669561554858e+00
0.000000000000000000e+00 0.000000000000000000e+00 2.456905647621824285e-01 1.165318169330647580e+00 2.086464470545154715e+00 -1.000000000000000000e+00 3.336374608011271281e+00 0.000000000000000000e+00 0.000000000000000000e+00 5.220182854841302955e+00 2.307967143534236654e-01 5.498157947199718620e+00
0.000000000000000000e+00 0.000000000000000000e+00 2.456905647621824285e-01 1.165318169330647580e+00 2.086464470545154715e+00 -1.000000000000000000e+00 3.336374608011271281e+00 0.000000000000000000e+00 0.000000000000000000e+00 5.220182854841302955e+00 2.307967143534236654e-01 4.717205318111530765e+00
0.000000000000000000e+00 0.000000000000000000e+00 1.520953886204175598e+00 2.384673479819888975e+00 2.497176471033040634e+00 -1.000000000000000000e+00 3.336374608011271281e+00 0.000000000000000000e+00 0.000000000000000000e+00 4.703904092008036386e+00 2.128869377339546620e+00 5.515313967218366642e+00
0.000000000000000000e+00 0.000000000000000000e+00 2.474111173840449762e+00 1.349692769673350057e+00 3.643732930134870429e+00 -1.000000000000000000e+00 3.336374608011271281e+00 0.000000000000000000e+00 0.000000000000000000e+00 5.796500620236169965e+00 1.066620230382790829e-01 2.995338625615155959e+00
2.481333396512963585e+00 0.000000000000000000e+00 4.041830836632733792e+00 2.828924551160240330e+00 2.570009440329667605e+00 -1.000000000000000000e+00 0.000000000000000000e+00 2.684790623202697901e+00 3.958873251175233587e+00 6.137533938743551687e+00 2.516942183653361198e+00 5.100996551502018583e+00
8.271111321709878617e-01 0.000000000000000000e+00 2.690118160754370713e+00 1.119907588985008973e+00 4.040258428930266987e+00 -1.000000000000000000e+00 1.539101201792304252e+00 2.193064807592674637e+00 1.319624417058411270e+00 6.137533938743551687e+00 1.159638172849576598e+00 2.547551326858552123e+00
2.861334402759208473e+00 2.937750113937386498e+00 3.588894903405665193e+00 3.288019143430123581e+00 3.005778765313964040e+00 -1.000000000000000000e+00 2.258063054224155319e-01 2.655613699945383654e+00 3.064073008667283382e+00 6.137533938743551687e+00 3.311620164041944481e+00 5.502976508446384862e+00
3.448991389011059283e+00 3.174984816790790365e+00 4.415611429839991331e+00 2.456716851746079122e+00 2.524105508729401315e+00 -1.000000000000000000e+00 3.564182838026647843e-02 2.685586070500635802e+00 3.958873251175233587e+00 6.137533938743551687e+00 3.563449783760199718e+00 5.088512113875962584e+00
1.310940128420035711e+00 2.496862337900318529e+00 1.569097507611529219e+00 2.331600096949248524e+00 2.772746573352395494e+00 -1.000000000000000000e+00 3.336374608011271281e+00 0.000000000000000000e+00 1.319624417058411270e+00 0.000000000000000000e+00 1.775771036857113572e+00 4.796384851163628227e+00
8.271111321709878617e-01 0.000000000000000000e+00 2.548443391274000991e+00 1.270414966181560690e+00 1.948567637586262391e+00 -1.000000000000000000e+00 1.548511737093153151e+00 2.190470244002029165e+00 1.319624417058411270e+00 4.046550967230181151e+00 1.680532680059788841e+00 5.734753913565580952e+00
1.654222264341975723e+00 2.325051722417222244e+00 3.154854357503285911e+00 6.317608888351898822e-01 2.606823344335043924e+00 -1.000000000000000000e+00 6.890592407312233769e-01 2.544433282349241487e+00 2.091555216073597734e+00 4.585962236882941134e+00 1.204761149778547091e+00 4.352159046411234300e+00
0.000000000000000000e+00 0.000000000000000000e+00 1.201065658343294595e+00 2.739393028510808570e+00 2.464260037016836602e+00 -1.000000000000000000e+00 3.336374608011271281e+00 0.000000000000000000e+00 0.000000000000000000e+00 4.046550967230181151e+00 4.121602810837550757e-01 4.520330521457348816e+00
8.271111321709878617e-01 0.000000000000000000e+00 2.132053919569977030e+00 1.717229953868720571e+00 1.056343081917662907e+00 -1.000000000000000000e+00 1.528346586137395935e+00 2.196016620517240892e+00 1.319624417058411270e+00 4.585962236882941134e+00 9.867889483844186627e-01 5.702352608271637813e+00
0.000000000000000000e+00 0.000000000000000000e+00 1.765269508129950982e+00 2.116199707180514977e+00 1.569876753904560163e+00 -1.000000000000000000e+00 3.336374608011271281e+00 0.000000000000000000e+00 0.000000000000000000e+00 3.890540159732955416e+00 2.894343857573458689e-01 3.826672774653713471e+00
0.000000000000000000e+00 0.000000000000000000e+00 1.765269508129950982e+00 2.116199707180514977e+00 1.569876753904560163e+00 -1.000000000000000000e+00 3.336374608011271281e+00 0.000000000000000000e+00 0.000000000000000000e+00 3.890540159732955416e+00 2.894343857573458689e-01 5.447441556098365112e+00
0.000000000000000000e+00 0.000000000000000000e+00 2.456905647621824285e-01 1.165318169330647580e+00 2.086464470545154715e+00 -1.000000000000000000e+00 3.336374608011271281e+00 0.000000000000000000e+00 0.000000000000000000e+00 5.220182854841302955e+00 2.307967143534236654e-01 3.217502358128224493e+00
0.000000000000000000e+00 0.000000000000000000e+00 2.815416886737771129e+00 4.091710191369940297e+00 4.095625732291570564e+00 -1.000000000000000000e+00 3.336374608011271281e+00 0.000000000000000000e+00 0.000000000000000000e+00 6.137533938743551687e+00 7.658302006592268563e-02 5.663888955330491193e+00
0.000000000000000000e+00 0.000000000000000000e+00 2.202604771952145324e+00 1.641061119886192854e+00 2.972993061469681564e+00 -1.000000000000000000e+00 3.336374608011271281e+00 0.000000000000000000e+00 0.000000000000000000e+00 3.723761724117923944e+00 1.546457040687591489e+00 4.720178266165492964e+00
0.000000000000000000e+00 0.000000000000000000e+00 1.520953886204175598e+00 2.384673479819888975e+00 2.497176471033040634e+00 -1.000000000000000000e+00 3.336374608011271281e+00 0.000000000000000000e+00 0.000000000000000000e+00 4.703904092008036386e+00 0.000000000000000000e+00 4.408288963472618782e+00
0.000000000000000000e+00 0.000000000000000000e+00 2.456905647621824285e-01 1.165318169330647580e+00 2.086464470545154715e+00 -1.000000000000000000e+00 3.336374608011271281e+00 0.000000000000000000e+00 0.000000000000000000e+00 5.220182854841302955e+00 1.562227222679348104e+00 5.343675734744286920e+00
0.000000000000000000e+00 0.000000000000000000e+00 2.132053919569977030e+00 1.717229953868720571e+00 2.449835746560841354e+00 -1.000000000000000000e+00 3.336374608011271281e+00 0.000000000000000000e+00 0.000000000000000000e+00 6.137533938743551687e+00 7.480780033568819321e-02 4.019475715686951389e+00
0.000000000000000000e+00 0.000000000000000000e+00 1.013371398574671289e+00 2.950515647526211760e-01 2.034015137386388616e+00 -1.000000000000000000e+00 3.336374608011271281e+00 0.000000000000000000e+00 0.000000000000000000e+00 5.796500620236169965e+00 1.327872115942339448e+00 4.562511721102506357e+00
0.000000000000000000e+00 0.000000000000000000e+00 2.474111173840449762e+00 1.349692769673350057e+00 3.643732930134870429e+00 -1.000000000000000000e+00 3.336374608011271281e+00 0.000000000000000000e+00 0.000000000000000000e+00 5.796500620236169965e+00 1.066620230382790829e-01 5.016110052711240108e+00
0.000000000000000000e+00 0.000000000000000000e+00 2.815416886737771129e+00 4.091710191369940297e+00 4.095625732291570564e+00 -1.000000000000000000e+00 3.336374608011271281e+00 0.000000000000000000e+00 0.000000000000000000e+00 6.137533938743551687e+00 7.658302006592268563e-02 5.354306850164888942e+00
0.000000000000000000e+00 0.000000000000000000e+00 2.018996230622537080e+00 1.839678580292412269e+00 1.121992783679449213e+00 -1.000000000000000000e+00 3.336374608011271281e+00 0.000000000000000000e+00 0.000000000000000000e+00 6.137533938743551687e+00 5.524885825591622224e-01 5.363426951567650924e+00
0.000000000000000000e+00 0.000000000000000000e+00 2.815416886737771129e+00 4.091710191369940297e+00 4.095625732291570564e+00 -1.000000000000000000e+00 3.336374608011271281e+00 0.000000000000000000e+00 0.000000000000000000e+00 6.137533938743551687e+00 7.658302006592268563e-02 4.799638537147607131e+00
1.310940128420035711e+00 0.000000000000000000e+00 3.134395884927915876e+00 3.757326226022132953e+00 2.000094523560801196e+00 -1.000000000000000000e+00 8.412649416255313373e-01 2.497966390458111974e+00 2.091555216073597734e+00 6.137533938743551687e+00 1.677559199336963847e+00 5.157217942231579144e+00
3.448991389011059283e+00 3.346084099165913983e+00 3.134395884927915876e+00 3.757326226022132953e+00 2.541124893242312055e+00 -1.000000000000000000e+00 1.113160935843066301e+00 2.405361152200303110e+00 1.319624417058411270e+00 4.046550967230181151e+00 3.478450825001700775e+00 5.307996714431697072e+00
4.018090160945108735e+00 3.418670074205552023e+00 4.353871307105888988e+00 2.517775298384176352e+00 5.755925823889884718e-01 -1.000000000000000000e+00 2.502595447071560564e-01 2.664717442694619187e+00 3.958873251175233587e+00 4.585962236882941134e+00 3.742057899287026146e+00 5.164501543802933803e+00
0.000000000000000000e+00 0.000000000000000000e+00 2.456905647621824285e-01 1.165318169330647580e+00 2.086464470545154715e+00 -1.000000000000000000e+00 3.336374608011271281e+00 0.000000000000000000e+00 0.000000000000000000e+00 5.220182854841302955e+00 2.307967143534236654e-01 4.939002453103070955e+00
4.018090160945108735e+00 3.438221356542690010e+00 4.642793352232586379e+00 2.233498763017295996e+00 1.875465129808979281e+00 -1.000000000000000000e+00 1.884686945957095849e-01 2.672550823074185455e+00 3.958873251175233587e+00 4.046550967230181151e+00 3.917085464411703022e+00 2.679864361451315791e+00
0.000000000000000000e+00 0.000000000000000000e+00 2.291869320351501926e+00 1.544957150742507279e+00 1.895979057338555096e+00 -1.000000000000000000e+00 3.336374608011271281e+00 0.000000000000000000e+00 0.000000000000000000e+00 4.046550967230181151e+00 9.793364433079307374e-02 4.866222107484992954e+00
8.271111321709878617e-01 0.000000000000000000e+00 2.548443391274000991e+00 1.270414966181560690e+00 1.948567637586262391e+00 -1.000000000000000000e+00 1.548511737093153151e+00 2.190470244002029165e+00 1.319624417058411270e+00 4.046550967230181151e+00 5.687328607583321816e-01 5.466661765572886189e+00
0.000000000000000000e+00 0.000000000000000000e+00 2.456905647621824285e-01 1.165318169330647580e+00 2.086464470545154715e+00 -1.000000000000000000e+00 3.336374608011271281e+00 0.000000000000000000e+00 0.000000000000000000e+00 5.220182854841302955e+00 2.307967143534236654e-01 5.092836751642343174e+00
0.000000000000000000e+00 0.000000000000000000e+00 2.474111173840449762e+00 1.349692769673350057e+00 3.643732930134870429e+00 -1.000000000000000000e+00 3.336374608011271281e+00 0.000000000000000000e+00 0.000000000000000000e+00 5.796500620236169965e+00 1.066620230382790829e-01 5.579494980941071880e+00
8.271111321709878617e-01 0.000000000000000000e+00 2.953073716835739937e+00 3.946906135180240582e+00 3.121366380057633005e+00 -1.000000000000000000e+00 1.552411174808062233e+00 2.189391923209832225e+00 1.319624417058411270e+00 6.137533938743551687e+00 8.845815317714150749e-01 5.218384987815742448e+00
8.271111321709878617e-01 0.000000000000000000e+00 2.132053919569977030e+00 1.717229953868720571e+00 1.056343081917662907e+00 -1.000000000000000000e+00 1.528346586137395935e+00 2.196016620517240892e+00 1.319624417058411270e+00 4.585962236882941134e+00 1.246377473322901164e+00 5.715667786955630270e+00
0.000000000000000000e+00 0.000000000000000000e+00 2.456905647621824285e-01 1.165318169330647580e+00 2.086464470545154715e+00 -1.000000000000000000e+00 3.336374608011271281e+00 0.000000000000000000e+00 0.000000000000000000e+00 5.220182854841302955e+00 1.094804399234141634e+00 4.632845094716494749e+00
8.271111321709878617e-01 0.000000000000000000e+00 2.874060801102573226e+00 4.029929396128271613e+00 3.839175527349102168e+00 -1.000000000000000000e+00 1.539101201792304252e+00 2.193064807592674637e+00 1.319624417058411270e+00 6.137533938743551687e+00 5.437099298963845584e-01 5.534730074830904734e+00
8.271111321709878617e-01 0.000000000000000000e+00 2.132053919569977030e+00 1.717229953868720571e+00 1.056343081917662907e+00 -1.000000000000000000e+00 1.528346586137395935e+00 2.196016620517240892e+00 1.319624417058411270e+00 4.585962236882941134e+00 9.867889483844186627e-01 5.287094866148424721e+00
1.310940128420035711e+00 2.188800324247987206e+00 3.114000751365229025e+00 3.778584064024180567e+00 2.109259068683618565e+00 -1.000000000000000000e+00 1.073739997564660209e+00 2.412981900503174071e+00 1.319624417058411270e+00 6.137533938743551687e+00 1.270137093981176024e+00 5.604360666005701930e+00
0.000000000000000000e+00 0.000000000000000000e+00 2.202604771952145324e+00 1.641061119886192854e+00 2.972993061469681564e+00 -1.000000000000000000e+00 3.336374608011271281e+00 0.000000000000000000e+00 0.000000000000000000e+00 3.723761724117923944e+00 1.022077457428816616e-01 5.717419308349026785e+00
0.000000000000000000e+00 0.000000000000000000e+00 2.088340269613005784e+00 1.764518102571453806e+00 8.461211015243578215e-01 -1.000000000000000000e+00 3.336374608011271281e+00 0.000000000000000000e+00 0.000000000000000000e+00 4.585962236882941134e+00 7.086721686888972638e-01 5.135709353098357965e+00
0.000000000000000000e+00 0.000000000000000000e+00 2.079632240758788164e+00 1.773946716176689975e+00 1.513663360744898823e+00 -1.000000000000000000e+00 3.336374608011271281e+00 0.000000000000000000e+00 0.000000000000000000e+00 4.585962236882941134e+00 1.223559529774945059e-01 4.765898960469188594e+00
0.000000000000000000e+00 0.000000000000000000e+00 2.079632240758788164e+00 1.773946716176689975e+00 1.513663360744898823e+00 -1.000000000000000000e+00 3.336374608011271281e+00 0.000000000000000000e+00 0.000000000000000000e+00 4.585962236882941134e+00 1.223559529774945059e-01 5.574519065388694017e+00
0.000000000000000000e+00 0.000000000000000000e+00 1.277666787444120100e+00 0.000000000000000000e+00 1.776023024142202034e-01 -1.000000000000000000e+00 3.336374608011271281e+00 0.000000000000000000e+00 0.000000000000000000e+00 5.796500620236169965e+00 1.557445574829260659e-01 0.000000000000000000e+00
0.000000000000000000e+00 0.000000000000000000e+00 1.277666787444120100e+00 0.000000000000000000e+00 1.776023024142202034e-01 -1.000000000000000000e+00 3.336374608011271281e+00 0.000000000000000000e+00 0.000000000000000000e+00 5.796500620236169965e+00 1.557445574829260659e-01 5.145592123467562118e+00
0.000000000000000000e+00 0.000000000000000000e+00 2.474111173840449762e+00 1.349692769673350057e+00 3.643732930134870429e+00 -1.000000000000000000e+00 3.336374608011271281e+00 0.000000000000000000e+00 0.000000000000000000e+00 5.796500620236169965e+00 1.066620230382790829e-01 4.308988941314728649e+00
0.000000000000000000e+00 0.000000000000000000e+00 2.088340269613005784e+00 1.764518102571453806e+00 8.461211015243578215e-01 -1.000000000000000000e+00 3.336374608011271281e+00 0.000000000000000000e+00 0.000000000000000000e+00 4.585962236882941134e+00 1.976322422267799972e-01 5.381468136873682084e+00
8.271111321709878617e-01 0.000000000000000000e+00 2.992938424726163227e+00 3.905112643032176312e+00 2.846244910592388599e+00 -1.000000000000000000e+00 1.550939541965819179e+00 2.189799099351789291e+00 1.319624417058411270e+00 4.703904092008036386e+00 1.245418810972459767e+00 5.538668162343538981e+00
0.000000000000000000e+00 0.000000000000000000e+00 1.013371398574671289e+00 2.950515647526211760e-01 2.034015137386388616e+00 -1.000000000000000000e+00 3.336374608011271281e+00 0.000000000000000000e+00 0.000000000000000000e+00 5.796500620236169965e+00 2.115809181457774801e-01 1.128979067353257815e+00
0.000000000000000000e+00 0.000000000000000000e+00 1.536962698169856090e+00 2.367016254124425068e+00 2.866639745339649270e+00 -1.000000000000000000e+00 3.336374608011271281e+00 0.000000000000000000e+00 0.000000000000000000e+00 6.137533938743551687e+00 5.420741200702808293e-02 4.706798121144504243e+00
0.000000000000000000e+00 0.000000000000000000e+00 2.088340269613005784e+00 1.764518102571453806e+00 8.461211015243578215e-01 -1.000000000000000000e+00 3.336374608011271281e+00 0.000000000000000000e+00 0.000000000000000000e+00 4.585962236882941134e+00 1.976322422267799972e-01 5.770533701069565424e+00
0.000000000000000000e+00 0.000000000000000000e+00 2.088340269613005784e+00 1.764518102571453806e+00 8.461211015243578215e-01 -1.000000000000000000e+00 3.336374608011271281e+00 0.000000000000000000e+00 0.000000000000000000e+00 4.585962236882941134e+00 1.976322422267799972e-01 5.512420140141258251e+00
0.000000000000000000e+00 0.000000000000000000e+00 2.132053919569977030e+00 1.717229953868720571e+00 2.449835746560841354e+00 -1.000000000000000000e+00 3.336374608011271281e+00 0.000000000000000000e+00 0.000000000000000000e+00 6.137533938743551687e+00 7.480780033568819321e-02 5.034128079063782124e+00
0.000000000000000000e+00 0.000000000000000000e+00 1.536962698169856090e+00 2.367016254124425068e+00 2.866639745339649270e+00 -1.000000000000000000e+00 3.336374608011271281e+00 0.000000000000000000e+00 0.000000000000000000e+00 6.137533938743551687e+00 5.420741200702808293e-02 5.712059158164242589e+00
2.747603707552899177e+00 3.123349306957247773e+00 2.883885743829264658e+00 9.153338500437261382e-01 2.236622686035588004e+00 -1.000000000000000000e+00 1.089415809853988337e+00 2.409965207287105393e+00 1.319624417058411270e+00 5.796500620236169965e+00 2.931474149822614006e+00 5.340795563750809549e+00
8.271111321709878617e-01 2.979142835979306181e+00 2.671051221623912841e+00 1.140117668500998827e+00 1.676190053687652615e+00 -1.000000000000000000e+00 3.336374608011271281e+00 0.000000000000000000e+00 1.319624417058411270e+00 3.723761724117923944e+00 2.190047095024312718e+00 3.007818796207020640e+00
0.000000000000000000e+00 0.000000000000000000e+00 2.815416886737771129e+00 4.091710191369940297e+00 4.095625732291570564e+00 -1.000000000000000000e+00 3.336374608011271281e+00 0.000000000000000000e+00 0.000000000000000000e+00 6.137533938743551687e+00 7.658302006592268563e-02 3.414903578279105290e+00
3.932820385260107354e+00 3.506674028206090199e+00 1.882460299083809518e+00 1.988187181073298060e+00 2.309997293619284964e+00 -1.000000000000000000e+00 3.336374608011271281e+00 0.000000000000000000e+00 1.319624417058411270e+00 5.220182854841302955e+00 4.167433603456790259e+00 4.277628590988785007e+00
0.000000000000000000e+00 0.000000000000000000e+00 2.088340269613005784e+00 1.764518102571453806e+00 8.461211015243578215e-01 -1.000000000000000000e+00 3.336374608011271281e+00 0.000000000000000000e+00 0.000000000000000000e+00 4.585962236882941134e+00 1.976322422267799972e-01 5.775554403571224960e+00
0.000000000000000000e+00 0.000000000000000000e+00 1.201065658343294595e+00 2.739393028510808570e+00 2.464260037016836602e+00 -1.000000000000000000e+00 3.336374608011271281e+00 0.000000000000000000e+00 0.000000000000000000e+00 4.046550967230181151e+00 4.121602810837550757e-01 5.382551314675388276e+00
0.000000000000000000e+00 0.000000000000000000e+00 1.277666787444120100e+00 0.000000000000000000e+00 1.776023024142202034e-01 -1.000000000000000000e+00 3.336374608011271281e+00 0.000000000000000000e+00 0.000000000000000000e+00 5.796500620236169965e+00 6.569458136083307087e-01 5.671063300653647943e+00
8.271111321709878617e-01 0.000000000000000000e+00 2.132053919569977030e+00 1.717229953868720571e+00 1.056343081917662907e+00 -1.000000000000000000e+00 1.528346586137395935e+00 2.196016620517240892e+00 1.319624417058411270e+00 4.585962236882941134e+00 1.442525605994716020e+00 2.896930705289038954e+00
0.000000000000000000e+00 0.000000000000000000e+00 2.474111173840449762e+00 1.349692769673350057e+00 3.643732930134870429e+00 -1.000000000000000000e+00 3.336374608011271281e+00 0.000000000000000000e+00 0.000000000000000000e+00 5.796500620236169965e+00 1.066620230382790829e-01 5.647084333271495282e+00
0.000000000000000000e+00 0.000000000000000000e+00 1.277666787444120100e+00 0.000000000000000000e+00 1.776023024142202034e-01 -1.000000000000000000e+00 3.336374608011271281e+00 0.000000000000000000e+00 0.000000000000000000e+00 5.796500620236169965e+00 1.557445574829260659e-01 5.085276918435926774e+00
8.271111321709878617e-01 3.327959907915110538e+00 3.341897224608108452e+00 3.542009624636942799e+00 4.024456068937594111e+00 -1.000000000000000000e+00 3.336374608011271281e+00 0.000000000000000000e+00 1.319624417058411270e+00 5.220182854841302955e+00 6.579068310840906486e-01 4.656971771877918442e+00
3.231432703801947248e+00 3.030894396357154186e+00 2.492615744642993736e+00 1.329937092724708725e+00 1.064457379075690602e+00 -1.000000000000000000e+00 4.180499753984590616e-01 2.620370160110129465e+00 2.091555216073597734e+00 4.585962236882941134e+00 3.261103898840865600e+00 5.760063831040590721e+00
0.000000000000000000e+00 0.000000000000000000e+00 1.520953886204175598e+00 2.384673479819888975e+00 2.497176471033040634e+00 -1.000000000000000000e+00 3.336374608011271281e+00 0.000000000000000000e+00 0.000000000000000000e+00 4.703904092008036386e+00 0.000000000000000000e+00 4.238385202344499447e+00
0.000000000000000000e+00 0.000000000000000000e+00 2.088340269613005784e+00 1.764518102571453806e+00 8.461211015243578215e-01 -1.000000000000000000e+00 3.336374608011271281e+00 0.000000000000000000e+00 0.000000000000000000e+00 4.585962236882941134e+00 7.086721686888972638e-01 4.947245595522021588e+00
0.000000000000000000e+00 0.000000000000000000e+00 2.291869320351501926e+00 1.544957150742507279e+00 1.895979057338555096e+00 -1.000000000000000000e+00 3.336374608011271281e+00 0.000000000000000000e+00 0.000000000000000000e+00 4.046550967230181151e+00 5.847295926219677753e-01 4.262323234805935002e+00
0.000000000000000000e+00 0.000000000000000000e+00 1.201065658343294595e+00 2.739393028510808570e+00 2.464260037016836602e+00 -1.000000000000000000e+00 3.336374608011271281e+00 0.000000000000000000e+00 0.000000000000000000e+00 4.046550967230181151e+00 1.595829081595923959e+00 5.790549012621043268e+00
3.840985150763822631e+00 3.212903246025725856e+00 4.256275109074184826e+00 2.614636005551904674e+00 9.186380103887797910e-01 -1.000000000000000000e+00 1.959254545555783045e-01 2.669939747136112373e+00 3.411179633132008782e+00 6.137533938743551687e+00 3.891332354910059355e+00 4.001153578294600166e+00
3.688445534930195890e+00 3.466504879088931457e+00 4.515615215561521012e+00 2.358174952432247284e+00 3.138887119717164165e+00 -1.000000000000000000e+00 2.257267942758036383e-01 2.664900022786623079e+00 3.958873251175233587e+00 3.723761724117923944e+00 3.829279594841105805e+00 4.773832321458464811e+00
0.000000000000000000e+00 0.000000000000000000e+00 2.202604771952145324e+00 1.641061119886192854e+00 2.972993061469681564e+00 -1.000000000000000000e+00 3.336374608011271281e+00 0.000000000000000000e+00 0.000000000000000000e+00 3.723761724117923944e+00 1.022077457428816616e-01 4.985606575185640210e+00
0.000000000000000000e+00 0.000000000000000000e+00 2.474111173840449762e+00 1.349692769673350057e+00 3.643732930134870429e+00 -1.000000000000000000e+00 3.336374608011271281e+00 0.000000000000000000e+00 0.000000000000000000e+00 5.796500620236169965e+00 1.066620230382790829e-01 3.977931137252697535e+00
0.000000000000000000e+00 0.000000000000000000e+00 1.201065658343294595e+00 2.739393028510808570e+00 2.464260037016836602e+00 -1.000000000000000000e+00 3.336374608011271281e+00 0.000000000000000000e+00 0.000000000000000000e+00 4.046550967230181151e+00 9.667460633524030955e-01 4.316072041635471201e+00
0.000000000000000000e+00 0.000000000000000000e+00 2.456905647621824285e-01 1.165318169330647580e+00 2.086464470545154715e+00 -1.000000000000000000e+00 3.336374608011271281e+00 0.000000000000000000e+00 0.000000000000000000e+00 5.220182854841302955e+00 2.307967143534236654e-01 5.599023976090368393e+00
8.271111321709878617e-01 0.000000000000000000e+00 2.070935707633529521e+00 1.783365703854537632e+00 7.959842826472824928e-01 -1.000000000000000000e+00 1.524412070969092259e+00 2.197093000108845562e+00 1.319624417058411270e+00 6.137533938743551687e+00 5.410206070857787042e-01 2.776313769985196078e+00
0.000000000000000000e+00 0.000000000000000000e+00 2.456905647621824285e-01 1.165318169330647580e+00 2.086464470545154715e+00 -1.000000000000000000e+00 3.336374608011271281e+00 0.000000000000000000e+00 0.000000000000000000e+00 5.220182854841302955e+00 1.354320019502552652e+00 5.738567498146301737e+00
0.000000000000000000e+00 0.000000000000000000e+00 2.291869320351501926e+00 1.544957150742507279e+00 1.895979057338555096e+00 -1.000000000000000000e+00 3.336374608011271281e+00 0.000000000000000000e+00 0.000000000000000000e+00 4.046550967230181151e+00 9.793364433079307374e-02 2.964006843774953825e+00
0.000000000000000000e+00 0.000000000000000000e+00 1.013371398574671289e+00 2.950515647526211760e-01 2.034015137386388616e+00 -1.000000000000000000e+00 3.336374608011271281e+00 0.000000000000000000e+00 0.000000000000000000e+00 5.796500620236169965e+00 2.115809181457774801e-01 4.352945770126356528e+00
0.000000000000000000e+00 0.000000000000000000e+00 1.520953886204175598e+00 2.384673479819888975e+00 2.497176471033040634e+00 -1.000000000000000000e+00 3.336374608011271281e+00 0.000000000000000000e+00 0.000000000000000000e+00 4.703904092008036386e+00 7.787431236897840447e-01 5.079483206785147864e+00
0.000000000000000000e+00 0.000000000000000000e+00 2.456905647621824285e-01 1.165318169330647580e+00 2.086464470545154715e+00 -1.000000000000000000e+00 3.336374608011271281e+00 0.000000000000000000e+00 0.000000000000000000e+00 5.220182854841302955e+00 2.307967143534236654e-01 5.715964854249376614e+00
0.000000000000000000e+00 0.000000000000000000e+00 1.765269508129950982e+00 2.116199707180514977e+00 1.569876753904560163e+00 -1.000000000000000000e+00 3.336374608011271281e+00 0.000000000000000000e+00 0.000000000000000000e+00 3.890540159732955416e+00 2.894343857573458689e-01 4.423508627443850649e+00
0.000000000000000000e+00 0.000000000000000000e+00 1.765269508129950982e+00 2.116199707180514977e+00 1.569876753904560163e+00 -1.000000000000000000e+00 3.336374608011271281e+00 0.000000000000000000e+00 0.000000000000000000e+00 3.890540159732955416e+00 8.204264919107143728e-01 3.453427325648461110e+00
0.000000000000000000e+00 0.000000000000000000e+00 2.456905647621824285e-01 1.165318169330647580e+00 2.086464470545154715e+00 -1.000000000000000000e+00 3.336374608011271281e+00 0.000000000000000000e+00 0.000000000000000000e+00 5.220182854841302955e+00 2.307967143534236654e-01 2.874076650049282033e+00
0.000000000000000000e+00 0.000000000000000000e+00 2.456905647621824285e-01 1.165318169330647580e+00 2.086464470545154715e+00 -1.000000000000000000e+00 3.336374608011271281e+00 0.000000000000000000e+00 0.000000000000000000e+00 5.220182854841302955e+00 2.307967143534236654e-01 3.680864620608433668e+00
0.000000000000000000e+00 0.000000000000000000e+00 1.277666787444120100e+00 0.000000000000000000e+00 1.776023024142202034e-01 -1.000000000000000000e+00 3.336374608011271281e+00 0.000000000000000000e+00 0.000000000000000000e+00 5.796500620236169965e+00 1.773963260400733377e+00 5.532011667525563503e+00
8.271111321709878617e-01 0.000000000000000000e+00 2.992938424726163227e+00 3.905112643032176312e+00 2.846244910592388599e+00 -1.000000000000000000e+00 1.550939541965819179e+00 2.189799099351789291e+00 1.319624417058411270e+00 4.703904092008036386e+00 1.408341269036333721e+00 4.765132871396291492e+00
8.271111321709878617e-01 0.000000000000000000e+00 3.002942409761645504e+00 3.894634620776789014e+00 2.779478333292868530e+00 -1.000000000000000000e+00 1.555055571503360490e+00 2.188659585230356086e+00 1.319624417058411270e+00 4.585962236882941134e+00 6.359452170554588113e-01 4.996681192298760621e+00
0.000000000000000000e+00 0.000000000000000000e+00 1.201065658343294595e+00 2.739393028510808570e+00 2.464260037016836602e+00 -1.000000000000000000e+00 3.336374608011271281e+00 0.000000000000000000e+00 0.000000000000000000e+00 4.046550967230181151e+00 4.121602810837550757e-01 2.257787972807262289e+00
0.000000000000000000e+00 0.000000000000000000e+00 2.456905647621824285e-01 1.165318169330647580e+00 2.086464470545154715e+00 -1.000000000000000000e+00 3.336374608011271281e+00 0.000000000000000000e+00 0.000000000000000000e+00 5.220182854841302955e+00 2.307967143534236654e-01 5.491087657221696006e+00
0.000000000000000000e+00 0.000000000000000000e+00 1.765269508129950982e+00 2.116199707180514977e+00 1.569876753904560163e+00 -1.000000000000000000e+00 3.336374608011271281e+00 0.000000000000000000e+00 0.000000000000000000e+00 3.890540159732955416e+00 2.894343857573458689e-01 3.340269441811507534e+00
8.271111321709878617e-01 2.181440302858848046e+00 2.088340269613005784e+00 1.764518102571453806e+00 0.000000000000000000e+00 -1.000000000000000000e+00 3.336374608011271281e+00 0.000000000000000000e+00 1.319624417058411270e+00 4.703904092008036386e+00 9.265471517721380890e-01 5.380863479957522344e+00
8.271111321709878617e-01 0.000000000000000000e+00 2.418907307132430518e+00 1.408707241340684924e+00 2.638431027998915379e-01 -1.000000000000000000e+00 1.548511737093153151e+00 2.190470244002029165e+00 1.319624417058411270e+00 4.585962236882941134e+00 6.334823722593352358e-01 5.084583538655010670e+00
0.000000000000000000e+00 0.000000000000000000e+00 2.088340269613005784e+00 1.764518102571453806e+00 8.461211015243578215e-01 -1.000000000000000000e+00 3.336374608011271281e+00 0.000000000000000000e+00 0.000000000000000000e+00 4.585962236882941134e+00 1.976322422267799972e-01 5.725759438224702791e+00
0.000000000000000000e+00 0.000000000000000000e+00 1.520953886204175598e+00 2.384673479819888975e+00 2.497176471033040634e+00 -1.000000000000000000e+00 3.336374608011271281e+00 0.000000000000000000e+00 0.000000000000000000e+00 4.703904092008036386e+00 0.000000000000000000e+00 2.226686330434387795e+00
0.000000000000000000e+00 0.000000000000000000e+00 2.088340269613005784e+00 1.764518102571453806e+00 8.461211015243578215e-01 -1.000000000000000000e+00 3.336374608011271281e+00 0.000000000000000000e+00 0.000000000000000000e+00 4.585962236882941134e+00 1.976322422267799972e-01 3.946417605922737382e-01
0.000000000000000000e+00 0.000000000000000000e+00 1.277666787444120100e+00 0.000000000000000000e+00 1.776023024142202034e-01 -1.000000000000000000e+00 3.336374608011271281e+00 0.000000000000000000e+00 0.000000000000000000e+00 5.796500620236169965e+00 6.569458136083307087e-01 5.487376929815650506e+00
3.448991389011059283e+00 3.184722179746626303e+00 4.515615215561521012e+00 2.358174952432247284e+00 3.046128526374587420e+00 -1.000000000000000000e+00 3.195815180985685927e-02 2.686193864206334325e+00 3.958873251175233587e+00 6.137533938743551687e+00 3.369592605563482390e+00 4.429836408725735808e+00
0.000000000000000000e+00 0.000000000000000000e+00 7.166792611353046683e-01 6.290940590407169131e-01 9.929595155410242402e-01 -1.000000000000000000e+00 3.336374608011271281e+00 0.000000000000000000e+00 0.000000000000000000e+00 4.585962236882941134e+00 1.633022314634308414e-01 5.700379099158983109e+00
8.271111321709878617e-01 0.000000000000000000e+00 2.548443391274000991e+00 1.270414966181560690e+00 1.948567637586262391e+00 -1.000000000000000000e+00 1.548511737093153151e+00 2.190470244002029165e+00 1.319624417058411270e+00 4.046550967230181151e+00 5.687328607583321816e-01 5.578333981363263305e+00
8.271111321709878617e-01 0.000000000000000000e+00 2.132053919569977030e+00 1.717229953868720571e+00 1.056343081917662907e+00 -1.000000000000000000e+00 1.528346586137395935e+00 2.196016620517240892e+00 1.319624417058411270e+00 4.585962236882941134e+00 6.411458077797510535e-01 4.852718689858054546e+00
0.000000000000000000e+00 0.000000000000000000e+00 2.202604771952145324e+00 1.641061119886192854e+00 2.972993061469681564e+00 -1.000000000000000000e+00 3.336374608011271281e+00 0.000000000000000000e+00 0.000000000000000000e+00 3.723761724117923944e+00 1.022077457428816616e-01 5.749870318724183527e+00
8.271111321709878617e-01 0.000000000000000000e+00 2.548443391274000991e+00 1.270414966181560690e+00 2.719453199124310938e+00 -1.000000000000000000e+00 1.541532159634123600e+00 2.192395618904916965e+00 1.319624417058411270e+00 6.137533938743551687e+00 5.783518985935551804e-01 5.315168397242944209e+00
0.000000000000000000e+00 0.000000000000000000e+00 1.765269508129950982e+00 2.116199707180514977e+00 1.569876753904560163e+00 -1.000000000000000000e+00 3.336374608011271281e+00 0.000000000000000000e+00 0.000000000000000000e+00 3.890540159732955416e+00 2.894343857573458689e-01 4.858234604915238286e+00
8.271111321709878617e-01 2.250934960667585916e+00 2.854454766163548651e+00 4.050568996722987869e+00 3.987719113190158371e+00 -1.000000000000000000e+00 3.336374608011271281e+00 0.000000000000000000e+00 1.319624417058411270e+00 0.000000000000000000e+00 9.498449178541373827e-01 4.859376680077770239e+00
0.000000000000000000e+00 0.000000000000000000e+00 2.456905647621824285e-01 1.165318169330647580e+00 2.086464470545154715e+00 -1.000000000000000000e+00 3.336374608011271281e+00 0.000000000000000000e+00 0.000000000000000000e+00 5.220182854841302955e+00 2.307967143534236654e-01 5.368266826506427059e+00
0.000000000000000000e+00 0.000000000000000000e+00 1.765269508129950982e+00 2.116199707180514977e+00 1.569876753904560163e+00 -1.000000000000000000e+00 3.336374608011271281e+00 0.000000000000000000e+00 0.000000000000000000e+00 3.890540159732955416e+00 2.894343857573458689e-01 5.457679017153716394e+00
0.000000000000000000e+00 0.000000000000000000e+00 2.456905647621824285e-01 1.165318169330647580e+00 2.086464470545154715e+00 -1.000000000000000000e+00 3.336374608011271281e+00 0.000000000000000000e+00 0.000000000000000000e+00 5.220182854841302955e+00 2.307967143534236654e-01 5.576468285560563842e+00
0.000000000000000000e+00 0.000000000000000000e+00 2.018996230622537080e+00 1.839678580292412269e+00 1.121992783679449213e+00 -1.000000000000000000e+00 3.336374608011271281e+00 0.000000000000000000e+00 0.000000000000000000e+00 6.137533938743551687e+00 7.238337788009670259e-02 5.738141974810483603e+00
0.000000000000000000e+00 0.000000000000000000e+00 7.166792611353046683e-01 6.290940590407169131e-01 9.929595155410242402e-01 -1.000000000000000000e+00 3.336374608011271281e+00 0.000000000000000000e+00 0.000000000000000000e+00 4.585962236882941134e+00 1.633022314634308414e-01 5.737881031702048773e+00
0.000000000000000000e+00 0.000000000000000000e+00 1.201065658343294595e+00 2.739393028510808570e+00 2.464260037016836602e+00 -1.000000000000000000e+00 3.336374608011271281e+00 0.000000000000000000e+00 0.000000000000000000e+00 4.046550967230181151e+00 4.121602810837550757e-01 3.347679129135965770e+00
0.000000000000000000e+00 0.000000000000000000e+00 7.166792611353046683e-01 6.290940590407169131e-01 9.929595155410242402e-01 -1.000000000000000000e+00 3.336374608011271281e+00 0.000000000000000000e+00 0.000000000000000000e+00 4.585962236882941134e+00 1.633022314634308414e-01 5.486563405563765983e+00
0.000000000000000000e+00 0.000000000000000000e+00 2.202604771952145324e+00 1.641061119886192854e+00 2.972993061469681564e+00 -1.000000000000000000e+00 3.336374608011271281e+00 0.000000000000000000e+00 0.000000000000000000e+00 3.723761724117923944e+00 1.022077457428816616e-01 4.066527439352042528e+00
0.000000000000000000e+00 0.000000000000000000e+00 2.456905647621824285e-01 1.165318169330647580e+00 2.086464470545154715e+00 -1.000000000000000000e+00 3.336374608011271281e+00 0.000000000000000000e+00 0.000000000000000000e+00 5.220182854841302955e+00 7.492910083616597383e-01 2.813377750083235540e+00
0.000000000000000000e+00 0.000000000000000000e+00 2.088340269613005784e+00 1.764518102571453806e+00 8.461211015243578215e-01 -1.000000000000000000e+00 3.336374608011271281e+00 0.000000000000000000e+00 0.000000000000000000e+00 4.585962236882941134e+00 1.976322422267799972e-01 5.515369245648194862e+00
0.000000000000000000e+00 0.000000000000000000e+00 2.456905647621824285e-01 1.165318169330647580e+00 2.086464470545154715e+00 -1.000000000000000000e+00 3.336374608011271281e+00 0.000000000000000000e+00 0.000000000000000000e+00 5.220182854841302955e+00 2.014824285181538777e+00 5.735173300172590416e+00
8.271111321709878617e-01 0.000000000000000000e+00 2.548443391274000991e+00 1.270414966181560690e+00 1.948567637586262391e+00 -1.000000000000000000e+00 1.548511737093153151e+00 2.190470244002029165e+00 1.319624417058411270e+00 4.046550967230181151e+00 5.687328607583321816e-01 5.338689191145381763e+00
0.000000000000000000e+00 0.000000000000000000e+00 2.088340269613005784e+00 1.764518102571453806e+00 8.461211015243578215e-01 -1.000000000000000000e+00 3.336374608011271281e+00 0.000000000000000000e+00 0.000000000000000000e+00 4.585962236882941134e+00 1.976322422267799972e-01 5.628335997632241572e+00
8.271111321709878617e-01 0.000000000000000000e+00 2.548443391274000991e+00 1.270414966181560690e+00 1.948567637586262391e+00 -1.000000000000000000e+00 1.548511737093153151e+00 2.190470244002029165e+00 1.319624417058411270e+00 4.046550967230181151e+00 5.687328607583321816e-01 4.709731292651912149e+00
0.000000000000000000e+00 0.000000000000000000e+00 2.132053919569977030e+00 1.717229953868720571e+00 2.449835746560841354e+00 -1.000000000000000000e+00 3.336374608011271281e+00 0.000000000000000000e+00 0.000000000000000000e+00 6.137533938743551687e+00 7.480780033568819321e-02 4.826991664574153518e+00
8.271111321709878617e-01 0.000000000000000000e+00 2.548443391274000991e+00 1.270414966181560690e+00 1.948567637586262391e+00 -1.000000000000000000e+00 1.548511737093153151e+00 2.190470244002029165e+00 1.319624417058411270e+00 4.046550967230181151e+00 5.687328607583321816e-01 5.385080176133220320e+00
8.271111321709878617e-01 2.979142835979306181e+00 2.671051221623912841e+00 1.140117668500998827e+00 1.676190053687652615e+00 -1.000000000000000000e+00 3.336374608011271281e+00 0.000000000000000000e+00 1.319624417058411270e+00 3.723761724117923944e+00 1.922388853396479913e+00 4.877908883338094803e+00
0.000000000000000000e+00 0.000000000000000000e+00 1.277666787444120100e+00 0.000000000000000000e+00 1.776023024142202034e-01 -1.000000000000000000e+00 3.336374608011271281e+00 0.000000000000000000e+00 0.000000000000000000e+00 5.796500620236169965e+00 1.557445574829260659e-01 5.713292925781439990e+00
0.000000000000000000e+00 0.000000000000000000e+00 2.132053919569977030e+00 1.717229953868720571e+00 2.449835746560841354e+00 -1.000000000000000000e+00 3.336374608011271281e+00 0.000000000000000000e+00 0.000000000000000000e+00 6.137533938743551687e+00 7.480780033568819321e-02 5.789165312645991435e+00
0.000000000000000000e+00 0.000000000000000000e+00 2.815416886737771129e+00 4.091710191369940297e+00 4.095625732291570564e+00 -1.000000000000000000e+00 3.336374608011271281e+00 0.000000000000000000e+00 0.000000000000000000e+00 6.137533938743551687e+00 7.658302006592268563e-02 5.385614601290743764e+00
0.000000000000000000e+00 0.000000000000000000e+00 2.202604771952145324e+00 1.641061119886192854e+00 2.972993061469681564e+00 -1.000000000000000000e+00 3.336374608011271281e+00 0.000000000000000000e+00 0.000000000000000000e+00 3.723761724117923944e+00 5.901030371330532320e-01 5.353204351573944919e+00
0.000000000000000000e+00 0.000000000000000000e+00 1.520953886204175598e+00 2.384673479819888975e+00 2.497176471033040634e+00 -1.000000000000000000e+00 3.336374608011271281e+00 0.000000000000000000e+00 0.000000000000000000e+00 4.703904092008036386e+00 0.000000000000000000e+00 5.457926833768175001e+00
0.000000000000000000e+00 0.000000000000000000e+00 2.088340269613005784e+00 1.764518102571453806e+00 8.461211015243578215e-01 -1.000000000000000000e+00 3.336374608011271281e+00 0.000000000000000000e+00 0.000000000000000000e+00 4.585962236882941134e+00 1.976322422267799972e-01 5.381971406192424645e+00
0.000000000000000000e+00 0.000000000000000000e+00 2.202604771952145324e+00 1.641061119886192854e+00 2.895966630980387091e+00 -1.000000000000000000e+00 3.336374608011271281e+00 0.000000000000000000e+00 0.000000000000000000e+00 6.137533938743551687e+00 8.777491811638288288e-02 5.503634472883657480e+00
0.000000000000000000e+00 0.000000000000000000e+00 1.765269508129950982e+00 2.116199707180514977e+00 1.569876753904560163e+00 -1.000000000000000000e+00 3.336374608011271281e+00 0.000000000000000000e+00 0.000000000000000000e+00 3.890540159732955416e+00 2.894343857573458689e-01 5.681473103120652901e+00
0.000000000000000000e+00 0.000000000000000000e+00 2.202604771952145324e+00 1.641061119886192854e+00 2.972993061469681564e+00 -1.000000000000000000e+00 3.336374608011271281e+00 0.000000000000000000e+00 0.000000000000000000e+00 3.723761724117923944e+00 1.022077457428816616e-01 5.792563001782182752e+00
0.000000000000000000e+00 0.000000000000000000e+00 1.201065658343294595e+00 2.739393028510808570e+00 2.464260037016836602e+00 -1.000000000000000000e+00 3.336374608011271281e+00 0.000000000000000000e+00 0.000000000000000000e+00 4.046550967230181151e+00 4.121602810837550757e-01 3.822366853832692257e+00
0.000000000000000000e+00 0.000000000000000000e+00 2.202604771952145324e+00 1.641061119886192854e+00 2.895966630980387091e+00 -1.000000000000000000e+00 3.336374608011271281e+00 0.000000000000000000e+00 0.000000000000000000e+00 6.137533938743551687e+00 8.777491811638288288e-02 5.157851498558823522e+00
0.000000000000000000e+00 0.000000000000000000e+00 1.013371398574671289e+00 2.950515647526211760e-01 2.034015137386388616e+00 -1.000000000000000000e+00 3.336374608011271281e+00 0.000000000000000000e+00 0.000000000000000000e+00 5.796500620236169965e+00 2.115809181457774801e-01 5.757031488403407948e+00
0.000000000000000000e+00 0.000000000000000000e+00 1.520953886204175598e+00 2.384673479819888975e+00 2.497176471033040634e+00 -1.000000000000000000e+00 3.336374608011271281e+00 0.000000000000000000e+00 0.000000000000000000e+00 4.703904092008036386e+00 0.000000000000000000e+00 5.739211611146146197e+00
0.000000000000000000e+00 0.000000000000000000e+00 1.765269508129950982e+00 2.116199707180514977e+00 1.569876753904560163e+00 -1.000000000000000000e+00 3.336374608011271281e+00 0.000000000000000000e+00 0.000000000000000000e+00 3.890540159732955416e+00 2.894343857573458689e-01 5.106715168862453247e+00
0.000000000000000000e+00 0.000000000000000000e+00 2.291869320351501926e+00 1.544957150742507279e+00 1.895979057338555096e+00 -1.000000000000000000e+00 3.336374608011271281e+00 0.000000000000000000e+00 0.000000000000000000e+00 4.046550967230181151e+00 9.793364433079307374e-02 5.010995451473116979e+00
3.932820385260107354e+00 3.509630000809230044e+00 4.904761184659343520e+00 1.978975100817425670e+00 3.909649517613706493e+00 -1.000000000000000000e+00 2.021755729651914801e-01 2.670548394730188679e+00 3.958873251175233587e+00 5.796500620236169965e+00 3.967441728312836702e+00 5.664645801211767306e+00
0.000000000000000000e+00 0.000000000000000000e+00 2.088340269613005784e+00 1.764518102571453806e+00 8.461211015243578215e-01 -1.000000000000000000e+00 3.336374608011271281e+00 0.000000000000000000e+00 0.000000000000000000e+00 4.585962236882941134e+00 1.976322422267799972e-01 4.153652058552853354e+00
8.271111321709878617e-01 0.000000000000000000e+00 2.972975915901188593e+00 3.926033054758375940e+00 2.982298702178157512e+00 -1.000000000000000000e+00 1.546724913454691874e+00 2.190963728088089368e+00 1.319624417058411270e+00 6.137533938743551687e+00 1.055039671740806595e+00 5.784062647736041285e+00
0.000000000000000000e+00 0.000000000000000000e+00 1.013371398574671289e+00 2.950515647526211760e-01 2.034015137386388616e+00 -1.000000000000000000e+00 3.336374608011271281e+00 0.000000000000000000e+00 0.000000000000000000e+00 5.796500620236169965e+00 2.115809181457774801e-01 5.704661396419322905e+00
0.000000000000000000e+00 0.000000000000000000e+00 2.456905647621824285e-01 1.165318169330647580e+00 2.086464470545154715e+00 -1.000000000000000000e+00 3.336374608011271281e+00 0.000000000000000000e+00 0.000000000000000000e+00 5.220182854841302955e+00 2.235112535754579799e+00 3.476499036007980603e+00
0.000000000000000000e+00 0.000000000000000000e+00 1.520953886204175598e+00 2.384673479819888975e+00 2.497176471033040634e+00 -1.000000000000000000e+00 3.336374608011271281e+00 0.000000000000000000e+00 0.000000000000000000e+00 4.703904092008036386e+00 0.000000000000000000e+00 4.945208881289464564e+00
0.000000000000000000e+00 0.000000000000000000e+00 1.765269508129950982e+00 2.116199707180514977e+00 1.569876753904560163e+00 -1.000000000000000000e+00 3.336374608011271281e+00 0.000000000000000000e+00 0.000000000000000000e+00 3.890540159732955416e+00 2.894343857573458689e-01 3.573396497553998241e+00
0.000000000000000000e+00 0.000000000000000000e+00 2.456905647621824285e-01 1.165318169330647580e+00 2.086464470545154715e+00 -1.000000000000000000e+00 3.336374608011271281e+00 0.000000000000000000e+00 0.000000000000000000e+00 5.220182854841302955e+00 2.307967143534236654e-01 4.492895038501568017e+00
0.000000000000000000e+00 0.000000000000000000e+00 1.013371398574671289e+00 2.950515647526211760e-01 2.034015137386388616e+00 -1.000000000000000000e+00 3.336374608011271281e+00 0.000000000000000000e+00 0.000000000000000000e+00 5.796500620236169965e+00 2.115809181457774801e-01 4.110882628642325898e+00
0.000000000000000000e+00 0.000000000000000000e+00 1.765269508129950982e+00 2.116199707180514977e+00 1.569876753904560163e+00 -1.000000000000000000e+00 3.336374608011271281e+00 0.000000000000000000e+00 0.000000000000000000e+00 3.890540159732955416e+00 2.894343857573458689e-01 4.387684289326228892e+00
0.000000000000000000e+00 0.000000000000000000e+00 2.456905647621824285e-01 1.165318169330647580e+00 2.086464470545154715e+00 -1.000000000000000000e+00 3.336374608011271281e+00 0.000000000000000000e+00 0.000000000000000000e+00 5.220182854841302955e+00 2.307967143534236654e-01 3.214945452362466316e+00
0.000000000000000000e+00 0.000000000000000000e+00 1.201065658343294595e+00 2.739393028510808570e+00 2.464260037016836602e+00 -1.000000000000000000e+00 3.336374608011271281e+00 0.000000000000000000e+00 0.000000000000000000e+00 4.046550967230181151e+00 4.121602810837550757e-01 5.438436674193749987e+00
0.000000000000000000e+00 0.000000000000000000e+00 2.018996230622537080e+00 1.839678580292412269e+00 1.121992783679449213e+00 -1.000000000000000000e+00 3.336374608011271281e+00 0.000000000000000000e+00 0.000000000000000000e+00 6.137533938743551687e+00 7.238337788009670259e-02 4.964176733046750556e+00
0.000000000000000000e+00 0.000000000000000000e+00 7.166792611353046683e-01 6.290940590407169131e-01 9.929595155410242402e-01 -1.000000000000000000e+00 3.336374608011271281e+00 0.000000000000000000e+00 0.000000000000000000e+00 4.585962236882941134e+00 1.633022314634308414e-01 5.261236385216888856e+00
0.000000000000000000e+00 0.000000000000000000e+00 2.291869320351501926e+00 1.544957150742507279e+00 1.895979057338555096e+00 -1.000000000000000000e+00 3.336374608011271281e+00 0.000000000000000000e+00 0.000000000000000000e+00 4.046550967230181151e+00 9.793364433079307374e-02 4.868353724318463804e+00
0.000000000000000000e+00 0.000000000000000000e+00 2.202604771952145324e+00 1.641061119886192854e+00 2.972993061469681564e+00 -1.000000000000000000e+00 3.336374608011271281e+00 0.000000000000000000e+00 0.000000000000000000e+00 3.723761724117923944e+00 1.376504256495884482e+00 5.156569991875134207e+00
0.000000000000000000e+00 0.000000000000000000e+00 2.018996230622537080e+00 1.839678580292412269e+00 1.121992783679449213e+00 -1.000000000000000000e+00 3.336374608011271281e+00 0.000000000000000000e+00 0.000000000000000000e+00 6.137533938743551687e+00 7.238337788009670259e-02 4.465279483220089496e+00
0.000000000000000000e+00 0.000000000000000000e+00 1.201065658343294595e+00 2.739393028510808570e+00 2.464260037016836602e+00 -1.000000000000000000e+00 3.336374608011271281e+00 0.000000000000000000e+00 0.000000000000000000e+00 4.046550967230181151e+00 4.121602810837550757e-01 5.307312368893821741e+00
0.000000000000000000e+00 0.000000000000000000e+00 2.088340269613005784e+00 1.764518102571453806e+00 8.461211015243578215e-01 -1.000000000000000000e+00 3.336374608011271281e+00 0.000000000000000000e+00 0.000000000000000000e+00 4.585962236882941134e+00 1.976322422267799972e-01 5.405008934530067144e+00
0.000000000000000000e+00 0.000000000000000000e+00 2.079632240758788164e+00 1.773946716176689975e+00 1.513663360744898823e+00 -1.000000000000000000e+00 3.336374608011271281e+00 0.000000000000000000e+00 0.000000000000000000e+00 4.585962236882941134e+00 1.223559529774945059e-01 5.088760490383310575e+00
0.000000000000000000e+00 0.000000000000000000e+00 2.474111173840449762e+00 1.349692769673350057e+00 3.643732930134870429e+00 -1.000000000000000000e+00 3.336374608011271281e+00 0.000000000000000000e+00 0.000000000000000000e+00 5.796500620236169965e+00 1.066620230382790829e-01 4.485380068507900830e+00
0.000000000000000000e+00 0.000000000000000000e+00 2.291869320351501926e+00 1.544957150742507279e+00 1.895979057338555096e+00 -1.000000000000000000e+00 3.336374608011271281e+00 0.000000000000000000e+00 0.000000000000000000e+00 4.046550967230181151e+00 9.793364433079307374e-02 5.595644796944736932e+00
0.000000000000000000e+00 0.000000000000000000e+00 2.202604771952145324e+00 1.641061119886192854e+00 2.972993061469681564e+00 -1.000000000000000000e+00 3.336374608011271281e+00 0.000000000000000000e+00 0.000000000000000000e+00 3.723761724117923944e+00 1.022077457428816616e-01 5.570099359453071663e+00
1.310940128420035711e+00 1.793387905996619791e+00 2.548443391274000991e+00 1.270414966181560690e+00 9.172977469017933316e-01 -1.000000000000000000e+00 1.055154590924078262e+00 2.416535404582437874e+00 2.091555216073597734e+00 6.137533938743551687e+00 9.211953193039518206e-01 5.759435771989315889e+00
0.000000000000000000e+00 0.000000000000000000e+00 2.202604771952145324e+00 1.641061119886192854e+00 2.972993061469681564e+00 -1.000000000000000000e+00 3.336374608011271281e+00 0.000000000000000000e+00 0.000000000000000000e+00 3.723761724117923944e+00 1.022077457428816616e-01 3.823609157042685780e+00
0.000000000000000000e+00 0.000000000000000000e+00 2.815416886737771129e+00 4.091710191369940297e+00 4.095625732291570564e+00 -1.000000000000000000e+00 3.336374608011271281e+00 0.000000000000000000e+00 0.000000000000000000e+00 6.137533938743551687e+00 7.658302006592268563e-02 5.595667431981117268e+00
0.000000000000000000e+00 0.000000000000000000e+00 2.474111173840449762e+00 1.349692769673350057e+00 3.643732930134870429e+00 -1.000000000000000000e+00 3.336374608011271281e+00 0.000000000000000000e+00 0.000000000000000000e+00 5.796500620236169965e+00 1.066620230382790829e-01 5.546860471761163147e+00
0.000000000000000000e+00 0.000000000000000000e+00 2.291869320351501926e+00 1.544957150742507279e+00 1.895979057338555096e+00 -1.000000000000000000e+00 3.336374608011271281e+00 0.000000000000000000e+00 0.000000000000000000e+00 4.046550967230181151e+00 9.793364433079307374e-02 4.613244189292408315e+00
0.000000000000000000e+00 0.000000000000000000e+00 1.520953886204175598e+00 2.384673479819888975e+00 2.497176471033040634e+00 -1.000000000000000000e+00 3.336374608011271281e+00 0.000000000000000000e+00 0.000000000000000000e+00 4.703904092008036386e+00 0.000000000000000000e+00 5.080944507685308587e+00
0.000000000000000000e+00 0.000000000000000000e+00 2.815416886737771129e+00 4.091710191369940297e+00 4.095625732291570564e+00 -1.000000000000000000e+00 3.336374608011271281e+00 0.000000000000000000e+00 0.000000000000000000e+00 6.137533938743551687e+00 7.658302006592268563e-02 4.875975922561868181e+00
3.741488450919924436e+00 3.338484221718881262e+00 4.341592416544982846e+00 2.529938645720207990e+00 1.402639992646330880e+00 -1.000000000000000000e+00 1.334712099456219769e-01 2.676742150870861980e+00 3.958873251175233587e+00 4.585962236882941134e+00 3.486261968654073229e+00 5.479089627456940725e+00
0.000000000000000000e+00 0.000000000000000000e+00 2.088340269613005784e+00 1.764518102571453806e+00 8.461211015243578215e-01 -1.000000000000000000e+00 3.336374608011271281e+00 0.000000000000000000e+00 0.000000000000000000e+00 4.585962236882941134e+00 1.976322422267799972e-01 5.638827260580471901e+00
1.310940128420035711e+00 0.000000000000000000e+00 3.352445862378377939e+00 3.531110748451505188e+00 3.313787440601159595e+00 -1.000000000000000000e+00 8.366743554400881688e-01 2.498696044700325025e+00 2.091555216073597734e+00 4.703904092008036386e+00 2.676773003144897078e+00 4.013102929629388527e+00
8.271111321709878617e-01 0.000000000000000000e+00 2.132053919569977030e+00 1.717229953868720571e+00 1.056343081917662907e+00 -1.000000000000000000e+00 1.528346586137395935e+00 2.196016620517240892e+00 1.319624417058411270e+00 4.585962236882941134e+00 6.411458077797510535e-01 4.892377881749705892e+00
0.000000000000000000e+00 0.000000000000000000e+00 2.456905647621824285e-01 1.165318169330647580e+00 2.086464470545154715e+00 -1.000000000000000000e+00 3.336374608011271281e+00 0.000000000000000000e+00 0.000000000000000000e+00 5.220182854841302955e+00 7.492910083616597383e-01 5.346215556887705667e+00
0.000000000000000000e+00 0.000000000000000000e+00 2.079632240758788164e+00 1.773946716176689975e+00 1.513663360744898823e+00 -1.000000000000000000e+00 3.336374608011271281e+00 0.000000000000000000e+00 0.000000000000000000e+00 4.585962236882941134e+00 1.223559529774945059e-01 4.146711582115996997e+00
0.000000000000000000e+00 0.000000000000000000e+00 2.474111173840449762e+00 1.349692769673350057e+00 3.643732930134870429e+00 -1.000000000000000000e+00 3.336374608011271281e+00 0.000000000000000000e+00 0.000000000000000000e+00 5.796500620236169965e+00 1.066620230382790829e-01 5.524228297428974699e+00
0.000000000000000000e+00 0.000000000000000000e+00 2.456905647621824285e-01 1.165318169330647580e+00 2.086464470545154715e+00 -1.000000000000000000e+00 3.336374608011271281e+00 0.000000000000000000e+00 0.000000000000000000e+00 5.220182854841302955e+00 2.307967143534236654e-01 5.267199671994848842e+00
8.271111321709878617e-01 0.000000000000000000e+00 2.132053919569977030e+00 1.717229953868720571e+00 1.056343081917662907e+00 -1.000000000000000000e+00 1.528346586137395935e+00 2.196016620517240892e+00 1.319624417058411270e+00 4.585962236882941134e+00 9.867889483844186627e-01 4.741543395669777006e+00
