180167,1124
61519,868
19713,203
61513,1124
22461,868
180169,203
63763,868
177795,91
13733,483
165284,203
111537,175
111534,1124
28998,1124
166555,483
4029,588
177227,483
177226,483
177225,1124
177224,91
60914,349
19398,868
5980,588
161071,483
5987,868
132644,1124
161072,349
61179,1124
24710,483
19159,175
160891,203
160892,868
160893,868
19402,868
127475,1124
19152,588
25062,349
65270,1124
277918,868
165912,201
150179,276
25069,91
165914,868
142814,1124
22008,588
149337,201
61192,868
142811,588
142812,483
6158,868
12708,588
63290,1124
164086,1124
13602,276
4737,175
15350,203
6791,201
118126,276
118125,201
2312,1124
118121,1124
64708,868
25665,349
65876,483
177640,349
177315,1124
65872,483
165358,588
140541,868
166482,868
166485,349
120051,483
63739,868
181904,1124
111169,1124
22308,483
161853,276
25283,868
22717,175
119314,91
138743,1124
25119,868
61996,483
179957,91
65474,1124
25110,483
166733,1124
6194,588
140897,868
64536,1124
141236,1124
7991,1124
111532,868
63930,868
2269,175
63936,276
116787,1124
19570,203
7881,588
63938,1124
7882,588
162254,868
8551,868
60911,868
20747,588
124599,1124
17035,201
2444,868
139804,1124
2448,868
63847,868
7866,1124
176066,1124
23697,868
176068,588
24888,483
61584,349
138608,483
178958,91
2044,483
146659,588
138601,1124
148414,201
197855,203
163036,868
148410,1124
2049,868
26022,276
26021,588
124355,1124
64901,349
6370,1124
11124,1124
12123,868
124358,1124
6375,868
10631,203
24204,349
176782,1124
10411,1124
162742,588
11944,868
105538,203
10386,868
175465,1124
8099,588
121142,868
160256,1124
160375,483
177228,483
63448,483
135965,1124
176781,1124
16926,175
162560,276
8947,588
163720,483
164416,1124
160376,868
157074,588
7260,1124
12234,1124
63596,91
12236,1124
125531,483
12233,483
125533,868
139025,203
7781,1124
146017,868
14624,868
62646,203
14626,1124
175688,201
61077,1124
14622,483
14623,1124
148224,868
3851,91
122212,588
2812,868
152049,203
10567,1124
10565,588
125240,1124
110529,1124
24157,868
177983,1124
3203,868
10096,349
30416,276
178327,868
182112,1124
66648,203
163610,201
8838,588
138466,483
138467,1124
147303,276
147307,1124
147305,91
22817,483
16671,201
164342,868
30328,175
138861,868
174077,1124
30637,349
29964,868
28564,588
61205,483
62088,1124
28563,483
12942,483
24232,175
24233,201
24234,1124
9225,349
12945,1124
62243,203
183228,868
62245,203
3342,349
175084,483
123495,175
157493,349
175083,276
13189,349
137641,1124
16679,203
137642,483
175319,868
63462,1124
30259,868
175646,276
156383,201
156384,201
29762,1124
1177,349
8162,1124
1173,1124
30740,588
157921,588
13940,1124
65376,483
160415,1124
31122,1124
31692,203
23500,203
160719,201
5530,868
178855,483
5539,349
162925,276
147453,91
178850,1124
147451,483
151708,349
11169,1124
145367,349
11161,1124
14403,276
29108,588
178453,201
29433,868
8762,868
66610,349
7183,1124
7185,588
7186,349
66164,175
183714,1124
66161,276
8387,588
8386,868
61693,203
127644,868
13839,483
8087,1124
30016,868
8549,588
8017,1124
65884,203
23616,1124
8543,868
8542,588
6573,868
175509,1124
6574,868
12212,1124
180193,276
61745,483
27760,868
28180,868
130762,1124
66504,203
144435,588
7696,868
144437,1124
7691,868
126601,1124
143421,483
28216,201
28742,868
25946,868
3835,868
65084,3
63866,483
3833,203
4973,201
10884,868
155394,868
155393,588
4036,868
60902,91
60900,1124
177256,588
177257,1124
177255,201
161040,1124
11376,868
11371,201
11372,588
160448,1124
160887,1124
141178,1124
7525,349
6532,1124
160888,1124
19361,175
25056,1124
16668,175
25726,1124
30861,91
12711,483
141339,1124
12719,483
6781,588
15417,201
23877,349
13619,483
64383,1124
6788,588
4723,349
65643,1124
65640,349
120048,1124
61523,1124
5841,483
177677,483
4340,1124
64844,588
120557,868
165832,868
3439,588
21118,483
124615,276
177108,868
177109,91
4622,868
150761,483
25430,588
16714,201
65467,175
16710,1124
25124,868
29264,868
2271,868
2270,588
183283,349
10801,588
120134,1124
120359,1124
120358,1124
63901,483
9248,868
179084,1124
11017,868
63057,1124
9538,588
141846,483
141847,349
9242,1124
25980,868
64028,868
153128,1124
65515,203
138613,1124
11012,868
13289,175
13288,483
17534,203
24890,483
64027,588
24893,868
180658,201
2052,588
146648,483
4826,483
61839,588
13440,1124
13443,1124
7980,1124
7982,175
64930,203
26038,483
7985,1124
64934,349
26037,349
12136,1124
24096,868
10156,588
10405,868
62472,175
10407,483
4740,349
10159,349
24099,868
161852,349
10390,349
64334,483
124434,201
147849,349
27965,1124
179298,276
63479,276
27960,868
149683,868
164408,868
1979,588
14898,1124
176670,483
18844,588
150477,4
14891,588
164404,91
63876,868
63874,868
6213,201
62870,588
3082,175
15708,483
14650,1124
160416,201
176999,276
62654,175
62655,868
179621,868
61019,203
16705,175
62895,175
12669,868
21427,868
3231,175
1968,868
164572,201
164571,349
3238,175
175523,1124
1611,1124
61398,1124
179534,1124
2999,868
12956,349
2870,588
119217,1124
142748,1124
160661,483
27816,588
160667,276
27810,483
7883,1124
122394,1124
160668,483
3358,1124
164756,588
122159,1124
174236,349
7067,203
5442,1124
7065,201
62257,868
7063,349
11842,203
264507,175
264506,1124
147204,1124
30539,349
30536,3
147208,588
29804,201
64997,588
264509,588
30247,1124
12482,1124
6963,588
12485,1124
15459,868
132482,1124
8151,588
178868,1124
11096,868
179843,588
178862,349
178863,588
178865,1124
178866,1124
24396,349
1545,349
176833,1124
179378,1124
11115,483
14477,588
8579,868
66379,1124
166639,1124
8716,868
144640,868
29112,175
66371,1124
148950,868
31751,349
31752,349
109186,1124
31576,276
65482,868
66155,203
127383,1124
66158,203
61685,1124
8539,588
27776,868
160471,1124
12828,483
160474,868
137130,1124
12824,1124
12825,868
160479,349
12821,588
2290,868
15291,588
133825,1124
61759,588
66085,276
14503,91
6565,1124
28206,1124
8105,588
29607,349
7685,868
122536,1124
7682,1124
28733,349
1380,588
1382,91
29609,868
10332,1124
160989,201
3820,1124
177924,349
65072,349
161056,868
8446,868
8440,588
1254,91
109079,349
12575,868
11566,868
13990,868
3639,1124
9258,588
24428,1124
175092,201
160505,1124
115876,175
160503,1124
60931,1124
11361,1124
61356,1124
61350,1124
62516,588
126496,1124
174301,203
28648,868
24776,868
65218,483
9899,1124
61229,175
19355,203
19605,276
25737,868
10187,175
16650,868
8807,588
65180,1124
24005,588
4759,868
64857,483
64850,1124
64851,1124
64853,1124
6774,1124
10984,1124
140529,1124
10981,868
10983,1124
117901,203
5870,588
117902,1124
65676,1124
60801,1124
11291,1124
11296,588
9969,483
65671,588
25236,175
65325,203
177111,1124
177110,483
177112,483
9466,1124
154056,201
25234,868
25138,1124
64103,1124
65459,4
158563,483
260778,349
120093,588
13526,588
17130,203
19911,868
16721,1124
1408,868
162233,1124
149268,588
64584,276
135165,1124
11748,588
7904,588
178201,868
165934,483
63919,1124
11584,349
161909,201
28195,1124
11580,1124
16929,203
166593,1124
25312,349
161903,868
65630,868
141859,588
6008,1124
17762,175
138662,483
121382,1124
65521,201
65527,1124
16832,276
260893,1124
63687,175
153130,201
64030,868
116504,868
16838,276
4839,588
6357,868
16790,203
141459,1124
162585,483
4523,868
13453,201
7993,588
6196,1124
64929,483
162349,203
139225,588
64925,349
11636,1124
140983,276
26045,868
26044,1124
9340,483
9614,349
4818,588
9346,588
9611,868
6742,201
9619,1124
13184,483
64327,483
135784,175
3532,1124
63468,91
175404,1124
22815,1124
160272,483
63467,276
5050,1124
20653,588
135788,1124
6379,1124
7203,1124
116104,868
7205,483
162699,483
63863,868
12216,1124
12215,1124
165845,1124
162160,349
16401,1124
21743,1124
160183,868
160181,201
18549,1124
17072,201
8633,1124
166028,1124
264708,868
4476,1124
116503,868
9761,349
14084,868
162404,349
62317,1124
122015,276
10504,349
62313,1124
13071,483
24171,868
164506,868
179299,349
7331,1124
18364,1124
1976,588
3226,1124
3221,201
176229,483
175533,483
12124,175
147988,588
8858,349
2163,868
179058,588
13710,868
138402,1124
133328,483
8850,868
30185,483
123720,203
12926,349
2845,349
12250,483
178672,588
5475,588
14269,868
10213,1124
14260,868
1259,483
156633,1124
149477,868
1773,1124
136825,203
63986,1124
108449,203
62224,175
178973,91
2697,588
112111,1124
112112,175
9890,588
8148,349
23079,868
26071,203
8638,1124
6994,1124
6995,1124
61407,1124
178015,868
178878,588
30293,349
5518,1124
178081,1124
18361,175
24547,175
19428,175
30298,349
15111,349
184040,588
162906,1124
29127,483
64223,868
66366,483
12677,1124
1554,1124
183554,1124
63447,868
1559,349
2991,588
3036,1124
183555,1124
66368,1124
3031,1124
29129,868
28347,588
29901,868
174119,1124
23195,588
30614,1124
179470,276
30612,349
31748,1124
31744,276
31214,588
31743,1124
178704,868
31564,1124
178706,868
66148,203
126718,1124
31560,868
65706,1124
163983,868
111491,1124
27997,1124
163987,1124
144567,203
1920,868
25896,868
9999,1124
17724,175
12589,349
5606,1124
25895,276
178493,1124
178492,276
12850,349
12581,1124
31587,868
12855,1124
5608,868
174118,483
160255,483
11032,349
29900,1124
66098,276
15092,868
151161,868
15027,868
161120,91
111961,868
111965,483
29634,1124
1397,1124
151364,588
9325,868
1393,349
1974,588
183606,276
3813,868
127282,1124
3622,868
22650,588
183603,276
3814,588
160991,349
110566,868
180150,1124
23253,483
23252,868
8455,588
7585,1124
29517,483
109084,588
23700,1124
30964,1124
15337,1124
13988,175
176701,1124
165742,483
13200,1124
12459,349
165746,868
178848,201
174115,276
61321,1124
7549,1124
61325,349
31368,276
160867,1124
29511,868
28296,588
31567,868
16641,276
16643,203
164411,483
31242,203
154595,203
130305,1124
8031,201
8030,868
64821,349
148217,1124
178703,201
166458,588
6768,868
23810,588
114421,1124
10991,868
24617,91
24610,1124
118795,588
180395,868
150562,588
25633,276
5860,1124
5862,868
25140,276
116004,276
65444,203
177125,483
177127,1124
65448,1124
64132,483
21132,483
63593,868
21136,483
22729,1124
4608,868
2184,868
4605,349
19907,175
25389,868
13510,349
61581,868
177872,1124
158354,201
178494,1124
177871,1124
153728,1124
165924,276
137611,1124
64626,588
166213,1124
121974,276
6130,1124
5600,91
64554,276
124254,868
64004,483
65406,1124
64550,588
64552,201
6136,1124
6900,1124
8599,1124
2436,868
2435,868
16821,203
116772,1124
16824,276
3761,1124
63676,483
65532,203
61811,588
179186,588
61815,276
6346,868
4510,868
62640,1124
141460,483
4517,588
141462,588
11649,91
6185,1124
119493,1124
162355,1124
17195,175
2504,1124
11644,588
64485,1124
141913,1124
162576,276
64896,1124
9355,483
9359,868
5284,1124
64356,1124
25964,588
22829,868
21241,868
5047,1124
5046,1124
10374,1124
63415,201
63417,1124
63789,483
3785,1124
63781,203
16910,203
163771,1124
163772,1124
6239,201
10777,868
4990,868
63895,1124
12206,1124
141001,91
162175,201
160742,868
63892,588
125274,1124
164680,868
63527,588
10519,1124
9778,868
140904,1124
9774,868
9777,868
29353,588
62302,1124
121759,1124
9772,588
164510,483
8864,1124
1949,276
9289,868
106073,175
176235,868
182383,483
2942,483
9284,868
176239,276
7309,588
63099,1124
19150,203
11910,1124
162770,483
146119,349
11914,483
146114,276
64061,1124
65703,483
2859,588
264418,203
30198,868
264414,483
1523,349
175263,1124
133246,483
14219,175
3336,349
10200,1124
108693,868
160684,588
16478,588
175342,1124
29755,349
10195,868
1704,1124
29751,868
10190,868
174744,201
14182,588
62236,483
10198,349
14186,483
15855,1124
179605,483
174471,1124
10056,868
29282,276
25462,349
176524,1124
176523,868
178803,349
178800,483
178806,868
120193,175
178805,1124
30990,175
1121,588
8606,349
8605,203
14324,1124
106404,175
25880,868
25882,483
65553,483
15106,483
160912,1124
30281,483
155616,868
15101,276
29131,868
66313,175
29133,1124
24379,276
24378,349
3028,868
65556,276
3024,201
2986,588
157354,868
29910,1124
183380,588
137230,276
137943,1124
30354,349
160990,349
8734,349
144998,91
31775,1124
1013,1124
1234,483
30778,1124
8515,588
28397,868
65413,1124
4199,868
178738,349
126721,1124
4194,1124
12598,91
4193,349
175966,483
5671,868
29709,1124
137874,1124
12840,91
4351,588
4352,1124
28717,1124
8457,349
6509,1124
145977,868
31489,276
31488,1124
31170,868
174567,868
148170,483
163596,588
23062,868
139665,201
111976,203
24283,868
29627,1124
28408,868
29621,1124
24287,276
25434,868
163887,868
144375,91
183612,868
62797,1124
3807,483
163889,483
8463,868
29968,868
11340,349
64979,276
11343,868
136306,1124
23714,349
111779,203
110685,1124
108306,203
24755,868
12445,868
6433,868
5709,868
12441,1124
8199,588
177267,1124
177264,483
110179,349
61338,868
140033,588
65417,868
31392,588
15709,868
177284,483
177287,483
109926,349
180231,483
165798,588
174401,276
11462,868
177288,868
13646,1124
166689,1124
28866,276
8007,175
4771,868
15331,1124
137704,1124
165640,1124
23809,868
166449,1124
14368,349
24843,483
165649,588
65838,483
24620,868
65831,868
19024,175
25623,483
177606,483
154039,1124
24978,3
25405,1124
25406,868
16748,203
24975,1124
17341,588
12053,1124
145024,276
266315,349
141277,483
4611,868
141278,1124
158587,203
13505,1124
161927,203
161924,276
162559,201
12691,483
166200,483
151630,483
2222,483
2220,483
166208,1124
65944,483
65235,201
165264,201
151632,588
10832,201
64630,1124
10839,868
150139,868
64637,1124
64547,203
61739,201
66697,483
63927,868
64549,588
65548,203
146616,483
25579,483
4503,203
61737,1124
63667,1124
25570,276
25572,868
7824,588
26067,276
166061,588
124394,1124
25088,349
26061,1124
117161,276
61732,1124
2080,868
16698,203
2086,483
26069,588
161813,868
2538,1124
17150,175
27794,1124
161814,1124
64942,1124
148932,201
177314,276
2536,1124
122263,1124
153028,868
160213,1124
2710,868
160211,868
160216,1124
174147,1124
107446,1124
11178,868
105574,483
8987,349
7951,868
149070,201
64304,868
5073,588
64306,349
10692,1124
64302,1124
63405,483
63798,868
63799,203
1837,588
63928,1124
63790,483
2154,868
113533,483
122921,1124
2150,1124
260758,276
4145,1124
4988,1124
6242,1124
12277,1124
10740,1124
20904,483
183920,1124
18560,1124
62686,588
65610,203
1951,483
63531,1124
152249,201
62330,868
122034,1124
30255,483
63538,175
25180,868
15087,868
8873,588
112101,203
63083,483
63080,1124
7315,175
164663,349
24113,868
13092,868
3246,868
11903,868
212340,483
179739,588
164660,1124
136648,868
179077,588
179253,588
12909,201
15446,483
179258,201
30161,349
112007,276
179700,868
62755,203
9016,868
62204,588
7034,203
10236,868
10235,868
147750,1124
5496,588
5492,1124
27823,483
5252,868
1712,588
5250,868
29722,1124
63338,1124
21503,201
26004,349
14192,201
31881,1124
63337,349
157218,868
13498,868
156614,868
176558,1124
6311,588
3157,1124
136646,1124
176556,1124
24430,868
178811,276
119316,868
184064,203
178814,201
30701,868
178073,276
30647,175
6315,483
137310,1124
179818,868
179819,868
28410,1124
2061,868
179817,868
144135,1124
180958,276
31764,203
122211,868
66300,868
66301,276
65921,588
7146,868
10999,588
24363,588
29382,868
164652,349
29386,1124
147340,1124
29435,1124
183377,1124
29389,349
1004,91
29921,1124
114880,203
163049,276
66484,276
12874,483
28388,3
183593,483
28380,483
110760,1124
4186,868
30384,349
6534,1124
179925,1124
5667,588
109318,276
147708,868
165123,1124
166451,201
160447,1124
175978,483
4341,868
118577,483
180711,1124
28704,868
113270,349
2884,1124
14535,1124
2888,1124
133871,483
174393,1124
174390,483
150201,588
8611,203
66239,588
24293,868
66235,175
30234,588
22632,483
62016,1124
163893,868
66050,868
145701,201
5783,91
144383,868
66059,1124
26520,1124
8479,868
8475,868
161000,349
7566,868
12472,1124
12471,868
150838,349
24747,1124
177921,483
150837,588
12478,1124
119173,1124
177925,868
61490,483
1598,1124
126734,1124
28678,1124
66268,1124
61655,483
28675,868
61656,1124
66438,868
61302,201
31381,1124
127177,1124
165785,349
180228,349
14401,201
28877,868
13657,483
177124,588
11482,175
165653,1124
165652,588
120774,1124
163948,588
140044,483
140043,203
65045,1124
3278,91
65042,483
25979,588
9954,1124
178779,201
14938,1124
146137,588
64130,91
3580,868
25167,868
25166,1124
120513,1124
65317,483
63138,1124
181269,588
174136,483
12046,588
64135,868
32280,1124
16597,1124
166789,91
141240,1124
23111,203
161952,201
161953,349
174135,349
7241,349
12689,349
11796,349
2237,483
65220,588
65226,1124
65228,203
175111,1124
65958,203
19965,868
148234,349
23753,868
3497,483
20847,91
158733,868
25509,588
146607,276
13406,868
65552,1124
4579,868
63651,1124
63650,483
3650,868
65554,1124
175995,483
148281,588
16188,1124
16689,175
162127,1124
61871,483
61870,1124
7368,588
16681,276
11669,868
11465,868
24965,588
4494,91
4600,868
64156,1124
4601,276
175835,1124
2663,868
134932,1124
27920,483
121136,349
27925,1124
160204,483
160207,868
10353,868
162557,276
27928,1124
135425,203
9372,483
62922,868
4885,175
62921,483
17151,203
25216,1124
102696,1124
158743,868
158742,201
9171,588
10685,1124
31193,349
6809,1124
25186,868
25181,868
61900,483
61903,1124
177953,91
1823,91
10553,1124
10345,868
149379,868
12262,588
105365,1124
12266,91
10757,588
10530,1124
5395,349
13554,868
122841,1124
2807,868
6308,1124
11805,483
157117,868
63501,201
3275,1124
160338,868
1926,868
4225,1124
125054,276
160331,588
9715,1124
157118,1124
179067,276
179065,276
124046,349
62123,203
116029,588
7366,588
65886,201
6829,868
176725,276
176726,868
11930,868
112876,588
30175,349
161798,276
179249,588
161797,868
133468,483
30170,1124
12915,483
66149,588
7022,868
62213,1124
62217,1124
3310,1124
10221,588
20029,276
29733,588
140194,588
9393,203
1728,868
142382,588
5581,588
1722,588
180822,1124
180821,1124
4383,588
62745,1124
179666,1124
112473,3
176540,201
13139,868
175163,483
138321,868
147175,588
178538,868
178539,349
115121,203
30710,1124
270989,1124
30714,1124
178531,483
7799,868
174490,1124
3007,868
138921,1124
27765,483
14304,483
5826,868
14309,868
141400,588
7694,483
3144,868
174647,349
174169,588
24352,1124
126036,588
24350,868
183388,276
144436,483
4409,483
29939,483
143357,1124
153813,1124
142251,201
29930,868
111000,1124
29934,1124
164648,588
29392,868
28749,868
30006,1124
30007,483
1210,91
177487,588
183581,868
29613,203
8068,588
143892,483
12868,868
24291,868
145552,349
29612,91
8060,1124
7486,868
7481,1124
132518,1124
6529,1124
24032,868
8266,868
150937,1124
30398,1124
30399,91
133869,1124
133868,483
174389,1124
29734,91
121717,1124
11060,868
11065,1124
133866,1124
23002,588
29649,349
31629,868
156155,1124
156156,276
156157,276
17694,175
17890,868
28967,203
29647,1124
174541,1124
66061,91
114524,1124
129823,1124
66065,91
4087,868
3863,1124
144396,1124
66592,868
160541,276
66597,203
176899,588
177930,349
161013,349
8402,1124
160549,1124
23226,1124
3735,1124
23224,1124
161014,276
177446,868
3734,868
160781,276
19137,175
5723,349
160838,588
6416,868
30950,1124
6410,349
9812,868
61487,276
28608,349
27828,1124
179662,868
7772,1124
66446,1124
61646,1124
144559,483
144809,588
8717,868
2136,1124
65148,91
60992,1124
65142,1124
117768,1124
30473,588
62465,483
166460,1124
137131,483
141469,483
5835,201
4156,91
11259,868
60846,1124
163930,588
140073,483
9299,91
61004,1124
110533,868
160498,1124
9921,868
9922,1124
165465,276
28119,349
28118,868
19262,203
130041,588
64784,175
22772,588
65491,1124
25173,175
16763,276
164364,276
145049,868
145042,1124
12075,868
145041,868
145046,349
119574,1124
31849,868
161942,203
6649,868
31843,1124
31846,868
5902,483
5903,588
165209,588
65967,349
10816,868
25774,1124
150481,91
19318,175
161048,349
110164,175
63640,1124
106261,483
63643,868
24825,349
12559,868
65569,868
11099,201
65765,868
17197,276
4560,868
109826,1124
3647,868
148476,1124
29942,868
148470,868
176479,276
11670,349
117141,175
117142,483
64480,1124
117145,1124
2556,868
28460,588
2558,201
165844,349
12788,1124
165846,588
17367,175
2393,868
2390,868
18358,175
12785,1124
141384,483
27932,201
63422,868
27936,868
27937,868
63551,175
5018,1124
2771,868
27938,868
160232,1124
160233,276
2802,868
24021,483
17148,276
25201,203
7974,588
64360,349
7970,588
64365,349
16785,175
12256,1124
116387,588
176237,483
141037,483
12252,483
4418,483
176404,1124
4415,1124
118223,1124
6268,868
21186,483
119594,203
125600,1124
125601,1124
2176,201
125604,588
17095,203
24708,1124
122902,1124
28018,868
2606,868
24463,868
174160,483
14822,201
14820,201
113269,1124
14824,201
62826,483
4903,868
175575,588
62592,483
62590,868
10035,175
5125,868
10789,1124
10030,868
64218,276
3465,868
120835,588
120301,1124
25079,868
8898,175
3980,1124
147639,91
62262,1124
8892,1124
3469,588
177882,868
11929,483
12321,588
177881,483
31718,203
11923,588
156578,588
180652,349
13235,483
132988,175
14954,1124
7154,868
14225,868
30490,349
179231,276
30495,349
30146,201
20338,868
62553,1124
25357,868
142391,588
29097,201
108664,175
1585,868
27845,483
29101,203
176572,1124
164255,868
18699,1124
17070,203
29705,1124
61676,1124
20036,868
175376,1124
30540,1124
164494,868
158791,1124
13124,349
13125,349
146564,868
11811,1124
22794,588
179657,868
15803,483
11819,201
176378,868
15153,276
29894,868
179342,868
179831,588
137373,588
175399,868
109930,588
164075,588
24344,483
3071,175
156095,588
28477,1124
1593,349
177300,276
2950,483
14311,868
29274,1124
2953,1124
31702,276
31703,276
65689,203
160163,868
31707,276
5342,868
175607,276
7163,349
126020,1124
143689,349
143668,1124
178633,1124
62107,868
183352,1124
137573,1124
30032,588
4367,588
1209,868
66686,1124
12895,588
29466,276
31521,201
23107,175
144010,1124
164109,588
18037,175
30671,868
175955,1124
175953,201
8272,588
132502,1124
28278,203
2002,175
66681,201
63495,588
162892,483
65021,1124
7911,349
3107,588
162897,588
162894,588
14555,483
1447,175
178752,483
175007,91
157415,868
1117,1124
30720,1124
114956,175
31634,868
106853,276
174024,175
175008,483
1449,201
31147,1124
13782,868
11446,868
4091,868
4090,868
13786,483
31453,1124
7526,483
4094,201
22612,868
6333,349
23587,868
177943,1124
66588,483
177944,175
177945,588
66586,1124
111721,203
11313,868
11310,868
160797,1124
107325,276
12200,1124
160798,1124
19124,276
180029,1124
7741,349
61673,483
142546,868
28616,349
143283,1124
174449,203
64404,349
22507,483
22500,868
150258,588
60983,203
161966,276
28806,483
8264,588
8304,868
140063,201
166414,483
175949,349
6081,868
28853,1124
163929,588
61585,276
5824,868
61587,1124
61586,276
163921,588
163920,276
160196,868
15208,276
163927,1124
11264,349
64848,868
65026,1124
177895,1124
177896,588
160488,483
177674,588
145729,588
9937,1124
22761,1124
165691,868
165699,588
16775,201
16777,203
181931,868
128978,868
158313,203
25691,588
110250,175
25340,349
12065,349
6097,868
10453,1124
29359,588
121934,588
161977,588
6653,201
10451,201
61562,1124
177099,1124
107817,203
19305,1124
25749,1124
25747,1124
127797,276
19658,203
165215,483
65971,276
177764,483
65973,588
161996,276
161997,201
161994,1124
65576,349
2751,349
63639,276
24837,483
64515,483
25528,276
28940,1124
266214,201
148469,201
266216,276
65772,1124
65771,483
21066,483
19873,203
183822,276
13421,1124
21061,201
2547,201
139526,588
9771,868
11687,175
153895,203
114608,868
11440,588
165501,201
165856,91
165855,349
65483,203
3556,868
23006,201
64175,868
12796,276
65587,1124
9155,349
3581,201
160228,349
8666,483
64423,1124
8867,1124
27906,868
176275,483
140938,175
160225,1124
2285,1124
64194,175
182387,1124
260774,1124
16955,201
16956,175
16957,276
17131,201
260779,349
143974,1124
17132,276
64199,276
7906,868
17136,175
125580,203
61925,868
114748,1124
4423,1124
148313,91
166747,276
111179,203
62110,483
148391,868
148390,1124
64879,588
162401,868
122916,1124
122915,588
6078,868
2615,1124
176238,588
8493,203
160312,276
163926,276
111819,175
7346,1124
16716,201
66060,483
29875,349
7343,1124
16245,175
1906,349
10795,91
63291,483
64228,175
64690,868
10793,868
149738,588
120824,2
179003,276
176703,276
143910,175
146156,483
163685,588
163680,276
163681,276
112254,203
12338,349
163048,483
135990,588
138126,483
138122,483
16480,483
27875,349
14960,483
27873,868
112819,588
176963,483
163668,1124
163669,588
62768,1124
121662,1124
14145,1124
29082,349
10247,868
9023,868
30558,91
15267,868
5229,1124
63166,203
176567,1124
176565,588
155280,91
29710,349
29241,1124
11861,203
14815,588
155282,276
176361,868
176360,1124
176363,1124
176362,1124
138341,483
175490,588
176369,868
163595,588
113490,1124
179132,588
15142,349
162958,483
29887,1124
61206,175
238157,1124
156953,201
162957,868
162956,483
112721,276
14369,1124
3062,349
7171,349
28349,201
180905,1124
14490,868
23220,1124
138901,1124
2940,349
5357,349
62168,483
174148,276
31739,276
31738,1124
174637,1124
160173,276
122266,588
112033,483
112030,1124
178608,588
147579,1124
1690,1124
112034,868
65343,868
164665,588
164664,483
178600,276
164661,201
179738,1124
1279,588
118502,1124
144009,201
30029,1124
160785,868
12886,1124
1274,201
61763,868
122380,868
14563,868
14561,1124
8240,276
137602,1124
24483,868
8247,868
8245,175
66261,1124
24934,1124
138346,1124
111064,1124
62602,1124
3116,483
165675,1124
162887,483
64165,1124
28543,349
62698,868
157955,276
29061,276
28590,203
31607,1124
31462,276
31460,868
28919,588
8423,588
2595,868
22373,1124
66000,349
1308,588
140902,1124
163939,588
144139,868
5742,588
136186,483
122917,1124
11300,1124
11301,349
11302,1124
11304,588
7124,1124
21232,1124
61662,1124
28620,276
30932,276
15363,203
9831,588
12407,201
28629,349
9835,588
110732,588
121493,1124
163594,588
7759,1124
25823,201
63058,175
7300,868
180698,483
7750,349
109699,203
126417,1124
180279,483
61448,483
180272,276
27914,349
3937,868
61112,276
8333,483
163916,1124
166402,1124
163911,1124
8334,1124
163919,483
175347,588
61592,1124
179288,1124
9904,588
61591,1124
61596,868
127094,1124
176070,588
28340,349
24669,349
175483,483
2593,868
61061,349
5697,483
28135,203
24898,483
28139,1124
61069,1124
177883,1124
24468,483
65011,483
19209,868
25356,349
177376,1124
60887,1124
153668,1124
64768,1124
64766,1124
64767,349
22797,91
1300,1124
25359,349
13963,868
119756,201
9324,588
110065,201
29086,483
183312,276
117018,276
23485,588
25680,588
25681,1124
121257,1124
4045,588
23978,588
6669,349
4040,868
230796,1124
6661,1124
4049,868
161965,1124
177088,201
22086,203
61285,868
65905,483
65904,1124
10877,588
1602,483
16890,175
63621,868
25536,4
17239,349
16898,203
2282,868
24800,1124
17233,203
124198,1124
64699,276
13431,588
153793,483
183830,349
124196,1124
121817,1124
121816,175
121815,4
162329,1124
11499,1124
2577,1124
2574,91
2573,1124
10905,588
65345,276
6733,868
181099,1124
10903,349
10902,868
64160,868
11455,868
11456,868
64163,1124
11450,276
150049,868
64166,483
21237,588
64341,1124
2596,1124
64344,868
9125,1124
64346,201
3594,588
13794,483
113140,91
10305,1124
27913,1124
17438,175
21238,1124
11315,868
10086,201
4430,588
13323,868
25224,868
7912,588
17120,203
13328,868
1878,1124
31099,868
12603,201
4941,588
118081,483
138205,483
29729,483
62501,588
12138,201
31276,276
2111,483
122078,1124
63281,1124
160364,1124
62378,91
2628,588
62374,1124
63288,201
1919,1124
149177,1124
5109,868
149721,91
63572,868
64794,276
122674,1124
176289,588
9230,91
10016,868
121077,1124
120816,1124
5831,1124
143909,483
2025,349
62972,276
10499,1124
163933,1124
62979,203
179782,588
163051,868
177782,276
179783,1124
10277,588
108645,588
163931,483
163673,276
14790,349
14793,588
163679,1124
163678,868
176914,588
10278,588
121673,1124
125315,868
5210,868
125000,483
29246,276
163935,588
20548,588
14027,588
64193,276
163586,91
29278,483
63172,201
264265,483
61544,4
14592,201
176594,483
21542,868
176592,203
176593,1124
63178,276
176591,201
11872,868
176351,276
176353,349
112626,203
11877,868
112624,1124
133726,1124
133724,483
142088,175
176602,201
164471,868
179360,1124
179361,276
112759,1124
164293,483
164290,868
31673,349
147101,868
142460,588
65036,1124
30231,91
126010,868
112754,483
11976,868
179690,1124
165466,588
62626,588
122520,1124
7107,868
6865,349
14370,1124
122778,868
271794,483
166230,868
143526,483
176282,588
62396,1124
62391,1124
28034,201
1045,91
143605,349
31720,1124
166623,1124
62399,1124
180109,276
178847,483
178619,483
143356,201
1686,588
164612,483
5439,588
164610,868
164611,868
17861,276
142260,588
30059,868
132525,1124
14163,1124
264713,1124
8253,868
61589,201
30055,276
1266,588
62575,276
8789,201
24491,1124
62766,203
109599,175
143640,349
31616,349
3129,868
29698,1124
160417,868
174049,868
3126,349
178507,201
29052,349
137351,276
31778,203
1468,868
29055,276
115404,349
183247,276
144727,868
115077,201
8431,201
126318,1124
137232,201
23768,588
23767,1124
65365,276
31477,1124
66016,588
6338,588
28900,349
164708,201
5750,349
12433,483
24782,483
147638,868
165053,868
29397,1124
160571,868
160570,868
114370,1124
61610,1124
15197,175
133949,1124
5594,1124
5597,868
162988,868
105936,868
133944,1124
133945,1124
183799,1124
115766,201
178767,1124
110728,349
175983,868
126775,1124
183797,201
61439,1124
61129,349
14386,1124
23812,483
164407,588
61121,868
61435,1124
4807,1124
66708,1124
66496,868
25376,203
166434,349
1230,91
166436,588
166433,1124
4128,868
4213,868
6216,588
24678,201
8047,1124
4127,1124
4124,483
65009,588
7437,588
61725,1124
27780,349
61055,203
61726,1124
5680,868
266165,276
27786,588
25320,1124
25322,276
6386,868
62977,483
60894,588
10498,588
1239,868
148531,1124
23945,483
23943,1124
176256,276
23940,349
22144,1124
135004,483
177744,1124
177745,201
113491,1124
4052,588
163879,868
163878,1124
163877,1124
11514,349
23852,868
11511,868
11513,175
4058,868
110387,1124
65176,175
5978,868
110382,349
128098,483
8699,868
10860,588
65911,868
10867,91
150279,203
150278,868
21828,868
150699,588
16885,175
116284,588
3619,868
16889,276
179586,175
2295,588
25783,1124
65006,588
141198,588
25789,349
141197,483
25030,201
148249,868
10813,588
162338,91
29736,868
141359,1124
114628,201
162336,1124
162335,483
10916,175
10917,349
135044,1124
24922,588
24925,1124
62057,1124
7291,868
17115,201
13128,588
8512,588
7923,91
2581,1124
7921,868
14794,868
11694,1124
64408,1124
31483,1124
2589,349
1860,588
13353,588
13354,1124
4448,868
164585,91
64867,868
176169,868
28712,1124
13597,201
162584,349
4685,203
163118,1124
4936,349
62897,201
138747,483
163117,203
138741,483
13599,483
163113,868
25978,1124
140821,868
24810,588
6502,868
2101,868
151078,175
13013,483
63814,175
160373,201
5116,868
63543,203
10002,349
125014,1124
160378,276
122061,1124
10008,868
176291,349
17061,201
5256,868
9599,1124
20791,276
28256,203
157153,588
64568,588
17069,203
9590,1124
176760,868
176762,175
176764,588
176766,276
176768,1124
146171,1124
179027,349
158473,1124
163069,276
162517,868
62967,349
4844,588
4598,91
10484,91
4842,349
4843,483
14908,588
63724,201
179597,588
112295,203
179598,483
10550,483
133424,483
5254,588
10466,588
29265,588
174729,868
20570,1124
5205,588
25870,868
17795,203
175153,483
62700,483
29268,868
63383,588
13062,588
121440,483
264270,483
111974,1124
175127,276
179110,868
28490,276
164266,483
62494,1124
62382,483
134026,276
1539,201
18533,203
176343,588
13174,588
25108,868
11191,1124
149618,276
108188,1124
2960,349
29868,349
14340,276
164270,483
1783,588
30222,175
2968,175
30220,1124
1613,868
62634,1124
24466,203
7117,349
7116,1124
24318,201
24316,868
21429,868
17641,203
108740,1124
176350,276
29461,483
5379,588
183324,276
1078,483
1076,868
3643,175
1075,588
1913,868
62388,1124
164609,483
179202,1124
1678,588
30137,483
13003,588
28819,588
178371,201
30138,868
179208,276
164607,588
164606,868
1094,868
175004,1124
3806,588
175900,868
30822,349
175903,349
8229,868
66393,1124
9411,868
11672,868
118525,276
4331,588
29151,868
65590,868
1050,588
109584,175
178976,1124
23291,483
14581,483
3138,868
14583,349
178083,1124
174053,201
28022,175
174507,483
160600,483
20202,1124
62055,349
178089,1124
20209,1124
156933,868
8348,1124
164046,588
2490,349
1410,276
165993,1124
29040,483
175055,1124
178676,588
164296,1124
28938,1124
1327,1124
133547,1124
28930,868
23776,483
9850,588
12421,868
137434,1124
15343,868
137432,868
15347,1124
12428,588
23577,868
5764,1124
4201,201
5763,349
177975,1124
8133,349
12789,1124
61600,483
5568,868
183780,276
62139,203
61608,276
5567,1124
5560,588
177405,588
1257,349
1487,201
24912,588
28338,588
178798,588
180679,868
7733,588
178797,1124
11220,349
63520,1124
111629,1124
174470,276
158414,276
6437,868
66731,201
142462,201
126434,1124
174876,483
133288,1124
122257,483
22221,349
6435,868
14489,1124
8358,868
4115,1124
6730,483
162264,868
8350,868
140030,1124
17245,175
8357,588
163891,868
177576,1124
164116,868
19049,203
30312,868
24440,201
24447,203
7422,588
126322,1124
7420,1124
127234,483
27790,1124
61735,588
28155,203
66029,588
181290,1124
61557,1124
25331,1124
61552,1124
7106,1124
25334,868
116526,1124
65615,868
25338,868
25339,276
62919,276
145080,483
12635,1124
28518,868
31887,483
19057,175
117034,276
117035,276
117036,868
65290,349
4060,868
6867,588
4066,203
23793,349
14150,1124
11509,868
11506,588
182308,1124
26246,483
26013,588
5786,175
177996,201
65105,868
65106,203
120656,483
65108,1124
165734,588
5788,1124
154760,276
127439,349
5918,588
3607,868
183812,1124
63600,1124
19538,276
65796,203
63971,868
17780,203
12189,1124
16637,276
148239,483
9465,588
157755,1124
12181,483
12180,483
176017,483
164755,868
182788,276
6115,588
6116,868
6110,483
64745,868
10920,91
166197,276
64741,588
165880,588
28145,1124
109621,203
3905,1124
3855,588
7281,588
64418,1124
17105,276
17106,175
7936,483
10894,349
64410,868
134384,1124
13342,201
16989,175
4450,1124
254096,483
65430,868
17145,276
118264,201
16981,175
118267,1124
7977,588
16985,276
16456,349
13580,349
4690,175
162457,276
6737,868
148349,868
4699,175
163102,483
130040,1124
162459,588
154434,1124
1682,588
11721,1124
154439,868
6025,868
11729,201
121053,1124
6266,483
155754,276
5165,1124
63800,349
6223,588
62823,1124
160340,483
160341,588
138483,1124
21499,201
17074,201
16781,175
17076,276
138489,175
9216,868
21496,1124
64254,1124
17073,201
3429,349
178610,349
20488,588
61494,349
125595,1124
176022,483
120877,868
3424,868
6334,588
6335,91
6331,868
9698,868
2005,175
62954,483
13341,201
165124,868
14170,868
62732,1124
14172,175
62730,1124
27886,175
10297,588
264391,1124
27882,1124
264397,1124
264395,201
29211,203
63029,483
9555,868
29217,868
24040,483
3026,868
152170,1124
177654,1124
175131,201
175130,276
166569,483
62990,483
164126,868
160293,276
6066,1124
10581,868
13169,1124
178003,868
13163,868
8901,588
1706,868
11856,175
8902,868
65930,483
30219,868
157217,1124
14359,588
1794,868
174663,1124
6848,1124
11538,868
110039,1124
17919,203
24302,483
24304,483
152008,483
6845,868
107755,588
164633,203
30697,1124
5301,868
111940,175
29453,588
21440,91
176247,868
12096,1124
13011,1124
106418,588
157634,1124
157635,1124
176939,1124
1661,588
176249,868
175913,483
30674,483
157855,1124
156859,868
1082,349
30857,276
4321,868
156857,483
4322,349
14828,201
133432,1124
12091,483
162809,483
2829,1124
1526,201
14597,483
24278,203
14590,588
20217,588
178097,483
7632,349
174066,349
24725,276
7636,868
7637,483
62046,349
136884,483
142337,588
5218,349
9699,483
157452,276
29032,483
142339,588
165728,868
28152,203
31418,483
183446,349
16582,588
162733,1124
60800,1124
122273,588
6932,588
147658,1124
6936,588
9846,588
8694,588
9849,588
8123,868
147657,868
8692,868
166491,349
25021,349
61635,588
178892,1124
178896,1124
66654,276
3093,868
126555,1124
126554,1124
1533,1124
29143,868
114829,276
10787,1124
154757,276
28322,349
25874,588
25877,201
136265,276
3121,868
66728,483
180083,1124
61380,201
23898,588
22543,868
126423,1124
61388,201
9317,201
2352,1124
31095,349
177697,868
63645,483
11228,588
140023,483
4108,588
10420,1124
19932,175
12568,1124
160913,588
155174,349
15240,588
31674,1124
177031,588
15247,588
63511,276
28924,868
174317,1124
66032,1124
25906,483
22306,276
174313,276
174310,588
1634,203
61703,483
183684,349
180402,1124
180405,1124
3897,588
106589,483
117026,276
109919,1124
16531,349
61567,868
174282,588
117020,276
25655,588
126136,1124
175741,588
16974,276
166562,1124
166563,588
12621,1124
6617,1124
166564,588
12625,91
31895,203
65607,1124
179017,276
163819,91
121656,1124
148169,483
65286,1124
282189,588
65937,483
5959,868
13765,868
4077,1124
11537,349
61899,483
11535,868
4072,868
154758,349
61140,483
3964,868
3962,1124
5792,868
5791,1124
177216,276
130200,349
180249,868
60942,1124
154755,276
165723,203
61418,868
7152,588
266316,483
165943,483
31574,276
5087,868
63605,588
111581,349
151928,1124
148223,588
65739,1124
22053,588
117115,203
65732,349
162076,349
15364,201
266257,276
22059,1124
2345,1124
11051,483
109181,868
6109,1124
2342,349
140759,1124
12757,483
166366,868
6104,868
119414,276
272699,588
182791,1124
119417,868
10938,588
61122,868
25495,588
140979,1124
63700,483
25274,1124
63707,3
155133,588
63708,868
9445,588
140977,588
161869,1124
24538,868
3708,868
112362,175
65421,1124
4467,1124
7959,203
1884,349
4462,868
3707,1124
4460,1124
17101,483
25241,349
13579,349
2124,1124
4918,91
162449,1124
162448,588
4666,201
13570,1124
11925,588
162283,588
12756,868
64088,1124
17269,203
24878,483
141720,588
64082,203
6034,1124
10063,175
163884,276
21487,868
105670,203
9203,1124
5179,868
24783,588
62549,1124
3416,91
8530,483
264416,1124
176973,201
20779,1124
3413,588
3410,349
165052,868
182307,201
135805,1124
165051,1124
21374,175
10000,868
146354,203
176035,1124
12379,868
15293,1124
62948,483
63490,349
30188,276
1072,1124
65609,91
12171,1124
135484,1124
4860,868
162064,588
4864,588
25711,483
151403,349
113362,1124
163629,1124
7938,868
10286,1124
14108,1124
179577,868
264385,483
160809,483
264387,483
112410,276
17715,203
181617,483
9664,1124
29206,91
125360,1124
10115,483
124038,1124
10443,868
3562,349
148772,868
7257,483
7447,349
20019,175
63120,201
63123,91
63122,483
182015,483
176639,868
25719,203
4485,201
1439,588
112618,203
10597,588
149082,349
10598,868
176325,1124
126046,588
29099,349
7798,868
15199,203
112168,588
17908,175
7138,349
260737,588
62618,588
122519,1124
7017,588
141389,1124
122515,203
14616,91
179974,201
157353,201
29448,276
29449,868
178310,1124
142230,588
164624,868
5313,349
178319,588
29332,1124
2856,588
29446,175
176255,1124
18241,203
176251,1124
14296,349
157195,868
176928,175
30443,868
30666,868
15521,868
133885,483
30662,1124
30847,1124
178799,483
116586,203
156861,868
147792,276
164155,276
109366,276
176118,1124
133888,1124
3153,588
12992,868
121713,175
12994,588
7620,588
126772,483
112095,1124
28795,483
3158,1124
25950,349
28791,588
1635,1124
183793,868
180833,868
3394,588
3399,1124
64162,483
1981,868
122355,1124
175079,483
28323,349
5408,349
29028,868
136725,483
129469,1124
129466,483
19807,868
164258,1124
66281,276
147660,1124
147661,868
66285,175
23553,203
5234,868
66288,175
18110,175
65540,1124
15414,483
8113,588
15416,588
5237,868
13375,1124
23084,1124
18307,203
5543,349
6522,588
29156,868
111864,1124
29150,868
30067,349
4273,1124
175674,201
25860,175
137024,588
31336,203
140757,588
158053,276
61399,483
65050,276
22207,1124
22205,868
29870,868
7506,1124
8577,588
3946,1124
5899,868
11234,868
13800,349
157414,483
28176,868
12578,868
175157,588
139201,276
61712,1124
15252,868
15253,1124
12576,483
161055,868
174316,588
28775,1124
140905,588
25915,1124
7409,483
28770,1124
64915,1124
7401,868
61028,1124
25918,868
117903,203
25318,349
18040,175
22447,588
61574,1124
61576,588
25313,483
25314,868
182491,1124
61572,1124
148350,349
145228,483
163822,588
166435,483
178529,276
12615,349
4911,868
2831,868
119714,276
4001,868
179428,483
9919,91
13714,1124
3971,1124
61153,868
60979,868
24731,349
61406,201
61155,91
61408,201
61409,588
155614,483
177206,588
9898,588
30646,276
182701,349
61885,203
29955,483
61880,868
65702,588
120456,276
165979,1124
181104,349
2818,868
17180,201
154708,483
141363,588
148219,483
178834,276
6528,588
18329,175
149318,868
13623,483
2337,868
17184,203
12761,588
156153,1124
140760,868
140761,1124
8219,868
11657,588
64891,868
64720,588
1995,588
25481,175
140565,203
16477,868
177884,588
112774,1124
9472,868
150221,483
14252,1124
29984,349
141497,201
162385,1124
116895,1124
116894,175
141496,483
176138,588
166583,483
61976,483
62723,1124
4477,1124
24996,483
142945,588
4678,175
4900,1124
118042,175
4674,175
13562,349
118046,203
13561,276
25627,588
28641,1124
153191,588
24844,1124
162272,588
63959,1124
24841,588
162497,483
9273,588
64275,868
24197,483
5149,349
24198,483
20109,175
5142,868
124775,868
266163,588
156617,483
149089,1124
129840,1124
2811,868
180466,1124
63000,868
135844,1124
266160,276
12389,868
7435,868
10349,868
25731,868
150306,203
166005,201
12142,1124
12141,1124
12140,349
10615,588
10614,201
6314,868
152809,868
10618,868
64389,868
182309,483
183366,349
7161,349
64063,588
62288,483
133366,483
133367,4
163633,276
4926,868
125358,1124
113371,1124
175689,868
116531,203
7228,483
10121,276
175686,588
9302,349
10124,868
164432,1124
2820,349
13142,349
5071,868
133766,349
133767,868
157058,4
158736,588
157057,201
133768,201
175110,91
3570,868
63135,276
4497,868
124050,349
9783,175
17168,175
13380,868
13381,868
175424,483
162129,588
6821,868
120794,588
2938,868
17266,201
176862,588
176863,1124
176861,483
176867,588
133504,483
108778,868
5327,868
7849,588
16845,175
174648,483
10540,1124
179417,1124
14606,349
66599,201
11896,175
25047,483
10549,349
14603,483
62667,868
62666,349
20204,868
63224,175
20185,4
178304,868
65718,868
166368,203
29300,276
115757,868
29304,1124
14282,1124
14934,588
4881,868
8810,588
176268,349
18276,175
133166,588
264629,588
30477,868
164543,588
13032,868
8818,588
11094,1124
8079,588
30651,588
164365,276
178943,1124
164668,588
179437,588
30877,91
8210,588
8213,349
29946,203
8215,868
8214,868
164368,276
164369,1124
10840,349
24216,588
12726,201
7658,868
12964,588
24219,349
28785,175
162876,868
5432,349
143153,203
29015,868
62266,1124
7092,1124
3369,868
62263,483
6326,868
20237,349
113093,203
160657,276
3362,868
31203,588
29830,868
25745,588
178548,1124
10658,1124
29837,483
149437,588
2019,175
136864,203
178545,276
2403,483
13962,588
9815,868
109683,276
8101,868
163977,868
4279,1124
183421,868
66290,868
1356,588
61489,1124
163946,588
177739,588
5559,868
9867,588
180646,1124
163587,588
25852,276
28303,868
3502,868
25859,1124
146500,349
66630,349
176637,276
30098,868
29165,868
29164,349
8582,868
110802,868
8363,349
145308,1124
144520,1124
264388,588
114484,1124
9063,868
12815,1124
144097,588
12545,1124
12544,349
179441,483
120297,349
15261,276
12540,1124
5888,483
12818,483
180423,1124
150277,588
123017,349
123016,1124
15060,588
177838,483
61766,1124
28168,588
165411,276
30899,588
25923,868
25922,868
25921,91
28765,868
28762,868
145416,483
25929,588
24436,1124
22325,1124
28769,349
155738,276
165854,201
130298,868
160961,588
19094,175
25972,1124
160592,588
3969,1124
25676,1124
163627,868
6639,1124
11550,588
18654,1124
11555,588
11554,588
60802,868
23450,175
264386,1124
5878,868
1440,588
141982,588
9667,349
13709,201
165702,588
25396,1124
177780,1124
161067,868
13700,483
154739,276
11399,1124
160598,868
30277,868
19433,588
151544,276
19431,588
9882,91
24720,203
63244,203
65133,203
61163,349
65710,349
65247,1124
65244,1124
65713,203
65717,201
64663,1124
13432,588
120444,1124
3612,868
61181,483
119474,868
127481,483
25130,588
121199,175
61188,349
30727,588
13634,868
30576,1124
13630,868
29074,1124
1891,1124
2328,588
65399,868
154714,276
10441,868
117862,868
117861,868
175006,588
165361,349
177650,1124
140672,483
166142,91
117868,175
9916,868
177659,588
21776,483
161843,1124
161844,868
31227,1124
127455,483
21777,483
64102,868
63725,175
114959,868
63723,175
31593,203
166363,588
148770,588
19508,203
138707,483
111662,868
61984,588
24980,203
17640,203
7251,1124
142956,349
25632,349
142953,868
4632,483
117260,349
4640,175
3662,1124
2497,1124
4645,1124
3243,276
109580,349
116791,203
2259,588
253527,483
11770,175
2255,868
24853,483
61483,349
24856,483
17240,175
4093,588
62525,483
121080,1124
175510,588
10735,588
162489,175
64282,1124
19817,203
7875,868
28295,868
180635,588
64142,203
24795,588
63030,483
9728,588
2787,868
2783,588
12304,1124
4809,868
12395,349
12392,91
163022,2
26016,201
26015,1124
26012,1124
11600,868
26011,1124
6304,1124
6307,868
10609,868
128663,483
183640,1124
26019,868
10380,349
13789,349
140736,1124
62290,868
152149,349
179082,1124
9083,276
162732,483
16453,483
63454,1124
63456,868
121153,1124
27981,868
27980,276
62984,868
147868,1124
21595,203
10426,868
21593,203
27988,483
112366,201
164422,1124
180597,1124
7277,588
7275,483
176659,588
176658,1124
22861,588
7279,349
3504,483
3505,868
8958,868
8832,1124
162644,868
157954,483
148552,483
6831,868
6830,868
6836,868
176873,588
176874,868
113419,349
155933,201
12390,483
14639,349
62689,201
112968,868
29312,483
5336,483
125237,1124
5338,868
125234,203
174656,588
65350,868
1632,1124
175271,588
1982,201
30461,276
30463,588
121718,1124
144066,1124
3218,1124
165244,1124
1988,868
8001,588
8823,349
61095,349
8826,349
163601,868
176279,1124
13041,175
164557,868
147312,276
178684,588
29011,868
2817,868
18732,203
30649,1124
17982,276
18049,203
157865,483
178939,868
30640,175
157862,1124
30310,1124
4274,1124
14256,1124
7647,203
6100,1124
14253,175
151606,203
3170,868
24225,349
7648,1124
12972,868
119275,1124
122175,1124
29001,868
7085,868
122172,1124
20245,483
123097,201
29791,1124
30260,868
66286,276
175654,588
166591,483
175308,483
6461,588
179889,276
175307,349
129442,1124
29829,349
1743,203
31683,868
6497,349
1161,1124
8176,1124
160329,1124
4242,588
126615,1124
66515,588
4241,588
5520,868
5523,868
24409,1124
5526,175
20297,175
178846,588
7922,868
160706,349
165177,868
15474,1124
7295,1124
14412,201
24539,868
122514,1124
14417,1124
25845,203
66198,483
24533,349
28378,1124
126296,91
14418,868
178443,868
31037,349
31224,1124
162909,588
178113,1124
126056,1124
66354,349
1562,1124
30082,175
66602,868
29173,588
11257,588
2990,483
179380,483
8972,1124
27199,588
12804,588
156618,276
15274,588
1659,588
65899,1124
12403,868
65896,588
176595,201
65893,483
8092,588
156613,1124
13824,1124
6547,588
165179,483
24405,1124
25937,483
6543,868
5639,868
61774,868
16836,175
4390,868
28194,868
63232,276
28191,868
121381,175
30888,175
180183,276
136804,483
28209,483
8486,588
25279,483
25935,588
151423,483
127377,201
180636,868
1864,588
