100  427  1
100  471  1
100  549  1
100  558  1
103  191  1
104  427  1
104  471  1
104  549  1
104  558  1
109  191  1
111  121  1
113  401  1
116  401  2
117  290  4
120  471  1
121  124  1
121  130  1
121  335  1
123  191  1
126  191  2
128  290  1
131  290  1
133  278  1
136  513  1
138  334  1
141  290  1
144  278  1
146  191  2
149  513  1
150  401  1
155  290  1
156  191  1
158  334  1
160  266  1
161  290  2
162  334  1
164  191  4
164  334  3
165  290  3
167  290  1
168  494  1
170  513  1
172  191  1
173  191  3
174  191  2
178  191  1
179  191  1
180  190  2
180  191  5
181  290  3
184  190  1
185  191  2
188  191  3
189  191  3
190  204  1
190  207  1
190  221  1
190  295  1
190  301  1
190  322  1
190  413  1
190  457  1
191  207  1
191  212  1
191  221  1
191  232  1
191  237  1
191  262  1
191  266  1
191  305  1
191  314  1
191  334  3
191  340  1
191  347  2
192  325  3
200  266  1
205  278  2
205  401  1
210  474  1
211  290  4
213  278  1
215  474  1
218  425  1
220  334  1
221  266  1
221  325  2
221  389  1
221  494  1
222  401  1
223  266  1
22  334  1
225  524  1
227  334  1
228  266  1
228  389  1
230  266  1
234  425  1
236  325  3
238  427  1
239  494  1
240  325  1
241  513  1
242  266  1
243  266  1
243  389  1
244  334  1
24  471  1
245  266  1
245  401  1
247  266  1
249  290  1
250  528  1
251  290  1
252  474  2
254  278  2
254  389  3
254  401  4
25  513  1
255  401  1
256  425  6
258  334  1
258  427  1
259  334  4
259  474  1
260  266  1
262  471  1
263  325  1
263  427  1
263  471  1
264  401  1
265  325  1
266  267  1
266  269  1
266  272  3
266  273  1
266  274  1
266  278  1
266  280  1
266  281  1
266  284  1
266  285  1
266  296  1
266  297  1
266  355  1
266  389  4
266  401  3
266  468  1
266  494  1
266  510  1
268  471  2
271  290  1
272  389  1
278  296  5
278  298  3
278  304  1
278  351  1
278  356  1
278  386  1
278  388  1
278  389  2
278  400  1
278  401  6
278  459  1
278  461  1
278  476  1
278  574  2
279  325  2
28  325  2
283  425  1
287  401  1
288  513  1
289  290  6
290  313  2
290  317  1
290  327  1
290  329  1
290  350  1
290  373  1
290  386  10
290  389  1
290  401  2
290  449  4
290  457  1
290  477  2
290  521  2
290  524  1
290  580  1
290  605  1
291  471  1
292  325  2
292  427  2
293  494  1
296  389  3
296  401  7
299  385  2
306  524  1
307  334  1
308  474  1
309  427  1
310  401  1
312  524  1
313  334  1
315  401  3
320  474  1
321  334  1
321  474  1
32  190  5
322  325  1
322  427  2
322  471  1
322  513  1
325  367  1
325  371  1
325  372  1
325  404  1
325  405  1
325  413  1
325  427  1
325  471  1
330  427  1
330  558  1
332  334  1
334  339  2
334  340  1
334  347  2
334  389  1
334  393  1
334  395  1
334  403  1
334  406  1
334  411  1
334  422  1
334  427  1
334  443  2
334  462  3
334  474  1
334  481  1
334  501  1
334  514  1
334  540  1
339  474  1
34  471  1
348  401  1
352  474  1
354  524  1
358  494  1
361  494  3
362  401  1
363  385  1
364  427  1
366  427  1
367  501  1
369  474  1
370  427  1
370  471  2
377  474  1
380  474  2
383  389  2
385  427  4
385  457  1
385  467  1
385  471  3
385  518  1
385  524  1
386  401  1
389  397  1
389  401  2
389  412  2
389  427  1
389  429  1
389  431  1
389  441  1
389  456  1
389  459  1
389  461  1
389  468  1
389  493  1
389  494  1
389  501  1
391  524  1
394  524  1
395  427  1
395  474  1
395  558  1
399  474  1
401  410  1
401  412  1
401  421  2
401  427  1
401  431  1
401  438  1
401  457  1
401  459  5
401  461  1
401  471  1
401  476  3
401  483  1
401  489  1
401  516  1
401  524  3
402  494  5
404  427  1
404  471  1
409  524  1
411  427  1
411  471  1
411  549  1
411  558  1
413  427  1
413  471  2
414  427  1
414  558  1
417  494  1
419  494  5
420  471  1
425  470  2
425  484  1
425  513  2
425  519  1
427  435  1
427  453  1
427  457  1
427  465  1
427  471  14
427  472  2
427  501  2
427  509  1
427  513  1
427  515  1
427  518  1
427  524  1
427  527  1
427  549  3
427  558  2
427  584  2
428  494  1
430  474  1
43  290  1
440  524  1
444  471  1
447  474  1
452  508  1
452  568  1
454  513  2
457  471  1
457  518  1
457  524  1
464  524  1
468  494  1
471  496  1
471  515  1
471  518  1
471  549  1
471  558  2
471  597  1
47  471  1
487  513  1
494  505  5
494  524  1
494  526  1
494  529  1
494  532  1
497  501  2
498  501  2
501  506  1
501  522  2
501  549  3
501  567  1
501  586  2
513  534  2
513  537  1
513  573  1
513  594  1
520  524  1
524  530  1
524  532  3
524  538  1
524  545  1
524  554  1
524  563  1
524  577  1
527  558  1
54  513  1
549  558  1
549  564  1
549  576  1
549  583  2
549  584  1
549  591  1
549  593  1
549  601  1
558  584  2
56  513  1
57  427  1
57  558  1
65  121  1
73  427  1
73  471  1
73  549  1
73  558  1
77  471  1
80  121  1
83  290  1
89  471  1
89  513  1
91  191  1
92  325  1
96  290  4
97  513  1
