2.0,1,7,24,32,8,1
12.0,1,2
18.0,1,11,43,13,3,2
24.0,1,3,11,22,27,8,1
26.0,1,11,20,11,21,5,2,2
29.0,1,5,19,35,10,3
30.0,1,7,22,22,17,2,2
31.0,1,3,4
34.0,1,15,16,11,21,5,2,2
45.0,1,10,27,22,9,2,2
49.0,1
50.0,1,8,42,17,3,2
51.0,1,5,24,32,10,1
54.0,1,5,1
55.0,1,19,22,22,5,2,2
60.0,1,29,29,10,2,2
61.0,1,1,2,4
63.0,1,17,24,18,9,2,2
64.0,1,1
65.0,1,2,1,2,1
67.0,1,19,22,22,5,2,2
69.0,1,20,21,22,5,2,2
73.0,1,6,18,34,11,3
77.0,1,9,22,11,21,5,2,2
78.0,1,3,14,23,25,6,1
79.0,1,7,21,33,8,3
82.0,1,1,10,22,26,10,3
83.0,1,3,2,1
84.0,1,16,24,19,9,2,2
85.0,1,13,35,20,2,2
86.0,1,1,8,41,17,3,2
88.0,1,4,23,32,10,3
92.0,1,26,19,20,3,2,2
96.0,1,3,3
99.0,1,1,11,21,31,8,1
100.0,1,26,16,21,5,2,2
102.0,1,16,25,22,5,2,2
105.0,1,7,17,34,11,3
106.0,1,1,2,4
110.0,1,8,23,11,21,5,2,2
111.0,1,5,21,35,8,3
114.0,1,2,4
117.0,1,21,38,10,3
118.0,1
121.0,1,1,11,19,11,21,5,2,2
123.0,1,17,21,25,5,2,2
124.0,1,5,10,21,27,8,1
125.0,1,1,7,31,20,9,2,2
126.0,1,16,24,23,5,2,2
127.0,1,11,28,20,9,2,2
131.0,1,1
132.0,1,2,4,22,31,10,3
136.0,1
137.0,1,17,19,27,8,1
140.0,1,12,24,27,8,1
142.0,1,8,31,20,9,2,2
143.0,1,3,31,25,9,2,2
147.0,1,2,4
149.0,1,22,19,18,9,2,2
150.0,1,7,14,39,11,1
151.0,1,4,31,24,9,2,2
154.0,1,9,42,16,3,2
156.0,1,3,29,26,10,2,2
157.0,1,1,3,14,23,25,6,1
159.0,1,13,25,27,6,1
160.0,1,11,38,20,3
161.0,1,5,25,31,10,1
162.0,1
163.0,1,14,23,22,9,2,2
167.0,1
169.0,1,13,23,27,8,1
170.0,1,1,3,14,23,25,6,1
173.0,1,13,18,11,21,5,2,2
176.0,1,23,19,21,5,2,2
178.0,1,6,21,34,8,3
179.0,1,16,15,11,21,5,2,2
183.0,1,8,29,22,9,2,2
184.0,1,8,26,27,8,3
190.0,1,1,2,2,1
194.0,1,8,10,20,27,6,1
197.0,1,6,23,29,11,3
200.0,1,16,18,12,19,3,2,2
201.0,1,1
202.0,1,10,21,11,21,5,2,2
206.0,1,11,21,31,8,1
207.0,1,10,30,19,9,2,2
208.0,1,15,41,11,3,2
209.0,1,10,23,26,10,3
212.0,1,4,20,35,10,3
214.0,1,14,17,11,21,5,2,2
