28995,7
28994,7
28997,6
28996,7
28992,7
28998,6
19399,6
19398,7
5980,7
5986,8
19390,6
22260,7
22263,7
61171,7
25062,7
25061,7
25069,7
6796,6
6797,7
6791,6
61941,6
25288,6
25284,7
25285,7
25282,7
25283,6
25281,6
16705,6
64675,7
17252,6
17254,7
17255,6
17256,6
63026,6
63020,7
63021,7
9258,7
63023,7
9256,6
63028,6
63029,7
24881,7
24880,6
24885,7
24884,8
24889,7
24888,7
12382,8
26023,7
26022,7
26021,7
64902,7
64455,8
64901,7
62368,7
3518,7
61179,7
3515,8
14624,7
14626,6
14622,7
14623,6
14628,7
14629,7
62884,8
62880,7
62889,7
30414,6
30416,7
13058,6
13053,7
13054,6
13055,7
18701,7
18705,6
29768,7
29818,7
29766,6
29761,7
29763,6
29762,8
1177,7
1173,7
23503,7
23050,6
23500,6
29434,8
29436,6
31232,8
29108,7
31230,7
29433,7
31234,7
29101,6
29100,6
31239,7
29105,6
7185,7
29107,7
29106,7
8549,7
12834,7
8017,6
65881,7
65882,7
8014,8
8543,8
8542,7
65084,8
10884,7
4731,7
22677,6
23122,7
10889,6
60902,7
60900,7
60901,6
60906,7
60904,6
8290,6
6534,7
24708,7
24704,7
24707,7
4739,6
65264,7
30382,6
63679,7
15240,7
2308,6
13619,7
13614,7
13616,7
2302,7
13611,10
4723,7
11289,7
5846,6
5841,7
11286,7
28252,7
28701,7
3747,7
13531,7
4622,7
4623,7
13536,6
28256,7
10466,6
11754,7
16394,7
63907,7
63906,6
63905,7
63901,7
62450,6
3773,6
11017,7
62500,7
62501,7
62505,8
20889,6
20888,6
64029,6
64028,8
13289,6
13286,6
64022,7
64025,7
13282,7
29659,6
10390,7
10391,6
10392,7
10393,7
10398,7
16936,6
16932,7
16930,6
7215,9
16938,7
7217,7
6217,6
6216,8
6215,6
6214,6
6213,7
12221,6
6218,7
15708,8
15709,7
29372,7
29376,6
29374,6
10574,6
10576,7
21427,8
21423,6
21420,6
21429,7
8846,6
30628,6
30623,7
30621,7
30625,6
7668,7
7662,7
7665,7
63258,6
1762,7
1766,7
29597,6
29594,8
29592,6
29591,6
1545,7
28429,7
14470,8
11113,7
11115,7
14474,6
14477,6
30226,6
30337,7
8716,7
8717,7
13841,7
13840,7
13843,7
13842,6
31571,6
63935,7
31578,6
7883,6
5619,6
5614,7
23262,6
11563,7
11564,6
11566,7
62519,6
9259,7
10703,7
62218,7
25739,6
25737,7
25046,8
25731,7
6774,7
30948,7
61606,6
9963,7
9969,7
16239,6
16729,6
16728,6
65690,7
19911,8
16721,7
16727,6
19914,6
19917,7
64613,7
64611,7
64614,7
63040,7
63046,7
63044,7
63048,7
9504,7
65521,6
65520,7
3686,7
3684,7
2518,6
64929,7
64924,6
64925,7
64927,6
26045,7
26044,6
26047,6
22810,8
3532,7
22817,7
22815,6
22819,7
5050,6
64451,7
10764,7
26026,7
14866,7
14640,8
18549,7
14863,7
18545,7
62319,7
62314,6
62317,6
62313,8
13070,6
13075,6
30439,6
13891,7
18769,7
10185,8
61765,7
29741,7
29746,6
1154,7
23076,6
30293,6
30291,7
15119,7
30296,7
30298,6
15111,6
15110,7
15113,7
29127,7
29125,7
29121,7
29120,7
25896,6
25895,7
25894,6
31748,6
31749,7
31745,7
31742,7
31743,6
8031,7
8030,7
12589,7
12583,6
12850,7
8521,6
12580,8
12587,6
12854,8
61782,7
61780,7
61039,7
61038,7
65068,6
10946,7
65066,7
61037,7
61788,6
65062,6
22659,7
61033,8
22383,6
60928,6
13988,7
19575,6
60920,6
60921,7
60923,7
4293,8
4292,6
24768,7
23387,7
28651,7
24767,6
65202,6
61250,9
61253,6
65201,6
61255,8
61257,7
61256,7
4743,6
4742,7
13670,7
4740,6
6207,8
5869,6
5860,8
5862,7
28937,7
2183,8
25385,7
25384,6
28935,7
4608,7
2184,6
4607,7
13515,7
2188,7
4600,7
13510,6
23921,7
6450,7
23929,8
6452,7
12424,7
30915,7
64007,6
64557,7
64004,7
64003,7
64002,7
64001,7
64000,7
15347,7
64009,6
64008,7
25562,6
25564,7
25568,7
6185,7
27791,7
8133,7
9191,7
9195,7
9194,7
10379,6
10374,6
7238,6
63789,7
63788,7
63780,7
63782,7
16910,6
6239,7
6235,7
12205,8
12206,7
12201,8
9742,7
29366,6
63525,7
29359,6
63527,7
63526,7
9778,7
63523,6
29350,6
9774,7
9777,7
10511,7
9771,7
29356,6
29357,7
8867,6
8864,7
14985,7
8863,7
14986,7
24167,7
19150,6
62781,6
62784,7
26837,6
1703,7
1704,7
1706,7
14182,7
14185,7
15854,8
15855,6
15853,6
15858,7
15859,8
14457,8
14324,6
11135,6
14453,7
4579,7
14458,7
28408,7
62122,7
3028,7
28403,8
3026,7
3024,6
3022,7
30600,8
30350,7
30351,7
30357,7
30354,6
30355,6
30608,7
8734,6
31551,6
31557,8
4199,7
13866,6
4194,7
13864,7
4193,6
4191,6
5671,7
66043,6
6437,7
8193,7
30974,9
12445,8
6433,7
6432,7
8194,6
30971,6
64690,7
8199,7
30635,6
30637,7
6756,7
9942,8
9940,7
16747,6
27920,7
16748,6
12051,7
12053,6
30476,7
28704,7
27927,7
64638,7
64639,6
25711,8
27928,7
64630,7
64633,7
64634,8
25719,6
64637,7
62433,7
21659,7
63066,6
65549,7
27793,8
62437,7
27790,7
26067,7
64497,7
64491,7
26061,7
61733,7
2538,6
61730,6
64942,7
64943,7
64940,6
61047,7
2536,7
2537,7
17166,6
17164,7
5079,7
17160,6
5073,7
5070,7
5071,8
17168,7
22837,7
4186,7
10453,7
9563,7
9567,6
10743,7
10741,8
10740,7
11834,6
18560,7
11832,7
62339,7
62338,6
62330,7
62336,7
62335,7
13099,7
13096,6
13092,7
27828,7
20296,7
27825,6
20294,8
27823,7
29723,7
29722,6
9380,6
9382,6
29729,7
29728,7
65927,6
15320,7
14835,8
15133,7
65923,8
31766,7
31760,6
31761,7
31762,6
31763,7
7146,7
7143,8
18746,6
12877,8
30017,6
30016,8
30012,7
30018,6
12879,7
2886,6
31497,7
2884,6
2888,7
2889,8
23015,7
24292,7
24293,7
24291,7
24295,6
26523,6
26520,7
24741,7
24746,7
24747,7
24749,7
3275,7
28678,6
28676,7
28894,7
24980,7
14401,6
13653,6
4764,6
13657,7
4769,7
4768,7
11249,8
65045,6
65047,6
65042,7
5803,7
5802,7
19742,7
65048,7
7180,7
25364,7
25361,7
25362,8
7183,7
11793,7
11791,7
11797,8
11796,8
65220,7
65957,7
65224,6
61278,7
30597,7
25509,7
25508,6
16689,7
16684,6
16686,6
16681,7
16683,6
10353,8
4881,7
4885,7
7962,7
7967,7
7964,6
10686,6
9171,7
10685,7
16979,6
61901,7
61900,7
61903,6
16977,6
16974,6
17081,6
17080,6
6259,7
12269,7
12262,8
17088,7
12266,7
10530,7
10534,7
10537,7
63503,7
65880,7
63501,7
63500,8
63507,7
63506,7
63504,7
8015,7
9715,6
24108,6
22991,8
24100,7
24101,6
24106,7
24105,8
65886,7
26852,6
12913,6
1728,7
1722,7
1721,7
13135,7
62745,7
28461,7
28460,7
3007,7
28462,7
18358,6
5621,7
3002,7
28469,8
9458,8
14309,8
17457,8
62109,7
62107,8
62100,6
1587,7
62102,7
1585,7
30378,7
9455,9
31539,7
31530,6
31021,6
31532,6
31535,6
31534,7
31537,7
8658,7
4450,7
28285,9
66062,7
28287,7
66065,7
3184,7
23220,7
23221,7
23227,7
23224,7
61489,6
61481,6
15306,7
6416,6
30950,7
6410,7
15302,6
61487,7
7777,7
7773,7
7772,6
3917,7
3916,7
3911,7
3918,7
6730,8
6731,8
8317,6
6736,7
6737,7
9921,7
9922,7
19262,6
19260,7
16769,6
16766,6
16763,6
22177,7
22170,6
12078,8
12077,7
12075,7
12070,6
25771,7
25776,7
25777,7
25774,6
25778,7
25779,8
65564,7
24825,6
21675,7
21673,8
65569,6
3647,8
3643,6
3640,7
64961,7
64963,7
2554,7
2555,7
2556,7
64967,6
2558,6
11475,7
5018,7
17144,6
17145,6
17140,6
17142,7
25194,7
13308,7
4418,7
4415,7
4413,8
4412,8
9548,6
9549,7
9545,6
62351,7
14828,7
62352,7
14822,7
14820,6
14827,6
14824,7
14825,7
64210,6
20109,6
21499,7
3897,7
27842,7
27843,7
27846,8
27847,9
27845,7
29709,6
29708,7
29707,6
29254,7
29705,7
29250,7
29701,6
29252,7
11815,7
11811,7
11818,7
11819,6
15153,6
25053,6
29394,7
29395,7
29396,6
31700,6
31706,7
31707,6
31704,7
7163,7
7161,8
24198,8
8079,6
30032,7
12898,7
30034,6
12895,7
8073,7
31554,7
1447,7
1444,7
1115,7
1117,7
1440,6
23034,6
1449,6
22619,7
22612,6
22345,7
6338,6
28618,6
28611,6
28616,7
28615,6
31456,6
8264,6
8265,6
4783,7
5847,7
5823,7
23697,6
5824,7
11288,7
11261,8
11264,7
65020,7
65026,7
65027,7
65024,6
65028,7
64776,6
64772,6
25699,7
25698,6
25691,7
25342,6
25341,6
25340,6
25347,7
25694,6
13781,6
23968,7
23961,7
65979,6
11060,7
61296,7
65795,8
65972,7
61292,7
25526,7
25525,6
28264,7
25523,7
25521,7
64510,8
64513,9
29216,7
64515,7
64514,7
60800,7
17314,6
17317,6
17316,6
17319,7
12791,7
12796,6
9155,6
10333,7
10331,7
12476,7
16405,6
16955,7
16956,7
16401,6
9483,6
63744,6
9481,6
7904,7
63740,8
7906,7
63742,6
61923,7
61922,7
6272,8
61925,8
29647,7
13532,7
29645,7
21440,7
63293,7
63291,9
63290,6
63297,7
63296,7
63567,7
22978,6
22974,7
22972,7
16710,6
16711,6
30671,7
13483,7
14148,7
13163,7
14145,6
14146,7
5229,7
13115,7
13114,6
13119,8
14369,7
14368,7
3066,7
28449,6
14363,7
14362,6
14365,7
28442,7
62168,7
62169,8
62162,7
62167,6
62165,7
2595,6
25356,7
29066,7
29063,7
29068,7
29069,8
23752,6
23753,7
1300,7
28918,7
66000,7
66003,7
66004,7
12409,7
15363,6
6471,7
30931,7
30936,7
15364,7
31041,7
31516,7
31515,6
31045,7
7758,6
31511,6
31048,7
7750,7
31518,7
3935,7
3937,7
3933,6
19462,6
8333,8
8336,7
8334,6
6716,7
6717,7
62507,7
6710,7
29553,7
9904,7
61642,6
24464,7
24466,6
24463,7
24898,7
24469,7
24468,7
19209,7
64020,7
22404,6
22403,6
13756,7
4040,7
13758,7
25758,7
24893,7
25754,7
25757,7
24809,7
24808,7
3662,7
24803,6
65587,7
3668,6
12815,7
65142,7
64989,7
2577,7
2574,6
64985,8
64983,6
11455,7
11456,7
11450,7
5038,6
17433,6
5032,8
64186,6
4434,6
64184,7
17129,6
64182,7
64183,7
64180,7
13323,8
17120,7
13328,8
13329,6
64189,6
26039,6
62809,7
62808,6
62378,7
62377,7
62804,6
62372,6
17179,7
27869,7
10124,7
29278,7
63172,6
63170,7
24648,7
29276,7
29274,7
11872,6
8926,7
11871,7
11877,7
18835,7
14809,7
8750,7
30586,6
30584,8
15176,6
30237,6
15174,6
30231,7
30233,7
7106,7
7107,7
5412,7
31720,6
31722,6
31723,8
31727,8
18788,6
1686,7
30059,6
30058,7
22776,7
30055,7
30057,7
29988,7
29981,7
29982,6
29984,7
28054,7
28058,7
1468,7
65492,7
1465,7
28581,7
28585,6
31189,7
24782,8
24783,7
13927,7
13922,7
13923,7
4230,7
28630,8
28632,7
5594,6
5597,7
28637,7
28639,6
61462,7
13690,6
13693,7
7284,6
7216,7
12226,6
13902,6
19075,6
19078,6
65008,6
27788,6
22360,8
61059,7
61725,6
27780,6
61727,7
61726,6
27785,6
61052,6
61723,7
27786,7
25320,6
25322,7
60898,8
60899,7
25326,7
60894,7
64754,6
23946,7
23945,7
23943,6
23942,6
23940,7
23948,8
8699,7
65910,7
65915,7
2299,7
2290,7
2295,7
10916,6
10917,6
17337,7
7291,7
7922,6
7923,7
10648,7
7921,8
10312,7
10640,7
10317,7
63769,7
63768,6
63763,6
63762,6
63761,6
63760,7
16420,7
63766,6
63765,7
63764,7
8638,6
6297,7
64537,7
64535,7
64538,7
63815,7
63811,7
63541,6
63812,7
4936,7
22957,7
2034,7
2033,7
4595,8
4844,7
4598,7
4847,8
4842,6
4843,7
63278,8
30400,6
14169,8
5205,8
11991,7
14162,7
11993,7
14160,6
24140,6
62492,7
62490,7
62491,6
62497,7
62494,7
62495,7
13172,7
13174,7
11191,7
14344,7
14340,6
3048,6
62634,7
62632,7
62633,6
3041,8
1094,7
1095,7
1097,6
1099,7
29044,6
29517,8
29514,7
29515,6
29040,7
29513,6
29511,7
23778,6
28939,7
28938,6
1327,6
1324,9
28933,7
28930,7
23774,7
28936,7
23776,7
23777,6
8682,7
12421,6
8681,7
30914,7
8687,7
15346,7
6900,7
6459,7
30919,6
6908,7
7733,7
31063,7
31062,6
7734,6
3955,6
19196,6
8358,7
8350,7
8357,7
66027,7
66026,6
24441,7
24440,7
24447,6
66021,7
24449,7
61556,6
61557,6
61552,6
61553,6
61550,6
65615,7
65611,6
27930,7
61558,6
22139,6
4062,6
4060,7
4066,6
13776,6
4065,6
4069,7
62093,7
5786,6
5782,8
5783,7
5788,7
62911,7
25900,7
3607,7
17780,7
61701,6
31026,7
11436,7
17101,7
17105,6
17106,6
17107,7
13342,6
13340,6
13341,7
4457,7
4456,6
65609,7
24860,7
24865,6
25209,6
61569,6
62829,7
62822,6
62821,7
62826,7
25650,7
153351,7
64254,7
16855,7
16853,6
16852,6
6334,7
6335,6
6331,6
6333,7
12169,7
27886,6
27882,7
29211,6
10452,7
10451,6
10109,6
10108,7
29217,7
9673,6
10107,6
10458,6
9678,6
63158,7
21763,7
63154,6
63157,7
63150,7
11858,6
11852,6
11853,6
8901,7
11856,6
8902,8
30219,7
30213,7
30216,6
30215,7
30214,6
7127,6
7124,6
7121,7
1663,7
1661,7
2829,6
24278,6
24279,7
3384,6
5417,6
28034,7
5419,7
1408,7
13906,8
4213,8
4218,6
18100,8
1542,7
5579,8
5572,8
30072,7
30070,8
62593,7
5798,7
31302,6
31300,7
19486,6
28351,7
11228,6
11225,7
11220,6
19054,7
61709,7
25906,7
22306,6
5122,6
61703,7
61702,7
22308,7
61700,7
61706,7
61705,7
25656,7
25302,6
29112,7
31754,6
4205,7
65930,7
65280,8
65281,7
65936,8
65937,7
31751,7
31750,7
31201,7
31752,7
31574,7
16629,6
16620,8
6109,7
12756,7
12757,7
6104,7
6102,7
6100,6
64886,6
64884,6
10938,7
64734,6
64880,7
64739,7
64738,7
64888,6
63701,7
63700,7
16996,6
63705,7
16991,6
16992,6
63708,7
9445,6
9112,7
9443,7
9114,7
9441,7
3336,7
65424,7
65420,8
65421,6
16440,7
16441,7
21153,7
65428,7
64088,6
63832,8
21487,7
63836,7
63835,7
21488,7
3416,6
3413,7
3410,6
21374,6
3419,7
15293,6
10665,7
2019,6
8536,7
13481,7
13480,6
4860,7
15291,7
2011,6
13484,7
4864,7
13486,7
18482,7
18484,6
14108,6
30494,7
17715,7
13155,7
13151,6
13158,7
10597,8
10598,7
10599,7
102617,8
20423,7
62614,7
62612,7
62613,7
30688,6
30689,7
63707,8
30684,8
30685,6
9113,7
16998,6
12992,7
12994,7
29533,6
29028,7
29029,7
30546,7
29022,7
29021,6
29024,8
24008,7
21158,7
13378,6
8118,6
15414,7
15415,7
30540,6
15411,7
6922,6
7711,6
26747,7
7718,7
8386,7
66628,7
61390,6
61392,7
61393,6
61396,6
61397,6
61398,7
61399,7
5169,7
28775,6
28953,6
28955,7
28770,7
28959,6
28958,7
28778,8
24427,7
61578,7
22447,7
61574,7
61575,9
65630,7
61570,6
61571,7
61572,6
61573,6
4001,7
13712,7
4005,8
13716,7
3971,7
19420,6
19427,6
19428,7
3622,7
3625,7
29898,7
30602,7
60933,6
4479,7
13369,7
25465,6
25462,7
25460,6
13365,8
4477,6
4476,7
24849,7
24846,8
24845,7
24844,7
24843,7
24842,7
24841,7
24840,7
2464,6
64271,8
64272,7
2467,7
64275,7
64279,6
5340,8
16872,6
16878,6
12143,7
6313,6
6310,6
6311,7
6314,7
6315,8
10439,7
10438,7
9650,7
10431,6
9305,6
10121,7
29234,7
10435,7
9301,6
9302,6
9303,7
21743,6
63138,6
21740,6
63130,7
63135,7
62840,6
62842,7
62846,7
62848,7
8960,7
8964,7
25047,7
1641,8
1642,7
29493,6
29492,7
29497,8
29496,7
29946,6
29940,6
29942,8
24216,7
2802,6
2803,7
24218,7
24219,7
2807,6
5432,7
28019,6
62266,6
62261,7
3369,7
62263,7
62262,8
28546,7
3365,6
3366,6
5439,7
62269,7
62268,8
28016,6
30277,7
13962,7
13963,8
4275,7
4274,6
4279,6
5557,7
2014,6
5559,7
5558,7
10669,7
30098,7
30095,7
30094,6
8582,7
5885,7
5888,8
61763,7
27749,6
15060,7
6552,6
61766,7
61769,7
27747,7
30899,7
30898,7
25923,7
25922,7
25921,7
25924,7
25929,7
25928,7
22325,6
62005,6
25671,7
25670,7
25676,7
25674,7
23989,8
23988,7
7504,7
7505,7
7506,6
9882,7
7503,7
16605,6
16600,7
16601,6
16609,7
6125,6
12775,7
61187,7
61181,7
61180,6
28277,8
61188,7
64865,7
64864,7
10950,6
64861,7
64711,7
63129,7
63728,7
16469,7
63724,7
24988,7
61988,6
24982,7
61987,7
61986,7
61980,7
61982,7
31635,7
2259,6
5848,6
2251,7
63859,7
4093,7
63589,6
24186,6
24184,7
24185,8
24188,7
63854,8
4090,6
22913,7
4800,7
4801,7
2787,7
4806,7
4807,7
4809,7
9465,7
9466,7
11600,7
2070,7
11609,7
3226,7
14129,6
14126,6
14124,7
27987,7
62458,7
27980,7
62456,6
62455,7
62453,7
62982,7
27988,7
62838,7
14383,7
14382,7
14380,7
61050,7
14385,8
14384,7
62673,6
62670,7
62676,7
61155,6
12977,7
12972,7
29001,7
29550,6
7085,7
7086,7
8171,7
6497,7
8173,6
8176,7
6492,7
6948,7
15472,7
15470,7
15471,8
15476,7
61376,7
61374,8
8390,6
8391,7
61370,7
24407,6
24405,6
24402,7
24400,7
4393,6
25554,7
24409,6
28753,7
28751,6
28209,7
1363,6
1360,6
28754,6
28976,7
28206,6
28973,7
28200,6
28203,7
28970,7
61518,7
61519,8
61513,6
22461,8
4024,7
13733,8
13730,6
13292,6
4029,7
11384,7
65156,8
19155,7
19156,6
19402,7
19152,7
65875,6
65653,7
65870,8
65872,7
25118,7
25119,8
25116,6
25117,6
25114,7
25115,6
25441,7
25110,7
25111,6
2519,7
2447,7
2444,8
64299,7
64292,7
7866,7
7862,7
12521,7
15200,6
15203,6
16813,7
15202,7
12129,8
6379,7
6370,7
12123,6
12122,7
12125,7
6375,7
6376,7
12126,7
10411,7
63110,7
63111,7
63112,6
63445,7
63442,7
63116,6
63117,7
9323,7
9635,7
9324,7
63449,7
8947,7
62869,7
62868,6
62865,7
62864,7
62863,9
62860,7
3206,7
5181,7
1627,6
5187,7
3200,7
1998,6
24655,9
2860,7
29968,7
29963,6
29964,7
28564,7
28565,7
14244,7
28563,7
24232,6
24233,7
24234,7
14249,7
5458,7
62241,7
62240,7
3342,7
3343,7
1194,6
5456,7
30259,7
30257,7
30255,7
30254,7
30252,7
13940,6
13941,6
13942,8
31697,7
31122,7
31692,6
31693,6
28693,7
28690,7
5530,6
28696,7
28697,6
5539,7
28699,6
30209,7
23616,7
6573,7
6571,6
6574,7
61748,7
61746,6
61745,8
61744,7
27766,7
27765,7
7694,7
7696,7
29616,7
7691,7
29613,6
29612,7
29619,6
25944,6
25946,7
3835,7
3833,7
3839,7
7526,7
7525,6
6654,7
16664,6
16665,7
16668,6
18891,6
12712,7
6140,7
12717,7
6145,6
6924,7
12718,6
14647,7
10972,7
15417,7
10974,8
10978,6
64848,7
25619,6
60835,7
60832,7
21116,7
16488,8
21118,6
16480,7
65469,7
65463,7
65466,6
65464,7
2270,7
64596,6
64598,7
11590,7
63630,7
63984,6
25878,7
2052,7
2054,6
4828,6
4826,7
2058,7
4530,7
13443,7
13442,7
9403,7
9402,7
7982,6
11626,7
10621,6
62474,7
62473,6
8599,6
62478,7
11976,7
11974,6
64334,7
63269,7
27969,6
64330,7
64332,7
27965,6
17753,7
27960,8
27962,7
13198,7
13193,6
13197,7
19878,6
63877,6
63876,7
63875,7
63874,7
63873,6
63871,7
63870,7
63878,7
62650,7
62652,6
62654,6
62655,7
62656,6
62658,7
62659,6
10085,6
10086,6
7329,8
13421,6
12955,7
12956,6
12950,8
12953,7
7067,6
7066,7
7065,7
7063,6
30756,6
30757,6
6963,7
12484,7
30751,7
15458,6
15459,8
8627,7
8150,7
8151,6
24397,6
24396,6
24393,7
31597,7
31594,7
31591,6
24398,6
61688,6
61689,6
61680,7
61681,6
61686,6
61684,6
61685,6
9988,8
11027,7
14506,7
66085,7
14503,6
28739,7
28229,7
23282,7
28732,7
28735,7
28737,7
64425,6
63975,6
64423,6
11366,7
63188,7
11361,7
61355,7
61350,6
61351,6
61352,6
61359,6
23868,6
61530,7
61531,6
61532,6
65679,6
65676,7
65858,7
65672,8
65671,7
65670,7
25136,7
25130,8
25132,7
25138,6
64103,6
65944,7
25422,6
25420,8
65633,7
25311,6
6682,6
25644,7
2424,7
63680,7
16836,6
63684,6
16832,6
63689,7
25641,8
16839,6
16838,6
6357,7
12102,7
6351,6
61828,7
12108,6
9340,7
9614,6
9612,6
9613,8
9346,6
9611,7
10163,7
9619,7
63468,7
63469,7
21252,8
63466,6
63460,7
63461,7
63462,7
14881,7
14883,8
14886,8
14083,6
14084,8
1609,6
1608,6
3229,6
1976,7
1602,7
3221,7
1971,7
1606,6
13276,7
2163,7
13710,7
2849,6
2846,7
2847,7
2845,6
13714,6
28502,6
5475,7
14268,6
14269,7
28504,8
14260,7
14263,8
62229,7
20075,6
62221,8
62225,7
62134,8
25899,6
5519,8
5518,8
62133,6
17047,6
29901,6
1559,7
29904,7
29909,7
28342,6
3031,6
27701,6
29129,7
14465,7
30341,6
25965,8
25964,7
25961,7
1902,7
15025,7
15027,8
6517,7
29633,7
29631,7
31100,7
31101,7
29634,7
29639,7
29638,7
23499,8
3814,7
23492,6
8457,7
8455,7
8452,7
63930,7
31214,7
7549,7
31366,7
13853,7
16642,6
16643,6
16645,6
16647,7
12738,6
12730,6
12734,7
65194,7
65195,7
64821,6
60815,8
60817,6
60812,6
10999,7
10994,7
10992,7
10993,7
10990,7
10991,7
24617,7
24615,6
24610,6
25635,7
25634,7
25633,7
25632,7
24618,7
24619,6
65337,7
65334,7
24948,7
65448,7
24945,7
22729,8
2213,7
31813,8
2215,7
31811,7
12581,7
25091,6
13468,7
25096,7
25094,7
12855,7
25099,7
25098,6
4517,7
4515,7
11649,7
11641,7
11644,7
11646,7
62412,7
62416,6
62418,7
5284,7
27948,6
64314,7
64319,7
27940,6
20666,7
9772,7
63899,7
63898,7
63895,6
63894,6
63897,6
63896,7
63891,7
63890,6
63892,7
63094,7
7300,7
9289,7
63090,6
9284,7
63099,6
9280,7
29085,6
11910,6
11915,7
9023,7
11919,7
30191,8
30193,7
30194,7
30197,7
30198,7
7045,8
10200,6
7049,7
65413,6
63324,6
63329,7
63328,6
30778,7
30774,7
30775,7
30777,7
30994,7
8607,8
30773,8
22657,7
65419,8
24379,6
24378,7
24375,7
2982,7
24376,6
24371,8
2986,7
1013,6
4351,7
4352,7
28717,7
11001,6
14520,7
28712,6
14525,7
14524,7
28249,6
28248,7
14529,7
11340,6
11343,6
11349,8
5709,7
61332,7
61330,7
61337,7
61335,7
61338,7
61339,7
28866,7
23809,6
23801,7
65831,7
25152,7
25401,7
25150,6
4296,6
25405,7
25154,7
25155,7
12459,6
16582,7
24195,7
2461,7
12691,7
12698,7
10832,6
10839,7
1050,7
14297,7
7828,7
19807,7
63669,7
63666,7
63667,7
63664,7
63665,8
63662,7
7826,7
63661,6
61807,7
64125,6
64127,7
17180,7
17182,6
17184,7
30068,7
9366,7
9367,7
21272,7
8987,6
63405,7
1832,7
1831,6
3798,6
3796,6
3793,6
2154,7
2150,7
2403,7
4987,6
4988,7
2159,6
1956,6
1951,7
1953,7
14064,8
3248,7
3243,7
3240,7
3246,7
13259,7
12467,8
62755,7
62754,7
62756,7
1487,7
62750,6
62201,6
62200,7
28521,8
5496,7
14201,7
62759,7
28526,6
30561,7
30563,7
30565,6
30567,7
12142,6
30569,6
12141,6
12140,6
1995,6
12144,7
2060,6
2061,7
1439,7
29382,7
29381,6
29387,7
29386,6
29929,7
29435,7
29926,7
29389,6
29388,6
29921,7
28388,8
14561,7
23120,6
1228,8
30384,6
8293,7
30383,8
6531,7
8299,6
30388,7
8240,7
25984,6
25987,7
25981,6
25980,7
25983,7
30803,6
31162,7
31166,7
31165,7
29650,7
31168,6
3878,7
29661,6
3872,7
8479,7
8475,6
8470,7
7566,7
7564,6
7562,7
7561,9
31381,7
61476,7
61473,6
10123,7
22528,6
29236,6
22294,8
22525,6
13894,7
62446,7
4162,7
64809,6
60875,7
64807,8
29233,6
13899,7
24636,7
24637,8
65315,7
65317,7
65310,7
65311,6
65313,8
2230,7
2237,8
6541,7
3497,7
4572,7
4573,7
13407,8
13406,7
13409,7
13408,7
2189,7
4605,6
11669,6
24965,7
24967,7
24969,7
27921,6
62439,6
27923,7
27925,6
27924,8
62928,6
62929,6
62431,6
62924,7
62925,6
62922,7
62923,7
62921,7
25216,7
25212,6
64371,6
64370,7
64373,6
64375,7
23592,7
7368,7
7369,7
7366,6
11935,7
11934,7
11930,7
30178,9
30179,7
30177,7
30175,7
30172,7
12915,7
30170,7
7022,6
9004,7
10221,7
24037,7
24032,7
24038,7
21519,7
62694,7
62697,6
62690,6
62691,6
62693,8
62698,6
30718,7
30710,6
30711,7
30714,7
7799,7
7798,8
9835,7
64550,7
24359,7
24353,7
24352,6
24350,7
24357,6
24356,7
1038,6
1034,8
4372,7
4371,7
4374,7
14549,7
28266,6
28265,7
11062,7
11065,7
14547,7
28260,7
15494,6
15490,7
8666,7
8669,8
4083,7
13794,7
4087,7
13799,7
13798,7
31449,7
31448,7
11323,7
11328,7
5729,6
19137,6
5723,7
5721,8
5726,7
8007,6
61444,6
61445,6
61646,6
61644,7
61314,8
61114,6
61640,7
61641,7
60990,6
60993,10
60992,7
60994,7
60996,7
23820,6
11499,7
23355,8
28845,7
28848,6
8084,8
8087,6
65812,6
65810,6
22196,6
22192,6
25170,7
25173,6
16563,7
29948,7
12679,6
6649,8
12674,7
12677,6
10813,7
10810,7
10816,7
10815,7
10819,6
63644,6
63640,6
63641,8
63643,6
7809,7
12444,7
63648,6
63649,7
65764,7
65766,6
65761,7
28966,6
65768,7
61868,6
64480,6
61862,6
61860,7
26247,6
2393,7
2390,7
64145,7
64148,10
63422,6
63424,8
21218,7
2800,7
21217,6
3840,7
1856,7
2176,7
2175,7
4962,8
4961,7
3844,7
28018,7
29924,7
62596,7
29014,6
3265,7
5129,7
62591,7
62590,6
5125,6
1939,6
61880,8
5121,6
62599,6
29011,7
28010,6
4160,7
13235,8
14220,6
14221,7
14954,7
14225,6
14227,6
28543,7
28540,7
22823,6
20036,8
20035,6
6882,7
15799,7
15798,7
29411,6
4273,7
1209,7
1203,7
30818,7
8272,7
29677,7
26884,7
29675,7
29672,6
29679,8
31638,6
31636,7
31634,7
31143,6
31144,6
31630,7
31147,6
6669,7
8417,7
8414,7
61095,6
7585,7
9804,6
7582,6
22507,7
61108,7
65158,8
61105,6
65154,7
65155,7
61103,6
61102,6
4148,6
4145,7
60852,9
61484,7
3855,7
3851,7
24651,7
28109,7
22763,7
22765,6
65376,7
63939,7
31858,6
31850,7
31857,6
31854,6
10519,7
5918,7
63252,6
63603,7
13427,7
64680,7
13423,7
4553,7
64687,7
63627,7
29353,8
11684,7
11687,6
11682,7
65484,6
24900,8
24907,7
24908,7
24909,6
65488,7
65489,6
64357,6
64356,6
64353,7
64351,7
27908,8
27906,8
27903,6
25236,6
25234,6
16797,6
16795,7
16790,6
16791,6
6078,7
2616,7
2615,6
20488,7
7346,7
7345,6
7343,6
7341,7
10026,6
10795,7
10022,7
10791,7
10793,7
21686,7
21684,6
21685,7
12338,7
12334,7
12337,6
62908,7
12331,6
29088,7
7008,6
29081,7
29082,7
10247,7
10244,7
22882,7
29883,6
29884,7
28942,7
24334,6
24338,7
2942,8
2940,7
5357,7
1056,6
5421,7
30151,7
30152,8
31285,7
5420,7
31289,6
28940,7
14565,7
14563,7
11042,7
24489,6
11040,7
24486,7
24485,7
24484,7
24483,6
14569,7
27748,8
62016,6
62015,7
62012,7
3116,7
3114,7
3111,6
30730,7
30732,7
8648,7
30738,7
8642,8
31462,6
31460,6
31467,7
31465,7
31464,8
5742,6
11300,7
11301,6
11302,7
11304,7
11306,6
61664,8
61665,8
61662,6
61669,6
25826,7
25821,6
25828,7
27914,7
29757,8
28822,6
61592,6
61590,7
61591,6
61596,8
12533,6
61594,7
61595,7
16453,8
12658,6
6661,7
61815,6
12655,7
10877,7
63990,8
16890,6
63620,8
63621,6
16895,7
63995,7
63996,7
16896,6
63998,7
61840,7
65740,7
65749,7
65748,6
64168,7
64160,8
64161,7
64162,7
64163,7
64165,6
64166,7
21237,7
63199,7
21235,8
21233,7
21232,7
63192,8
63194,7
63195,7
63196,7
21238,6
1877,7
1875,6
1878,6
4941,6
2111,7
2113,7
14022,8
14027,7
1919,6
29352,7
17055,7
17052,7
3288,7
1913,7
62571,6
3282,6
62572,7
14325,7
13219,7
10499,6
10498,7
10497,8
18238,7
14978,7
14790,7
14791,6
14793,6
14794,7
14796,7
18234,6
13704,7
62710,7
62712,6
20548,6
62716,6
15101,6
9880,7
6864,6
6865,7
6867,6
5109,7
8257,7
8250,7
8253,7
1260,7
1266,7
8789,6
30833,7
8782,7
30837,7
30836,7
8785,6
31614,7
30352,7
10010,6
31611,6
29695,7
29694,8
7617,7
31618,7
29690,7
29693,7
29692,7
17059,6
8431,7
8434,7
8439,6
30358,8
6124,7
6127,6
6121,7
61439,6
61129,6
61128,7
61122,6
61433,7
61120,6
61435,6
61436,7
12597,8
31009,7
24670,7
24671,6
4128,7
12592,7
24678,7
4121,7
12593,8
4127,6
4124,8
28125,7
5686,7
28120,6
31007,7
31000,7
11514,6
11511,6
11513,6
65175,6
65177,7
65170,7
5973,7
5977,7
5976,7
17209,6
17208,6
17202,8
25783,6
25781,6
25786,7
25785,7
25789,7
25788,6
25031,9
25030,7
65350,8
24920,6
24922,7
24923,7
24925,7
24926,7
64402,7
2581,7
64404,7
64409,7
64408,6
2589,7
64867,7
64713,7
64863,6
6054,7
6053,7
10004,8
10005,7
10006,8
10000,7
10002,7
2634,8
2633,7
9599,7
20019,6
9225,7
9224,7
9590,7
62962,8
62960,7
62966,7
62967,7
62965,6
12352,6
12356,7
10266,7
9048,6
63388,7
63385,7
63384,6
63386,7
63381,6
21555,6
6386,7
28089,7
2965,7
2960,7
29868,7
29867,7
29864,7
64552,7
24318,7
24317,7
24316,6
24315,6
24313,6
24312,7
24311,7
5379,7
1078,7
1076,7
5374,9
5377,7
1075,7
1072,7
30130,6
30131,6
30137,7
13003,7
61795,7
30138,6
10286,7
4335,8
4331,7
3130,6
14581,7
3138,7
14583,6
20204,7
20202,7
62036,7
62037,7
18457,6
31403,8
5768,7
23576,8
23577,7
5764,6
5763,6
61603,7
61600,7
15185,7
15182,6
61608,7
25808,7
25804,7
25806,6
25807,7
25801,6
25803,7
28805,6
6435,7
8197,7
12518,8
12519,7
12515,7
12516,7
12441,7
7420,7
12631,7
12633,8
12635,7
12634,7
12637,7
12636,7
6608,8
10857,7
10855,7
60958,7
60955,6
60954,7
60951,6
60950,6
1043,7
63979,8
63600,7
63601,7
63602,7
19538,6
63604,8
63605,7
63606,6
63607,7
12189,7
12187,7
65725,6
65724,7
12181,7
12180,7
28884,6
2351,7
2356,7
21962,7
29230,6
17694,6
3736,7
3735,7
3734,6
1891,7
2136,7
4690,7
13584,7
4926,7
2130,7
4699,6
2138,6
11727,6
11722,8
11720,7
11721,7
9413,7
11728,7
11729,6
5161,7
5165,6
5166,7
2784,6
14001,7
14002,7
14003,7
14005,6
14007,6
62559,6
20783,7
63451,7
17079,6
62553,7
17076,6
62550,7
17070,6
17072,7
17073,6
2783,7
9698,7
9699,7
9693,7
62737,7
14918,7
62733,7
62732,6
62730,6
14913,7
62738,7
1794,7
6848,7
15758,7
6842,7
6841,7
6307,6
6844,7
6845,7
10609,7
29329,6
29459,7
29458,7
29457,7
29456,7
29453,7
29323,6
30675,6
30674,7
30676,7
30855,6
30854,6
30857,7
8234,7
14578,7
30832,8
31672,7
31673,7
65580,7
31674,7
31675,6
7632,7
8787,7
31679,6
7636,7
7637,8
7635,6
30835,6
63459,7
9841,7
9846,7
9849,7
29698,7
29228,6
63454,6
13514,7
1537,7
1240,6
1243,7
1533,8
1244,7
1246,7
28326,7
23146,7
28496,6
28325,6
28322,6
28323,7
1539,7
63450,6
27981,7
63452,6
22544,7
22231,7
31097,7
4103,7
31095,6
4105,7
31093,8
4108,7
31099,7
62987,6
24699,7
9313,7
24690,7
24691,7
28149,7
9311,6
3892,8
28146,7
28147,6
28145,6
31895,7
28539,7
11538,7
13509,7
5959,8
11531,8
11537,7
11535,6
61417,7
61140,7
61143,6
61142,9
61413,6
61411,8
61410,7
61419,7
61418,7
64648,7
64645,6
64644,7
64647,7
64640,7
4611,7
25399,7
25013,7
25017,7
25016,7
25015,8
61086,7
25276,7
25275,7
64398,7
25272,7
25271,6
64392,7
64462,6
64397,6
25279,7
6039,7
6038,8
17266,7
17269,6
14450,8
6036,6
6035,6
6034,8
10063,6
3370,6
10067,6
9203,7
63018,7
7380,7
63013,7
12377,7
12378,7
12379,7
62948,7
62943,6
62944,7
9061,6
9063,7
9069,7
24058,7
3562,6
22843,9
13397,7
13391,7
13393,7
2489,7
20991,6
20993,7
2903,8
2908,6
14619,7
31589,7
64014,7
14617,7
14616,7
64015,7
20194,8
20191,7
64016,7
20192,7
5313,7
13027,7
30448,7
30445,6
30442,7
30115,6
30117,7
31791,8
31790,6
31241,7
31240,7
31794,7
3153,7
11088,7
3157,7
3156,6
1982,7
28795,7
28794,6
28791,7
11084,8
29849,7
23553,7
23088,7
23080,8
23084,7
61623,7
61624,7
61627,7
29156,7
29152,7
29150,7
29151,7
25863,7
25860,7
25864,7
26064,7
8570,7
8571,6
8573,6
8579,6
12578,7
15253,7
12570,7
12571,7
12576,7
12575,8
31427,7
7409,7
7406,7
7401,7
61088,6
22681,8
61084,7
12615,7
61087,6
60979,7
24731,7
24733,6
60973,6
60970,7
60977,6
60975,6
65706,6
65705,6
29955,7
65703,7
65700,7
19552,6
19557,6
2818,6
29950,6
24675,7
13625,6
13626,6
13621,7
13623,7
2337,7
4719,7
25480,7
3713,7
4679,7
4678,6
13566,7
13567,7
4903,7
4674,7
13562,7
13561,6
63955,7
63956,7
63951,7
63952,6
63953,7
11700,6
63959,7
62533,6
62535,7
5149,7
5142,7
28579,8
64075,8
17016,6
64079,7
15354,6
28127,7
7955,7
5680,7
63482,7
63483,8
63481,6
63486,6
63489,6
62289,7
28577,7
62285,6
62284,6
62280,6
5422,7
22832,8
22833,6
7241,7
7959,7
6821,7
6825,6
23218,6
6829,7
10541,8
10540,7
10543,8
10549,8
63225,7
29300,6
29306,6
63229,7
14282,6
8816,7
14281,7
14934,7
14285,8
14938,6
18276,7
8819,7
8818,7
8219,7
30651,8
30657,7
15089,6
30654,6
30877,6
8210,7
30307,7
30306,7
8215,8
8214,7
30870,7
7650,7
7658,7
31651,7
31688,6
4242,7
12270,6
9861,7
9867,7
28305,7
14424,6
14425,6
11142,7
28303,7
24503,7
24500,6
1518,7
28166,7
28168,7
5978,8
11550,7
11555,6
11554,6
11559,7
11558,6
14554,7
65179,7
61169,7
61167,7
61166,7
61163,7
61162,7
61160,7
64669,7
25075,6
25076,7
25079,7
25078,7
63968,7
63966,6
25296,7
14990,7
6010,6
6019,6
17248,6
17245,6
17243,6
17241,6
17240,6
10734,7
10735,6
10044,7
10733,8
63038,7
63030,7
12396,7
12397,7
12395,7
12392,7
12390,8
64915,7
64914,6
26014,7
26015,6
26012,7
26013,7
26010,7
26011,6
64919,6
64918,6
26018,7
26019,8
61372,7
9083,7
21595,6
64765,7
3500,7
3502,7
5080,7
3504,7
3505,8
2677,7
2929,7
2928,7
5331,7
5330,7
14639,6
14638,7
5334,6
5336,7
14633,7
5338,7
30467,7
30461,6
30463,7
13049,7
13041,6
13046,7
18040,7
18044,6
18049,6
18739,7
3178,8
62073,7
3171,7
6543,7
3172,7
30797,7
29822,6
29791,6
29793,6
29826,8
29824,7
29829,7
1164,6
1161,6
25844,6
25845,7
25848,7
31223,6
31224,7
29176,7
2785,7
29173,7
28979,7
5253,6
27199,7
12804,7
12805,7
15274,7
8009,7
65899,6
12801,7
65897,7
12559,8
65894,7
8000,6
8001,6
8003,7
28758,7
7469,6
7466,6
19713,7
22668,7
2917,6
60911,7
10899,7
60914,6
60916,8
10894,7
24712,8
24710,7
24717,6
24716,7
65270,7
65275,7
13594,7
20782,8
13602,7
13600,7
4736,6
4737,6
13608,6
2312,7
5851,6
5852,7
17654,6
3772,6
3776,6
3779,7
13542,7
11768,6
63934,7
19570,6
7881,7
63938,6
7882,7
17030,6
17031,6
17035,7
17036,7
62516,7
62515,7
62513,7
62511,6
64054,6
64055,7
64056,6
64051,7
14336,6
21291,7
28410,7
14445,7
10386,7
10382,7
10380,7
10388,7
16924,6
7268,6
7267,7
16929,7
7260,7
12234,6
6206,6
12236,8
12233,7
12239,7
12238,7
6809,7
6802,7
6803,6
15711,7
29360,7
10567,7
10565,7
10564,7
29369,7
9748,7
21435,8
24157,7
63207,7
63200,6
63201,7
63203,7
18928,6
8832,7
30639,6
30328,6
20791,6
30632,7
30327,7
30326,7
30325,7
7679,8
7672,7
9597,7
16674,6
1755,7
29586,9
24522,7
1281,6
11169,7
1283,8
14405,7
11161,7
11162,7
14403,6
8762,7
1573,6
1577,7
30015,7
27761,7
13830,7
13831,7
13839,8
12874,7
5626,7
28184,6
28185,6
28182,7
28180,7
8493,7
13870,7
8497,6
60850,7
31015,7
23276,7
28982,6
28983,7
28981,7
31543,7
11573,7
28989,7
25059,6
25056,7
25726,7
25721,7
25720,6
25051,7
6781,7
6785,7
6788,7
16718,6
16716,6
19965,7
16714,7
19962,7
16243,7
22496,8
64603,6
64602,8
63051,7
9248,7
63053,6
63052,7
63054,7
63057,6
9538,7
63059,8
9243,7
9245,7
65512,6
24890,8
65519,7
3691,7
3693,8
64931,7
26038,7
64936,7
26034,7
64939,7
26037,7
24096,7
24093,6
24099,7
29338,7
3527,6
3594,6
10719,7
14650,6
14652,7
14655,6
14878,7
62897,7
62895,6
62898,7
13067,7
30403,7
13065,7
13062,7
27816,7
27810,7
27540,6
27818,7
29803,6
29806,7
1148,6
23045,7
2963,7
29119,6
31755,7
7192,7
31757,6
31204,6
31203,7
7196,7
29114,7
29115,7
15312,7
8539,7
8028,6
12828,7
15299,8
8530,7
12825,7
15294,7
12827,7
12820,7
12821,7
15290,9
8537,7
15315,7
7447,6
7448,7
12474,7
2267,8
8184,7
8186,7
65074,8
65072,7
22398,7
22392,7
4283,7
13990,7
60939,7
60938,6
60935,7
26557,7
60932,6
60931,7
24779,6
28641,7
28642,6
24771,7
28648,7
24776,7
65215,7
65217,7
62382,7
4758,7
4759,6
62380,7
5877,7
208467,7
5878,7
11296,7
11297,7
3756,8
2190,7
2193,7
13526,7
13525,6
4639,7
11747,6
11748,7
63918,7
63919,7
63912,7
63915,7
63917,7
6403,7
64038,6
60798,7
64030,7
60797,6
60796,7
6194,7
6196,7
6193,6
2735,7
2731,7
20097,6
9186,6
9180,7
10364,6
10361,7
7208,7
7203,7
7205,8
6223,7
12210,7
6226,7
12216,6
12215,6
12214,7
15848,7
9761,7
29349,8
29347,7
29346,6
29345,6
29344,7
29342,7
10507,6
24171,6
24170,7
63262,8
24179,7
12124,7
8859,7
8858,6
10631,7
8853,7
8852,7
8850,7
14418,7
10504,6
5275,7
1773,6
1772,7
14134,6
24543,6
24547,7
24544,7
24545,7
62135,7
28349,7
62137,7
1554,7
28438,7
28439,6
14462,8
14463,7
3036,7
28435,6
14466,6
28433,6
3033,6
30617,7
30340,7
30614,8
30613,6
30612,7
30611,9
30349,6
30619,7
30618,7
31567,7
31564,6
31563,7
31560,7
5606,6
5600,8
5608,7
63268,7
63448,9
9325,7
23252,7
23701,6
23700,6
6424,7
15337,7
15331,7
12450,6
12453,7
6428,7
15338,7
22250,7
22255,7
22257,7
25700,7
6768,7
6765,7
6764,7
16736,7
16733,6
16739,6
65683,7
65680,7
65681,7
16227,7
64626,7
64621,7
64620,6
63077,7
63073,7
63070,7
65537,7
65530,7
65221,7
64489,7
2508,7
2507,7
64482,7
26050,7
2504,7
64486,7
17069,6
64956,7
61601,7
22829,6
5047,8
5046,6
5043,6
10770,7
9511,7
10777,7
14853,7
14854,7
18553,7
15317,6
62304,6
62302,8
62300,6
30420,7
30423,7
13081,7
1254,7
1523,6
1992,7
3203,7
28489,7
29755,7
29756,6
10195,8
29751,7
10190,6
10198,7
29288,7
29282,6
28332,7
29287,7
29284,7
1121,6
25880,8
15106,7
30285,7
30281,7
30283,7
29131,7
29133,7
29134,6
29139,7
31778,6
31777,7
31775,7
8514,7
8515,7
8512,7
8045,7
8046,7
8047,8
8049,7
12598,7
12848,7
2521,7
12840,7
12846,8
12845,7
31483,7
31489,6
31488,6
23065,7
23067,6
23062,7
24285,7
24287,7
61798,7
61028,7
61029,7
61027,7
61791,6
61793,8
24757,6
24755,7
24753,7
24752,7
24751,7
24750,7
24758,8
28668,7
28881,6
61248,7
61242,7
61246,6
61247,6
13646,7
13645,6
4771,7
13649,7
5818,7
19024,6
19020,7
17348,6
17341,7
25390,7
25391,7
25396,7
13500,7
13501,6
13503,6
13505,7
23934,6
65237,7
65236,7
64546,6
64547,6
64544,6
64542,7
64543,8
64540,7
64017,7
64019,9
10359,6
25579,7
25570,6
25571,7
25572,7
25573,7
16694,6
16698,6
2710,7
10349,7
7952,6
7951,7
7229,7
7228,7
10692,7
9161,7
10345,7
11770,7
9173,7
63791,6
16965,6
63797,8
12279,7
6241,6
6242,7
9170,7
12274,7
12277,6
10520,6
63242,7
63535,8
63532,6
63245,7
63246,7
63531,7
4409,7
14993,8
8873,6
8872,7
8874,7
8877,7
24110,7
24113,7
24114,7
8162,7
15442,7
5252,7
1712,7
5250,8
5256,7
14192,7
6971,7
30646,7
31880,7
4251,7
17082,6
15824,6
31125,8
23605,7
28414,7
11124,7
28411,7
14446,7
12263,6
24561,7
7920,7
3013,7
3011,7
3016,7
3015,7
28691,7
30368,7
30361,8
4189,6
31548,7
31549,7
31016,7
4182,8
31011,6
5667,6
65107,8
62328,7
11804,7
23727,7
23724,6
12472,7
12471,7
30947,7
15316,7
30945,7
61498,6
61496,7
61494,8
9719,6
61490,7
9718,6
7761,6
64200,8
3905,7
6745,7
6744,8
6743,7
6742,7
6748,7
63976,7
63977,7
9954,7
63974,7
9952,6
16752,6
16750,6
16751,6
16754,6
12046,7
12047,7
12044,6
12045,7
25761,7
25760,7
25762,7
25767,6
8880,7
65552,6
65553,7
65556,6
65554,6
26072,6
26074,7
26077,7
26078,6
12183,7
11465,7
8387,7
11462,7
5065,7
5066,8
5061,7
5060,7
5063,6
61694,6
17151,6
17150,6
17409,7
17405,7
13878,7
25186,6
25181,8
13318,7
25183,7
25182,6
13315,6
13316,8
10751,8
10754,6
10757,6
62327,7
62320,8
62321,7
5395,7
62323,8
11803,7
14830,7
5399,6
14832,6
11807,7
14834,7
11805,8
14836,7
64201,7
20118,8
64209,7
17049,6
27855,7
27856,7
9397,7
29733,7
29731,7
9393,7
9392,7
29734,7
6575,7
9398,6
6578,7
15126,8
61741,8
31716,6
7154,7
7153,7
7152,7
18757,6
30006,6
30007,7
30005,7
7692,7
8068,7
12868,7
8067,7
8062,6
30008,7
30009,6
28744,6
7486,7
7481,7
29736,7
28964,7
2897,6
2891,7
29618,7
23002,7
1104,8
23006,6
23291,7
28064,8
28066,6
1108,8
1109,7
22601,7
13873,7
28608,7
61430,7
28600,7
28603,7
28602,7
13580,7
4790,7
4694,6
5831,7
11257,6
5839,7
65031,6
65033,7
65034,7
64780,6
64782,7
64786,7
64789,7
8605,6
25376,6
25375,6
65961,7
61263,7
65967,7
65788,7
61269,7
65785,7
64568,7
64560,6
64563,6
25514,7
12789,7
12788,7
17366,8
12785,7
10321,7
2771,7
14304,8
4894,6
16417,6
9142,6
7974,6
7977,7
16419,6
7970,6
16948,6
6266,7
12256,6
12253,7
12252,7
12250,7
6268,6
6269,7
17095,7
9726,7
9724,6
9728,7
63518,7
22980,7
3465,7
3461,7
8898,6
8892,7
1581,7
62101,6
17074,6
17077,6
5234,7
5237,7
13124,6
13125,7
62555,6
15802,7
13128,7
15800,7
28472,6
1594,6
28471,6
1590,6
1593,7
3078,6
14310,6
14311,8
62170,7
2402,8
12711,7
27783,7
31522,6
31520,7
31521,7
31525,7
5643,7
12866,7
29075,7
29074,6
29070,6
29073,7
31022,7
31533,7
28296,7
28295,8
28291,7
66077,7
66070,6
66073,8
8060,7
12418,7
6461,6
30925,7
6465,7
12417,7
31037,7
7745,7
31038,7
62735,7
6722,7
8304,7
65866,6
9932,6
9937,6
16778,6
16775,6
16777,6
12068,6
31622,6
6091,8
12065,7
6097,7
6096,7
64840,7
25749,6
25748,6
25747,7
25746,7
25745,7
65869,7
65574,7
65575,7
65576,7
65578,7
24837,7
21663,7
24832,6
21667,7
3673,7
64999,7
64994,8
2549,7
64996,6
64991,7
23000,7
11440,7
11446,7
3580,7
3581,7
3584,6
3556,7
17139,6
64194,6
64197,7
17131,7
17130,7
17132,6
64198,7
17137,6
17136,6
13339,6
13338,6
13332,7
4424,7
9559,7
12212,6
9555,8
9557,7
9556,7
66063,8
62346,7
66061,7
64223,8
25433,7
20134,7
25436,6
27875,6
27873,6
27879,7
63161,7
63162,7
29246,6
29712,7
29715,7
29241,6
11861,6
11867,6
14810,8
15142,6
7171,6
7179,7
29706,7
31739,6
31738,7
31737,7
65438,7
31734,7
31733,7
1690,6
30029,6
30025,8
12884,6
30027,8
12883,6
30022,6
30023,6
24245,7
1474,6
28591,7
28590,7
1478,8
12466,7
28597,7
23027,8
61483,7
12460,7
31193,6
31190,8
4228,7
31195,7
31194,7
4225,7
4220,7
4222,7
13932,7
28624,8
28623,7
28622,7
28621,7
28620,6
24792,8
24791,6
24797,8
28629,7
5589,7
11271,7
13680,8
11278,6
13686,7
19069,7
28340,6
7850,7
61062,8
61060,7
61061,7
61064,6
61065,6
65016,7
61068,6
61069,6
65011,7
60883,7
25355,7
60881,6
25357,6
60887,8
25351,7
30946,6
64769,7
64766,6
60888,6
25359,8
64760,7
25688,7
25683,6
25680,7
25681,7
25686,6
23973,6
23976,7
65901,6
61285,7
65907,6
30458,6
64508,7
25533,7
30109,7
25536,7
2282,6
30108,7
64507,6
30107,7
29603,7
10905,7
6733,6
10903,7
10902,8
10909,6
9120,7
8233,7
9125,7
10306,7
10305,7
10656,7
10301,7
16437,7
63758,7
63757,7
16439,7
16438,7
7917,7
7914,7
6288,8
6282,7
31276,7
7985,6
63286,8
63287,7
63281,6
63283,8
63288,6
63289,7
21300,8
63572,7
3444,7
11259,6
2024,6
2025,7
2751,7
2028,8
2029,6
5216,6
5215,7
5210,7
5211,7
5218,7
62488,7
62481,7
9332,7
62487,7
62486,7
13109,7
13102,7
18307,6
18654,7
14487,8
14489,6
62479,7
62627,7
17932,7
62152,7
28450,7
28452,7
3055,7
3053,7
4802,6
29052,6
29055,6
29507,7
29501,7
23769,6
23768,7
23767,6
28907,7
28904,6
66016,8
28900,6
1318,7
15424,7
15426,7
30903,7
15351,8
12430,7
15359,8
15358,7
31500,8
31501,6
31502,6
31051,7
31504,7
29390,7
31508,6
7723,7
3949,7
3946,7
16837,6
6701,7
8324,7
6707,7
9916,8
9919,8
24474,7
24475,6
24472,6
24473,7
6081,7
61544,7
61547,7
61541,7
61540,7
22144,7
22140,7
4054,7
4052,7
4051,7
13741,7
4058,7
3612,7
3615,7
3617,7
3618,6
3619,8
65592,6
65593,7
65590,8
65591,6
2561,8
2562,7
11424,6
17115,7
17114,7
17110,6
5020,7
61414,7
5027,6
13351,7
13353,7
4443,7
13354,7
4448,7
24810,6
24813,7
20151,6
62819,7
20158,7
62814,7
62363,9
62366,6
62811,6
3093,7
3650,7
27895,7
27894,8
27896,7
27891,6
29264,7
29265,7
29266,7
29262,7
28495,6
29268,7
63140,7
63147,7
8912,7
28320,6
18826,6
8918,8
11842,6
30598,8
30599,6
30594,7
30595,6
30596,8
30225,7
30222,7
30220,7
30593,8
7117,7
7116,7
18797,7
1678,6
1677,8
22543,7
2553,8
29992,7
64964,8
29997,7
28020,7
28022,6
64966,6
1418,7
1410,6
1411,8
13913,8
4201,7
13916,7
4204,7
13914,7
5568,8
5569,7
5564,6
5565,7
5566,7
5567,7
5560,7
7759,7
15248,7
31319,7
11213,7
11218,7
28494,6
19049,7
14271,6
1485,7
61048,6
61739,7
27792,6
61737,6
61042,7
61735,6
61732,7
61045,7
27794,7
61731,8
25334,7
25338,6
25339,6
23950,7
23953,8
23955,6
28518,7
65291,8
65290,6
65295,7
65922,6
65921,7
26246,7
28497,7
16635,7
16637,7
16188,6
16630,7
6115,7
6116,7
6110,7
12742,7
10921,7
64741,7
17322,6
3895,7
63775,8
7281,7
7932,6
7935,7
9459,7
63772,7
7936,7
7938,8
10676,6
65434,7
21144,6
16981,6
16986,7
16985,7
16456,7
64526,7
64528,8
28756,6
63804,7
63805,6
63803,6
63556,6
63559,8
63809,7
30536,8
22946,7
21491,7
21496,7
3429,7
3422,7
3424,7
2002,6
12621,6
2006,6
2007,7
2005,7
4585,7
2008,7
12482,7
14170,7
14171,7
14172,6
61094,7
12480,7
61918,6
11982,7
21186,7
11986,7
11987,7
11985,7
6618,7
30750,6
12485,7
10581,7
10580,7
13169,7
10585,7
10588,6
13160,7
13161,7
13166,6
11183,7
11185,7
14359,7
62602,7
62601,6
30759,7
63754,8
30697,7
30696,7
30694,7
30693,6
30692,7
1082,7
61416,8
29038,6
29529,8
29528,7
29033,7
29032,7
29035,7
29526,6
61147,7
1334,6
61146,8
1331,7
6932,7
6936,7
15405,7
8128,7
8694,6
15409,7
8123,7
8692,7
7700,6
61382,6
61381,8
61380,7
61389,7
61388,6
8348,7
8341,7
31590,7
28924,6
66031,8
66032,6
66034,7
63942,6
61563,7
61562,7
61561,7
61560,6
61567,8
61566,6
61565,7
61564,7
65604,6
61568,7
22122,6
22121,6
4078,7
13765,8
4077,7
13760,8
4073,7
4072,6
3964,7
3962,7
5791,6
3969,7
3639,7
3637,6
11407,7
11403,7
13379,7
4469,6
4467,6
13375,7
13374,7
4462,7
4460,7
13370,6
24870,7
24877,7
7336,6
24878,7
24879,7
64262,6
64261,7
16847,6
16844,6
16845,6
16842,7
16843,6
6326,7
12173,6
12171,6
14512,7
12178,8
9667,8
29206,6
10115,7
10441,6
10110,7
10443,7
21776,7
21777,7
18802,7
63120,7
63123,7
63122,7
63124,7
63127,7
63126,7
62836,8
62831,7
62833,7
8972,7
8974,7
8975,7
26008,7
7139,7
7138,7
25274,7
7133,7
7132,7
7137,7
1659,7
1650,6
1651,6
1655,7
29601,6
24203,7
24205,8
24204,7
28733,6
3391,7
3393,7
5404,7
3394,6
28009,7
28008,7
3399,7
1380,7
28556,7
5408,6
30205,7
30206,6
1382,7
30203,6
29609,7
30208,7
29257,7
4265,7
13976,7
29702,7
18110,6
28118,7
5549,7
3821,7
5543,6
5545,8
30060,7
30061,8
30063,7
30066,6
30067,6
8596,7
8595,7
8590,7
11238,7
11234,7
11236,7
2124,6
61714,7
61717,7
61711,7
61712,7
61718,7
61719,7
25916,7
25915,6
22338,6
25918,8
25318,6
25647,7
25312,7
25313,7
25314,7
25640,7
25317,7
4911,6
23420,7
17262,6
9890,7
9898,7
9899,7
3071,6
12762,8
6130,6
6136,6
64727,7
64896,8
64898,7
64899,6
28477,7
16477,7
63716,6
28474,6
16470,7
9472,7
9473,7
16478,6
24999,7
65417,7
61976,7
21163,6
24993,6
24997,8
24996,7
64098,8
64099,6
2249,7
2246,8
64096,7
24191,7
24190,7
24193,7
63828,7
24197,7
63825,6
63826,7
63827,7
63821,7
63822,6
3407,6
3409,6
3408,6
4878,7
13498,7
10615,7
10614,6
10619,7
10618,8
2797,8
14113,7
14111,7
14114,7
62990,7
62995,8
62444,7
62447,6
62998,7
62441,7
62442,7
13142,6
13149,6
9783,6
9786,7
62669,6
14292,7
62192,6
62662,6
62665,6
62667,6
62666,7
12968,6
65180,7
12964,7
8213,7
29015,7
29542,6
7092,6
29547,6
29549,6
65185,6
29019,6
65184,6
8105,7
1359,8
1351,7
8109,6
1356,7
15469,7
9406,7
6956,8
8363,6
8365,6
61365,7
61364,7
61366,7
61361,6
65852,7
28766,6
3185,7
24438,7
28765,6
28947,8
28944,7
24432,8
24430,7
28949,7
24436,7
28769,6
61509,7
61508,7
61501,7
61500,7
61502,6
61505,7
61507,7
13709,7
13700,8
4016,6
11399,6
19433,7
19431,8
19438,7
19439,7
3980,6
1111,7
23858,7
65621,7
65622,6
16284,7
65629,6
28078,6
25108,6
24858,7
24850,8
24852,7
24853,7
24856,7
24857,7
64284,7
64281,6
64280,7
64283,6
64282,7
7875,7
7873,7
8051,7
7878,7
16864,6
16865,6
16860,7
16861,6
6308,7
8050,7
6304,6
12156,8
6301,7
10134,7
203573,6
63455,7
63106,7
63456,8
9649,7
63102,8
9319,8
63100,7
10422,6
10420,6
29223,7
10426,7
63458,7
63109,7
8958,7
62852,6
62850,7
62856,8
62854,7
62855,7
62859,6
26905,7
26900,8
1632,6
1633,6
1634,6
1635,7
1981,7
3218,7
1988,7
1989,8
2817,7
2811,7
29489,7
2812,7
29954,7
29487,7
29952,7
29953,6
29482,6
29483,6
18284,6
14256,7
14250,6
14253,6
14252,6
24225,8
24224,7
24223,6
24222,8
24220,7
62274,7
28573,6
3375,7
3373,7
1183,7
28574,6
30263,7
30260,9
30261,7
30265,7
30268,7
31683,7
31682,7
31687,6
31686,7
31134,7
31689,7
31136,7
31131,6
4241,7
5520,6
5523,7
5526,6
7741,7
30088,7
30086,6
30087,6
30084,6
31352,9
31354,6
23194,7
23195,7
23196,8
23197,6
23622,7
6547,7
30887,7
30884,6
61776,7
61777,6
61774,8
61775,6
27756,7
27755,7
30888,6
6548,7
7849,7
25937,7
14290,8
7515,7
18241,7
7510,7
16671,7
16675,6
13025,7
16679,6
6152,6
12702,7
61192,7
6158,7
13028,7
64708,8
25665,6
25662,7
60825,7
64701,6
64875,7
25669,7
60823,7
60822,6
63739,7
21107,6
15521,6
63731,7
13453,7
22717,6
61999,7
61996,7
65472,7
65474,7
65477,7
30847,7
30660,8
2269,7
31793,7
2265,7
63848,6
30849,6
23692,6
63843,6
63847,7
2044,8
4817,6
4819,8
5826,7
2049,7
9411,7
11615,7
10639,6
10634,7
11618,7
11948,7
14130,6
14131,7
11944,6
14133,7
11942,7
11940,7
11941,7
27991,7
27996,7
27997,7
27998,7
3158,6
63594,7
63596,7
62643,7
61077,7
62641,7
62640,7
62649,6
62648,7
20417,7
10093,7
10092,8
10097,6
10096,7
64381,6
64321,7
12947,8
12945,7
12944,7
7070,6
29561,7
27973,7
14395,7
14398,7
14399,7
8163,7
15446,7
15443,7
30740,6
30742,7
11074,7
6475,7
61349,7
8388,6
61691,7
61690,8
61341,7
61340,6
61695,7
8382,7
25690,7
24414,6
24415,8
4383,7
24419,7
4381,7
14370,7
1372,7
28749,7
28216,7
28217,6
28214,7
28740,7
28742,8
28967,7
4036,7
26360,6
13729,7
11376,8
11371,7
11372,7
19415,6
23872,8
23871,7
23877,7
61527,7
61523,7
61528,7
64119,7
64115,7
64117,8
64112,7
25431,7
25430,7
25121,7
25434,7
25124,7
64808,7
65973,7
7852,7
7853,6
63695,7
63694,8
63693,7
63690,6
61837,7
61836,7
61831,7
61832,6
16802,6
61839,7
16807,6
12138,7
12139,7
6362,7
12136,6
10152,8
10150,7
10151,7
10156,6
10405,7
10407,7
10159,6
9338,7
63472,7
63470,6
63475,7
63474,8
63478,7
14898,7
14897,7
14895,6
21731,7
14891,7
62879,8
62870,7
28314,6
62874,7
1974,7
3230,6
3231,7
1968,7
1969,7
1618,7
1619,6
3238,6
1613,6
1611,8
13264,8
2872,8
2870,6
3354,6
28513,7
28512,7
14277,7
28519,6
2547,6
5074,7
3358,6
20064,7
5442,7
30248,8
8577,7
30539,7
30240,6
30537,7
30534,7
64997,8
30530,6
30247,7
5508,8
18152,6
5505,7
5503,7
66152,6
23600,7
27776,8
27771,6
27773,7
61758,6
61759,7
6565,7
61752,6
61753,6
61754,6
61755,6
61756,6
61757,6
29606,7
29607,7
7685,7
25959,7
7683,7
7682,7
29600,6
12573,6
25950,6
25956,7
29608,7
25955,7
10332,6
3824,6
23466,7
8440,7
65988,6
31375,6
31373,6
5134,7
31423,6
7537,7
7536,8
19355,6
16650,7
61113,6
6178,7
12726,7
12725,7
6172,6
12722,9
6171,7
64857,7
64850,7
64851,7
10984,6
10981,7
10983,7
25602,7
25603,7
24607,7
25604,7
60802,7
60801,6
3216,7
24608,6
24958,7
65322,7
24955,6
24954,6
65458,7
16959,7
64583,7
31807,7
2204,7
63741,7
11584,6
11580,7
12240,7
4839,7
4830,7
4523,6
4834,6
4520,7
7993,7
7991,7
7995,7
4423,7
11636,7
9433,6
62401,6
62400,6
62406,7
5295,6
13184,7
64327,7
13187,6
64322,6
64323,7
64320,7
13183,7
13189,6
64329,7
30764,7
6994,7
63862,9
63863,8
63865,6
63866,7
63867,7
63869,6
9293,7
7331,6
9298,7
9299,7
18439,6
30187,6
30185,7
12924,7
30181,6
12926,6
30189,7
10215,7
10211,8
10213,7
7059,8
63313,7
61401,6
61402,6
61403,7
13822,6
8148,6
30760,6
6998,6
30989,7
24381,7
8637,7
6995,7
65128,7
8633,7
31588,6
2999,7
24382,7
61159,6
24384,8
24386,7
2991,7
31586,6
31587,6
24389,7
9999,6
65251,7
66096,6
28231,7
11030,7
29900,6
11038,6
28728,8
1397,7
1393,7
4091,7
11359,6
11351,8
61321,6
61320,7
61322,7
61325,7
61326,8
5476,8
23819,7
23811,7
23810,7
23812,7
65669,7
65665,7
25140,7
25147,7
64133,7
64130,7
25419,6
6694,8
2439,7
2437,6
2436,7
2435,8
16824,6
63678,6
16827,6
16828,6
16829,6
63676,7
7835,7
7837,6
12110,6
12111,7
61811,7
15160,6
6346,7
12118,7
17199,7
17197,7
17195,6
17193,6
9351,7
9602,7
9357,7
9607,7
9359,6
9358,8
10174,7
63419,7
63418,7
21244,7
12410,7
63410,8
63413,7
63415,7
63414,7
63417,7
63416,8
3782,6
3781,7
3786,7
3785,6
8990,7
11031,7
18074,7
4993,6
4990,7
14076,7
116004,7
1949,6
1943,7
1940,7
3255,7
3257,7
13241,6
13240,7
2856,7
14219,6
5460,7
5465,7
1495,8
1496,8
28538,6
14213,7
28534,6
28533,6
14214,7
28530,7
62239,6
20047,7
20046,7
62233,6
62230,6
62231,7
62236,7
62237,7
62234,7
29710,7
29717,7
29910,7
29916,7
29918,6
1234,7
1235,7
28391,7
28397,6
28395,7
28398,6
1239,7
5479,7
8288,7
6509,6
25975,6
25976,6
25978,6
6502,6
6500,7
6507,7
31170,7
31172,7
4900,6
29624,6
29625,8
29626,7
4675,8
9643,8
23486,7
2482,7
23484,7
3806,6
8463,7
8460,7
8461,6
8465,7
8468,6
31394,7
7557,6
7556,7
22282,6
22536,6
22532,7
3063,7
4176,7
4173,7
60868,7
64839,7
25628,6
24622,6
24621,6
24620,7
24629,6
25623,8
25625,9
25627,6
65303,7
24979,7
24978,8
65304,7
24971,7
24976,6
24975,6
24974,7
119553,7
11174,7
22751,6
31821,7
2226,7
2222,7
2220,6
10724,8
5928,7
8113,6
13474,8
4506,7
4503,7
13473,7
13479,7
2088,7
25088,8
2080,7
25080,7
25081,7
25082,7
2085,9
17019,6
11656,7
17761,7
17762,6
27957,7
17764,7
62933,7
62932,6
64308,7
64309,6
64304,7
64306,7
64307,7
64301,6
64302,8
64303,7
63003,7
63888,7
63886,8
19346,6
63881,6
20907,7
62689,6
62688,7
62984,8
20903,6
20900,7
20901,7
62683,7
62686,7
20909,6
63086,8
6169,6
63084,7
63085,7
63082,7
63083,7
63080,6
63081,7
7315,7
7316,6
63088,6
11902,8
12304,7
12307,7
11032,7
12300,7
11904,8
11908,6
12309,7
30169,8
30168,8
30165,7
12904,6
30161,8
30160,7
30163,7
10232,6
9016,7
10237,8
10236,7
10235,6
10238,7
21505,7
21504,7
21507,7
63338,8
63339,6
21503,6
63334,8
65196,8
63336,7
24029,7
21508,6
64387,6
26000,7
30709,8
60814,7
6431,7
30701,8
30703,6
15487,7
30704,8
64822,7
7781,7
10998,7
24369,7
60813,7
24363,7
24360,7
24361,7
1004,6
60818,7
4344,6
4340,6
28700,7
28253,6
28250,7
11018,8
28706,6
28707,6
14535,7
28258,6
14537,6
11010,7
11012,8
8611,6
5711,7
65841,7
25631,6
61655,7
61656,7
61302,7
61653,7
61300,7
3062,7
28877,8
11483,7
11482,6
11480,8
65829,7
65825,6
25169,7
25168,7
25167,6
25166,7
25164,7
64135,7
32280,7
16597,6
12681,6
12682,6
12684,7
12688,7
12689,7
10827,7
29930,7
21081,7
63659,7
63658,7
19818,7
63653,7
28919,7
63651,6
63650,7
63657,7
63656,7
13387,6
61871,7
61873,7
61872,7
61877,6
64150,6
64153,6
64154,6
64156,7
28917,8
13380,6
63430,7
9371,7
9372,7
28910,6
1824,7
2214,7
1820,7
1823,7
2146,7
4975,7
4972,7
4973,7
1920,8
3277,6
1923,6
3273,6
1926,7
14057,7
3278,7
13228,7
13223,7
4223,7
13227,7
14947,7
14233,6
62747,7
30939,6
62742,8
62215,7
62217,7
3311,8
3310,6
5485,7
3315,7
62748,6
20029,7
30576,6
30577,6
30574,6
20021,7
30578,6
5581,7
12403,6
15360,7
30934,8
29939,7
29426,6
29427,6
29424,7
29397,7
29934,7
29423,6
29392,7
31512,7
1213,7
1210,7
23137,7
23135,7
23133,7
23130,7
30394,6
6522,6
6527,7
30391,7
6529,6
6528,7
8266,7
30398,6
30399,6
25995,6
25993,7
25991,7
29649,6
31629,7
31159,7
29642,7
29643,7
31626,10
31620,7
31150,7
3863,7
3862,7
63674,8
8402,8
29304,7
8404,6
7571,6
7572,6
7575,6
7574,7
7576,6
9810,7
9812,7
14933,7
66111,7
61464,6
61465,6
65149,7
65148,7
65145,7
65144,6
8810,7
6343,8
65143,8
61469,7
2285,7
4156,7
6347,7
60848,7
60847,7
60846,6
60845,6
64813,7
64816,7
60840,7
6349,9
24640,7
28119,7
4510,7
24646,7
65368,7
65360,7
31788,7
15432,7
31849,7
31843,6
6550,7
31847,7
31846,7
5902,7
15087,7
5901,7
19311,7
8745,7
19318,6
17560,6
15084,7
3480,7
13412,6
13413,7
4560,6
13417,7
13418,6
4568,7
11670,7
11672,6
11678,6
24912,6
24914,7
24919,7
27932,7
27933,6
62919,7
62918,8
27936,6
27937,6
62913,7
62912,7
27938,6
9603,8
62915,7
62914,6
64369,8
25202,7
25203,6
25201,6
64360,7
14257,7
64367,8
64364,8
64365,7
16784,7
16781,6
9355,7
12094,7
6066,7
12096,7
12091,7
12090,7
6062,8
2606,7
2602,7
10787,7
10035,6
10789,7
10030,8
10033,7
7370,6
11929,7
12327,8
12329,6
11923,7
11925,7
60882,8
30490,7
30495,7
30146,7
30497,7
30496,7
29099,7
29098,7
7017,6
29095,6
10252,7
29092,7
18693,6
64768,7
24005,7
18699,6
25353,6
29897,7
29895,7
29894,8
29891,7
29899,7
64763,7
24344,7
24345,7
2955,7
2950,8
2951,7
2953,7
1021,7
5342,7
4367,7
4369,6
28278,6
62004,7
62006,8
3105,7
14550,7
3107,7
28276,7
14555,7
30726,7
8675,7
30720,7
13782,8
31454,7
31455,6
13786,8
31453,6
13789,7
31458,6
31459,7
5735,6
11319,7
11318,7
11316,7
11315,7
61046,7
11313,6
11312,7
61679,7
61671,6
61670,7
61676,6
61674,7
28858,7
28851,7
28853,6
61581,7
8096,7
61583,7
65803,7
61585,7
61584,7
61587,6
61586,6
61589,7
8099,7
22181,7
11147,8
11145,7
16573,7
12669,6
24509,7
6653,7
12661,7
10801,6
63986,7
63632,7
63635,6
63637,7
63639,7
65774,7
64509,7
65772,7
65773,7
65771,8
21066,8
19873,6
21062,8
61859,8
21061,6
64178,7
64177,6
64176,7
64175,7
64174,7
64173,7
64172,8
64171,6
7303,7
63187,7
63182,7
63180,6
21204,6
1849,6
1848,6
1843,7
2169,7
4954,7
14037,8
14036,8
62581,6
62582,7
1906,7
3297,7
5133,8
3291,6
13204,7
13201,7
13200,7
13208,7
64483,8
11914,7
14960,7
20005,6
20556,7
62761,7
30558,8
30559,7
30550,7
15265,6
30557,8
12544,7
64984,6
2573,6
6896,7
29406,7
28914,7
29402,7
29403,7
6626,7
10906,7
1278,8
1279,7
1274,7
8248,7
8792,7
8794,7
8247,7
8245,6
3333,6
29662,6
29663,6
29668,7
29669,8
26898,7
1494,7
31600,7
31607,6
5464,7
8423,8
10658,8
7478,7
9831,7
9837,7
28532,7
23111,6
23113,6
23118,7
65169,7
10304,7
61448,7
65163,7
61117,7
61446,7
61112,7
61441,7
61442,6
61443,6
24662,7
24660,8
4132,6
17128,6
24669,7
24668,6
5693,6
5690,8
28130,6
5697,8
28135,6
3848,7
28139,7
28138,8
4430,7
22794,7
22797,8
22791,7
7912,7
7911,7
63755,7
118653,7
5968,7
5961,8
5962,6
5965,7
13368,7
17239,7
17237,6
17232,8
17233,6
13439,7
64699,6
13431,7
13432,6
64691,7
64696,7
4546,7
11694,7
11693,6
11691,7
65345,7
65342,7
11117,7
24935,7
24934,7
24931,7
64436,7
64341,7
2596,7
64344,7
64345,8
64346,7
2593,7
64348,6
27912,7
27913,7
2598,7
64439,7
25229,8
25224,7
25225,6
25227,7
25222,8
25223,6
30990,7
6041,6
6044,7
2620,7
2625,7
8606,7
2628,7
9582,6
7350,6
10013,7
9589,7
9230,7
10016,8
62975,7
62974,6
12342,7
12346,7
10277,6
10271,7
10270,6
9058,7
63373,7
63374,7
63377,6
9051,7
9052,7
9056,7
24069,7
24068,7
21543,7
21542,7
24066,7
1500,7
29879,6
29878,8
29875,7
29874,7
29870,8
29873,7
24326,7
2975,7
62395,7
62396,6
62391,7
62390,6
1045,7
65134,7
62399,6
65135,7
30121,8
30122,7
30128,7
31291,6
14163,7
65247,6
11051,8
11054,7
11056,7
11058,6
24492,7
24493,8
24495,7
24497,7
3129,8
3122,6
3121,7
3126,7
64663,6
8655,6
8657,7
31479,8
31477,6
9317,7
5750,7
5757,7
23561,7
61610,7
15197,6
15199,6
25813,8
64549,7
1230,6
28830,7
28836,6
28837,7
28834,7
12503,7
7435,8
7437,7
7430,8
16550,7
16558,7
12648,7
6678,8
63446,7
63056,7
10868,6
10860,7
10867,7
16887,6
63619,8
16885,6
63617,7
16889,6
63447,7
19508,6
63962,7
65755,7
13639,7
65753,6
63444,6
28715,6
21959,6
1860,7
28714,6
1864,6
1866,6
13597,7
4932,7
4685,6
4682,7
4680,6
13590,7
13599,7
28786,7
25979,7
2101,7
2100,7
5116,8
5111,7
14017,7
14016,7
14011,7
14010,7
17061,7
17066,6
17065,6
62564,7
14150,7
10482,7
10484,7
14908,7
62709,6
62702,7
62700,8
62707,7
62705,7
29621,6
1789,7
1780,7
1781,7
1783,7
1786,7
6876,7
6873,7
15761,7
29463,6
29461,9
29466,7
29468,6
18221,7
23487,7
3807,8
23485,7
30822,6
8229,7
30828,8
14808,8
15503,7
31661,7
31660,6
31663,6
31662,6
31666,6
31669,7
7602,7
13552,7
4640,6
13550,7
9850,7
9857,7
9859,7
13554,7
28483,8
1257,6
28481,7
28338,7
30234,7
28337,7
28488,9
63520,7
30589,6
28333,7
1259,7
61428,8
30236,7
15173,7
61420,9
61421,7
22221,7
61427,7
61424,6
61425,8
11771,7
4115,7
7897,7
24689,7
24685,7
14378,7
28159,7
62626,7
28152,6
28155,7
28157,8
28156,7
17025,6
31888,6
31887,7
31881,6
3054,6
5944,6
23793,6
23790,8
23791,7
11506,6
11502,7
23799,7
61131,7
61132,7
65106,7
65108,7
25799,7
25028,7
25025,6
25020,6
25021,7
64415,7
64410,6
64412,7
25243,7
25240,7
25241,6
1682,7
17213,7
6020,6
6025,7
10071,6
2644,7
2646,7
9218,7
9216,8
9217,7
12366,7
12365,7
12364,7
62957,7
62955,7
62954,7
62951,7
21159,6
9071,7
10297,7
10296,7
10292,7
63398,7
24040,7
63396,7
63394,7
21569,7
26016,7
3555,6
30906,6
20969,6
63770,7
2916,7
64833,6
29852,7
29854,6
63771,6
24302,7
24303,7
24304,7
24306,6
24307,6
5301,7
5306,7
13016,7
13013,7
13010,7
13011,6
30455,7
30451,7
30102,6
30101,7
30100,6
4329,7
4328,7
4321,7
4322,8
3144,7
14597,7
14594,7
14592,6
14593,7
14590,7
62049,6
62041,10
17861,6
62046,6
31418,8
5772,7
5774,7
23544,7
61639,6
61635,7
25879,6
29144,7
29143,7
25870,7
29149,7
25874,7
25877,7
28811,7
23897,6
28817,7
23898,7
25157,7
12569,7
12568,7
12560,7
15242,7
15244,6
15247,7
7416,6
16531,7
7273,6
61093,6
12620,7
61090,7
6617,7
12624,6
12625,6
61099,7
61098,6
10840,7
10841,8
10848,7
60949,6
60946,7
60945,6
60942,7
60943,6
63943,6
5087,7
63941,7
63940,7
63945,7
63944,7
22057,7
61899,7
65732,7
12191,7
12192,7
65731,7
65737,7
22059,7
2345,7
2346,7
2340,8
2342,6
66013,7
25495,6
3708,7
65056,7
3700,7
1884,7
3707,7
3705,6
13579,7
13578,7
4918,7
12436,7
29365,7
2128,7
4666,7
13570,9
13572,7
11713,7
12434,8
15343,7
12433,7
24781,7
62544,8
3103,7
5174,7
5179,7
15350,6
62549,6
64066,7
64061,7
64063,7
17002,7
29367,7
9689,7
63490,7
63493,7
63495,7
63499,7
63498,7
9682,7
62723,7
62724,7
62728,7
20519,7
7254,6
7257,7
7250,7
7251,6
7252,6
7253,6
10554,7
10553,6
29312,7
7007,8
29448,7
29449,8
63233,6
63232,6
29443,6
29332,6
29446,7
8804,6
14926,7
8807,6
14923,7
8802,7
14296,7
8808,7
30666,8
30843,8
30841,7
30662,7
8759,6
30844,6
30661,7
8754,7
8755,7
6588,8
8202,7
30669,7
7620,7
31643,7
9872,7
11155,8
24511,7
24510,7
63663,6
28319,7
3087,7
28317,7
28316,6
28315,7
3082,6
22207,8
22205,7
13809,6
13800,7
28176,7
3886,7
2484,6
25086,7
2086,6
25180,8
20653,7
61153,7
61150,7
61151,8
61404,7
61405,7
61406,7
61407,7
61408,7
61409,7
65124,7
15092,7
25004,7
25000,7
64658,8
64657,7
64650,6
30310,7
64128,7
65389,7
24795,8
65387,7
25268,7
19954,7
19950,6
64753,7
27789,7
6003,6
65009,7
6008,6
17272,6
9273,7
10056,7
10726,7
10723,8
3362,7
61724,6
63004,7
61055,6
63000,8
12389,8
61721,8
12381,7
12380,6
27784,7
26004,7
26006,7
65006,7
64382,7
64383,6
61722,7
26009,7
64389,8
29823,7
3574,7
3570,6
4497,8
4496,7
4494,6
2662,7
2663,7
20988,7
13381,6
13326,7
20982,6
20983,7
4498,8
61854,6
2938,6
2939,6
5327,7
11898,7
11899,7
14606,7
11896,7
14603,7
1837,7
20185,8
30479,6
30477,8
13031,6
13032,7
11094,6
11096,7
31789,6
11091,7
18051,6
31786,7
11099,7
31784,6
18058,6
62066,7
62065,7
62064,6
28781,8
3164,7
28783,6
28785,7
62069,7
28787,7
30781,6
30780,6
30783,7
30782,7
30789,6
20237,6
29830,7
29784,7
29837,7
29836,8
4985,7
23526,7
23528,6
25852,7
25851,7
25859,6
63883,7
29161,7
29160,7
29167,7
29165,7
29164,6
29169,6
20904,7
15267,7
12546,6
12545,7
12816,8
8562,7
15261,6
12540,6
12548,8
31430,8
7475,7
11172,7
19094,6
25972,7
6639,7
6638,6
22695,7
6631,7
12603,6
12604,6
12606,7
60964,7
26582,7
60961,7
60962,6
14414,7
60968,7
60969,6
24725,7
24723,7
24720,7
24728,7
65710,7
65711,7
24530,7
65242,6
65243,7
65716,7
61212,6
65718,7
21828,6
2322,8
13634,7
13630,7
2328,7
20779,6
4708,6
3760,6
3761,6
63087,7
11509,7
63652,6
7319,6
17641,6
17640,6
61482,7
2498,6
13553,8
2490,6
13551,7
4641,7
13557,6
2497,7
4645,7
63920,8
63925,7
19891,7
63927,7
63926,7
63929,6
63928,6
1567,7
7892,7
17027,6
62520,6
62521,7
62526,7
62527,6
62525,7
5151,7
5152,7
17028,6
64041,6
64045,7
64049,6
64048,7
11903,8
11907,6
62290,7
62295,7
62296,8
62297,6
8195,7
7277,7
7275,8
7278,7
7279,7
8551,6
6831,6
6830,8
6837,7
6836,7
29315,7
29316,6
29317,7
29311,8
10550,7
10551,7
29318,7
29319,7
8559,7
16454,7
65893,7
8823,6
8826,7
18914,6
30649,7
30644,7
30861,7
30862,8
30312,7
30865,7
30866,7
7640,6
7646,7
7648,6
28528,7
30113,8
28529,8
7034,7
1743,7
62753,6
9132,7
7295,6
14412,8
24539,7
24538,8
14417,6
28374,6
28376,7
24533,7
28524,7
24531,7
11178,7
24537,8
24535,7
5492,6
1562,6
8093,7
64715,6
29689,6
13828,7
24021,7
13824,7
5639,8
28195,7
28194,7
28197,6
28190,7
8484,7
8486,7
8487,6
8488,7
