61518,447
61519,1028
19713,447
61513,1388
150398,276
150399,581
22461,1028
63763,622
13733,581
165284,447
111537,447
111534,1388
111532,622
4029,1028
60911,16
115814,447
60914,362
60916,622
161075,622
5980,1028
165779,581
161071,581
5987,1388
132644,1388
161072,362
22260,362
18241,447
19159,447
160891,276
160892,622
7510,622
61171,622
19156,447
19402,622
19152,1028
61206,447
139342,276
65270,1388
63100,581
65275,1388
16679,447
150179,276
25069,1028
2555,622
142814,1388
22008,1028
6152,1388
149337,218
61192,622
142811,1028
142812,581
10297,1028
30646,276
6797,1028
4737,447
6791,218
118126,276
118125,218
4739,447
2312,622
118122,622
118121,622
6799,1028
64708,16
25665,276
65876,581
65655,1028
155701,218
64879,1028
140541,622
1655,622
120051,581
60823,447
63739,622
163117,276
111169,1388
161853,276
25283,622
22717,447
138743,1388
25119,622
16705,447
7121,1028
24204,1388
65474,1388
25110,581
25111,622
7993,1028
140897,622
64536,1388
141236,1388
7991,1028
28998,1388
63930,622
2269,276
63936,276
116787,1388
19570,447
7881,1028
17252,218
7882,1028
17254,218
17255,447
8551,622
17030,447
163929,1028
63026,1388
6588,581
124599,1388
17035,218
2444,1028
9259,622
124595,1388
62516,1028
2448,1028
64760,622
63029,581
62511,1388
7866,1388
7862,1028
64054,1388
64055,1388
24888,581
5824,622
138608,581
138609,1388
2044,581
11304,1028
64130,1028
265008,362
148414,218
19398,622
163036,1028
148410,362
138607,1388
26022,276
128618,1388
9413,16
64902,1028
64455,1028
124355,1388
64901,362
6370,1388
28410,622
12123,622
124358,1388
12125,362
6375,622
10631,447
3156,1388
134164,1388
10411,1388
135945,1388
162742,1028
11944,622
105538,447
3238,447
63447,622
135969,1028
161073,581
10380,362
17724,447
160375,362
137881,1388
160255,581
135966,1388
160250,1388
135965,1388
16924,447
162560,276
8947,1028
61179,622
7267,276
160376,622
157074,1028
7260,1388
12234,1388
63596,27
6207,1028
12233,581
125533,1028
160890,1388
139025,447
14624,622
62646,447
14626,1388
62642,276
14622,581
6809,622
264510,276
160893,1388
6802,362
6803,1028
62649,1388
66301,1028
10567,622
10565,1028
125240,1388
160957,218
116224,218
24157,622
61763,622
1995,1028
5187,1028
30416,276
157679,362
22810,622
19150,447
13013,581
18928,447
138466,581
138467,1388
147303,276
142156,581
63986,1388
112552,622
8832,218
16671,218
30328,447
138861,622
18705,1028
260919,581
121153,1388
30637,362
29964,622
28564,1028
8577,1028
160670,581
62088,1388
24731,362
28563,581
117142,581
12942,581
24232,447
24233,218
151630,581
151632,1028
12944,1388
62243,447
122143,362
29382,622
3342,622
10361,1388
157494,1388
123495,447
157493,362
13189,362
108481,447
14395,581
137642,581
137861,1388
135788,1388
30259,622
30257,581
156383,218
156384,218
29762,1388
1177,362
15446,581
1173,1388
30740,1028
5788,1028
13940,1388
31122,622
31692,447
23500,447
160719,218
5530,1028
24522,622
20423,622
24531,362
5539,362
28699,1388
147453,27
147452,1388
147451,581
151708,362
126417,1388
11169,1388
145367,362
66185,447
14403,276
109842,362
29108,1028
111839,1028
143640,1028
31234,1388
8762,622
29101,447
126046,1028
29105,622
7185,1028
7186,362
114880,447
66164,447
66161,447
8387,1028
8386,622
61693,447
14285,581
61694,1388
66686,1388
12874,581
8549,1028
7205,581
110250,447
8017,1388
65881,1028
65884,447
23616,1388
65886,218
8542,1028
6573,622
6571,1028
24414,447
24415,1028
6574,622
12212,1388
4383,1028
28184,1388
28185,447
28180,622
66504,447
144435,1028
143356,218
144437,1388
7691,622
111940,447
29612,1028
28216,218
28214,1028
138707,581
28742,1028
28967,447
3835,1028
65084,362
63866,581
13602,276
65088,622
62965,1388
10884,622
151544,276
155394,622
155393,1028
4036,1028
11573,362
161048,362
60900,1388
154714,276
11376,1028
11371,218
6534,1388
11372,362
24708,1388
160886,447
7525,362
24704,622
5667,1028
160889,1388
160888,1388
7117,1028
19415,447
19361,447
25056,1388
65266,447
25726,1388
12713,581
65426,447
12711,581
145109,1028
64602,1028
12718,1388
12719,581
6781,1028
15417,218
23877,362
13619,581
6788,1028
4723,447
61527,581
65643,1388
65640,362
120048,622
61523,1388
16847,276
5841,581
4340,1388
165610,447
5849,276
5918,1028
113419,1388
24907,1388
120557,622
16488,581
29173,1028
21118,581
124615,276
16480,581
13531,622
4622,1028
13532,218
8810,1028
150761,581
25430,1028
16714,218
25080,447
25434,622
16710,1388
16243,447
22496,1028
29264,622
2271,1028
2270,1028
155174,362
11531,1028
112362,276
65971,447
122536,1388
120134,1388
64606,1388
63907,622
65973,1028
63901,581
63051,581
121553,1028
63053,1388
107528,362
63054,1388
9538,1028
141846,581
113093,447
9242,1388
113096,276
7852,362
7853,622
153128,622
150616,276
138613,1388
138612,1388
13289,276
13288,622
17534,447
22861,1028
29345,1388
63699,447
158414,276
61836,581
146648,581
61832,447
4826,581
118321,1388
13440,1388
13443,1388
29342,622
7980,1388
9402,622
12138,218
64930,447
26038,581
7985,1388
18049,447
64934,362
6362,1388
26037,362
12136,1388
10150,1028
10156,1028
10405,1028
62472,447
10407,1028
24832,1388
29151,622
24099,622
161852,362
10390,1028
64334,581
124434,218
124435,1388
147849,1388
63474,1388
27965,1388
63479,447
27960,1028
25021,1388
66235,447
1979,1028
14898,1388
13193,1388
148469,218
14891,1028
111868,362
3594,1028
6216,1028
6215,1388
63874,622
6213,218
10639,622
62870,1028
3082,447
62874,581
9298,622
15708,581
15709,1028
160416,218
9299,1028
62654,447
62655,622
113439,362
163893,362
28769,362
61996,581
14790,362
62895,447
21427,1028
65732,362
3231,447
1968,1028
13062,1028
164571,362
1619,447
10085,1028
10086,276
1613,1028
24148,447
22718,1388
158053,276
13421,1388
19537,447
30647,447
61585,276
12956,362
2870,1028
119217,1388
162809,581
157803,362
18439,447
27816,1028
160667,276
27810,581
7883,1388
122394,1388
9317,218
160668,581
3358,1388
164756,1028
122159,1388
7067,447
7066,622
7065,218
62257,622
7063,362
25719,447
13174,1028
264507,276
264506,1388
147200,581
147201,581
147204,1388
30539,362
30536,362
147208,1028
133732,1388
11687,447
264509,1028
30247,1388
12482,1388
6963,1028
12485,1388
15459,1028
132482,1388
8151,1028
5899,1028
18152,218
61586,276
5505,622
24396,362
1545,362
65980,276
61560,1388
2849,447
11115,581
14477,1028
8579,622
17694,447
66379,622
144640,1028
29112,447
66371,218
148950,1028
31203,1028
31752,447
109186,1388
66151,276
66155,447
6403,1028
66404,1028
127383,1388
1982,218
146071,1388
61685,1388
8539,1028
27776,622
12828,581
27771,1388
160474,1028
12824,1388
12825,622
160479,362
12821,1028
8536,1028
15291,1028
151403,362
61759,1028
11027,1028
66085,276
24746,276
14503,1028
6565,1388
162254,1028
61752,1388
61498,1388
105670,276
119034,1388
28206,1388
29607,362
7685,1388
5475,1028
7682,1388
145911,581
28733,362
1380,1028
28737,622
29609,622
3580,1028
160988,1388
160989,218
28504,1388
3581,218
61718,1388
19538,276
19891,447
160987,218
65072,362
161056,622
161055,622
10331,622
8440,1028
109079,362
12575,1028
11566,622
13990,622
9258,1028
11366,622
160504,581
160505,1388
115876,447
160503,1388
60931,1388
61355,1388
61356,1388
61350,1388
63422,622
22248,1388
24771,581
129840,1388
28648,622
24776,622
9899,1388
61229,447
19355,447
19605,276
25737,622
16650,1028
114698,1388
12726,218
141321,581
24005,1028
155735,1388
150284,362
163976,622
4759,622
64857,581
64850,362
64851,622
64853,1388
6774,1388
10984,1388
140529,276
10981,622
10983,1388
129849,1388
24607,362
65850,1388
61534,1028
117902,1388
65679,1388
17461,447
65676,1388
60801,1388
150577,276
11296,1028
9969,581
65671,1028
25236,447
65457,581
150024,276
25130,1028
25132,1388
127177,1388
9466,1388
154056,218
137602,1388
16401,1388
64102,622
64103,1388
65459,1028
158563,581
17131,218
119436,276
120093,1028
13526,1028
145003,581
13525,1388
19911,1028
16721,1388
153070,362
118003,1388
1408,622
149268,1028
64584,447
11747,1028
11748,1028
64199,276
108188,1388
63919,1388
165244,1388
161909,218
28195,1388
11580,1028
6682,1388
17136,447
127075,1388
161903,622
63917,276
65630,362
118795,1028
61570,1388
125583,1388
154255,218
138662,581
16836,447
121381,447
160502,447
65527,1388
65526,276
260893,1388
63687,447
153130,218
64030,1028
25641,581
60796,581
16838,276
4839,1028
6357,1028
16790,447
162584,362
137667,1388
4523,622
13453,218
7346,1388
12108,447
6194,1028
163069,276
6196,1388
64929,581
138601,1388
139225,1028
64925,362
11636,1388
140983,276
26045,1388
26044,1388
9289,622
9340,581
2735,1028
9614,362
4818,1028
9346,1028
9611,1028
134144,1388
162457,276
9619,1388
13184,581
64327,581
135784,447
3532,1388
63468,1028
64323,218
22815,1388
160272,581
63467,276
5050,362
20653,1028
63462,1388
7208,581
6379,622
142003,447
116615,447
148509,1388
14886,362
30870,1388
6223,1028
63863,16
12216,1388
12215,1388
156599,1388
162160,362
66393,1388
21743,1388
160183,622
160181,218
18549,1388
14863,1028
17072,218
113425,1388
143153,447
66646,622
4476,1388
116503,622
9761,622
14084,1028
162404,362
29346,622
62317,1388
122015,276
2803,1028
10504,1028
62313,1388
120774,1388
9293,622
24171,622
12122,622
164506,1028
7331,1388
18364,1388
1976,1028
24179,581
3226,1388
3221,218
1971,1028
1606,1388
62575,276
8859,1028
8858,1388
6376,622
62797,1388
140044,581
138402,1388
8850,1028
123720,447
12926,1028
2845,362
12250,581
30188,276
5476,1388
137722,581
28501,622
14268,1388
14269,16
10213,1388
14260,622
61400,1388
156633,622
20075,276
149477,1028
1773,1388
61401,1388
62221,1028
15111,362
63543,447
62225,622
62224,447
63318,447
29997,622
61403,27
112111,1388
112112,447
10507,1028
137662,1388
16785,447
143754,622
29746,1388
8148,362
30760,1388
61406,218
8638,1388
6994,1028
6995,1388
8633,1388
61418,622
30293,362
5518,1388
28022,447
2807,622
24547,218
24544,362
19428,447
5513,622
30298,362
108449,447
15110,1028
162906,1388
162907,1388
106418,1028
28349,218
66366,581
66360,622
1554,1
27991,622
1559,362
2991,1028
28342,447
28435,1388
14466,218
25896,622
25895,276
28347,1028
29901,622
28340,362
23195,1028
30614,1388
30612,362
31748,1388
29909,622
31744,276
156293,581
3036,1388
156291,362
10382,1388
31567,1028
31564,1388
66148,447
126718,1388
31560,622
111490,1388
111491,1388
143240,276
27997,1388
163987,1388
144567,447
118793,1
9999,1388
12589,362
5606,1388
9023,622
29129,622
12850,1388
12581,1388
31587,622
12855,1388
160254,1388
64228,447
11032,362
25961,622
29900,1388
25860,447
151161,622
15027,1028
161120,27
111960,276
111961,622
111965,581
29634,1388
1397,1028
29639,362
9325,1388
9778,1388
11600,1028
1974,1028
3813,622
127282,1388
22650,1028
3814,1028
65069,447
160991,362
110566,1028
160995,218
7163,1028
23253,581
23252,622
8455,1028
7585,1388
19557,1388
109084,1028
61839,1028
7268,1388
30964,1388
15337,1388
13988,218
163721,581
165742,581
11351,622
60923,622
12459,362
165746,622
31743,1388
61321,1388
7549,1388
61325,362
23387,581
31368,447
12046,1028
160867,1388
65872,581
164416,1388
16929,447
16642,362
16643,447
6169,1388
31242,447
158473,1388
130305,1388
8031,218
112254,447
8030,1028
64821,362
64820,622
12140,362
60894,1028
6768,622
23810,1028
4740,362
10991,622
24617,1028
12236,1388
24610,1388
126714,1388
150562,1028
25633,362
5860,1388
5862,1028
124638,1388
25140,276
126716,1388
162106,1028
25146,622
65448,1388
64132,581
21132,581
163049,276
64135,1028
65686,1388
19508,447
22729,1388
65680,218
2184,622
4605,362
19907,447
25389,1028
13510,362
162221,1028
158354,218
111492,581
137434,1388
163921,1028
9689,362
153728,1388
12689,362
29127,581
6130,1388
64621,218
8687,581
64554,276
124254,1028
64004,581
64550,1028
64552,218
6136,1388
6900,1028
8599,1388
2436,622
2435,622
63070,1388
116770,1388
16821,447
116772,1388
118304,1388
16824,447
3761,1388
16829,447
63676,581
65532,447
12110,362
25761,622
61811,1028
61816,447
61815,276
6346,622
25099,362
62640,1388
141460,581
141462,1028
5608,1388
11649,1028
6185,1388
119493,1388
6180,1028
17197,276
162354,1388
17195,447
2504,1388
140445,581
64486,622
64485,1388
141913,1388
9351,218
162576,276
9355,581
160260,1388
121142,622
9359,622
65521,218
163087,581
21244,362
31136,447
22829,622
63938,1388
5047,1388
212340,581
10374,1388
11161,1388
63415,218
7238,447
63789,581
66368,1388
3786,581
8047,581
3785,1388
63781,447
66095,447
16910,447
163771,1388
163772,1388
3410,362
6239,218
63898,1388
4990,622
63895,1388
12206,1028
63896,362
162175,218
141007,1388
63892,1028
134044,1388
113459,218
125275,622
63525,1388
29359,1028
63527,1028
10519,1388
63252,622
140904,1388
9774,622
9777,622
29353,1028
9771,1028
121759,1388
9772,1028
8867,1388
116004,276
1949,276
142106,581
106073,447
1257,362
9284,622
7309,1028
63099,1388
10247,622
11910,1388
13241,27
146119,362
11914,581
62784,581
146114,276
2859,1028
132369,1388
264414,581
264416,1388
2856,1028
14219,447
108695,581
3336,1388
1496,1028
108693,622
123998,1388
3203,1028
162385,447
10096,362
29755,362
29756,362
10195,1028
1704,1388
29751,1028
10190,622
116894,447
14182,1028
62236,581
62237,581
10198,622
14186,581
15855,1388
112101,447
111629,1388
10056,1028
17120,447
29282,276
25462,362
147220,447
29284,1388
30778,1388
146607,276
29001,1028
30990,447
1121,1028
8606,1028
8605,218
14324,1388
106404,447
25880,362
14450,1028
15106,581
30461,276
30281,581
14459,1388
15101,276
29131,1028
66313,447
28408,1028
24379,276
24378,1388
3028,622
63657,1388
3024,218
2986,1028
62129,447
157355,362
157354,1028
29910,1388
163610,218
137230,276
115077,218
137232,218
160990,362
30608,622
144998,1028
10757,1028
31775,2
1013,1388
1234,581
8515,1028
1230,27
65413,1388
4199,1028
8049,1028
4194,1388
13864,622
12598,1028
4193,362
66425,581
119014,447
5671,622
142945,1028
12840,1028
4351,1028
4352,1388
28717,1388
8457,362
6509,1388
145977,622
25976,1388
31489,276
31488,1388
6500,1028
30283,362
156176,276
31170,1028
23067,1388
106887,447
147305,27
23062,622
111976,447
24283,622
113491,1388
29621,1388
24287,276
163887,1028
144375,27
111579,1388
23485,1028
130421,1388
8463,1028
143689,362
11340,362
11669,622
161037,581
11343,622
136307,1388
23714,362
13561,276
111779,447
110685,1388
108306,447
24755,622
12445,1028
6433,622
5709,1028
165411,276
12441,1388
8199,1028
4093,1028
30255,581
110179,362
61335,1388
61338,1388
28668,622
28881,1388
31392,622
156953,362
119154,276
11462,1028
162127,1388
13646,622
13645,1388
28866,276
4771,622
15331,1388
137704,1388
13649,218
22532,1028
3063,622
23809,622
14368,8
162272,1028
64839,362
140050,1388
63959,1388
65838,581
24621,622
24620,622
65831,1028
19024,447
25623,581
30857,276
25627,1028
154039,1388
25150,1388
24978,622
25157,1388
16747,218
134685,581
16748,447
24975,1388
12458,1388
12053,1388
145024,276
116586,447
141277,581
141276,581
4611,622
141278,1388
158587,447
13505,622
129851,1388
161927,447
161926,581
161924,276
162219,276
12691,581
24234,1388
160206,1388
2222,581
2220,581
109580,362
65236,1388
65235,218
24440,218
165264,276
122380,1028
65231,447
10832,218
64630,1388
10839,1028
65948,1028
64637,1388
64547,447
64542,581
21659,581
121562,447
61739,218
8113,1028
64549,1028
13474,581
65548,447
7828,581
146616,581
146617,1388
4503,1028
63669,1388
63667,1388
25570,276
138641,581
25572,1028
7824,1028
26067,276
26064,1388
25088,1028
31739,276
26061,1388
117161,276
28155,447
2080,622
16698,447
2086,581
2085,581
161813,1028
2538,622
161810,1388
161816,362
161814,1388
64942,1388
148932,218
17184,447
2537,1388
125860,1388
153028,622
17762,447
160211,622
160216,1388
61557,1388
107446,1388
105574,581
6437,1028
8987,362
25331,1388
17160,447
149070,218
64304,622
7228,581
64306,362
10692,1028
5074,1028
64303,218
137641,1388
63799,447
1837,1028
9173,1028
63790,581
3793,1388
139665,218
113530,1388
113533,581
122921,1388
2150,1388
2403,581
139662,1388
4988,1388
6242,1028
12274,581
12277,1388
10740,1388
15521,622
62689,218
161067,622
163781,1388
30152,1388
164668,1028
11832,362
62686,1028
149738,218
63244,447
63246,581
160329,1388
152248,1028
152249,218
14064,1028
62330,622
122034,581
62336,581
63538,447
61900,362
8873,1028
63083,581
63080,1388
63081,581
3243,276
24110,581
24113,622
7316,622
29968,1028
3246,1028
12972,622
11903,1028
11907,1388
30783,622
12635,447
12909,218
8162,1388
30161,362
112007,447
112004,1388
112005,276
62755,276
10232,1388
9016,1028
62204,1028
7034,1028
10236,1028
10235,622
62200,581
20296,581
20297,447
5496,1028
14201,447
28524,1028
5492,1388
27823,581
1712,1028
5250,1028
156618,276
63338,622
21503,218
26004,362
14192,218
117034,276
63337,1388
157218,622
12141,1388
156615,1388
156614,622
4251,1028
15822,1388
3157,1388
21499,218
63486,447
136646,581
147894,1388
24844,1388
24430,622
30709,622
119316,1028
119314,1388
115245,1388
62730,1388
152809,1388
16981,447
137310,1388
28414,622
11124,1388
2061,622
13710,622
64302,622
7781,1388
122211,622
66300,1028
62110,581
11508,362
31763,622
30640,447
7146,622
10999,1028
24363,1028
18746,276
29381,1388
164652,362
29386,1388
29435,1388
29389,362
1004,1388
29433,1388
60814,1388
12877,1028
30016,622
28388,622
31549,362
30012,581
28380,581
110760,1388
4186,1388
30384,362
160449,1388
160448,1388
6532,1388
109318,447
147708,622
160447,1388
31607,1388
118577,581
2883,362
28704,622
113270,1388
2884,1388
16986,218
14535,1388
2888,1028
133871,581
11010,1028
25980,622
11012,1028
66386,1388
8611,1028
66239,1028
31168,1388
109799,447
163633,276
22632,581
62016,1388
61019,447
163892,1388
20548,1028
66050,1028
145701,218
139201,276
65106,447
66059,1388
26523,218
26520,1388
8479,622
8475,622
161000,276
7566,622
12472,1388
12471,1388
150838,1028
30945,1388
24747,1388
61496,581
150837,1028
12478,1388
119173,1388
61490,581
126734,1388
28678,1388
127439,362
7762,1028
61655,581
28675,622
145817,1028
61656,1388
66438,622
61302,218
31381,1388
3905,622
127174,1388
145636,276
11228,1028
25062,362
27792,362
127179,1388
28877,622
62976,447
13657,362
4768,622
11482,447
165651,362
125054,276
4162,581
60875,581
163946,1028
140043,447
140042,581
65045,1388
3278,362
65042,581
9954,1388
122741,1388
65048,362
65827,1028
16752,276
7368,1028
6502,622
64794,447
25168,362
25167,622
25166,1388
120513,622
65317,581
7245,581
66610,362
151832,1388
12047,622
32280,1388
16597,1388
63607,1028
141241,1028
133767,622
161952,218
161953,362
7203,1388
7241,362
12688,1028
2230,581
11796,362
2237,581
119813,276
65220,1028
10827,1388
29107,622
65226,1388
157057,218
65228,447
30618,581
133768,218
65958,447
7817,1388
2049,1028
4608,1028
14616,1028
31462,276
3497,581
148531,1388
20847,1028
30007,581
158733,622
25509,1028
4572,1388
120193,447
13406,1028
65552,1388
65553,581
65550,1388
63650,581
65556,276
65554,1388
26071,447
25025,622
2521,1028
16689,447
26077,447
61871,581
61870,1388
16686,447
8388,1388
145160,581
16681,276
61877,1388
162378,362
11465,1388
24965,1028
9783,447
64154,622
138602,1388
64156,1388
8759,1388
65689,447
141397,1388
2663,622
134932,1388
27920,581
160203,1388
27925,1388
160204,581
162559,218
10353,1028
162557,276
162556,1388
20237,362
9372,581
4885,218
62921,581
17151,447
17150,447
17157,447
7964,1388
17405,1388
158742,218
157020,1028
64375,581
158746,581
9171,1028
158744,447
25186,622
61901,581
146738,1388
61903,1388
146735,1388
146734,218
13311,1028
1820,1388
16974,276
17081,447
2146,1388
10345,622
12262,1028
105365,1388
12266,1028
4973,218
10530,581
11291,1388
5395,1028
13554,622
122841,1388
14830,218
14834,1388
11805,581
1920,622
63501,218
3275,1388
63507,362
160338,622
1926,1028
11301,362
160336,1388
9715,1388
157118,1388
146137,1028
7369,218
61546,1388
124046,276
164533,1388
116029,1028
8881,1388
7366,1028
154757,276
8543,622
11935,362
11934,1388
13227,622
11930,1028
112876,1028
112874,1388
161798,276
161797,1028
133468,581
30170,1388
12915,581
7022,622
122447,1388
62745,1388
64626,1028
3310,1388
10221,1028
62748,622
20029,362
29733,1028
157200,1388
24032,622
1728,622
20021,622
157758,581
142382,1028
28620,276
1722,1028
21519,622
4842,362
155133,1028
15363,447
112473,622
149620,362
149621,276
62698,622
138321,622
30751,1028
30718,1388
27760,622
147175,1028
15123,362
115121,276
30710,1388
62217,1388
164002,1388
30714,1388
12407,218
7799,16
28460,1028
3007,622
28462,622
18358,447
15364,218
14304,581
121273,1388
14309,1028
9835,1028
63758,1388
11896,447
17105,276
8493,1028
17106,447
31718,447
156578,1028
24350,622
7696,622
4409,581
29939,581
143357,1388
118445,1388
142251,218
29930,1388
29028,622
25296,218
111000,1388
29934,1388
1034,581
28749,622
30006,1388
9397,622
1210,27
7692,1028
66681,218
12868,622
24291,622
31533,276
143421,581
30008,622
66688,276
62865,1028
28744,1388
6522,1028
7481,1388
132518,1388
10200,1388
4372,1388
9393,1028
8266,622
150937,1388
30398,1388
30399,27
133869,1388
118307,1388
29734,622
11060,622
145956,1028
11065,1388
25993,8
133866,1388
23002,1028
15495,1388
1104,1028
29649,362
23006,218
23291,581
156156,276
156157,276
63679,1388
17890,1028
25946,622
29647,622
111179,447
4830,622
28285,1388
66061,362
114524,1388
129823,1388
4087,1028
3863,1388
13798,622
66496,16
144396,622
9555,1028
1981,1028
160541,276
66597,447
161013,362
161012,1388
66599,218
160549,1388
23226,1388
1577,1388
23224,1388
161014,276
61489,1388
3734,1028
7575,622
160781,276
28641,1388
19137,447
5723,622
12466,1028
6416,1028
30950,1388
6410,1028
9812,362
61487,447
28608,362
7772,1388
66446,1388
61646,1388
144559,581
144809,1028
3362,622
61640,1028
3917,581
3916,581
65148,1028
63848,622
60990,447
60992,1388
25554,1388
264398,581
65142,1388
6730,581
11499,8
62465,362
6737,1028
4790,1028
141469,581
155234,276
8087,2
4156,1028
6347,1028
11259,622
163933,1388
163930,1028
140073,581
163936,218
118227,218
11094,1028
163935,1028
61004,581
24648,581
160492,1388
65034,362
65036,1388
160498,1388
9921,1028
9922,1388
61008,1388
151222,276
19262,447
162459,1028
64784,447
22772,1028
16769,447
29492,218
22543,622
65491,1388
25173,447
65365,276
11096,1028
22177,1028
145049,622
64402,1388
25376,447
12075,622
4515,362
145046,362
119574,1388
140672,581
25181,622
109831,276
161942,447
140676,581
6649,1028
12677,1388
140679,1388
30233,1388
31846,622
10813,1028
5903,1028
65967,362
10816,1028
5905,1028
65430,622
6435,1028
150481,1028
25180,1028
63644,1388
60902,27
110164,447
63640,1388
11720,1388
106261,581
63643,622
24825,362
3480,1388
12559,1028
65569,622
29940,276
65765,1028
162355,1388
4560,622
6639,1388
164368,447
3647,622
148475,218
148476,1388
29942,622
3643,447
26050,1388
25514,581
127094,1388
11670,1028
117141,447
14623,1388
64480,1388
117145,1388
2556,622
7798,16
2558,218
64955,1388
126601,581
106900,1388
25075,276
64142,447
161040,1388
17367,447
2393,1028
2390,622
138921,1388
12785,622
141384,581
121833,276
27932,218
62919,276
27936,622
27937,622
63551,447
62913,581
2771,1028
62911,581
160237,581
17780,447
160233,276
149010,1028
24021,581
25201,447
64363,622
64360,362
7970,1028
17142,447
64365,276
6266,581
16784,447
116387,1028
16781,447
12252,581
125595,1388
66286,276
4415,1388
118223,1388
61060,622
6268,1028
21186,581
119594,1028
6066,1388
12124,218
2176,218
12090,1028
125604,1388
17095,447
62826,581
7526,581
122902,1388
28018,622
14828,218
28135,447
2602,1388
120300,1388
14822,218
113225,1388
14820,218
113269,1388
160658,362
14824,218
5284,1388
156153,1388
162356,1388
10787,1028
5129,1028
62590,622
10035,447
5125,622
10789,1388
14007,622
63511,447
64218,447
107643,447
2484,622
3465,1028
120835,1028
148650,1388
154760,276
148652,1388
8898,218
8892,1388
11929,581
12321,1028
24352,1388
64891,622
11923,1028
11925,1028
113609,1388
141720,1028
132988,447
14954,1028
7154,622
158055,581
14225,622
66519,1388
30490,362
64314,581
30495,362
30146,218
61576,1028
24356,622
17074,218
63847,1028
13794,581
13776,362
29099,362
5046,1388
29097,218
108664,447
29095,1388
1585,1028
64319,1388
27845,581
137803,581
107481,581
29709,1388
164255,8
18699,1388
17070,447
29705,1388
16665,622
20036,1028
29250,622
121656,1388
13124,362
13125,362
146564,16
137024,1028
64767,1388
28884,1388
15803,581
16668,447
13128,1028
15153,276
29894,1028
30277,622
148870,581
109425,581
137373,1388
29899,447
162943,362
18329,447
3071,447
28471,276
113361,1388
28477,1388
1593,1028
6908,1028
1598,1388
2953,1388
31702,447
31703,447
160163,1028
31707,276
5342,2
62170,581
126020,1388
62290,622
66325,1388
143668,1388
6140,622
29392,1028
62107,622
143664,1028
119275,1388
137573,1388
115554,1388
4367,1028
24029,1388
126597,1388
12898,1388
144018,1388
66697,581
66698,581
8073,1028
31521,218
23107,447
144010,1388
18037,447
123094,1388
123097,218
8272,1028
132502,1388
28278,447
143073,218
143443,1388
22817,581
3105,1388
3107,1028
106524,276
162897,1028
162894,1028
14555,581
1447,1388
29074,1388
157414,581
157415,1028
20338,622
28078,1388
1440,1028
156415,1388
13709,622
31634,622
106853,276
31144,1388
145552,362
1449,218
10777,1028
28296,1028
4091,1388
4090,622
13786,581
31453,1388
4094,218
8109,1028
22612,622
6333,218
12200,1388
162078,447
6669,362
66588,581
10974,622
66586,1388
30009,1388
11313,622
62955,362
66582,1388
11310,581
141001,1028
160797,1388
107325,447
6461,1028
160798,1388
19124,276
61679,447
7741,362
66455,1388
61673,581
143285,622
28616,362
61676,1388
127377,218
64404,362
22507,581
13782,1028
6527,1028
65158,622
60983,447
62626,1028
122436,1388
60984,447
161966,276
8264,1028
8304,581
140063,218
140061,1388
6528,1028
62733,622
28853,1388
61581,622
118738,1388
65803,362
23697,622
61584,362
61587,1388
15202,447
4145,1388
118733,581
163923,1028
163922,581
163924,218
8099,1028
163926,276
65022,447
65244,1388
64848,1028
65026,622
127279,1388
61077,1388
17130,447
29946,447
110529,1388
9937,1388
151257,1388
16778,447
22761,1388
1487,218
133868,581
65376,581
16775,218
31483,1388
16777,447
158314,276
125358,1388
128978,1028
163920,447
155856,276
25691,1028
130766,1388
25341,1388
25340,362
130762,1388
6097,622
29211,447
31858,362
12669,622
121934,1028
161977,1028
6653,218
107817,447
19305,1388
25749,622
28266,1388
25747,1388
127797,276
61296,1028
10801,1028
120359,1388
120358,1388
161996,276
161997,1388
161994,622
63635,1388
161993,1028
65576,362
63639,276
24837,581
64515,581
25528,276
266214,218
150477,622
266216,276
65772,581
65773,362
65771,581
21066,581
19873,447
150478,276
61859,1388
21061,218
12804,1388
2547,218
63996,581
64994,622
64997,1028
153895,447
64991,276
114608,622
65484,622
63998,447
11440,1028
124678,1388
11446,1028
65482,622
65483,447
110732,1028
156154,447
64175,1028
12796,276
2282,622
156155,1388
10332,622
64356,1388
160228,362
3584,1388
8666,581
64351,1388
124321,1388
27906,16
29164,362
140938,447
17233,447
29921,1388
64194,447
146714,276
260774,362
16955,218
16956,447
25234,622
9483,1388
14985,581
16453,581
17132,276
7904,1028
7906,622
63742,1028
125580,447
61921,1028
125584,362
61925,1028
16791,447
4423,1388
128759,1028
163927,1388
61592,1388
148313,1028
65469,1388
22544,1028
148391,622
148390,1388
1109,1388
162401,1028
122916,1388
122915,1028
6078,1028
2615,1388
20488,1028
12964,1028
160312,276
8092,1028
137370,276
64223,1028
16716,218
29875,362
7343,1388
19965,1028
1906,362
63291,581
63290,1388
1902,581
25433,581
160232,1388
10793,622
21686,1028
120824,1028
13204,581
143912,1388
22978,1028
143910,447
146156,581
163685,1028
163680,276
163681,276
65467,447
12338,362
65464,1028
135990,1028
138124,622
138126,581
163042,362
14370,622
138123,581
138122,581
27875,362
7300,362
163668,622
163669,1028
62768,1388
14145,1388
64595,1388
29082,362
29085,1388
10244,581
30558,622
30559,622
5229,1388
63166,447
63161,1028
155280,27
29246,276
13166,276
143870,218
29241,1388
11861,447
14815,1028
12544,1028
125601,622
113498,1388
14810,1388
138341,581
113299,447
163594,1028
163595,1028
113490,1388
138346,1388
15142,276
109929,1388
135484,1388
29886,1388
29887,1388
109925,581
134447,1388
109926,362
162957,1028
112721,447
112720,16
14369,1388
3062,622
7171,1388
14490,622
7179,622
2942,581
138901,1388
2940,362
1050,1028
10905,1028
62168,581
5087,1028
1056,1388
31738,1388
31737,218
122263,1388
14401,218
160173,276
128663,581
112033,581
2951,1388
112030,1388
147579,1388
1690,1388
112034,1388
164664,581
164663,362
16957,276
164660,1388
1279,1028
118502,1388
147750,1388
30029,1388
115566,447
160785,2
12886,1388
12884,1388
1274,218
66660,362
28940,1388
115090,1388
14565,1388
123016,1388
14563,1028
14561,1388
133844,1388
8240,276
133246,581
24483,622
8247,1028
8245,447
122315,581
29661,1388
24934,1388
29668,1388
3116,581
65887,1388
162887,581
119295,447
29066,1388
157955,276
29061,276
28590,1028
157959,581
9890,1028
129624,1388
160838,1028
23752,276
23753,622
31460,622
28919,1028
8423,1028
9248,622
22373,1388
66000,362
28917,622
28970,447
1308,1028
66004,622
144139,622
132405,1388
5742,1028
136186,581
122917,1388
160684,1028
11300,1388
4225,1388
11302,1028
144135,1388
7124,1388
4222,1388
140905,1028
61664,1388
28942,1028
30939,1388
61661,1388
61662,1388
5581,1028
30932,276
12403,622
6471,1028
9831,1028
160811,218
28629,362
5589,1028
31041,1388
63059,16
28765,622
7759,1388
23111,447
9240,447
108752,447
23118,218
7750,362
109699,447
110399,447
141845,1388
61444,447
27914,362
3937,1028
61441,1388
66484,447
163916,1388
8334,1388
6717,622
13680,1028
163919,581
29553,276
148009,276
9904,1028
61591,1388
61596,1028
24662,581
64028,16
19069,581
7850,581
24669,362
13962,1028
5690,1028
61061,362
5697,218
24463,622
162234,1028
24898,581
28139,1388
61069,1388
24468,581
65011,581
17286,1388
19209,1028
25355,581
25356,362
25357,622
17641,447
153668,1388
64768,1388
64766,1388
22794,1028
1300,1388
25359,362
19207,447
119756,218
9324,1028
110065,218
29086,581
29323,1388
117018,276
117019,276
25680,1028
160207,1028
7911,622
4045,1028
23978,1028
13756,1388
4040,1388
230796,1388
109823,581
161961,362
6661,1388
13759,622
4049,1028
161965,1388
5968,1028
65908,1388
22086,447
24893,622
65905,581
65904,1388
10877,1028
1602,581
16890,447
63621,622
25536,1028
3662,1388
24803,1388
16898,447
65587,1388
24800,1388
161989,447
2285,1388
124198,1388
12815,622
2052,1028
8675,1028
64692,276
13431,1028
64690,1028
3918,1388
65251,362
124196,1388
121817,1388
121816,447
121815,622
162329,1388
11550,1028
2577,1388
2574,1028
2573,1388
150044,362
61988,1388
65345,276
10906,1388
65343,622
141497,218
10903,362
10902,1028
64160,1388
11455,622
11456,1028
64163,1388
11450,1388
23220,1388
64166,362
21237,1028
2595,622
2596,1388
64344,622
9125,1388
64346,362
2593,1028
121493,1388
113140,1028
10305,1388
27913,1388
63194,1388
63195,1388
63196,1388
21238,1388
13326,622
4430,1028
163720,581
13323,622
25224,1388
7912,1028
121257,1388
63755,27
13329,1388
1878,1388
64189,276
12603,218
4941,1028
118081,581
138205,581
62501,1028
138201,1388
4321,1028
12139,1028
2111,581
2113,622
152931,447
8084,1388
2620,447
125000,581
63281,1388
160364,1388
62378,1028
140902,1388
62804,1388
2628,1028
63288,218
155754,362
1919,1388
7350,1388
163939,1028
157858,1388
122678,1388
63572,622
122674,1388
157859,218
62571,1388
10016,1028
121077,1388
65812,581
120815,447
120816,1388
1913,1028
2025,362
61408,218
16896,447
62977,581
60846,1388
62979,447
13332,581
13700,581
154605,581
10277,1028
108645,1028
161065,276
13480,1388
163673,276
163672,581
133432,1388
133430,1388
164581,8
163679,1388
24096,622
10278,1028
5216,276
21136,581
63374,581
125315,276
5210,622
63698,1028
20019,447
62712,1388
14150,1388
14027,1028
163587,1028
163586,1028
29278,581
63172,1388
142644,276
27938,622
264265,581
61544,622
24278,447
9217,1028
149618,276
5870,1028
63178,276
29274,1388
11872,622
112623,622
8925,1388
24725,276
112626,447
11877,362
112624,1388
14808,1388
133724,581
122895,1388
1663,622
18307,447
133547,1388
14487,581
164293,581
164290,622
30584,1028
147101,1028
142460,1028
110533,1028
15173,1028
14489,1388
112754,581
4675,581
165466,1028
29133,1388
7106,1388
7107,1028
6865,362
3054,622
122778,622
143526,581
62395,581
110721,1388
122094,1388
62396,1388
62391,1388
28034,218
1045,27
143605,362
31720,1388
28119,362
62399,1388
260779,362
28118,622
5109,622
1686,1028
164612,581
160488,581
140071,1388
164611,622
4450,1388
142260,1028
30059,622
132525,1388
14163,1388
149721,1388
8253,1028
65368,581
61589,218
30055,276
1266,1028
140443,581
10013,622
8789,218
11056,1028
65739,1388
24491,1388
21593,447
8787,362
109599,447
31614,362
112774,1388
3129,1028
124320,1388
129632,362
66275,1388
9230,1388
66278,622
3121,622
3126,622
64231,276
114979,276
137351,276
31778,447
1468,622
29055,276
115404,1388
144727,622
8655,1028
1823,1388
137943,1388
8431,218
126318,1388
8864,1388
31479,1028
23769,622
23768,1028
23767,1388
16763,276
31477,1388
66016,1028
28900,362
1318,1388
24982,581
157452,276
5750,362
12433,581
24781,581
24782,581
147638,622
165053,622
165052,622
160571,622
160570,1028
23561,1028
114370,1388
4230,218
61610,1388
15197,447
133949,1388
5594,1388
5597,1028
26021,1028
15199,447
133944,1388
133945,1388
31500,1388
110728,362
7723,1388
64699,276
126775,1388
61439,622
3949,1028
63417,1388
13114,276
6722,362
63531,1388
61435,1388
66708,1388
127958,1388
145042,1388
12597,1388
12304,622
28397,622
62382,581
12503,622
24671,622
145041,622
63876,1388
24678,218
62055,362
6315,581
31554,1388
4127,1388
155795,581
155794,581
65009,1028
24474,1388
6214,622
7430,1028
24473,581
126721,1388
61725,1388
12222,622
61055,447
6081,1028
61721,1388
150306,447
65006,1028
27786,1028
144235,1388
31849,622
25322,447
6475,1388
10499,1388
124050,362
2751,362
25079,622
1239,1028
2697,1028
23945,581
23943,1388
23940,362
22144,581
12679,1388
22140,1028
6678,1028
23948,1028
11264,362
4052,1028
163879,622
11514,362
23852,1028
11511,622
63663,1388
11513,447
4058,1028
150277,1028
145186,362
5835,218
160596,276
65170,276
163948,1028
5973,1388
8699,1028
148109,276
31843,1388
150279,276
150278,622
3612,622
17208,447
150699,1028
9815,1028
16885,447
5458,622
122494,447
2290,1028
2295,1028
158740,1388
141198,1388
2982,1028
141196,581
141197,581
148249,622
5902,581
162338,1028
29736,622
141359,1388
13432,1028
63058,447
162336,1388
162335,581
10916,447
10917,362
135044,1388
24922,1388
8692,1028
24925,1388
25124,1028
25777,1028
7291,1388
17115,218
8512,1028
7923,1028
24216,1028
7921,1028
14794,1028
11694,1388
64408,1388
25972,622
2589,362
163678,622
1860,1028
63769,1388
13354,1388
1866,1388
4448,1028
14418,622
164585,1028
63766,1388
28712,1388
13597,218
121673,1388
4601,276
4685,447
163118,1388
14525,622
4936,622
62897,1388
61941,362
138747,581
138210,1388
138741,581
13599,581
25978,1388
64535,1028
24810,1028
25979,1028
2101,622
19318,447
151078,447
6053,1028
162585,581
10005,1388
160373,218
5116,1028
10000,1028
160374,581
63541,276
125014,1388
160378,276
122061,1388
62811,1388
17061,218
5256,622
9599,1388
20791,276
28256,1028
157153,1028
64568,1028
17069,447
9590,1388
3439,1028
26013,1028
3093,1028
136804,581
22957,581
126555,1388
3650,1028
156125,1388
7809,1388
2034,1388
2033,1388
62967,362
147599,1028
4595,1028
4844,1028
139985,1028
4598,27
4802,1028
10484,27
141178,1388
4843,581
14908,1028
108631,362
160657,276
163941,1388
123937,1388
112295,447
114829,276
133424,581
10466,1028
29265,1028
162403,581
62709,1388
25870,1028
17795,447
63384,1388
62700,581
141957,1388
29268,622
63383,1028
164572,218
121440,581
1478,581
29627,1388
1618,1388
31574,276
3011,581
111721,447
28490,276
62491,622
142096,581
62494,1388
164264,8
6386,1028
134026,1388
1539,218
27928,1388
18533,447
133731,581
11842,447
133044,1388
11191,1388
21542,1028
30598,1028
2960,362
29868,362
14340,1388
30594,218
29864,362
1783,1028
30222,447
2968,447
30220,1388
137611,1388
3048,1388
62634,1388
24466,447
62632,581
7116,1388
24318,218
3041,1028
24316,622
21429,1028
6873,1028
24980,1028
108740,1388
112410,276
137292,1388
29466,276
163884,362
1078,581
1076,622
148470,622
1072,1388
62388,1388
164609,581
149578,362
1678,1028
30137,581
13003,1028
28819,1028
29341,622
30138,622
1677,622
164605,581
3807,581
21423,447
1094,1028
66649,1388
3806,1028
30822,622
8229,1028
148937,447
264709,1028
148930,362
118525,447
4331,1028
133726,1388
119974,447
119417,622
109584,447
29992,581
29993,447
61402,1388
66723,1388
29996,276
3138,622
14583,362
14582,1388
31660,1388
160607,581
142088,447
160600,581
20202,1388
62036,362
126140,447
27765,581
160417,622
31095,362
117260,362
29517,581
29040,581
142459,362
29511,1028
164296,1388
28938,1388
116531,447
1327,1388
1914,1388
18654,1028
28933,1028
144119,276
28930,362
23774,1028
8293,1028
23776,581
9850,1028
12421,622
63448,581
15343,1028
137432,622
2497,1388
2999,1028
23577,622
5764,1388
4201,218
5763,362
147644,581
8133,362
141389,1388
61600,581
143527,1388
5568,622
5569,622
12788,1388
145854,581
160742,622
5567,1388
5560,1028
142748,1388
1254,1028
24912,1388
28338,1028
30234,1028
7733,1028
25805,1388
25807,622
63520,1388
31062,447
145512,581
1259,581
28806,581
66731,218
142462,218
126434,1388
63927,622
133288,1388
22221,362
61427,1388
61425,1028
8358,1028
11213,622
4115,1388
64254,1388
11770,218
8350,1028
140030,1388
17245,447
8357,1028
163891,622
62139,447
3333,1388
60888,1388
12519,1028
19049,447
122255,1388
17239,362
122257,581
24447,447
66602,1028
126322,1388
7420,1388
162833,581
61737,1388
27790,1388
28152,447
61732,1388
27794,1388
61047,362
9155,362
150221,581
61552,1388
122520,1388
116526,1388
65615,362
160597,581
25338,622
25339,276
65610,447
145080,362
16889,447
29616,1028
114747,1028
119736,1388
31887,581
31881,1388
117035,276
117036,622
4062,1388
65290,362
4060,1028
6867,1028
23793,362
65921,1028
11509,622
11506,1028
6733,622
23799,581
127436,1388
5786,447
150201,1028
65105,622
5783,1028
120656,1028
65108,362
165732,447
60950,1388
120302,362
127438,1388
122096,1388
17202,1028
3607,1028
10002,362
63600,1388
162489,447
145809,1388
3413,1028
63605,1028
63606,1388
63971,622
25799,622
12189,1028
16637,276
16188,1388
157755,1388
12181,581
12180,581
143974,1388
61339,27
2950,581
6115,1028
6116,622
29613,447
6110,581
3897,1028
64745,1028
10920,1028
64741,1028
5442,1028
2352,1028
9048,1388
28145,1388
64748,447
7183,1388
3855,1028
7281,1028
164758,1388
64418,1388
9459,581
124319,1388
7936,581
10894,362
124315,276
64410,622
134384,1388
13342,218
16989,447
13341,218
254096,581
4456,1388
62261,1388
7974,1028
118264,218
21144,1388
3735,1028
118267,622
13839,581
7977,1028
16985,276
16456,362
13580,362
4690,447
130049,1388
127464,1388
4926,1028
4699,447
130040,1388
130041,581
2138,1388
154434,1388
1682,1028
154433,581
11721,1388
6020,1388
154439,622
6025,622
11729,218
121053,1388
118228,1388
156133,581
5165,1388
63800,1388
12256,1388
62823,1388
160837,1028
64979,447
160340,581
160341,1028
125237,622
160343,1388
138483,581
62559,1388
20783,1388
30128,218
62553,1388
141037,581
63803,1388
138489,447
9216,1388
21496,1388
62555,1388
17073,218
3429,1028
16853,447
61494,362
4418,581
120877,622
3424,622
6334,1028
6335,1028
19807,447
144436,581
113139,1388
6331,1028
9698,1028
2005,447
62957,27
3851,27
2008,1028
62954,581
6338,1028
113646,581
14918,581
12395,362
14170,1028
62732,1388
14172,447
162701,1028
27886,447
264390,1388
264391,1388
27882,1388
264395,218
10453,1388
10451,218
10109,622
163022,1028
29217,1028
24040,581
3026,1028
152170,1388
129120,1388
31894,447
264713,1388
63470,1388
3556,1388
3555,276
31895,447
63154,1388
160293,276
63157,1028
125600,1388
20134,1028
13169,1388
13163,622
4065,276
8901,1028
1706,1028
11856,447
8902,1028
11183,581
30219,622
29984,362
2916,622
157217,1388
29852,1388
26011,1388
112178,581
1794,1028
62602,1388
6848,1388
64831,1028
4579,622
8150,622
17919,447
113917,362
7127,622
24302,581
24304,581
7123,1388
6845,1028
11051,581
30697,1388
5301,622
29453,1028
30692,362
21440,1028
28758,1388
4390,622
119273,1388
12096,1388
1669,1028
13011,1388
157634,1388
157635,1388
30451,1028
4077,1388
1661,1028
157856,218
30674,581
157855,1388
30671,1028
1082,362
136648,1028
31276,276
156857,581
4322,622
17145,276
2606,622
31270,447
115516,276
66648,447
12091,581
3144,622
2829,1388
14597,581
14592,218
62123,276
14590,1028
31673,362
160632,1388
31674,1388
154759,276
7632,362
17861,276
7636,1028
7637,581
62046,581
136884,581
112775,622
5218,362
9699,581
164708,218
138610,1388
29032,581
142339,1028
152149,362
64433,1388
31418,581
25020,622
4213,581
16582,1028
9083,276
60800,1388
14827,218
6932,1028
147658,1388
9841,1028
6936,1028
18100,581
160598,1028
8694,1028
9849,1028
8123,1028
5774,622
147657,622
29698,1388
13200,1388
65832,581
1117,1388
61129,276
61635,1028
5572,1028
25108,622
115766,218
66654,276
1240,622
1243,1028
126554,1388
1533,1388
111873,622
29143,622
1246,1388
3265,1388
164607,1028
28322,276
25874,1028
25877,218
62592,362
136265,447
136267,1388
66728,581
27981,622
61381,1028
61380,218
23898,1028
126424,1388
126423,1388
61389,276
61388,218
62984,1028
4103,1028
8348,1388
31093,1028
63645,581
109621,447
140023,581
4108,1388
8341,1028
140027,1028
147868,1388
19932,447
12568,1388
160913,1028
160912,1388
25406,1028
24699,581
10426,1028
15242,1028
19054,362
1523,362
15247,1028
19057,447
28924,622
66032,1388
25906,581
22306,276
62599,1388
30175,362
61703,581
260778,362
22308,581
61706,581
106589,581
61562,1388
109919,1388
16531,1388
61567,622
266163,1028
117020,276
25655,1028
126136,1388
8717,1028
25302,1388
12620,1388
145729,1028
6617,622
61095,622
12625,1028
22122,447
6619,622
17341,1028
65607,1388
2561,622
65930,581
10030,1028
148169,581
65286,1388
65287,1388
5959,1028
13765,16
3833,622
7275,581
11537,622
31143,1388
11535,622
4072,622
154758,362
61140,581
3964,622
61414,581
3962,1388
5792,1028
5791,1388
130200,362
145658,1028
60942,1388
154755,276
154756,1388
266315,362
7152,1028
8079,1028
7279,1028
266316,581
3639,1388
63943,362
63942,1388
65570,622
16629,218
61688,447
63945,581
151928,581
61899,581
10498,1028
22053,1028
117115,1388
266319,581
25013,581
162076,1388
65737,276
266257,276
30354,362
2345,1388
2346,1388
144519,622
140757,1028
2342,362
121844,622
12757,581
6104,1028
119414,276
141044,1388
20109,447
9573,218
10938,1028
64739,1388
25495,1028
22059,1388
140979,1388
63700,581
16996,218
63702,447
63705,362
16991,447
63707,362
63708,622
31099,622
64397,1388
140977,1028
161869,1388
63814,447
3708,622
118042,447
1382,27
65421,1388
111974,1388
4467,1388
7959,1028
163993,218
4462,1028
3707,1388
4460,1388
17101,581
25241,1388
13579,276
141577,622
4918,1028
162448,1028
4666,218
13570,622
4911,622
162283,1028
12756,622
6039,1388
12434,1028
13139,622
17266,218
17269,447
24878,581
13235,581
5439,1028
64082,447
6034,1028
10063,447
21487,1388
147639,27
9203,1028
14221,1028
66468,1388
5179,1028
24783,1028
21488,1388
62549,1388
3416,1028
8530,581
123474,1028
6742,218
63018,1388
64063,1028
65911,622
121713,447
4371,1028
6100,1388
135805,1388
165051,1388
21374,447
6836,1028
120822,1388
8488,581
16845,447
16843,447
12377,1388
149177,1388
115555,447
15293,1388
62948,581
63490,362
63493,362
63483,1028
63495,1028
15290,1388
65609,1028
12171,1388
62302,622
4860,1028
121199,447
13484,581
141400,1028
25711,581
107691,1028
133825,1388
9063,1028
163629,1388
18484,1388
7938,1028
113367,447
10286,1388
14108,1388
13353,1028
163627,622
264387,581
264386,1388
17715,447
14650,1388
3365,1388
9664,1388
29206,1028
125360,1388
7672,27
10115,581
124038,1388
10443,1028
3562,362
21777,581
13155,362
164444,276
7250,581
7447,362
150258,1028
7253,447
63123,1028
63122,581
15347,1388
29316,362
30236,581
150139,622
4485,218
1439,1028
112618,447
10597,1028
4242,1028
149082,218
5379,1028
163888,581
102617,1388
10553,1388
138943,1388
61753,1388
63812,1388
10550,581
64011,447
105936,622
5336,581
30231,27
112168,1028
17908,447
7138,1028
25274,1388
122519,1388
7017,1028
163889,581
122515,447
7132,622
157353,218
29448,276
29449,1028
142230,1028
29338,1388
63232,276
5313,1028
115747,581
29332,1388
30685,447
29446,447
164624,622
30540,1388
8807,1028
147337,622
13025,1388
14296,622
157195,1028
1651,1388
30117,362
30666,622
31214,1028
133885,581
9112,1388
30662,1388
30847,1388
156860,581
156861,1028
147792,276
25000,362
142546,1028
109366,276
133888,1388
3153,1028
12992,1028
1633,581
12994,1028
7620,1028
112095,1388
28795,581
3158,1388
28249,1388
25950,362
28791,1028
1635,1388
122358,1388
5404,1388
3394,1028
3399,1388
64162,581
30463,1028
122355,1388
62057,1388
28323,362
5408,362
29846,622
136725,581
151016,581
129469,1388
129466,581
129467,1388
30209,1388
25579,581
66281,276
24008,581
147660,1388
147661,622
66285,447
23553,447
5234,1028
66288,447
66530,1388
64639,1388
23088,581
3824,622
160726,276
18110,447
16684,276
15414,581
6924,581
15416,1028
5237,1028
13375,1388
23084,1388
6922,1388
7711,447
1884,362
5543,276
3820,1388
141847,362
157735,1028
14581,581
61627,1388
29156,1028
111864,1388
25033,581
26246,581
29150,622
30067,362
4273,622
3087,622
12144,218
28317,622
28316,1388
11811,1388
61390,447
64165,1388
61396,1388
61398,1388
61399,581
65050,447
22207,622
22205,622
29870,1028
13041,447
124394,1388
3946,1388
14359,1028
65515,276
13407,1028
11234,1028
13800,362
2124,1388
28885,1388
28176,1028
12578,1028
164556,362
6308,362
61711,581
61712,1388
22398,1028
15253,1388
11538,622
12576,362
61719,622
11819,218
28775,1388
24428,1388
156714,362
25915,1388
7409,581
134308,581
117905,1388
7401,1028
61028,1388
25918,1028
117903,218
25318,362
140759,1388
28320,1388
13866,622
22447,1028
164615,1388
61574,581
61575,1028
25312,362
25313,581
25314,622
116504,1028
160725,276
145228,581
12945,1388
18732,447
12615,362
13572,1028
145227,362
10391,1388
119714,622
4001,622
13712,1028
13714,1388
13716,362
3971,581
61153,1028
60979,1028
61151,622
61404,362
19427,1028
61407,1388
155616,1388
61409,1028
155614,581
155615,622
9898,1028
157865,581
150222,1388
147242,1388
6529,1388
61885,447
29955,581
61880,16
65702,1028
64088,1388
120458,1388
157863,276
3622,622
126010,1028
2818,622
17180,218
4128,1388
141363,1028
148219,581
158235,581
2581,1388
148217,1388
29948,362
13625,362
24344,581
149318,622
13623,581
2337,1028
2536,1388
12761,1028
127234,581
140760,1028
14083,622
11657,1028
9919,1028
112533,447
64896,1388
140569,1028
25480,1028
25481,447
29710,362
24795,1388
24533,362
30163,1028
16477,1028
161877,1388
63716,1388
14253,447
61960,1388
9472,1028
26557,1388
63718,218
151606,447
162386,622
124374,1388
31300,581
16478,1028
116895,1388
13369,1388
137252,1388
141496,581
65417,622
61976,581
3170,1028
62723,1388
13365,581
4477,1388
24996,581
118528,1388
24224,362
6003,1388
11976,622
4678,447
4900,1388
4903,1028
4674,447
13562,362
6008,1388
14311,1028
64099,1388
2710,622
1518,622
63951,1388
63952,1388
120297,362
2246,581
15798,362
24843,581
24842,581
24841,1028
24191,581
24190,1388
9273,1028
64275,622
24197,581
5149,362
24198,581
10726,1388
5142,1028
141467,622
124775,1028
126496,1388
149089,1388
138129,581
3407,362
27780,362
17016,447
27783,362
63000,1028
16872,447
61726,1388
12389,1028
10581,1028
7435,1028
5018,1388
16878,276
12381,581
10349,1028
25731,622
5680,622
12142,1388
6310,1028
6311,1028
10615,1028
10614,218
6314,1028
64383,1388
10618,1028
148770,1028
64389,1028
16441,1388
117026,276
7161,622
7951,622
62288,581
133366,581
133367,1028
62285,1388
113373,1028
113371,1388
10439,622
62990,581
163983,622
147811,1028
5073,1028
10121,276
16813,1028
9302,362
10124,622
164432,1388
2820,622
63138,1388
5071,622
133766,1388
135844,1388
157058,622
29791,1388
158736,1028
158737,362
158734,581
133769,1388
3570,622
121437,1388
63135,276
4497,1028
4496,1028
4494,1028
162122,1028
17168,447
13380,622
13381,622
63405,581
20983,581
162129,1028
6821,1028
120794,1028
2938,622
119893,622
6829,622
133506,276
133504,581
108778,622
5327,622
146354,447
61253,1388
10540,1388
14606,362
15350,1028
60893,1388
10549,622
14603,581
62667,622
24449,581
20204,622
63224,447
20185,1028
1641,1388
62666,1388
65718,1028
7561,1028
29300,276
115757,622
29304,1388
14282,1388
14934,1028
4881,1028
12379,1028
14938,1388
18276,447
137131,581
7982,447
30477,1028
13032,622
8818,1028
8219,622
66690,1388
17110,1388
65014,581
63385,581
164363,1028
18051,447
30032,1028
15087,622
8210,1028
8745,1388
15084,1028
150049,1028
11099,218
109826,1388
164369,1388
10840,622
62065,1028
62064,1388
122360,1388
65180,1388
2802,1028
138843,1388
8213,1388
24219,362
132361,1388
28785,622
135986,581
28787,622
5432,622
128098,581
29015,622
62266,1388
7092,1388
3369,622
62263,581
6326,1388
30789,1388
124442,1388
2154,1028
28543,362
28016,1388
29830,1028
10658,1388
164116,1028
29837,581
149437,1028
2019,276
136864,447
8105,1028
13963,622
109683,276
154708,581
145979,1028
163977,622
66526,622
23528,1388
4279,1388
66290,1028
1356,1028
2163,622
8215,1028
6241,218
133985,1388
5559,1028
9867,1028
11147,622
12895,1028
11142,1388
25852,276
28303,622
3502,1028
65944,581
108154,447
24503,276
25859,1388
146500,362
140024,581
66630,1388
4864,1028
29165,1388
31166,581
30094,1388
8582,622
61163,362
110802,622
8363,362
8365,1388
145308,581
144520,622
264388,1028
114484,1388
20904,581
15267,1028
144097,1028
12545,1388
155282,447
113362,1388
163978,1388
15261,447
12540,1388
116906,276
5888,581
5643,362
162497,581
110387,1388
123017,362
6557,1028
15060,1028
6552,1028
61766,1388
28168,1028
160932,1028
27747,581
65176,447
105805,276
25923,622
25922,1028
25921,1028
129850,1388
28762,622
28947,622
145416,581
24432,622
25929,1388
24436,1388
22325,1388
110382,362
155738,276
18560,1388
11172,622
19094,447
264385,581
3969,1388
25676,1388
155737,581
155736,447
110039,1388
120301,1388
23988,362
11555,1028
11554,1028
60802,622
23450,447
20909,1028
28858,218
141982,1028
26016,218
25396,581
161066,362
109043,1028
161064,1028
154739,276
4016,622
11399,1388
10867,1028
7504,581
19433,1028
7506,1388
19431,1028
9882,27
24720,1028
61167,581
61166,581
65133,447
3980,1388
2136,1388
65710,362
65247,1388
61583,1028
65713,447
65242,1388
65243,581
65717,218
64663,1388
23113,622
62093,1388
120444,622
10386,1028
21828,622
127484,362
110326,1388
61181,581
11074,362
8333,581
127481,581
61188,276
1111,1388
13634,1388
120595,1388
30576,1388
13630,1028
111103,1028
1891,1388
7486,1028
2328,1028
65399,1028
20779,1388
10441,1028
117862,1028
117861,1028
1444,622
65621,276
3619,1028
64865,581
64867,362
117868,447
164613,447
9916,1028
25399,622
21776,581
161843,1028
161844,622
1441,1028
127455,581
6109,1388
25138,1388
63725,447
63724,1388
63723,447
63084,581
31593,447
25320,1388
7257,581
65590,1028
264668,581
66354,362
65404,581
65406,1388
17640,447
17076,276
7251,1388
141459,1388
6013,1388
142956,1388
31267,447
142953,622
2490,1028
4640,447
13550,622
13557,218
25823,218
4645,1388
7315,218
63651,1388
116791,447
24689,581
2259,1028
17248,447
162264,1028
2255,1028
24853,581
61483,362
24856,581
17240,447
132980,1388
31456,622
62520,276
160282,1028
24186,622
62525,581
121080,1388
13092,622
10735,1028
10044,1028
63857,1388
64282,1388
19817,447
7875,1028
28518,1028
28295,1028
122078,1388
139804,1388
63030,581
22913,1388
25789,581
4801,1028
2787,1028
2783,1028
4807,1028
62923,581
4809,622
106291,362
12392,27
12390,581
4124,581
9465,1028
26015,1388
26012,1388
153813,1388
7694,581
6304,1388
6307,622
10609,1028
11609,1028
61608,276
7658,1028
26019,1028
5826,1028
13789,27
117768,1388
14129,276
140736,1388
11017,1028
64341,1388
21232,1388
162733,1388
62296,1388
63454,1388
63456,1028
11818,218
63102,622
9319,1028
27980,1028
139922,581
10420,1388
21595,447
65703,581
10598,622
9311,1388
27988,581
112366,218
164422,1388
30877,1028
7277,1028
65021,1388
25405,1388
7278,27
135165,581
3504,581
3505,622
8958,1028
114628,1028
66673,362
13828,1388
113768,1388
11672,622
157954,581
1209,1028
264270,581
124934,1388
2903,581
6831,1028
6830,1028
122514,622
64061,1388
147262,622
14380,1028
14386,1388
14385,581
14384,1028
155933,1388
5330,1028
14639,362
14638,1388
112968,16
29312,581
111723,1388
14633,1028
5338,1028
125234,447
11315,1028
162662,276
9846,1028
1632,1388
30467,276
1634,622
164510,8
121717,1388
121718,1388
3218,1388
11584,1028
1988,1028
4510,1028
1951,581
8823,362
130764,622
8826,1028
164555,447
13479,622
133170,1028
147312,276
18040,447
29011,622
2817,1028
2811,1028
30649,1388
17982,276
111064,1388
15092,622
9411,622
30312,1388
157862,1388
30310,1388
14960,362
62070,362
4274,1388
14256,1388
7647,447
64915,1388
160887,622
14252,1388
3171,581
62079,1388
24225,362
7648,1388
62335,218
2299,581
5639,1028
122175,8
7139,1388
29550,276
29052,362
7085,1028
122172,1388
3376,1388
114920,1388
5422,1388
29823,1388
137874,1388
30261,362
30265,581
27828,1388
129442,1388
29829,362
1743,1028
31683,622
6497,622
1161,1388
8176,1388
15383,1028
8446,622
28191,362
31689,581
9013,362
144009,218
126615,1388
66515,1028
4241,1028
5520,1028
135004,581
5523,622
30888,447
5526,276
27825,581
7922,622
160706,362
8007,447
15474,1388
14412,1388
24539,622
24538,1028
14417,1388
28374,1388
1864,622
23812,581
8068,1028
28378,1388
126296,362
11178,622
24537,1028
164075,1028
31147,1388
25848,1388
11220,362
31224,622
31227,581
5020,581
126056,1388
111662,622
1562,1388
62613,622
144066,1388
1567,1028
30688,1388
11257,1028
1360,1388
2990,581
61376,1028
8972,1388
27199,1028
162198,1028
29722,1388
1659,1028
65899,1388
12801,1388
65896,1028
23197,1388
65893,581
8001,1028
156613,1388
13824,1388
6547,1028
24405,1388
25937,581
6543,622
5254,1028
161110,1028
121382,1388
25047,581
28194,1028
30098,1028
160414,1388
160415,1388
24409,1388
143283,622
29729,581
13142,362
28209,581
8486,1028
28754,362
25279,581
7849,1028
151423,581
145935,581
16832,447
