28997,41
28996,8
28992,68
28998,31
19399,385
19398,66
5980,42
5987,3
19390,168
22260,75
61171,40
61175,41
25062,75
25061,108
25069,31
120434,57
120435,87
6797,29
6791,45
6799,70
6297,3
25285,5
25282,442
25283,47
25281,596
16705,596
124177,137
64675,55
116787,137
17252,122
17254,226
17255,596
17256,596
63026,110
9258,32
63023,65
9256,49
9521,13
24881,175
24880,65
24885,229
24888,34
26023,16
26022,321
26021,47
64902,15
64455,12
64901,28
124358,102
20151,5
61179,17
125014,133
122061,137
14624,38
14626,133
14622,175
14623,51
14628,22
14629,20
62885,8
62884,13
105456,76
62889,148
30416,596
13054,596
13055,596
65273,14
112042,117
18705,97
62088,31
122382,294
122380,9
29818,66
29763,129
29762,5
1177,114
1173,9
23050,66
23500,596
29436,127
31232,12
29108,67
31230,67
29433,12
31234,29
7180,5
7183,5
29105,43
29107,14
8549,70
12834,10
8017,25
65881,20
8014,48
65884,596
65886,41
8542,18
66504,596
66507,110
126601,53
126600,13
65084,143
65087,582
65088,62
10884,15
60902,22
60900,39
60901,110
60906,104
6534,2
107895,3
24708,13
24704,3
24707,64
13608,78
65268,15
65264,106
65266,551
65267,137
63679,38
13619,171
13614,36
13616,17
13611,1
4723,3
11289,4
11288,25
5841,175
11286,12
28700,75
28253,137
13531,40
4622,20
13532,360
11018,2
29264,43
16394,66
63907,14
63901,44
62450,52
3773,100
14537,134
62500,6
62501,42
62505,5
62506,596
62507,16
64029,137
64028,10
13289,17
64021,137
13286,137
64023,596
13282,175
113141,52
118322,596
6936,73
10390,5
10391,80
16936,432
16932,76
16930,596
7215,1
16938,596
6217,39
6216,2
6215,25
6214,40
12222,43
12221,43
15708,49
15709,13
29372,7
29376,68
29374,82
10574,103
10576,28
63278,7
21423,596
24140,6
16439,25
21429,3
8846,27
30628,596
119216,17
119217,42
119214,85
30623,596
30621,15
30625,39
7668,67
7662,33
7665,418
1762,7
1766,29
29594,15
29592,39
29591,68
108453,18
1545,54
1542,5
14470,7
11113,10
11115,75
19575,91
28351,68
30594,22
30337,68
8716,2
8717,20
31574,11
13842,43
31571,137
19570,596
31578,106
7883,23
7882,68
122534,100
110575,65
110576,45
19538,596
11563,15
11564,32
11566,40
62519,33
9259,6
25739,596
25737,66
25731,12
6774,18
6773,137
9963,18
9969,65
65697,17
65690,9
19911,13
16721,13
16727,596
65698,19
64613,75
64611,61
64614,596
64615,596
63046,49
63044,52
9504,3
65521,44
65527,129
65526,538
2518,14
64929,3
64924,137
64925,150
64927,137
26045,6
64921,33
125461,137
22810,3
3532,14
22817,20
22815,24
5050,22
26026,75
14640,5
18549,42
14647,97
18545,30
1099,5
62314,117
62317,74
122015,596
62313,1
4162,92
13070,110
13075,443
30439,596
4160,22
10185,7
61765,35
29746,137
1154,9
23076,59
30293,87
30291,75
30298,64
15111,68
15110,20
15113,103
29127,173
25899,137
29121,68
25896,39
25895,470
25894,321
31748,80
31749,596
31745,4
31214,6
31743,96
8031,186
8030,20
12589,75
66365,403
12850,75
8521,87
12580,112
12855,5
12854,2
66563,47
127281,129
22657,9
61786,596
65068,112
65069,596
65064,596
127535,105
65062,17
22659,13
65060,596
65061,596
22383,52
22380,51
23898,18
60928,137
110962,137
13988,93
60920,29
60923,66
4292,18
23387,56
24767,137
61253,137
61255,32
61257,40
61256,4
4742,240
13670,2
4740,68
12236,2
5860,15
5862,14
23774,20
25385,9
25384,79
4608,14
2184,43
4607,14
13515,13
4605,68
4600,20
13510,68
121979,59
6452,10
30915,20
64555,596
64554,596
64557,12
64004,175
64550,4
64001,15
64000,232
6900,20
64009,137
64008,6
118307,137
118302,366
6185,8
27791,107
6908,22
9191,23
9194,70
10379,26
10374,11
7238,596
63789,154
63781,596
63782,222
16910,506
6239,47
12206,11
10565,31
121754,137
29359,61
63527,10
121757,22
63252,47
63523,596
9774,14
9777,15
29353,5
9771,19
121759,11
29356,137
63258,596
8867,57
8864,40
14985,124
62781,596
62784,175
26837,58
1703,40
1704,40
1706,7
14182,13
15854,12
15855,137
15853,31
13407,13
14457,4
14324,72
11135,137
14450,19
17982,358
62122,115
62123,596
3028,4
28403,7
3026,9
3024,222
62129,596
30600,15
111020,7
30350,24
30603,596
30354,68
30355,68
30608,17
8734,157
31551,27
31009,31
31554,13
13866,30
31007,1
13864,15
110772,14
4193,68
110771,345
5671,34
111976,596
111973,116
126836,46
66046,8
66043,261
66049,3
6437,25
8193,40
30974,1
12445,4
6433,8
8194,42
12441,6
8199,70
30325,17
6756,15
9942,1
9940,10
19932,87
16747,123
27920,175
16748,596
12051,18
12053,91
62928,32
64638,11
64639,65
25711,31
64630,16
64631,22
64633,147
25719,596
64637,46
62433,17
21659,175
121562,596
121561,137
121560,46
63066,51
65548,596
127234,31
65541,596
62921,175
26067,596
26064,17
64491,14
26061,28
2538,16
61046,24
64942,11
2536,44
2537,70
126297,102
17166,596
17164,70
5079,70
17160,596
5073,11
5071,14
5074,11
22837,134
113533,164
9563,16
9567,27
10743,87
10740,31
18560,21
11832,68
62338,72
62330,66
62336,152
62335,390
13099,19
13092,63
112001,175
112004,129
112005,89
27828,17
20296,12
27825,137
27823,175
29722,106
9380,135
29728,11
65927,505
15133,7
31766,5
31761,175
31762,18
31763,36
7146,16
7143,6
18746,596
12877,3
30017,596
12874,13
12879,173
2883,68
2886,68
2884,58
31495,596
2888,17
2889,2
24292,596
24293,20
126137,56
126136,55
66544,6
24295,122
61019,596
26523,24
26520,19
24746,481
24747,48
24749,12
28678,83
28675,2
28676,18
11161,5
4764,596
4769,22
4768,12
11249,4
11247,596
65045,13
65042,149
5802,38
19742,422
65048,274
116806,34
64799,50
29101,596
110239,5
25364,10
25362,8
11793,175
11797,5
11796,11
65220,97
65957,541
65224,226
65226,137
65228,596
65958,298
61278,6
11991,42
25509,41
25508,596
16689,596
120301,28
16684,596
16686,596
16681,596
16683,596
10353,8
4881,20
4885,377
29645,596
7967,17
7964,62
9173,18
9171,70
10685,2
61901,175
61900,13
61903,137
16977,596
16974,596
17081,596
17080,137
6259,16
17082,596
12262,4
12263,96
105365,28
12266,31
10530,17
113274,8
5823,66
113272,5
113270,129
10537,17
65880,108
9719,54
63500,8
63507,68
63504,10
63509,14
125054,596
9715,106
24100,3
24101,43
24106,175
8881,1
24105,10
8543,12
65887,21
26852,137
30175,135
1728,37
1722,15
13135,20
63775,4
122114,7
28461,17
28460,97
3007,66
28462,5
18358,558
5621,14
14304,31
28469,15
63770,70
14309,5
9459,25
62109,75
62107,8
62100,76
1587,18
62102,36
1585,5
30379,91
7938,1
111000,104
111005,110
110759,14
66682,10
66681,415
66680,66
31530,73
31533,596
31535,596
31534,11
31537,7
66688,466
8658,64
13341,136
66062,40
28287,20
66065,5
23220,18
23227,20
23224,4
61489,33
61481,37
15306,97
6416,10
30950,25
6410,14
15302,18
61487,596
7777,5
7773,5
7772,88
3917,109
19486,596
3911,17
3918,18
6730,149
6731,14
6733,43
6736,356
6737,20
115946,31
110535,111
110536,9
110532,5
110533,16
9921,6
9922,8
19262,596
16769,596
16763,596
22177,10
12077,75
12075,34
12070,84
119773,85
25771,3
25776,9
25777,18
25774,137
25778,18
24825,68
21675,21
21673,2
65569,41
3647,15
3643,596
3640,8
64961,17
2553,5
64964,4
2555,8
2556,16
64967,68
2558,218
5018,10
116144,596
17144,596
17145,596
17140,596
17142,596
25194,7
63800,26
4418,175
4415,3
4412,9
125601,4
9548,15
9549,97
9545,65
62351,8
14828,393
62356,5
14822,344
14820,552
14827,258
14824,120
64210,596
20109,596
21499,47
27842,34
27843,40
27847,3
27845,135
29709,89
29708,160
29707,68
29254,17
29705,3
29702,61
29701,36
29252,175
11815,66
11811,2
11818,133
11819,388
15153,596
15159,90
109425,85
109423,86
29427,33
31702,596
31703,596
31700,62
31706,175
31707,399
7163,11
7161,1
24198,30
8079,34
115554,74
12898,5
12895,21
8073,1
109683,596
123099,29
123097,1
1447,84
1444,4
1115,58
28078,102
1440,70
23034,137
127275,63
1449,165
22619,13
22612,47
22345,4
12169,31
27793,10
28618,103
28611,78
28616,30
13782,8
6529,115
6528,19
4783,4
23692,24
118738,132
23697,66
5824,12
5826,20
118734,13
11264,24
61071,3
65023,20
65020,75
65021,130
65026,7
65027,32
65024,103
65028,8
64776,137
116826,90
116827,85
25699,56
25691,37
25342,115
25341,137
25692,1
25347,10
25694,17
31455,135
29211,596
121938,2
121934,97
23964,2
65979,13
127799,596
127797,596
61296,9
65971,596
65972,22
65973,27
25526,596
25523,175
29216,36
64515,175
25528,596
6431,7
12796,387
9155,47
10333,12
10331,43
12476,44
29642,34
16405,84
16955,407
16956,596
16401,80
9483,34
63744,116
9481,105
63741,3
63740,8
7906,29
63742,97
61923,14
61922,30
61921,4
6272,8
61927,76
61925,1
31620,61
122919,53
122918,70
31150,30
122917,118
122915,70
121453,100
21440,31
4083,13
63290,137
63297,89
63296,68
22978,5
22974,97
22972,14
16710,133
30671,20
14148,8
13163,5
14145,122
5229,20
13114,288
13119,3
14369,41
14368,60
14363,15
11328,21
62168,130
62169,5
62162,32
122263,65
62167,72
120134,137
2595,47
63175,1
118503,15
118502,30
118504,18
66667,56
66666,42
66660,21
111282,31
111287,10
29066,17
29063,7
29061,596
29068,9
29069,34
23752,596
23753,3
1300,18
9248,43
66000,68
28917,7
28916,5
66005,97
66004,66
63052,54
123137,106
123134,3
30939,2
30932,596
15363,596
6471,14
121555,596
105943,596
12407,82
15364,240
110732,31
31516,7
31515,110
31045,21
7758,6
113093,596
7750,66
31518,2
117701,137
3937,5
3933,100
8333,23
20889,137
8334,34
6716,4
6717,1
6710,12
29553,596
9904,97
61314,13
24466,596
24463,15
65512,69
24468,175
19209,14
119756,281
119753,75
22404,72
13756,1
4040,2
13759,63
13758,46
65519,13
25754,24
25757,32
24809,13
3662,20
65585,14
65587,9
24800,51
65580,68
64989,6
2577,12
2574,10
64985,12
64983,21
11455,16
11456,14
11450,29
5038,9
3594,97
5032,6
64186,110
124684,11
17128,596
64182,175
4430,91
124683,15
13323,14
17120,596
13329,106
116610,80
118084,129
118081,25
13025,8
64936,6
62809,175
62378,31
62377,42
62804,4
17179,596
63233,129
65814,12
124534,4
64231,596
121474,34
29278,127
63172,52
63170,40
29276,9
63178,596
29274,42
112622,69
112623,20
112626,596
11877,16
112624,137
18835,300
14809,75
109919,14
30239,64
30584,4
30234,97
30589,53
15174,17
15173,11
30233,51
7106,25
7107,13
5412,10
31720,137
31725,596
18788,84
1686,9
30059,47
30058,44
111631,5
30055,596
29988,596
29982,596
29984,48
66272,596
66275,3
66278,41
28058,596
19402,40
1468,11
1465,333
28585,137
24781,175
24782,13
24783,6
13927,2
13922,13
114370,62
4230,361
28630,1
28632,31
5594,24
5597,15
28637,29
61462,30
13693,24
66496,13
12226,82
13902,95
65008,596
27788,137
22360,5
61059,173
61725,42
6213,34
61055,596
61726,80
61721,1
27784,47
61723,175
27786,97
25320,137
25322,8
60898,9
60899,44
60894,17
120794,62
120793,104
60893,2
23946,75
23945,175
23943,104
23940,70
23948,8
65913,6
65911,8
65916,47
65915,31
2299,102
2290,14
2295,6
19694,596
10916,418
10917,56
17337,187
7291,19
7922,40
7923,19
10648,11
7921,14
10312,1
10317,66
63769,14
63768,103
63763,43
16420,13
63766,21
63765,67
61941,68
61940,1
6293,3
64537,75
64536,1
64535,97
64538,20
63815,68
63814,596
63543,596
63541,26
63812,6
28256,29
3439,70
22957,51
126555,65
2034,3
2033,18
4595,17
4844,97
4598,21
4847,2
4842,47
4843,75
21427,1
13065,2
14169,2
14163,13
14162,21
62490,42
62491,47
62497,153
62494,18
62495,66
13172,8
13174,9
11191,36
14340,120
3048,91
62634,102
122536,5
62632,175
3041,12
4569,4
115766,420
1094,13
1095,28
118528,129
66643,15
66393,65
66392,82
66646,29
109581,13
109580,43
109584,596
111479,131
29517,13
29514,22
29515,596
29511,18
28939,97
28938,50
1327,30
1324,7
28933,31
28930,31
28937,134
28936,9
23776,130
23777,137
12421,41
8681,12
15432,1
8687,132
15346,43
15347,8
6459,55
109764,18
109762,9
8133,75
31063,9
31062,596
26246,94
8358,20
111408,3
8350,20
8357,68
66027,175
66026,116
24441,16
24440,148
24447,582
126322,137
24449,49
61556,26
61557,137
61552,18
61553,34
61550,109
65615,22
65611,301
27930,12
61558,137
22139,64
119736,93
4062,18
4060,20
4066,29
13776,68
4065,596
5785,2
5786,596
5782,2
5783,31
5788,11
62911,175
25900,21
3607,20
22308,108
11436,28
17101,175
17105,596
17106,596
17107,154
13342,150
13340,31
4450,18
4456,24
30226,35
65609,16
118228,74
62829,34
62823,2
62822,35
62821,175
62826,175
25302,137
153351,175
125596,83
64254,1
16855,596
125976,72
62395,67
16853,596
16852,596
125978,65
6334,70
6335,8
6331,22
6333,35
6338,67
27886,596
27882,13
10453,18
10452,11
10451,85
10109,40
29217,20
9673,65
10458,64
21763,57
63154,46
63156,596
63157,31
63150,7
11852,592
11853,596
8901,38
11856,367
8902,17
65282,5
30219,7
30215,596
30214,596
113917,23
7127,33
7124,10
7123,54
7121,10
1663,9
1661,36
115519,68
115516,596
2829,30
24278,596
24279,596
3384,30
5417,596
28034,346
1408,1
13906,5
4213,9
18100,18
114351,175
5578,10
5572,4
111874,5
111875,7
30072,39
30070,5
5798,24
5129,86
31302,596
31300,24
11117,20
11228,44
11225,5
11220,68
19054,13
61709,3
25906,175
22306,596
62599,133
61703,138
61701,31
61700,9
61706,85
61705,33
25655,8
25656,23
25650,31
65930,173
65280,7
65281,7
65286,48
65287,1
65284,4
65937,3
5133,5
13840,27
16629,343
16620,49
6109,64
105126,276
12756,10
12757,175
6104,13
6102,15
6100,46
64886,132
64733,596
64884,137
10938,16
64734,137
64881,11
124035,85
64739,13
64738,68
124038,137
64888,43
63700,171
16996,240
63702,596
63705,50
16991,371
16992,596
63708,12
9113,16
9112,6
9443,29
9114,19
9441,66
65426,596
3336,22
65424,26
65420,81
61960,4
7959,16
16441,32
105698,596
11925,38
64088,110
63832,9
21487,3
63836,38
21488,30
3416,30
3413,70
3410,169
21374,596
3419,70
116245,65
15293,38
10665,22
2019,596
13481,137
13480,70
4860,18
2011,70
13484,174
4864,26
13486,34
18484,104
14108,40
64880,64
30146,25
17715,566
5619,596
13155,1
13151,68
13158,97
10597,10
10598,15
10599,4
102617,3
112168,31
17908,596
20423,34
122514,43
62613,2
30688,137
30689,19
63707,9
30685,596
9445,70
12992,9
12994,70
29533,596
29028,43
29029,21
30546,141
29022,21
29021,29
24008,175
21158,20
65421,26
8118,596
15414,108
6924,175
15417,41
15411,36
6922,13
7711,285
26747,175
7718,9
66623,85
66625,16
114835,596
66628,120
61390,596
61392,31
61393,596
61394,596
61396,100
61397,47
61398,49
61399,175
28775,129
28953,596
28955,6
28958,19
28778,17
22447,97
61574,11
61575,4
61576,5
65630,2
61570,137
61571,31
61573,137
119714,9
4001,14
13712,20
13714,27
13716,47
3971,21
19420,405
19427,70
19428,596
3622,20
3625,19
110330,11
60933,137
13369,20
25465,596
25462,15
25460,122
13365,92
4477,137
4476,70
113028,6
118042,596
113026,68
24849,21
24846,5
24845,173
24844,41
24843,175
24842,11
24841,4
24840,28
64271,5
64272,61
2467,18
2461,12
64279,77
126496,49
1021,5
16872,596
16878,596
12143,30
6313,28
6310,70
12140,68
6314,16
12144,12
10439,23
10438,15
9650,24
10431,14
9305,43
10121,423
10435,13
9302,31
10124,5
21743,57
63138,19
121437,112
63135,48
62846,163
5847,3
8964,2
25047,175
1642,19
112088,15
29492,386
29497,2
29496,75
119081,89
29946,596
29940,596
29942,14
24216,19
2802,20
2803,70
24219,75
2807,47
28018,43
112888,7
62266,116
62261,54
3369,66
62263,175
62262,4
28546,15
3365,110
112880,19
5439,20
62268,2
28016,137
30277,40
4273,12
13963,7
4275,1
4274,65
4279,42
5557,2
5559,3
13483,31
106900,137
30098,19
30095,52
30094,137
8582,15
30093,17
114484,30
110106,5
110100,131
5885,175
5888,15
61763,7
27749,146
27748,2
6552,31
61766,9
61769,97
27747,175
30899,5
25923,11
25922,14
25921,18
25924,175
25929,20
22325,78
62005,137
25671,93
25670,27
25676,9
23989,7
23988,75
109043,40
7504,175
7506,40
9882,22
9880,596
16605,596
16600,3
16601,596
16609,132
127486,96
12775,251
6127,70
6121,29
11074,6
127481,155
61188,193
120063,108
64865,157
64864,137
64867,16
64866,3
64861,50
64711,44
63728,75
16469,61
63724,29
24988,90
61988,85
65404,175
24980,29
61980,175
61982,75
16729,42
120093,70
2259,70
2255,1
5848,14
2251,20
4093,70
63589,137
24186,66
24187,75
24184,34
24185,4
121080,85
63581,596
121083,36
63854,18
63857,2
4090,43
22913,53
4800,70
4801,58
4802,24
2783,70
4807,4
4809,15
116224,150
9465,9
9466,13
11600,20
10609,15
11609,15
14129,596
27981,43
27980,4
62984,20
122754,2
62982,56
27988,175
14383,8
14382,15
14380,57
14386,82
14385,30
14384,20
62670,596
62676,56
11315,8
61155,21
12977,21
12972,38
29001,20
29550,596
7085,14
7086,20
6497,14
8173,241
8176,20
6492,15
6948,18
15470,93
66450,9
126056,71
66354,68
66602,8
66352,10
61376,18
8390,47
61159,72
61370,60
119696,137
24407,18
24405,68
24402,104
4390,11
25554,13
24409,137
28753,52
28209,175
28756,27
28979,43
28754,81
28976,596
28975,66
28758,127
28973,74
28200,596
28203,1
28970,596
61518,578
61519,4
61513,90
61516,2
22461,4
4024,18
13733,10
13730,68
64030,20
4029,70
19155,2
19156,596
19150,596
19152,12
118126,4
118122,11
118121,15
65875,137
65653,97
65655,1
65870,10
65657,596
65872,175
65658,10
119993,61
106350,68
25118,11
25119,8
25117,137
25114,20
25115,122
25441,12
25110,39
25111,66
28853,50
2519,1
124599,104
124598,85
2444,13
64299,175
124595,62
124594,116
64292,8
8095,24
7866,18
7862,70
8093,14
8092,22
15203,137
16813,4
61586,322
26044,46
6379,20
6370,43
12123,43
12122,41
12125,67
12124,103
6376,28
12126,65
10417,1
10411,64
63446,175
63447,42
63445,8
63442,25
121415,69
121142,36
9323,2
9635,47
9324,17
9325,15
8947,22
62865,14
62864,21
62860,175
3206,70
1992,13
1995,70
5187,41
1998,596
2860,70
29968,22
29963,26
29964,34
28564,97
28563,175
24232,596
24233,279
24234,28
62243,596
62240,2
3342,18
3343,68
5456,31
30259,28
30257,175
30255,175
30254,6
30252,5
31129,3
13940,137
13941,80
13942,5
31697,71
31122,20
31692,596
31693,7
28690,41
5530,19
28696,367
28697,43
5539,14
28699,35
111839,31
23616,28
6573,15
6571,18
6574,15
6575,2
61745,145
27760,1
27766,75
27765,127
7694,175
7696,63
29616,6
7691,37
29613,596
29612,31
29619,596
25944,137
25946,39
3835,6
3833,14
3839,20
7526,173
7525,82
16664,596
16665,66
16668,596
6140,14
12717,20
15415,66
12718,137
14863,7
10974,6
10978,596
64848,15
60835,75
21116,108
16488,18
21118,137
16480,175
65469,1
6500,10
65463,7
61077,10
65466,137
65464,43
65465,15
2271,6
2270,38
64597,137
17534,593
2052,27
2054,97
4828,40
30061,1
4826,14
2058,4
13440,65
13443,3
10504,22
9403,35
9402,30
7982,596
9406,97
10621,49
62471,20
62472,596
62473,97
8599,25
11976,32
11974,41
64334,175
124434,502
124435,87
27969,137
64330,39
64332,114
27965,67
17753,596
27960,1
13198,15
13193,16
13197,20
120956,88
63877,18
63876,15
63874,43
63871,51
63870,245
125529,133
125528,55
62650,28
62652,7
62654,596
62655,3
62659,596
64681,2
10085,20
10086,97
7329,10
13421,103
12955,57
12956,82
12950,2
7067,596
7066,36
7065,50
7063,68
107672,1
107670,18
30756,596
30757,596
12480,22
12484,62
30751,31
15459,4
8627,84
8150,4
30759,596
24397,492
24396,75
24395,92
24393,270
110804,8
31594,12
31593,596
110801,40
31591,113
31590,13
66379,15
66371,3
61688,596
61689,49
127381,55
61681,596
61686,596
127384,175
61684,59
61685,137
9988,4
124675,57
64175,8
11027,6
14506,7
66085,541
14503,9
28229,89
28733,308
28732,9
28735,68
28737,47
124326,106
64351,109
11366,51
27908,5
11361,6
61355,59
61356,57
61350,12
61352,32
61359,68
116431,19
63182,47
110379,14
8807,70
63180,125
64497,136
65852,23
61532,137
65850,1
61534,1
65679,65
65676,19
65858,37
65671,16
65670,32
25136,2
25130,9
25132,24
25138,137
64103,55
25422,56
118002,64
118003,30
6682,393
127075,102
29791,124
16837,596
121382,31
7849,70
16832,596
63687,596
16839,596
16838,596
6357,20
12102,30
61828,291
12108,571
9340,171
9614,38
9612,11
9613,2
9346,97
9611,11
9619,9
63468,14
63469,68
63466,84
63467,596
63460,61
63461,25
63462,61
14883,6
14886,1
113425,110
14083,43
14084,10
8571,38
3229,111
1979,4
1976,20
3226,31
3221,51
1971,18
1606,11
13710,15
2849,596
2847,70
2845,29
4005,5
5476,6
28501,66
14268,137
14269,13
28504,3
14260,22
14263,6
20075,440
62221,1
62225,40
115313,74
115310,12
115314,52
62134,12
5519,10
5518,6
5513,11
106418,97
17047,596
29901,11
28340,59
29904,6
29909,37
3036,30
66148,22
66418,3
66416,149
118795,97
126717,37
118797,66
66413,137
118793,11
27701,65
29129,34
12560,11
25964,18
25961,31
1902,169
15027,6
30614,3
31100,5
29634,35
29639,215
29638,4
1974,12
23499,19
3814,70
8457,68
8455,70
109084,8
119154,596
120823,85
63930,66
120822,36
7549,9
31366,61
13853,1
19346,596
16643,582
12738,130
12730,117
65196,10
65194,4
120717,43
64820,43
64822,4
60812,596
10999,70
10994,97
60818,49
10993,18
10990,31
10991,34
24617,31
24610,29
25635,596
25633,68
25632,13
24618,110
65440,93
65448,64
65449,32
24945,21
21136,1
116597,85
22729,1
116592,63
2213,18
2215,5
31811,66
12761,5
116770,133
116772,85
116773,1
12581,4
25091,137
25096,15
25094,596
12587,137
25099,12
25098,110
4517,70
4515,20
11649,13
11641,31
11644,58
11646,67
62412,173
62418,11
5284,29
27948,596
64314,175
64319,44
27940,137
20666,222
9772,17
63899,130
63898,12
63895,137
63894,137
63896,52
63891,596
63890,92
63892,8
63094,4
7300,3
9289,18
9284,27
63099,137
29085,78
11910,137
10244,51
11919,17
30191,16
30193,40
30194,28
7045,8
123994,137
123995,137
10200,54
123998,137
24999,8
63324,137
63328,129
30778,6
30990,365
30775,175
30777,20
30994,6
8607,20
24991,3
61780,20
24379,365
24378,72
24375,15
2982,8
24376,109
2986,70
127534,137
1013,106
61033,10
4351,70
4352,17
28717,12
11001,67
28714,68
28712,67
14525,15
14524,14
28249,67
28248,22
14529,37
106881,65
11340,49
11343,47
110683,596
110681,596
110685,24
5709,9
61332,10
61330,4
61335,65
61338,9
61339,22
111489,7
111488,137
6424,15
28866,596
118167,110
120297,75
2246,13
23809,43
65831,8
65834,116
25152,10
25401,7
25150,137
4296,4
25157,9
25154,5
30969,596
16582,47
64275,14
12697,2
12691,153
12698,17
116905,596
10832,519
10839,15
1050,13
14297,12
7828,6
19807,13
63669,28
63666,3
63667,6
63664,1
63662,43
7826,105
63661,137
61803,3
64127,33
17180,57
119957,129
119956,74
17184,596
9367,34
21272,596
8987,44
63405,175
1832,11
1831,135
3798,71
3796,24
3793,16
2154,10
2150,28
2403,9
4988,13
1956,68
1951,132
14064,1
3248,12
3243,591
3240,4
3246,20
13259,46
12467,14
62755,596
62204,78
1487,240
122101,137
62201,137
62200,136
5496,20
14201,596
62759,100
5492,20
30561,75
30563,3
30565,67
12142,137
12141,137
113997,65
6311,97
6315,91
112718,7
24170,19
10619,14
10618,4
29382,43
29381,137
29387,6
29386,74
29929,68
29435,20
29434,8
29389,68
29388,596
29921,3
28388,5
24489,134
23120,43
1228,5
30384,68
8293,13
6532,109
109318,596
6531,20
8299,403
30388,68
25984,137
25987,40
25981,66
25980,30
31166,83
31168,137
62016,113
29661,137
3872,6
8479,16
8475,47
8470,70
7566,66
7564,65
7562,79
7561,3
119174,52
119173,58
66435,75
110160,137
31381,62
127174,106
10123,66
22528,137
22294,4
120773,82
120774,137
64809,67
60875,91
64807,6
29233,67
24636,14
65315,18
65317,10
65310,47
65311,43
65313,1
2230,49
2237,4
3497,47
8317,60
4572,65
120193,596
13406,20
13409,12
4579,7
121436,84
2189,20
2188,19
11669,38
24965,43
27921,93
62439,133
27923,33
27925,124
27924,3
27927,30
62929,51
17795,436
27928,58
62924,85
62925,137
62922,41
62923,173
122734,88
25216,25
25212,35
64371,56
64375,175
113299,596
23592,596
122845,13
7368,18
7369,90
7366,70
12317,235
11935,39
11934,18
11930,5
30177,31
12913,137
12915,91
30170,25
7022,32
107631,596
9004,25
10221,97
24037,44
24032,40
21519,40
62694,66
62697,65
62690,137
62693,87
112473,5
62698,66
30718,2
9831,70
115121,596
30710,64
124254,17
30714,5
7799,15
7798,15
24353,75
24352,137
24350,15
24356,40
1038,25
1036,13
1034,24
66468,137
64516,26
4372,13
4371,20
4374,16
14549,14
11060,36
28265,31
11065,12
28260,15
15495,1
15490,4
8666,22
8669,16
114524,55
114523,22
13794,153
4087,9
13799,38
13798,14
31449,596
31448,62
126694,87
66599,41
19137,596
5723,34
5721,3
5726,9
8007,596
65163,8
61445,43
61646,125
61647,596
61644,75
61642,137
61114,84
61640,21
61641,88
110400,596
60990,596
60993,12
60992,19
60994,12
61441,31
23820,65
11499,9
28848,111
8084,4
8087,54
65812,16
65810,12
63062,3
25173,596
16563,31
29948,28
28822,131
12679,83
6649,18
12674,14
12677,65
10813,10
10810,5
10816,13
10819,134
63644,129
63640,137
63641,43
63643,43
7809,12
63648,119
64483,3
65768,15
12533,66
61868,43
119974,596
61860,38
61866,596
26247,46
2393,20
2390,3
64145,129
63422,45
21218,11
21217,95
2176,53
2175,70
4961,65
5432,3
3265,65
62592,4
62591,22
62590,41
5125,5
5122,12
120835,21
29547,596
120839,137
3366,137
113609,137
13235,81
14221,34
14954,8
120302,75
14225,47
14227,5
28543,75
122474,130
3362,16
22823,65
20036,2
30540,67
113460,174
6886,3
13962,49
1209,22
109338,261
30818,66
8272,70
29677,173
29675,3
114958,129
31636,38
114957,596
31634,34
31143,137
31144,137
31147,78
6669,40
111723,4
111721,596
8414,97
107325,596
7585,3
9804,60
7582,47
66452,68
66101,18
66102,596
66451,68
66454,14
66455,125
66108,5
66459,130
22507,16
65158,7
65156,3
61102,137
4145,15
61484,22
3855,70
3851,22
28109,60
22765,130
65376,174
63525,61
31858,68
121755,133
114777,6
31854,137
10519,20
5918,26
9778,6
64689,2
4556,70
64680,149
64682,77
4553,9
64687,327
11684,16
11687,592
65484,43
24900,5
65482,66
24908,175
24909,137
65488,42
65489,65
64357,26
64356,89
124324,118
124322,104
124320,85
124321,55
27906,13
27903,115
25236,596
25234,47
125583,58
16795,12
16790,596
16791,596
6078,15
2616,175
2615,35
20488,15
30836,17
7346,40
7343,65
10795,22
13432,97
10793,15
21686,12
21685,175
12338,75
12334,36
12337,137
12331,31
29088,216
121662,69
29081,24
29082,68
10247,20
29086,175
18680,68
22882,17
29883,127
29886,10
24334,47
24338,17
2942,11
2940,75
5357,25
1056,67
30151,66
30152,11
31285,3
5420,14
31289,596
14565,4
14563,4
14561,32
11040,175
30891,62
24484,175
24483,43
14569,6
15060,97
106847,97
106846,596
122316,8
3116,8
3114,31
62018,575
62019,34
30732,9
8648,10
30738,57
31462,596
31460,47
31467,9
31464,1
110645,31
2596,33
5742,70
11300,26
11301,12
11302,18
11304,70
64345,5
61664,3
28942,20
61661,12
61662,137
61669,137
25823,360
25828,5
66716,78
66713,80
28828,8
29757,1
21238,45
61592,82
12537,7
61590,15
61591,134
61596,9
127094,85
16453,8
117018,596
117019,596
12658,14
6661,16
12655,7
10877,97
63990,15
16890,596
63621,43
63996,175
16896,596
63998,596
63628,2
61840,44
65740,42
65749,12
65748,137
65251,98
64168,97
64160,5
64161,19
64162,51
64163,13
64165,108
64166,68
21237,44
63199,24
21233,16
21232,29
121493,137
63192,3
63194,96
63195,18
63196,42
63197,596
1878,137
4941,32
2111,23
2113,40
14022,11
14027,22
1919,57
5109,40
17052,409
3288,57
62575,596
1913,16
122675,110
62571,72
3282,57
120816,100
120818,84
13219,15
10499,17
10498,27
18238,596
14978,46
14790,21
14791,68
14793,46
14794,8
18234,596
11399,75
62710,50
62712,137
62715,137
20548,97
62716,80
113489,29
30283,50
112759,5
112752,137
7503,175
6865,21
6867,70
29357,22
8257,12
8250,13
8253,20
1266,13
8789,321
30833,19
30832,5
8787,32
122674,85
30835,129
31614,75
30352,175
9589,78
29698,8
7617,20
29690,31
29693,68
29692,20
114979,596
8431,136
8434,14
8439,36
30358,4
61187,13
126773,134
61181,173
66476,596
66477,12
61439,35
61129,493
61122,19
61121,1
61435,53
12597,7
24670,2
24671,66
4128,4
24675,66
24678,346
4121,12
4199,18
4127,18
4124,11
28125,9
5686,32
28120,596
4194,13
4191,68
11514,74
11511,41
11513,596
65175,117
65177,1
65170,556
5973,49
5977,3
65179,9
17209,2
17208,596
17202,6
25783,134
25781,310
25786,121
25789,29
25031,2
25030,51
25033,138
65350,18
65355,5
24920,408
24922,34
24923,137
24925,18
24926,31
64402,30
2581,13
64404,75
64409,97
64408,102
2589,16
10950,21
121673,88
64713,13
64863,122
6054,175
6053,18
10004,18
10005,7
10000,16
10002,21
10008,3
9599,58
20019,596
9225,15
9224,31
9590,19
62962,3
62960,152
62966,116
62967,27
62965,115
12352,17
118875,81
118876,596
113832,593
123937,137
9048,32
63388,79
63385,156
63384,123
63386,93
63381,133
14462,6
2965,14
2960,16
29868,68
29864,18
24982,175
64552,19
24318,119
24316,15
24315,137
24313,345
24312,15
62382,175
1078,38
1076,7
5374,4
5377,20
1075,58
1072,18
30130,15
30131,137
30137,175
13003,17
61027,14
30138,43
111579,137
31267,596
4335,10
4331,70
3130,87
14581,90
3138,12
14583,68
106820,596
20202,7
62036,75
62037,12
115163,13
31403,12
23577,40
5764,14
5763,68
61600,19
61601,175
61608,154
25808,137
25804,14
25806,66
25807,5
66731,45
126434,101
1627,19
6435,5
5408,68
12518,2
12519,2
12515,14
12516,20
8195,14
7422,97
7420,8
12631,36
12635,18
12634,13
12637,3
6608,19
117032,596
117034,596
117035,471
117036,34
10857,16
110442,91
60955,137
60950,137
60953,596
60952,596
122096,41
19537,596
63976,31
63977,11
63974,5
63975,31
63604,14
63605,68
63606,137
63607,97
12189,10
12183,3
65724,89
12181,175
12180,175
28884,65
2351,62
61987,12
17694,596
3735,19
3734,20
1891,11
13580,16
4690,309
4926,17
4699,369
2138,11
11727,66
11722,10
11720,24
11721,1
11729,223
2785,2
5165,21
5166,4
5169,3
14002,15
14003,40
14005,17
14007,47
62559,74
20783,13
17079,124
17074,328
17076,596
62550,74
17070,596
62555,19
17073,247
4806,12
120877,16
9698,15
9699,22
9693,68
62737,6
122435,410
14918,175
122437,87
62733,9
62732,43
62730,137
14913,10
62739,1
62738,58
63029,109
1794,61
6848,7
6841,18
6307,41
6845,14
2070,12
65665,92
29459,146
29457,4
29453,97
29323,78
8233,3
30674,175
30676,30
30855,596
30857,596
8234,106
31672,596
31673,13
31674,26
31675,596
7632,41
30837,75
31679,137
7636,16
7637,19
7635,11
112774,116
112775,41
112778,6
9841,70
9846,65
9849,27
63454,111
13514,85
3093,20
1533,3
1244,24
1246,1
23146,97
28496,596
28325,137
28322,316
28323,68
28320,24
22543,66
22544,12
22546,3
31097,89
4103,70
31095,68
31093,13
4108,18
31099,15
24699,175
9313,20
24691,75
28149,4
9643,6
3892,4
28146,3
3897,70
28145,137
31894,381
31895,214
117298,175
11538,66
5959,10
11531,4
11537,12
11535,34
61140,175
61142,4
61413,97
61147,311
61410,67
61419,35
61418,9
111873,39
64645,23
64644,74
64640,6
13501,37
25013,130
25017,4
121844,25
121840,59
121842,137
25276,37
64398,3
64392,173
124361,97
64397,129
25279,117
119894,5
6039,4
119893,66
17269,596
6036,31
6035,105
6034,2
10063,596
9203,20
63018,5
121513,47
63013,17
65944,175
12378,40
12379,9
62948,63
9061,435
113361,119
9063,5
113367,596
10286,13
13353,70
112410,596
3562,68
112187,596
112186,596
112185,3
112184,29
13397,75
20993,10
2903,11
64547,596
2909,7
2908,116
64014,81
14616,24
20194,15
20197,13
20191,596
5313,9
13027,13
30448,8
30445,596
30442,75
30115,596
30117,40
31791,2
31794,68
3153,22
1633,18
3157,28
3156,31
1634,23
28795,175
3158,51
28791,86
11084,1
122358,122
122355,50
122354,9
65006,38
3031,127
66281,378
66286,596
66285,596
23553,207
66289,596
66288,596
66530,137
23088,52
23080,9
23084,12
61624,10
61627,21
29156,8
29152,42
29150,40
29151,34
25860,596
61433,175
25864,43
8577,70
3916,120
8579,19
12578,6
15253,10
12570,34
12571,16
12576,42
12575,14
31427,15
7409,14
7406,62
7401,10
61088,67
22681,10
61084,97
12615,21
60979,2
24731,68
60973,137
60970,14
60977,596
60975,596
65706,65
65705,94
29487,25
65703,49
65702,21
65701,7
65700,254
19552,596
19557,102
65708,38
13625,61
13623,49
2337,14
4719,11
25480,18
25481,596
3711,16
3713,36
4678,596
4900,36
2484,43
4674,596
13562,82
13561,500
63955,137
63956,47
63951,11
63952,65
63953,6
11700,102
63959,8
62535,175
5149,36
62539,596
5142,9
17016,596
64079,7
5680,6
63483,14
63486,596
28577,596
62285,137
62284,98
62280,7
5422,12
7241,36
17168,596
6821,13
6825,70
6829,29
10541,15
10540,14
10543,18
10549,12
63225,5
121720,137
121722,9
29300,596
29304,2
14282,34
8816,17
14934,97
8811,116
8810,70
14938,67
18276,9
8819,11
8818,70
8219,40
30651,14
15089,31
30877,31
8210,31
8745,48
15084,91
8215,15
109825,596
109826,117
30870,41
7658,14
9867,70
11147,17
14424,77
14425,45
28300,47
108967,4
28303,40
24503,276
24500,596
28165,137
28168,88
5978,2
64341,47
110039,67
11550,70
11555,70
11558,97
127464,68
61166,175
65133,596
65134,53
65135,27
64669,99
25075,596
25076,31
25079,34
120444,4
120441,29
3504,47
65399,15
16889,596
25296,170
8873,75
122737,137
30087,116
6010,137
6019,195
117260,68
117263,2
116791,596
17248,596
17245,581
17243,474
17240,596
10734,99
10735,32
10044,18
10733,3
63038,140
122078,94
63030,175
12396,44
12397,175
12395,21
12392,22
12390,36
26016,112
64914,137
26015,80
26012,20
26013,89
26010,19
26011,137
64919,121
64918,37
26018,3
26019,18
61372,7
113301,3
9083,232
21598,3
21595,596
3502,20
5087,20
3505,7
2677,72
2929,37
5330,70
14639,46
14638,16
112968,10
5336,175
112965,596
5338,14
112966,51
64763,8
30467,596
30461,596
30463,26
4510,16
13049,12
13041,596
13046,30
18040,231
18044,596
18049,567
3178,12
62073,75
122377,74
3171,175
61776,12
122378,137
61777,596
30797,89
29822,31
127279,10
29826,15
29824,27
29829,68
1164,65
66519,46
66518,7
1161,85
126616,132
25844,137
25848,11
31223,47
31224,15
29174,105
29176,33
29173,79
1360,91
5253,20
27199,97
12804,12
12805,21
15274,20
8009,24
65899,137
12801,1
65897,88
12559,6
65895,596
8559,7
8000,298
8001,63
8003,20
28206,67
7469,110
2787,20
110624,66
110621,10
19713,596
22668,97
111534,106
111532,39
111530,20
60911,13
10899,6
60914,68
60916,33
10894,68
110488,164
24712,80
24710,173
24716,45
61206,596
65270,70
65275,5
13602,41
13600,60
4736,217
4737,596
4739,596
2312,16
5851,68
5852,13
17654,596
3776,72
13542,13
11768,39
63934,175
63935,41
7881,18
63938,104
63939,150
17030,579
17035,356
17036,371
62517,596
62516,19
62515,10
62513,17
62511,137
64054,137
64055,52
64056,596
64051,66
28414,21
113178,138
21291,6
28410,17
10386,15
10382,3
10380,5
16924,596
7268,30
7267,137
16929,596
7260,19
12234,72
6206,37
6207,8
12233,175
12238,19
6809,17
6802,34
6803,14
15711,20
29360,97
10567,15
9742,20
29366,137
9748,30
21435,3
24157,8
63200,137
63201,24
63203,25
18928,253
112557,596
112552,8
8832,18
30639,106
30328,568
20791,444
14477,31
30326,17
30637,68
7672,22
17069,596
24522,17
1281,20
11169,6
1283,5
14405,31
14401,116
11162,66
14403,496
109842,178
8762,12
1573,45
1577,23
13831,62
2818,43
13839,14
30016,10
5626,13
28184,98
28185,596
28182,10
28180,15
8493,27
31016,36
8497,85
111940,388
1097,319
110766,131
28987,3
23276,25
28983,50
28981,14
11573,1
28989,22
25056,118
25726,13
25053,65
25720,24
64389,10
6781,33
10266,9
6788,97
1500,18
16718,596
16716,422
19965,13
16714,442
19962,44
16243,596
22496,3
64602,3
64606,137
63051,99
121553,8
63053,137
107528,82
63054,11
63057,137
9538,15
63059,13
9240,200
9245,7
65515,14
24898,175
24890,7
24893,15
3691,164
121233,13
64931,159
64930,596
26038,7
26039,5
64934,14
26034,175
64939,63
26037,46
24096,12
24099,2
24291,66
29339,1
14650,137
14652,64
62897,1
62895,596
62898,20
13067,9
30403,1
30400,97
13062,30
1363,19
27816,31
27810,171
27540,4
122394,26
122396,106
29806,40
1148,536
23045,60
29112,140
7192,6
31757,116
31204,87
31203,16
29114,8
31752,14
109186,130
109185,168
12472,9
109189,10
8539,70
8028,47
12828,167
8530,91
12825,15
15294,22
12827,13
12821,97
8536,18
15291,97
15315,48
7447,131
7448,47
119034,70
61496,76
61494,1
65074,16
65072,89
63680,21
22398,38
13990,40
60939,14
60938,596
120634,62
60936,596
60935,12
26557,35
60931,22
120633,48
24779,29
28641,2
126498,61
24771,175
126495,137
28648,5
24776,28
61229,596
61227,596
65215,13
65217,47
5379,31
4758,13
4759,51
5870,70
208467,97
5878,2
11291,31
11296,70
11297,21
3756,18
2193,75
13526,70
13525,137
11747,70
11748,16
63918,32
63919,53
63915,108
63917,165
20893,5
64038,62
60798,97
13292,24
60797,102
60796,29
6194,36
6196,27
6193,12
2735,13
2731,592
118444,2
20097,596
9186,54
9180,9
10364,47
10361,13
7208,56
7203,26
16531,6
7205,11
6223,3
9413,3
6226,14
12216,65
12215,93
12214,3
12218,88
15848,12
9761,12
29347,64
29346,66
29345,53
29344,175
29342,15
10507,70
29340,596
63268,175
63269,29
63262,10
121760,82
24179,175
121762,141
6375,13
8859,20
8858,137
11618,8
62797,14
8852,15
8850,18
1773,40
13318,14
20204,40
14134,596
24543,137
108111,65
24547,51
24544,21
24545,27
62135,12
28349,150
62137,130
122233,41
62133,65
1559,56
14463,88
28342,576
28435,72
14466,47
28433,104
3033,70
30617,4
30342,596
30612,75
118445,137
31567,8
31564,72
31563,93
31560,12
5606,48
5600,4
24381,75
5608,18
111960,596
111961,2
110568,596
110566,1
110562,31
110560,3
23252,41
23701,58
109240,20
15337,28
15331,35
12450,40
109247,32
6428,6
22250,145
6768,40
6765,14
115918,6
16736,90
16733,596
121693,61
125533,8
16739,596
65680,349
65681,75
16227,596
65689,596
119836,118
119834,32
120154,88
120156,137
64626,22
64621,240
64620,137
63077,2
63070,69
61276,109
120178,48
2508,12
2507,91
64950,137
26050,14
2504,18
64486,25
64485,72
64956,31
22829,66
5047,4
5046,18
5043,110
10777,19
116609,31
14853,17
62304,137
62302,8
30420,3
30423,13
3203,14
28337,19
29755,21
29756,66
10195,18
29751,9
10190,41
10198,24
29288,47
29282,596
28332,34
29287,14
29284,4
1121,97
25880,10
15106,77
30281,175
15101,505
29131,20
29133,5
29134,70
3650,10
31778,596
31775,3
8515,22
8512,87
12592,112
8047,12
8049,97
12598,31
119016,73
12840,31
12845,36
31483,42
31484,173
31489,596
31488,78
23067,115
23062,14
24283,10
24287,501
61798,319
61028,65
61795,30
65051,39
61791,596
61793,7
24757,35
24755,7
24752,75
24751,7
24750,29
24758,22
28668,28
28881,137
61242,14
61246,27
61247,137
13646,15
13645,16
4771,16
13649,44
5818,39
19024,596
17348,596
17341,27
25390,32
13509,68
25396,55
4611,43
25399,25
13503,18
13505,13
23934,90
65945,596
65236,86
65949,12
65948,3
64546,596
5458,10
64544,131
120215,51
64542,175
64015,43
64016,9
64017,7
64019,1
120218,137
10359,18
25579,56
25570,596
25572,4
25573,507
117161,596
16698,596
122149,65
2710,7
10349,8
7951,11
7228,55
10692,18
9161,1
10345,12
63799,571
63791,26
63797,9
122921,137
6241,43
6242,14
9170,12
12274,175
12277,15
10520,65
121742,175
63244,596
63246,175
63531,30
63538,596
25180,7
14990,17
8872,84
24110,175
24113,66
24114,5
110045,34
8162,43
15442,75
5252,13
1712,28
5250,9
5254,20
14192,326
30646,596
31880,15
4251,1
15824,104
14336,110
11124,42
14446,116
62117,88
23790,1
3011,175
3015,29
28691,47
30361,5
60814,38
4189,70
31549,75
13870,21
4182,5
110760,32
4186,7
118579,137
5667,64
10534,2
118574,6
118577,75
65100,2
66056,137
66050,20
66059,96
14836,175
23724,67
6403,67
12471,46
15316,97
30945,35
61498,137
8184,21
30948,63
63501,51
61490,175
9718,47
7761,66
7762,4
64200,5
3905,15
6745,20
6744,7
6742,74
121257,137
63600,43
63601,11
9954,17
63602,11
9952,43
16752,596
16750,516
16751,432
12046,97
12047,12
12044,97
25761,40
25762,5
62750,110
65552,137
65553,175
65550,137
65556,533
65554,42
2521,3
26077,596
26078,596
65725,52
64979,596
11465,17
61691,146
11462,20
4091,19
5066,17
17151,596
17150,596
17157,596
17405,5
25186,43
25181,11
4409,175
13316,17
13311,3
9573,6
10757,70
62327,10
62320,34
5395,2
11803,26
14830,183
14832,45
11807,31
14834,2
11805,17
11804,9
64205,596
64206,596
20118,7
64209,25
27855,75
9397,34
29733,31
9393,35
29734,3
9398,24
15126,4
61744,7
31716,596
7154,50
7152,34
30006,16
30007,175
30005,20
7692,8
8068,44
12868,40
8067,12
8060,2
30009,44
28744,106
7486,20
7481,11
29736,38
123080,94
2891,51
23002,97
1104,4
23006,218
23291,42
28064,34
1109,6
22601,61
25240,97
25241,14
13873,11
1837,69
28608,68
61430,67
28600,27
28603,62
28602,16
2136,64
114418,31
4790,26
5831,13
11257,80
61004,20
65034,122
65036,83
64780,8
64782,49
64784,596
64786,24
25376,596
25375,137
65961,9
61263,5
61264,596
65788,153
65787,3
65785,5
64568,27
64567,596
64560,123
64561,596
25514,175
12789,1
12788,9
17366,3
17367,457
12785,10
10321,148
2771,20
3002,9
4894,124
9142,596
7974,70
7977,44
7970,70
16948,596
6266,33
12256,116
12253,75
12252,175
12250,175
6268,20
21186,158
119595,7
119594,30
119597,50
17095,596
9724,115
123500,28
113269,105
4903,18
63518,596
63511,596
22980,71
3465,11
8898,171
8892,43
1581,65
20338,11
62553,23
5234,20
5237,20
13124,68
13125,108
17072,167
13128,34
18329,596
3071,596
28471,536
28476,70
28477,30
28474,596
3078,65
14310,51
14311,4
62170,175
122277,129
12711,175
66690,75
66691,10
31528,2
126597,137
66695,86
66696,85
66697,175
66698,174
126599,115
31521,60
31525,21
5643,31
29075,8
29074,67
29070,39
31022,27
28296,97
28295,7
28291,6
31027,9
66077,28
66070,95
66073,15
30008,1
105951,596
6461,50
30925,31
6465,14
7741,73
7745,13
6722,2
8304,17
61527,48
61690,3
120048,38
110529,137
9937,30
117805,133
16775,198
16777,596
6091,2
12065,2
6097,34
6096,25
64840,175
25749,25
25748,137
25747,20
25745,87
65570,5
61730,45
65574,54
65576,48
65577,8
65578,175
24837,15
21663,75
24832,52
3673,35
64999,6
64994,9
2549,119
64996,18
64991,403
64993,137
124616,90
11440,65
11446,13
3297,3
3580,19
3581,16
3584,34
64194,596
64197,65
64192,596
17131,186
17130,596
17132,596
64199,596
64198,18
17136,596
13339,43
4423,3
4424,73
12212,120
9555,9
62346,9
66061,4
64223,8
20134,49
27875,50
27873,113
63161,18
63162,55
29246,596
29241,137
11861,596
14815,3
11867,109
15142,102
109929,65
109925,173
109926,68
109920,110
7179,6
12593,2
31739,596
31738,10
31737,49
31734,59
112033,175
112030,28
1690,57
112034,17
30029,82
115566,596
30025,18
12884,106
30027,1
30023,94
66263,596
66265,11
66269,23
28590,9
1478,40
12466,3
28597,18
127180,55
22373,7
12460,9
31193,2
4228,11
31195,31
31194,6
4225,6
4222,18
13932,29
28624,10
28623,7
28622,22
5581,97
24792,4
28629,68
5589,16
66484,577
66487,98
11271,6
13680,13
13686,47
19069,175
61062,3
61060,30
61061,75
61065,77
65016,173
61068,137
61069,137
65012,596
65011,174
60883,56
25355,86
25356,75
25357,43
60887,2
30946,93
64769,10
64766,93
60888,25
25359,5
64760,8
25688,3
25683,120
25680,23
25681,44
23973,42
23976,97
22086,596
65901,69
61285,6
65905,32
65904,83
65907,70
64508,7
64509,33
25536,5
124201,85
2282,47
2285,18
117768,93
10905,58
10906,19
10903,67
10902,23
10909,596
30675,94
9125,14
10306,96
10305,30
10304,12
10301,20
16437,132
63758,67
7912,97
7911,12
13442,24
7917,11
6282,35
31276,596
63281,137
63283,5
63288,109
121078,99
21300,7
63572,51
121077,137
11259,47
2025,128
2751,22
2028,3
5216,596
5215,91
5210,28
5211,34
5218,13
65031,137
62481,229
9332,19
62487,596
13102,2
28266,99
18307,595
18654,9
14489,15
122255,75
62627,22
122257,175
62152,97
122520,31
28450,40
14370,17
17863,596
66675,27
66672,596
66673,596
109599,596
29052,68
29055,409
29507,596
126318,95
23769,66
23768,6
23767,78
28907,6
28904,596
66016,14
126314,20
28900,68
1318,58
15424,40
12434,20
12433,42
15350,223
15359,1
105936,40
110721,81
31501,596
31051,10
31504,14
110724,474
110729,11
110728,20
7723,32
3949,31
120955,115
3946,5
6707,30
9916,2
9919,9
4496,97
24474,85
24475,94
24473,175
6081,14
61544,149
61547,7
61546,137
61541,122
125525,137
125524,137
22144,23
22140,31
4052,87
4051,9
4058,13
3612,6
3618,47
3619,14
65592,43
65593,1
65590,14
114628,50
2562,9
65967,75
11424,64
17115,127
17114,122
17110,42
5020,175
61414,175
13351,20
116668,67
13354,6
4448,5
24810,70
62368,13
20158,75
62814,22
62363,3
62366,137
62811,67
1240,47
124196,84
3848,70
10466,61
29265,97
29266,26
29268,29
121440,175
63140,108
63147,14
28490,596
8912,25
1539,26
18533,596
11842,596
30598,12
30599,46
30229,596
15160,53
30595,596
30225,34
30222,596
30220,11
30593,7
7117,10
7116,11
18797,365
1678,97
66725,2
1677,5
29992,175
29993,596
66723,137
29996,596
29997,39
28020,54
28022,596
126140,596
66242,175
1418,31
1410,30
13913,13
4201,44
4205,29
5568,15
5569,8
5564,47
5567,18
5560,19
7759,2
111627,45
12568,9
11213,4
11218,11
19049,469
61048,67
61739,150
27792,28
61737,104
27790,28
61735,24
61732,24
61733,65
27794,42
61047,22
25334,66
25338,47
25339,62
23950,15
23953,10
23955,137
28518,19
65291,9
65290,68
65923,1
65922,310
65921,16
28497,128
16637,596
16188,65
16630,198
105132,1
6115,25
6116,10
6110,55
28147,92
124046,137
10921,11
10920,10
64741,97
116857,34
124040,1
17322,590
3895,16
64748,596
125795,112
7281,19
7932,47
7935,9
63771,137
7936,175
9455,2
63779,70
65434,66
16989,596
65436,2
65430,43
21144,129
16981,596
16986,222
16985,596
16456,73
64526,2
64528,6
120278,65
121053,129
63551,596
63804,175
63803,137
63556,110
63559,8
113224,83
63809,75
30240,27
22946,97
24486,43
21496,16
3429,15
3422,22
3424,66
2002,596
2006,39
2007,596
2005,596
4585,10
2008,9
12482,18
14170,9
61095,38
14172,576
61094,31
6963,66
11982,75
11985,28
30750,65
12485,58
10581,13
10580,13
118284,43
13169,3
10585,97
10588,31
13166,596
11183,175
125604,5
11185,6
14359,97
112178,175
112179,65
62602,75
62601,14
8151,70
30697,40
30692,67
1082,9
66381,9
66386,24
66648,596
29038,58
29528,596
29033,8
29032,175
29526,596
1334,137
1331,14
6932,70
8699,7
8694,70
8123,19
8692,14
7700,596
123100,110
66654,538
31597,52
66656,100
66657,137
66658,136
61381,3
61380,273
61389,257
61388,342
8348,36
110802,14
8341,97
28924,47
66031,5
66032,67
66034,37
61562,41
61560,49
61567,12
61566,96
61564,33
117841,103
65607,11
65604,92
61568,1
22122,596
4078,15
13765,15
4077,22
13760,2
4072,47
3964,12
3962,4
5792,7
5791,32
3969,40
3639,15
11407,11
114648,596
11403,47
31015,7
127382,50
106368,133
25475,3
13379,4
13378,136
4467,36
13375,65
4462,12
4460,7
24870,51
24877,175
24878,175
24879,97
64267,596
64262,596
16847,596
16845,596
16843,596
6326,11
12171,18
14512,19
12178,3
29206,31
10115,35
10441,20
10443,15
21776,175
21777,55
63120,507
63123,24
63122,60
63126,222
62836,9
62832,8
62833,119
8972,13
8974,54
8975,5
7139,13
7138,36
25274,21
7133,63
7132,66
7137,97
1659,15
1650,100
1651,20
1655,22
119095,11
24203,49
24205,11
24204,17
3391,70
3393,70
5404,12
3394,18
3399,6
1380,50
28556,19
28003,97
1439,34
30205,37
1382,22
29706,60
114346,13
13976,116
29250,34
18110,592
3821,15
5543,263
111864,92
30067,68
30068,6
8595,13
111869,9
111868,3
11238,5
11234,7
11236,35
61717,175
109380,393
61712,53
61718,12
61719,15
25915,7
22338,421
25918,12
25318,75
25312,75
25313,11
25314,34
25640,24
13572,70
23420,20
115831,137
9890,70
9898,26
9899,59
17266,198
1594,43
12762,5
6130,137
6136,22
64891,40
64726,1
64896,10
64898,65
64899,65
10946,22
16477,15
63716,18
1593,20
9472,18
9473,40
16478,97
65413,114
61971,1
65417,66
61976,175
21163,71
24997,3
24996,175
62543,596
64099,137
120296,137
124976,29
124975,137
64096,8
124794,28
24191,175
24190,67
24197,63
63825,65
63826,12
63821,137
63822,137
3407,68
7536,6
7435,5
4878,9
13498,6
10615,97
10614,399
2060,36
2061,5
2797,6
14112,131
14113,30
14111,12
14114,97
108970,319
62990,172
62996,596
62447,137
62446,85
122742,93
122741,137
13142,191
9783,596
9786,4
112402,5
112401,2
62662,56
62667,43
62666,64
12377,5
29311,18
30032,44
65180,44
12964,6
29015,29
29542,596
7092,53
107643,596
29011,34
65184,133
31522,596
31520,10
8105,9
1359,172
8109,20
1356,14
66630,41
66631,97
66636,137
66634,227
8363,64
8365,28
61364,367
113362,133
61531,120
110588,46
3184,1
28940,18
28765,66
28947,11
28944,22
24432,6
24430,16
24436,13
28769,68
61508,175
61500,149
61507,129
122315,175
13709,68
13700,5
4016,40
13704,175
19433,97
19431,15
19438,52
19439,3
3980,25
110326,65
110320,364
1111,34
23852,1
65624,1
117862,20
117861,16
65621,30
65622,137
16284,26
1117,4
64102,1
25108,43
24858,75
24852,135
24853,127
24856,175
24857,31
64284,6
64280,40
64283,137
64282,26
7875,4
7873,20
8051,18
7878,20
16860,596
6308,13
8050,300
6304,65
12156,4
6301,17
63455,596
63106,22
63456,3
63451,61
63450,31
9319,15
63100,119
10422,109
10420,106
10426,51
63109,9
3216,22
112366,24
112362,596
21757,17
8958,9
62852,596
62854,34
62855,27
62859,109
26905,15
26900,7
113419,1
125237,32
125234,596
112090,596
1632,77
112092,14
112095,116
1635,65
1981,20
1988,7
2817,10
2811,20
2812,20
29954,20
29955,171
29952,4
29953,16
14257,175
14256,60
14250,90
14253,596
14252,22
24225,33
24224,90
24220,175
122175,137
28579,14
122173,88
122172,123
28573,516
3376,65
3373,182
1183,24
3370,15
30263,9
30260,2
30261,41
30265,81
31683,34
31687,131
31686,17
31135,596
31689,175
31136,596
4242,70
4241,70
5520,14
5523,28
5526,516
31037,66
30088,12
30086,30
111662,43
30084,137
31354,17
23195,45
23196,8
23197,82
23622,175
6547,70
121383,15
30884,40
6543,14
127274,51
16836,596
27756,29
27755,1
30888,596
6548,20
25937,175
115812,129
12436,17
14290,6
7515,18
18241,458
7510,7
16671,150
16675,502
16674,596
16679,582
6152,17
61192,7
6158,2
64708,13
25665,322
120059,137
60825,18
120723,92
60823,596
60822,100
63739,66
30843,15
63730,596
121893,33
4834,3
22717,565
61999,330
61996,135
65472,30
65474,5
65477,7
30847,7
30844,85
2269,13
2267,14
63848,41
6588,2
8202,3
63847,8
2044,47
4819,18
2049,20
9411,16
11615,20
10639,43
10631,74
11948,12
14130,106
14131,596
11944,41
14133,32
11942,27
11940,3
27991,33
27996,596
27997,16
17724,596
62465,75
65022,596
63594,34
63596,14
63593,2
62646,105
62642,596
62640,30
62649,52
62648,390
20417,7
10092,2
10097,32
10096,51
16778,596
62056,16
13183,97
62057,67
12947,4
12945,22
12944,1
7070,25
29561,596
20653,97
14395,116
14398,97
14399,9
8163,13
15446,175
15443,31
30740,166
12497,12
66610,56
66616,49
66617,8
61349,18
127399,51
8388,71
8387,97
8386,12
61340,21
61694,106
25340,31
24414,596
24415,6
4383,67
24419,32
4381,70
1372,18
28749,34
28216,186
28217,49
28214,23
28740,85
28742,15
28967,441
4036,18
26360,137
11376,7
11371,80
11372,44
23961,97
19415,596
30861,31
23871,596
23877,75
65866,137
65643,64
65640,43
61523,52
65861,4
120557,66
116680,596
124614,74
124615,596
25431,38
25430,5
25433,173
25434,16
25124,22
65795,3
7852,144
7853,40
7850,16
63693,70
63690,43
63699,596
61836,175
61831,138
61832,596
16802,109
61839,70
61838,587
12138,50
12139,16
6362,70
12136,116
10150,19
10156,61
10405,20
10407,14
10159,12
9338,9
63470,137
63474,5
63478,175
14898,7
14897,81
14895,46
21731,261
62870,61
28314,391
62874,171
1602,175
113439,34
3230,75
3231,596
1968,19
1969,14
1618,5
1619,596
3238,596
1613,19
2870,70
3354,83
28513,596
28512,66
2547,284
3358,31
20064,97
122159,137
5442,21
62257,13
30539,68
30536,5
30534,28
64997,3
30247,11
114303,63
5508,14
18152,213
5505,33
5503,128
23605,54
66151,596
66155,596
66404,70
66403,70
27776,11
27771,123
27773,43
61758,28
61759,6
6565,42
61752,137
61753,82
61755,137
29606,93
29607,68
7685,6
5475,66
7683,6
7682,51
29600,63
29601,36
25950,57
25956,97
29608,22
29609,15
10332,36
3824,47
23466,21
3820,5
65980,596
8440,97
109079,38
115872,28
115873,410
115876,596
7537,70
5479,6
31379,117
19355,596
16650,18
6178,70
12726,185
12722,6
6171,10
64857,175
64850,68
64851,29
64853,67
10984,65
10981,19
64859,1
10983,18
24607,75
60802,34
60801,137
60800,29
24608,42
65456,596
65322,6
24954,41
65459,1
119536,38
119535,596
119533,135
16959,596
64583,75
64584,596
7904,48
64589,136
11584,43
11580,20
116210,596
4839,11
4830,31
4523,47
13453,264
4520,31
7993,70
7991,5
7995,15
13332,35
11636,32
62401,126
62406,15
13184,175
64327,175
13187,66
64322,156
64323,352
64321,37
13189,65
30764,596
8637,10
63862,6
63863,13
63866,175
122835,74
122837,30
9293,20
7331,7
9298,66
9299,14
18439,596
123138,37
30185,50
12924,20
30181,42
12926,31
30188,596
10215,19
10211,12
10213,5
121615,137
63313,347
121613,109
61153,13
63318,596
61403,22
112111,32
127455,85
8148,68
30760,137
30989,8
8638,22
6994,17
6995,27
65128,66
8633,17
24382,7
61409,31
24384,7
31588,3
2999,14
66366,58
66367,33
66360,16
24386,48
2991,61
66368,137
31587,43
24389,7
61885,596
111490,4
111491,8
111492,175
111493,3
9999,82
9023,21
61880,15
64915,48
66091,596
66096,596
28231,16
65252,99
11038,87
125034,596
1397,4
1393,36
65709,175
12418,52
11351,5
61321,137
61322,8
61325,75
61326,15
64821,68
23819,49
23810,6
23812,175
65669,75
126714,68
65664,97
66414,65
124638,121
25140,596
64130,7
64136,94
124636,16
2437,97
2436,40
2435,6
16821,596
16824,596
63678,110
16827,596
16828,596
16829,596
121374,96
63676,131
7835,9
63672,596
12110,65
117358,85
6343,1
6347,17
6346,66
6349,6
119493,131
17198,21
17197,326
17195,551
9351,367
9602,3
9355,110
9359,13
9358,7
10174,16
63419,51
63418,115
21244,54
11035,3
63410,34
63413,596
63415,276
63417,67
3782,11
3781,7
3786,90
3785,9
8990,14
4993,30
4990,40
113459,3
125276,137
125274,137
125279,57
116004,143
1949,393
106073,596
1943,3
1940,5
3255,66
13241,22
2859,70
2856,70
14219,596
5465,31
5464,20
28532,6
62239,65
20047,10
20046,104
62236,173
62237,175
122137,70
122136,111
29710,64
106404,596
29717,10
29910,15
29916,20
29918,50
1234,86
66428,66
1230,22
28395,7
66423,68
126721,18
28398,24
1239,12
66425,6
66424,596
8288,16
25970,256
25972,75
25976,39
25978,116
25979,23
2489,27
31170,20
29624,596
29626,28
4675,84
23486,6
2482,14
3807,94
23485,258
8463,10
8465,5
111779,596
110179,306
31394,52
31392,18
22536,28
22532,31
3063,34
64830,11
4173,9
60868,137
64839,68
25628,97
24621,43
24620,13
25623,19
25627,87
65303,61
24978,5
24971,82
24976,596
24975,137
119553,9
116586,596
22751,595
116588,70
31821,4
2226,175
2222,175
2220,46
10056,22
8113,70
4503,23
13479,20
25088,3
2080,10
25080,44
25081,75
25082,21
2085,5
11656,64
125860,65
17761,466
17762,592
27957,11
62932,121
64308,129
64304,29
64306,68
64307,85
64301,596
64302,9
64303,127
64480,64
63886,15
16642,43
63881,66
20907,175
62689,135
62688,9
20900,8
20901,66
62683,175
62686,2
20909,87
6169,53
63084,175
63085,4
63082,175
63083,173
63080,124
63081,175
7315,137
7316,39
11902,5
12304,9
11032,75
11907,67
12309,14
30169,2
30168,4
12909,11
30165,416
12904,30
30161,14
30163,48
10232,61
9016,18
7034,28
10236,20
10235,43
9013,1
10238,55
21505,175
21504,27
21507,73
63338,15
63339,80
21503,110
12734,67
24029,15
21508,137
26006,108
64381,92
30709,3
119316,2
119314,37
120716,21
30703,104
120714,102
7781,13
66300,18
66301,10
126005,137
66305,25
24360,28
24361,16
1004,20
120719,133
4340,137
28252,61
28701,15
28250,12
28704,34
28706,68
28707,25
14535,26
28258,21
11017,20
11010,55
11012,15
8611,36
212340,175
19103,1
5711,7
65841,51
25631,49
61655,175
61656,97
61302,389
61653,50
61300,20
107830,97
3062,5
28877,1
11482,361
11480,24
65829,122
65825,104
25168,73
25167,43
25166,70
25164,14
120517,33
64135,14
32280,65
16597,74
12681,36
12688,97
12689,21
10827,20
63659,31
19818,6
28919,63
63651,20
63650,175
63657,28
13387,321
61871,88
61873,6
61872,64
61877,99
64153,48
64154,41
64156,45
66003,100
121134,44
63435,596
121137,13
13380,28
63430,58
9371,69
9372,65
121139,137
116395,68
1820,4
1823,7
2146,65
29934,18
4972,6
4973,41
1920,2
3277,106
3275,14
3273,65
1926,7
3278,6
116029,89
13228,3
4223,16
13227,9
112876,70
112874,125
14233,46
112878,8
122447,137
62745,11
62742,8
62215,173
62740,596
62217,12
3311,14
3310,127
5485,14
62748,41
20029,11
20028,592
30576,110
30577,65
20021,34
30578,28
28620,596
12403,43
15360,41
6475,13
29939,140
1982,150
29395,13
29396,137
29397,72
29390,175
29423,596
29392,13
1213,21
1210,20
23137,22
23135,5
6522,246
6527,5
8264,70
8265,70
8266,17
30398,135
30399,22
25995,68
25993,175
25991,34
29649,39
31629,4
31159,72
31625,68
29643,175
31627,596
31626,1
29647,17
31622,137
3863,1
3862,5
63674,6
8402,9
7572,81
7575,47
7574,18
7576,99
9815,31
9812,6
66441,9
66114,34
66445,26
66447,137
66446,5
117359,4
61464,28
65149,6
65148,31
12111,16
65145,21
65144,45
14285,168
61811,18
65142,23
4156,7
61815,591
60848,46
60847,8
60846,88
60845,596
64813,93
61086,110
24648,175
28119,43
28118,40
24646,41
65368,130
22772,17
65491,137
65365,87
31788,25
65494,3
119574,137
31849,13
31843,110
31846,66
5902,175
15087,15
5901,63
19311,97
8213,1
19318,596
30306,3
3480,6
8214,20
13412,68
13410,3
4560,49
13417,338
13418,66
4568,20
11670,3
11672,47
24912,10
121839,416
24914,49
121835,137
121834,133
121833,269
27932,392
27933,64
62919,404
62918,6
27936,43
27937,47
62913,175
27938,43
17780,596
62914,30
64369,55
25202,30
25203,65
25201,446
64363,34
64360,75
64367,20
64364,5
64365,42
16785,596
16784,596
16781,596
125595,133
125598,40
118223,137
12094,10
6066,7
12091,16
12090,21
6062,1
2606,15
2602,5
10787,20
10035,596
10789,7
10030,7
10033,40
65014,78
7370,46
11929,21
12321,16
11923,96
105559,596
60882,3
30490,68
30495,98
60881,111
30496,4
29099,68
29098,97
7017,70
29095,101
10252,47
121659,596
64768,47
24005,97
18699,116
25353,43
121656,137
29895,34
29894,8
29899,596
29898,54
24344,175
2955,56
2950,15
2951,2
2953,6
5340,4
5342,1
126020,2
4367,12
28278,596
3105,31
3107,9
14554,9
3103,46
111102,36
111103,3
8675,14
30720,2
106853,596
31456,66
31454,43
13781,31
13786,168
31453,38
4094,5
126621,129
13789,4
31459,48
5735,547
66588,55
66292,20
11319,28
11318,8
66586,71
66293,15
11313,35
66582,137
11310,3
19124,596
127378,6
61679,596
61671,110
61676,137
127376,113
127377,85
60984,596
28858,232
28851,17
126976,596
61581,9
8096,12
61583,10
65803,75
61585,596
61584,44
61587,45
15202,169
61589,302
8099,69
22181,31
8046,6
11142,15
16573,596
12669,42
6653,248
10801,70
120359,68
120358,51
63986,41
63984,137
63635,31
63637,20
63639,596
65776,10
65777,596
19878,596
6386,20
65772,2
65773,13
65771,5
21066,13
19873,596
61859,9
21061,329
24803,109
124678,137
124679,26
64177,137
64176,13
124676,1
124677,106
64173,107
64171,4
65586,104
63188,21
121481,91
63181,3
64507,26
21204,16
1848,70
124394,57
2169,65
2163,66
14036,1
62581,133
62582,40
122680,62
1906,17
5134,13
17049,596
3291,18
120825,115
120824,4
13204,4
13201,31
13200,30
13208,11
11914,47
14960,75
20005,28
20556,7
62761,75
30558,1
30559,39
30550,596
15265,36
30557,18
12544,13
113498,74
113494,127
113490,27
113491,65
112721,596
112720,15
29406,17
29402,17
1279,70
116831,596
1274,80
8792,70
8247,20
8245,596
3333,45
29662,137
29663,64
12459,31
29668,11
29669,7
26898,175
31600,20
31607,137
31604,596
8423,5
111731,137
111732,69
10658,3
17433,596
9837,31
9835,48
23111,596
23113,66
66465,43
23118,367
65169,31
10656,17
61448,175
61444,596
127414,137
61446,66
61112,163
61113,84
61442,596
61443,28
24662,12
4434,86
4132,23
64184,40
24669,10
24668,52
3840,13
5690,5
28130,137
5697,4
28135,596
124681,137
28139,13
28138,4
22794,34
22797,2
22791,596
124995,97
63757,29
116615,596
63755,21
118653,175
62437,5
5968,20
5961,16
64189,551
5965,2
17549,1
17239,306
17237,596
17232,34
17233,596
13439,12
64699,596
13431,97
64690,1
124195,120
4546,11
121817,27
121816,596
121815,4
11694,45
121819,175
121818,575
65345,35
65343,3
65342,23
24934,73
24931,75
64436,21
124442,21
124441,65
124440,137
64344,9
64433,11
64346,56
2593,17
27913,34
27914,75
25224,6
25225,137
25227,20
25223,137
6044,17
2620,584
2625,103
8606,3
2628,17
7350,28
10013,13
10010,43
9230,4
10016,3
62975,24
62976,576
62979,596
12346,27
10277,70
10271,29
9058,13
7336,92
63374,173
125315,112
63377,61
9051,49
9052,5
24069,24
24068,4
21543,76
21542,18
24066,68
122075,137
122894,137
122895,68
29878,4
29875,67
29874,166
29870,17
29873,97
61167,175
2975,19
1043,2
122094,30
62396,68
62391,74
1045,22
62399,137
122099,124
30121,3
30127,596
30128,55
31291,596
65711,13
11051,49
65245,18
11056,36
14578,16
24491,13
24495,56
3129,8
3121,9
3126,12
64663,9
115404,74
8655,97
8657,6
31479,4
31477,40
9317,29
5750,21
5757,97
23561,58
61610,63
15197,596
127316,15
15199,596
66708,120
64549,18
28397,66
28836,44
28834,10
126720,35
7437,70
7430,4
64423,137
16550,596
13634,1
66426,35
117006,596
12648,97
6678,5
117003,50
110387,26
10868,596
110384,32
110382,68
10860,63
10867,24
9311,133
16887,554
16885,596
63617,173
121315,65
63967,1
63966,15
19508,491
63962,382
4708,596
65753,73
119436,596
6509,42
21959,129
1860,38
1864,43
1866,39
13597,142
4932,11
4685,596
4682,3
4936,5
13590,75
13599,175
2101,1
2100,4
5116,7
5111,9
14017,14
14016,40
14011,16
17061,469
17065,482
62564,8
62562,9
14150,30
10482,47
10484,22
113652,75
14908,38
64833,137
62488,103
62709,94
62702,25
62700,7
62707,4
62705,164
29621,101
1781,34
1783,15
1786,19
6873,13
15761,1
29463,596
29461,3
29466,596
18221,432
23487,88
29341,2
3806,20
30822,68
8229,18
14808,2
31661,22
31660,128
31663,596
31662,596
31666,137
31669,596
7602,18
2490,40
13551,97
4641,1
9850,70
9857,70
9859,97
4645,1
28483,6
1257,68
1254,9
1523,3
28489,15
63520,9
28333,34
1259,175
30236,175
30231,22
61420,2
61421,13
22221,75
61427,46
61425,2
4115,6
63928,4
24689,13
24685,3
14378,117
62626,5
28152,596
28155,596
28157,7
28156,4
116526,104
31888,7
31887,89
31881,31
3054,14
5944,107
23793,139
11508,4
23791,3
11506,70
11502,14
23799,159
127436,87
65105,43
61131,16
65107,7
65106,596
65108,13
127439,6
127438,136
106228,5
25799,15
13427,70
25025,66
25020,43
25021,12
7554,4
64418,26
120845,137
124319,137
124318,137
64415,17
124315,221
124314,58
64410,14
64412,175
118264,39
118266,3
118267,20
1682,72
6020,133
6025,17
10071,137
2646,175
9216,7
9217,17
12365,21
12364,8
62957,22
62955,68
62954,153
21159,596
9071,15
10297,11
10296,87
123435,11
10292,67
125379,65
63398,6
24040,175
63394,44
21569,281
3556,7
3555,313
2916,12
2917,14
29852,38
4176,22
29854,43
24302,175
24304,70
5301,34
5306,10
13016,13
13013,117
13011,125
30451,10
30100,51
4328,22
4321,20
4322,11
3144,15
14597,48
14592,281
14593,20
14590,16
62049,47
62041,2
17861,596
106760,281
62046,62
31418,7
4623,33
5772,12
5774,9
23544,576
61635,67
25878,4
29143,34
25870,12
25874,97
25877,190
66728,89
28817,37
28819,9
66726,175
126424,95
126423,61
126420,112
109158,596
25405,14
15248,62
25406,10
15240,14
15242,18
15247,17
7416,24
121273,137
117024,596
117020,596
61093,51
12620,25
12621,71
6617,18
12624,32
12625,31
61098,596
10840,5
10841,4
13891,14
60949,596
60942,9
60943,596
120315,137
120314,68
63056,29
63943,68
63942,69
63941,175
63945,171
22057,1
61899,27
65739,104
65732,27
12192,71
65731,14
65737,452
65734,596
22059,24
2345,22
119419,596
2346,10
2340,2
2342,31
119414,596
119417,11
66013,14
3708,15
65056,4
3700,15
1884,75
3707,77
13579,408
2124,16
4918,31
30906,39
4666,4
13570,1
4911,54
15354,105
15343,23
105670,596
5174,83
5179,13
12430,2
62549,23
64064,596
64066,75
64061,29
64060,3
64063,89
64062,570
29367,17
9689,148
63490,75
63493,39
63495,31
121194,12
63498,36
62723,85
62724,6
62728,136
7257,25
7250,84
7251,85
7253,551
5334,37
29312,175
14633,97
7007,10
29448,484
29449,6
29338,12
63232,596
29443,147
29332,48
29446,596
8804,56
14926,15
14292,66
14923,97
8802,15
14296,3
110725,3
8808,70
30666,7
15521,43
30662,20
8759,29
30660,4
8755,97
30849,74
8750,47
109366,596
109364,596
15267,19
7620,46
119256,73
31643,207
121718,137
118873,15
28502,54
9872,24
24511,12
24510,35
63663,133
28319,21
28313,596
3087,43
7824,70
28317,34
28316,90
28315,596
3082,596
22207,3
22205,38
13800,75
28176,14
3886,36
117904,137
117905,116
117902,28
117903,49
116503,66
2086,55
116505,75
116504,6
18732,596
61401,137
61402,106
61151,2
61404,1
61405,40
61406,356
61407,52
61408,150
65126,40
65124,75
30862,12
25004,5
25000,48
120455,129
120456,2
120458,41
30312,23
64652,8
64650,68
119955,1
30866,11
66185,596
64128,4
65389,75
24795,4
65387,30
124374,28
19954,36
19950,65
19953,12
3170,12
64753,9
119273,137
6003,80
65009,26
6008,104
17272,596
9273,22
10724,8
10726,28
27780,68
63004,173
27783,543
63000,8
2573,74
12389,4
12381,175
12380,10
12382,18
26004,68
64387,18
26000,12
64382,75
64383,134
26009,2
26008,8
113371,91
113370,110
29823,8
3574,4
3570,66
4497,11
124050,34
4494,16
2662,16
2663,11
20988,4
13381,35
13326,6
20982,137
20983,175
4498,3
2938,43
5327,11
11898,35
14606,26
11896,596
14603,175
112970,62
112971,24
20185,5
30479,45
30477,13
13031,43
13032,9
11094,17
11096,20
31789,596
11091,70
18051,596
11099,17
31784,39
18058,596
62065,13
62064,58
122360,137
122361,24
28781,3
3164,35
28785,19
62069,261
28787,21
30781,53
30783,1
30782,43
30789,88
20237,8
29830,20
29784,12
29837,175
2402,9
23526,10
66526,43
23528,34
118446,137
66290,5
126620,63
126623,60
118443,596
25852,111
25859,137
63883,17
31254,596
29161,402
29167,97
64174,9
29165,27
29164,82
29169,97
20904,48
12815,7
12545,12
12816,2
8562,15
15261,582
12540,137
12548,19
123015,29
123014,68
123017,75
123016,112
123019,137
105805,7
31430,9
19094,596
6639,18
6638,49
22695,12
126298,100
12603,398
12604,272
12606,12
28374,82
60964,13
26582,8
11174,163
60969,137
24725,37
24720,21
24728,175
65710,68
65247,129
65244,30
11178,36
65242,137
65243,96
65716,60
61212,30
65718,14
21828,43
119477,86
2322,2
120593,100
120595,132
13630,17
2328,63
20779,137
13639,28
3761,72
11509,34
63652,98
7319,70
17641,576
17640,596
2498,78
13552,16
4640,596
13550,6
13557,248
2497,17
13554,40
63920,7
19891,90
63927,15
11770,102
7892,70
61483,75
17027,503
62520,596
62521,108
62526,175
62527,596
62525,173
5152,17
64115,11
64041,94
64045,16
64049,72
64048,43
11903,9
62290,6
62295,7
62296,49
7277,97
7275,12
7278,31
7279,15
2561,2
64011,596
8551,40
6831,66
6830,16
6836,12
6839,1
29316,53
29317,17
10552,2
10553,137
10550,172
65896,5
121713,596
121717,104
16454,41
65893,156
8823,21
8826,22
11872,48
30649,62
30644,16
111064,60
15092,54
30647,596
30640,596
30865,70
30310,19
7647,596
7646,10
7648,17
119275,46
119277,25
28528,20
114920,101
62756,87
10237,16
112780,184
1743,31
9132,2
111205,25
11172,11
24539,35
24538,3
14417,47
7920,13
14414,2
24533,292
28524,6
24531,37
14418,34
24537,4
109831,261
1562,137
1297,4
1567,19
29689,16
13828,5
24021,32
13824,5
5639,5
28195,11
28194,18
28190,137
7466,74
8484,7
8486,15
8487,54
8488,93
