180167,40.725
61519,18.7142857143
19713,216.972477064
61513,138.944444444
23999,159.220930233
22461,9.5
180169,290.08778626
185569,368.955145119
13733,134.625
165284,225.201257862
111537,357.473958333
111534,117.644230769
111532,72.2068965517
166555,245.538095238
4029,85.0
177227,249.040540541
177225,140.777202073
177224,3.66666666667
60914,96.6567164179
19398,40.1212121212
161071,254.056338028
5987,5.0
132644,101.418918919
177228,254.760517799
61179,20.6
24710,265.736654804
19159,348.543123543
160891,271.369477912
160892,107.166666667
160893,16.0
180562,29.8928571429
19402,69.2714285714
127475,79.5471698113
25062,60.7333333333
65270,75.625
277918,39.1666666667
143526,129.0
150179,329.153846154
183850,70.0
165914,36.875
142814,134.394557823
22008,171.166666667
149337,147.28
61192,7.16666666667
142811,28.25
142812,277.43902439
6158,58.0
12708,80.1515151515
66599,154.333333333
164086,82.0862068966
13602,92.6666666667
4737,347.916883117
6791,177.042105263
118126,254.625
2312,28.375
118122,41.125
118121,17.9333333333
177313,244.273809524
25665,219.463157895
177315,109.756097561
64879,156.745762712
165358,37.0
140541,70.9340659341
166482,11.25
166485,67.7735849057
63739,40.5217391304
10757,140.52027027
128581,265.455128205
161853,340.44966443
25283,71.6728971963
185645,28.0
28940,92.7619047619
22717,328.534825871
184064,349.741025641
138743,137.050632911
25119,14.5714285714
16705,362.39083558
179957,30.1875
25110,176.829268293
184149,19.9230769231
166733,43.7222222222
7993,149.375
140897,22.9230769231
141236,164.70212766
7991,10.6666666667
28998,84.0
63930,55.1875
2269,365.654761905
63936,368.449275362
116787,105.184782609
19570,264.99078341
7881,29.2631578947
63938,125.076923077
7882,77.2926829268
162254,19.0
8551,65.5714285714
20747,46.8666666667
124599,132.464285714
17035,269.83974359
2444,39.125
12379,11.4210526316
139804,126.362204724
2448,35.6296296296
63029,103.333333333
7866,42.2777777778
184994,102.9
186354,8.0
23697,61.9619047619
176068,11.0
24888,209.542372881
140982,13.5
8092,31.0
138608,252.297468354
2044,144.0
61587,86.4626865672
146659,145.083333333
138601,144.526315789
148414,187.313131313
4818,16.0833333333
163036,13.1428571429
148410,54.2727272727
185661,165.75
6379,28.3529411765
26021,140.13559322
64901,49.25
11124,113.355263158
12123,66.9481481481
124358,130.954545455
12124,172.340659341
10631,308.860215054
24204,58.5
176782,79.2777777778
10411,83.8076923077
162742,30.5454545455
11944,74.2
133346,114.024390244
63447,68.6777777778
165675,35.8260869565
121142,59.4117647059
160256,90.5569620253
160375,223.633093525
160255,110.775862069
63448,206.692307692
135965,131.818181818
16926,344.68
162560,362.740072202
8947,50.2285714286
22260,207.619047619
164416,38.0
125014,91.5789473684
16929,161.34939759
7260,33.9583333333
12234,123.964980545
63596,14.0
12236,87.2727272727
125531,264.05
16889,346.425339367
139025,179.552631579
180958,371.879478827
14624,68.9705882353
62646,353.431192661
179186,160.333333333
14623,113.504672897
148224,82.9024390244
3851,15.75
7922,79.1694915254
152049,224.694117647
186106,126.973262032
10565,57.0
125240,34.4418604651
3394,42.1
176268,101.778688525
24157,361.576576577
1995,131.673611111
10096,142.0
187406,39.9666666667
30416,372.038834951
182116,76.921875
178327,9.66666666667
182112,24.05
163610,60.0588235294
8838,115.466666667
138467,141.672268908
147303,275.098837209
147307,22.0
147305,15.2142857143
8832,21.8571428571
16671,183.055045872
164342,22.8
30328,236.158730159
138861,24.4666666667
29962,12.4
147750,70.75
30637,86.152173913
29964,6.0
28564,159.399014778
62088,55.6842105263
126417,133.192708333
24232,346.445977011
24233,262.35971223
24234,40.625
12945,97.5428571429
174222,34.5238095238
62245,336.102902375
183224,16.8888888889
175087,17.4285714286
157493,125.928571429
175083,364.059171598
13189,91.3571428571
137641,142.23880597
285536,63.1774193548
137642,258.978647687
175319,63.7777777778
63462,134.584158416
30259,49.5714285714
175646,351.777777778
156383,279.429347826
156384,238.232394366
29762,32.8571428571
1177,53.3333333333
25069,32.4444444444
1173,40.5833333333
30740,231.512987013
157921,78.25
13940,103.478873239
65376,283.192982456
31122,19.25
31692,353.007712082
23500,336.83143508
160719,124.592592593
5530,70.619047619
185618,107.761904762
5539,62.4782608696
162925,324.398467433
178851,164.61038961
22861,70.119047619
2061,75.84
178097,271.747081712
11161,14.25
14403,332.513812155
29108,149.134078212
178453,41.5333333333
29433,39.2222222222
8762,31.9230769231
29101,230.641975309
7183,116.71641791
7185,26.3333333333
7186,109.914285714
66161,356.613772455
8387,152.261904762
8386,8.0
61693,335.517699115
185269,148.939393939
127644,6.4
13839,190.714285714
191255,51.5714285714
12874,220.166666667
8549,138.074468085
65884,222.042253521
23616,105.06122449
8543,16.6666666667
8542,95.9166666667
6573,35.5
6574,31.5
162699,169.350877193
180193,250.790123457
61745,276.426470588
27760,24.0
61743,301.22173913
28180,68.0
130762,145.128712871
7694,262.925650558
144435,35.5833333333
7696,46.1818181818
143357,58.12
28749,122.92
111940,348.558583106
126600,97.4444444444
28216,262.245454545
28742,25.2666666667
174355,10.8
3835,17.4
63866,261.021201413
10884,22.8571428571
155394,11.3333333333
155393,158.834123223
4036,24.1538461538
1228,84.6428571429
60902,18.4705882353
60900,92.2162162162
177256,28.25
177257,145.379844961
177255,110.101449275
161040,48.32
12377,23.0
184442,163.890052356
11372,118.5
160448,71.5
24708,69.2285714286
141178,129.722772277
7525,97.5144927536
6532,129.210526316
160888,139.84057971
63490,132.480769231
25056,42.6875
16668,349.479518072
25726,30.1333333333
30861,37.7692307692
189567,114.545454545
12711,267.70411985
141339,91.7272727273
12719,34.5
184500,158.133333333
6781,171.045454545
64708,174.782608696
15417,103.326732673
23877,67.380952381
13619,233.968051118
6788,156.506666667
185006,10.5
4723,347.855297158
65643,126.61971831
65640,200.136094675
120048,44.32
177674,98.0
177677,24.7142857143
4340,143.536585366
11286,118.825
186290,350.851258581
3203,25.25
21118,212.445783133
177314,354.714987715
177108,28.25
177109,38.4285714286
148313,43.1724137931
16716,193.775700935
16245,344.237556561
16714,299.941176471
25434,42.8378378378
16710,144.746835443
25124,33.0535714286
29264,75.0344827586
2271,25.6
2270,80.8846153846
14169,209.185185185
65971,360.093333333
16845,330.758909853
166583,281.428571429
120359,124.106382979
63907,98.962962963
166230,19.4166666667
9248,73.303030303
65467,347.714285714
133871,263.559259259
20779,128.50990099
63057,112.552083333
9538,39.4
141846,252.753205128
113093,343.425675676
9242,64.1025641026
174393,16.2222222222
176070,154.085106383
153128,38.5454545455
65515,285.233716475
138613,117.360655738
11012,28.5714285714
13289,367.309455587
13288,288.115384615
17534,338.289672544
24890,78.8333333333
12403,71.141025641
158414,364.149295775
180658,76.6538461538
2052,163.772727273
146648,207.925925926
4826,215.309090909
61839,140.768292683
13440,108.535211268
7982,328.788659794
64930,377.862745098
26038,140.3
7985,36.0
64934,64.4285714286
26037,57.25
24096,75.2941176471
10156,113.5
10405,29.487804878
62472,334.986425339
10407,86.28125
29151,21.4444444444
24099,49.2258064516
161852,103.4
10390,17.75
64334,262.7
124434,89.4285714286
147849,83.8666666667
27965,134.140186916
179298,366.187845304
27960,11.875
149683,28.25
24291,44.0681818182
1979,57.6666666667
14898,13.3333333333
176670,236.581395349
18844,16.0
150477,59.3333333333
14891,22.7333333333
164404,6.0
3594,147.203947368
6216,23.7777777778
63874,75.0744680851
6213,226.514285714
148531,29.28
3082,336.291479821
15708,260.732142857
14650,112.85840708
9299,16.375
62654,362.99025974
62655,33.0
179624,24.3333333333
179621,41.7073170732
62897,48.1666666667
62895,353.577777778
3231,346.578163772
1968,23.0
164572,169.119047619
3238,347.43956044
175523,90.75
1611,37.0
61398,130.505
179534,59.2272727273
165856,11.3333333333
12956,174.086956522
2870,94.5294117647
12950,26.4
179058,17.6
142748,54.8333333333
160661,56.625
160667,367.013157895
27810,256.772058824
122394,83.0796460177
160668,259.52398524
3358,102.155555556
164756,149.325581395
164755,54.75
174236,52.0862068966
5442,222.75
7065,85.68
7063,76.1714285714
13174,31.2857142857
147204,115.656716418
30539,187.224806202
147208,159.474860335
29804,71.3823529412
64997,11.75
264509,162.456790123
12482,142.208333333
12485,50.0909090909
15459,13.0
132482,92.8043478261
8151,153.873786408
178868,108.456521739
179841,110.0
179840,249.840490798
179843,173.149425287
184057,133.131578947
178862,135.544117647
178863,138.19047619
178865,106.927272727
24396,85.0882352941
1545,120.256410256
11115,194.452830189
4678,361.084398977
14477,63.8571428571
183528,188.611111111
66379,19.75
166639,36.8260869565
144640,12.1666666667
66371,9.0
148950,26.5454545455
31751,70.5294117647
31752,94.25
109186,102.140350877
31576,364.145604396
66155,274.621399177
185276,86.2857142857
30222,350.049350649
127383,15.0
66158,357.908587258
61685,116.487804878
8539,102.028571429
27776,56.4444444444
160471,20.5714285714
160474,25.7878787879
12824,60.2
12825,37.4285714286
190959,105.189873418
7883,92.775862069
15291,146.689655172
133825,122.0
61759,155.235294118
66085,331.822064057
14503,26.5
6565,111.571428571
28206,139.791304348
29607,91.7916666667
7685,75.2666666667
5475,94.1
7682,117.171428571
28733,137.406593407
1380,144.672727273
1382,14.125
29609,26.7142857143
10332,70.3823529412
160989,57.28
180145,85.2857142857
64356,136.783783784
10420,142.2625
177924,166.125
161056,29.3846153846
161055,86.0909090909
8440,158.253588517
24316,19.5
109079,39.0
11566,51.1666666667
144356,17.4705882353
13990,59.1818181818
9258,60.8965517241
160505,132.485981308
115876,353.593406593
160503,66.5555555556
60931,47.4583333333
11361,36.8333333333
61356,102.476744186
61350,144.080645161
62516,38.75
126496,98.2711864407
129840,87.8571428571
28648,64.15
65218,245.529147982
9899,101.75
19355,335.764044944
19605,272.441860465
25737,59.7111111111
147183,42.6296296296
63847,17.0
114698,122.215384615
65180,72.7
30877,44.2
184514,116.983606557
185018,93.4375
64857,265.200704225
64850,30.25
64851,64.7446808511
64853,122.045714286
6774,32.9705882353
145367,103.705882353
140529,70.125
10981,41.3
10983,32.0
117901,323.3556231
5870,104.693548387
65850,24.0
117902,27.6315789474
65676,78.925
60801,135.93495935
11291,71.1951219512
11296,119.151898734
9969,253.948051948
65671,29.85
25236,345.972540046
177111,105.085714286
177110,255.123376623
177112,263.440972222
186288,124.518518519
16401,140.393162393
25138,126.4375
64103,133.279411765
65459,1.66666666667
158563,252.079113924
4632,263.24
184604,134.978723404
13526,124.333333333
260779,80.7818181818
19911,27.5
16721,49.71875
149268,155.419047619
64584,353.915662651
11748,30.8571428571
165934,254.635416667
63919,111.855670103
11584,53.619047619
161909,303.814814815
28195,106.764705882
11580,29.7380952381
63338,47.84
166593,114.438356164
25312,49.875
166591,270.488549618
179084,105.345323741
65630,71.8260869565
6008,138.069148936
138662,266.448529412
121382,57.625
121381,370.557142857
7849,111.681818182
16832,263.465277778
260893,97.7
63687,342.074324324
153130,229.180327869
64030,20.2727272727
4839,22.48
6357,26.2
16790,244.588235294
141459,67.1111111111
162585,256.11589404
4523,78.2763157895
13453,222.855670103
185646,83.7727272727
6194,163.10982659
6196,62.7058823529
64929,274.142857143
162349,370.870535714
162346,87.8
64925,148.344086022
11636,111.032258065
140983,356.691747573
26045,65.8
9346,192.36440678
9611,75.5
13657,89.9090909091
9619,27.0
13184,267.415730337
64327,275.588607595
3532,78.1578947368
175404,21.875
22815,128.484848485
10364,150.326530612
160272,252.292207792
2049,34.6144578313
5050,44.1666666667
20653,156.569306931
135788,154.122641509
151928,97.4285714286
9411,27.5
7203,25.8
116104,71.7572815534
7205,132.709677419
6223,11.0909090909
63863,12.5
12216,136.173076923
12215,132.487179487
162160,109.511111111
21743,127.857142857
160183,35.5
160181,296.5
18549,148.4375
178015,84.6666666667
264708,79.0
4476,126.933962264
9761,13.6
14084,24.0666666667
186129,104.654320988
148390,129.37804878
62317,128.477777778
122015,356.306701031
10504,62.8888888889
13071,65.0
24171,89.9047619048
164506,15.0
179299,50.6595744681
7331,70.75
18364,36.75
1976,41.4
1602,258.296296296
3221,109.9
176229,264.705426357
175533,258.966442953
6375,29.7
147988,4.0
8858,93.4807692308
2163,46.2619047619
62797,57.5151515152
163946,150.568
138402,136.552380952
133328,251.138801262
8850,30.0
123720,348.395522388
12926,78.4054054054
178676,78.5454545455
14418,25.5
30188,348.717761557
187722,111.707692308
14269,8.0
10213,94.5
10187,344.055555556
184046,257.875
149477,29.6315789474
1773,91.6833333333
62221,22.0
129438,8.0
178973,10.5
112111,28.3333333333
112112,350.117924528
24731,100.302083333
181036,9.33333333333
8148,101.82
178870,160.237113402
6994,4.0
6995,68.2195121951
184281,27.2857142857
8633,131.666666667
61418,57.4
30293,116.25
5518,32.8571428571
28022,351.526760563
2807,60.0263157895
24547,343.240223464
19428,346.683602771
30298,85.5526315789
108449,290.701298701
184040,168.967741935
162906,65.375
162907,136.453416149
106418,152.00877193
64223,29.2857142857
66366,254.352941176
1554,18.0
183554,63.76
10386,71.25
28340,94.0
2991,133.435897436
3036,117.5
183559,28.0
66368,110.769230769
3031,110.927927928
187653,263.165217391
31587,72.1166666667
174118,182.585365854
29900,89.5223880597
30614,12.0
30612,51.0212765957
31748,128.685185185
31744,336.157327586
31214,22.5
31743,127.305164319
30618,61.8333333333
178704,75.1857142857
31564,121.464285714
66148,218.0
126718,85.7
31560,30.3
163983,23.08
118795,161.186528497
10380,49.8333333333
163987,87.9464285714
144567,330.52688172
25896,62.9672131148
9999,124.571428571
17724,348.671755725
12589,52.7142857143
177871,89.9772727273
29129,25.3529411765
178493,81.0707070707
178492,362.466666667
12850,46.1
12581,42.4285714286
28347,92.5
5608,28.36
29901,3.0
25964,22.4444444444
212340,264.105633803
174119,34.25
66098,362.249363868
15092,46.7674418605
151161,39.4
15027,16.7272727273
161120,24.4
183879,255.147909968
105538,250.107843137
111965,260.579310345
29634,88.7
1397,43.0
9325,29.4
1393,8.0
1974,23.25
183606,210.212765957
3813,64.6875
127282,77.0869565217
181104,93.0131578947
22650,25.2105263158
183603,260.939849624
3814,142.892857143
160991,93.9285714286
110566,5.0
180150,24.0
23253,271.094017094
23252,67.3142857143
8455,109.641975309
184465,253.893203883
109084,18.25
23898,133.752941176
15337,26.2857142857
15331,99.34
176701,43.9166666667
184263,73.86
165742,260.948339483
13200,107.259259259
185396,66.9210526316
12458,7.0
178848,241.736842105
174115,336.163701068
61321,131.857142857
7549,26.3333333333
61325,56.3333333333
31368,368.290140845
65872,257.884210526
28296,166.592178771
31567,35.6666666667
16641,128.956521739
164411,257.117154812
154595,260.851351351
8030,47.4666666667
64821,117.387096774
178703,80.8095238095
166458,152.550847458
6768,73.4838709677
23810,34.0909090909
4740,130.764150943
166451,36.6470588235
189491,32.3529411765
24617,32.6
24610,104.565217391
157074,158.981042654
180395,21.6666666667
150562,98.5833333333
25633,296.931192661
25632,143.222222222
5862,16.25
25140,353.369668246
65444,331.387820513
177127,135.023529412
111491,47.0833333333
64132,276.333333333
260408,75.6666666667
64130,31.6666666667
124634,272.618421053
64135,32.0714285714
184673,45.1666666667
184676,111.714285714
22729,20.6666666667
4608,32.1428571429
2184,61.3333333333
4605,98.0753424658
4600,30.5652173913
13510,80.0319148936
177872,109.954545455
138126,268.355072464
158354,317.699386503
178494,70.8181818182
8579,73.2058823529
142462,209.739726027
5606,130.5
153728,132.580645161
165924,83.3333333333
137611,63.0
64626,63.2
166213,72.9166666667
121974,351.975609756
6130,125.704225352
5600,18.5
254399,268.377880184
124254,14.2941176471
64004,250.210526316
65406,54.347826087
64550,17.4
64552,157.571428571
161897,51.5294117647
15347,58.4166666667
2436,71.0740740741
2435,41.4285714286
140761,13.5
16821,310.549132948
116772,42.8888888889
185654,160.035
16824,359.504
3761,141.376068376
65532,345.164596273
61811,21.6
141469,193.87755102
25095,265.462686567
6346,37.0
4510,9.6
62640,45.9090909091
184702,146.0
4517,115.393258427
184700,65.3333333333
11649,72.4333333333
119493,144.233695652
162354,117.80952381
17195,356.5995086
2504,109.416666667
11644,57.6086956522
141913,45.4444444444
162576,355.405541562
9355,42.5
9359,42.09375
5284,33.25
17173,358.214285714
21241,14.6666666667
5047,18.5
5046,39.5405405405
10374,130.350877193
63417,79.85
63789,267.469924812
3785,141.8125
63781,335.648910412
16910,216.366197183
163771,44.625
163772,142.923076923
2019,344.649180328
105346,134.272727273
6239,139.825
10777,33.1428571429
4990,63.1504424779
10567,25.6666666667
12206,65.5897435897
141001,83.2222222222
12200,16.5
160742,21.6
63892,44.2105263158
125276,137.059259259
125274,141.880952381
164680,24.0
186139,145.195652174
10519,33.5263157895
9778,38.0
9774,69.1
9777,25.5862068966
29353,63.0
62302,69.0
121759,49.3333333333
8867,142.597402597
8864,99.5306122449
179288,46.4583333333
9289,37.5
176235,56.3333333333
182383,268.046153846
9284,60.7674418605
176239,325.764367816
175503,28.7083333333
63099,113.285714286
19150,352.707070707
162770,252.171428571
146119,115.714285714
11914,167.2
146114,185.083333333
2859,149.993055556
264418,339.268292683
264414,263.213768116
264416,90.4666666667
175263,349.784615385
162825,366.094736842
2856,85.65
14219,339.030634573
3336,41.3684210526
10200,137.5
108693,19.0
187714,52.1666666667
160684,99.2549019608
162385,59.0833333333
175342,16.0
29755,58.4444444444
10195,22.6666666667
1704,107.134920635
29751,40.8
10190,42.9787234043
61971,81.6666666667
174744,67.2068965517
14182,59.1538461538
62236,247.226851852
10198,33.3333333333
14186,255.854460094
15855,122.641025641
112101,278.621052632
29282,328.840707965
184885,76.0
176523,60.8947368421
178803,65.6428571429
178806,42.2857142857
146607,357.711392405
30990,339.918088737
1121,164.143835616
8606,67.2631578947
147349,121.315789474
8605,154.660714286
14324,132.41025641
106404,344.026490066
25880,32.0
25882,257.719211823
184070,5.0
160912,33.9375
15101,298.117834395
29131,15.3636363636
17982,278.31147541
29133,61.0625
24379,362.245989305
24378,53.3888888889
186715,49.3571428571
186714,44.5
3650,23.3448275862
3024,254.662921348
2986,114.475609756
174108,35.3333333333
157354,21.0909090909
29910,107.0
137230,279.411764706
137943,24.8095238095
30354,106.262135922
160990,87.5416666667
8734,156.096153846
183388,263.414634146
31775,93.8571428571
175983,59.5
1234,233.360465116
8515,41.75
1230,21.875
4199,29.2321428571
180635,97.9565217391
126721,83.4810126582
4194,26.25
12598,28.9714285714
4193,98.0144927536
175966,265.853571429
5671,34.3571428571
192856,271.446969697
137874,106.761904762
12840,69.0
4351,83.0434782609
4352,37.4285714286
28717,98.7027027027
8457,108.039215686
6509,119.25
145977,77.7735849057
31489,332.944444444
31488,128.916230366
145979,20.4230769231
31170,25.9736842105
174567,15.125
66228,163.117977528
23062,66.0967741935
139665,353.103448276
111976,223.375
24283,24.2272727273
180363,257.364238411
29621,94.4090909091
64690,28.1666666667
163887,72.7368421053
61028,56.5714285714
183612,6.0
3807,270.165289256
3806,34.1428571429
8463,22.4117647059
143689,100.64
11340,113.168674699
11669,78.5283018868
11343,62.8285714286
23714,47.1219512195
13561,281.536082474
111779,273.789855072
110685,44.5555555556
108306,296.62992126
6435,16.3333333333
12445,30.4285714286
6433,23.0
5709,48.75
184256,270.984962406
12441,73.421875
184258,25.0
185380,84.5454545455
8199,146.593333333
177267,117.901408451
177264,125.941176471
13714,34.3617021277
110179,102.836363636
177465,8.8
61338,5.16666666667
140033,150.496350365
65417,45.4615384615
31392,76.9
177287,267.649056604
109926,74.98
185119,33.9130434783
165798,143.739583333
64156,53.775
13646,54.5714285714
28866,348.752475248
4771,43.5
13988,322.266055046
137704,137.086538462
165640,62.1428571429
23809,68.0128205128
3062,82.2083333333
24843,265.816176471
165649,151.393162393
166443,18.1666666667
62967,70.625
65838,273.608974359
24620,22.4137931034
65831,70.2051282051
25623,272.304347826
4418,254.119047619
25627,152.75
154039,151.049019608
25405,44.9333333333
25406,37.0
12788,92.8
16748,210.049689441
24975,144.063380282
165746,23.0
184660,254.668571429
12053,122.513513514
130200,55.1
266315,93.2857142857
25396,106.6
183945,241.292035398
141278,145.067114094
158587,338.505976096
13505,88.5555555556
183942,45.4285714286
28769,140.728571429
161924,355.730769231
160207,82.3725490196
12691,209.942307692
151630,267.701492537
2222,266.778571429
2220,92.243902439
272699,39.375
177734,12.5
65235,132.228571429
165264,343.948717949
151632,160.359223301
10832,302.379807692
64630,47.9583333333
177739,151.634482759
150139,80.5517241379
64637,138.796116505
62243,243.041322314
10305,16.5714285714
63927,70.8
18241,233.091891892
64549,25.4705882353
65548,281.630252101
185620,278.653061224
62169,283.710526316
19807,19.0
25579,195.975
185624,15.9333333333
30277,72.7042253521
63667,87.4137931034
147638,66.1428571429
25570,339.878651685
25572,20.0
7824,151.260162602
26067,352.150462963
117868,349.916859122
166061,161.585227273
124394,108.7
25088,25.0
26061,55.9722222222
117161,348.669135802
184715,113.884892086
61732,59.5135135135
184717,30.1111111111
16698,216.852348993
2086,241.993288591
26069,150.924528302
161813,38.125
3342,37.3571428571
2538,16.8666666667
27794,114.441441441
161814,67.027027027
64942,46.3
148932,135.916666667
2536,83.9117647059
11657,59.0769230769
153028,65.3939393939
160213,137.820359281
17762,335.391089109
160211,38.08
160216,113.880952381
29968,28.7948717949
160214,158.365384615
174147,30.4285714286
107446,114.631578947
11178,62.95
105574,260.62244898
8987,61.6666666667
7951,66.0625
149070,163.92
64304,79.3875
5073,24.0666666667
64306,97.8461538462
5071,26.6071428571
64302,106.1
63405,255.851724138
63799,350.094488189
1837,125.028169014
185824,356.038793103
63790,252.208722741
185827,354.091334895
185532,144.092307692
185821,145.538461538
116166,43.0833333333
2154,13.4166666667
113530,21.875
122921,111.698630137
2150,31.1111111111
2403,264.422222222
4145,122.028571429
4988,50.5454545455
10740,101.647058824
20904,186.348837209
183920,73.2207792208
186180,175.25
18560,27.9130434783
62686,45.5
65610,225.51552795
1951,253.442176871
160329,103.640449438
152249,155.268292683
62330,41.95
30255,258.508305648
63538,347.443946188
61900,121.666666667
8873,139.717391304
10692,32.1176470588
61903,142.96875
63080,130.712328767
7315,231.285714286
164663,90.6
24113,38.0256410256
13092,41.9047619048
3246,31.2666666667
11903,13.8888888889
11032,122.651515152
179739,161.787564767
136648,48.3333333333
179077,127.425531915
176954,56.5238095238
12909,147.770491803
30161,161.357142857
112007,376.792857143
179700,20.8823529412
1820,61.6666666667
62755,312.643097643
9016,33.7619047619
62204,174.606060606
7034,84.3
10236,22.0714285714
10235,79.0377358491
63986,107.795454545
5496,18.6363636364
5492,72.5238095238
27823,248.0
5252,23.5098039216
1712,168.493055556
5250,41.8695652174
157217,59.5806451613
5256,24.5555555556
21503,202.824561404
156613,103.418367347
31881,97.0625
63337,121.25
157218,46.0192307692
13498,17.375
156614,27.0
13710,55.8285714286
176558,144.677631579
12140,127.112676056
3157,116.977011494
176556,152.820512821
178811,294.149253731
119316,12.5
119314,28.8
178814,144.097560976
183283,196.29787234
30647,361.734417344
6315,272.689795918
184068,82.7037037037
179818,150.142857143
179819,22.0
28410,31.9444444444
174485,96.7
179817,14.0
7781,82.9473684211
31764,277.059782609
122211,53.7142857143
122212,22.625
62110,268.373493976
178995,21.9090909091
7146,28.3
10999,93.2291666667
183570,76.6764705882
29382,74.701754386
164652,61.2666666667
29386,117.807881773
147340,120.636363636
29435,84.0
183377,145.902912621
29389,168.540540541
1004,26.3103448276
143640,57.7272727273
114880,224.695121951
184392,348.841463415
183593,258.290102389
28380,221.8671875
110760,111.64516129
4186,7.33333333333
30384,161.196808511
179925,119.44
5667,136.189873418
147708,16.0
165123,32.2
10991,73.1785714286
175978,244.845528455
4341,25.75
118577,208.722222222
180711,125.582417582
28704,20.962962963
2884,71.3265306122
189490,40.2105263158
14535,32.0
2888,47.96
11017,36.3571428571
25980,14.4
174390,237.483050847
150201,132.050420168
8611,103.0625
24293,20.7777777778
126136,104.181818182
22632,259.846153846
62016,49.1
163893,27.4
6547,104.711538462
145701,179.342857143
5783,32.15
144383,6.66666666667
66059,74.75
30067,107.886178862
26520,94.5
8479,25.0
8475,61.1290322581
184487,246.51
161000,143.314285714
7566,40.8717948718
157117,71.6111111111
12471,41.75
150838,72.52
177921,53.5384615385
150837,161.182352941
12478,26.3235294118
119173,86.3414634146
177925,23.2
184241,79.2631578947
61490,250.391025641
155616,67.625
61655,276.977973568
28675,68.4166666667
61656,112.260869565
66438,15.3333333333
61302,128.421875
31381,100.0
3905,32.3636363636
145636,367.113268608
11228,79.5
165785,40.8235294118
180229,30.5
180228,248.434042553
127179,14.6666666667
28877,20.1111111111
6742,306.494809689
177124,169.674418605
165652,148.829411765
120774,133.91959799
163948,27.1111111111
185289,270.651452282
140043,346.867346939
140042,253.281954887
3278,15.875
9954,45.7777777778
181445,10.8461538462
7368,71.0
64794,376.521311475
186683,144.274647887
25167,80.8421052632
25166,125.625
157954,258.251655629
63138,108.689655172
181269,105.414285714
174136,262.685121107
32280,30.4285714286
16597,144.042372881
17168,326.577083333
166789,3.0
183974,121.39
184652,143.328571429
133767,63.6666666667
161952,264.607594937
161953,64.8888888889
174135,47.88
133764,368.387096774
12689,38.5
11796,15.2857142857
2237,272.748837209
65220,166.486187845
186898,164.742857143
176760,18.0769230769
65226,108.353741497
158737,4.0
65228,368.784090909
65229,194.863636364
175111,117.0
65958,229.061452514
186893,148.56097561
12189,39.0
3497,229.922535211
20847,61.9636363636
25509,73.3
186874,335.939914163
1633,91.0555555556
120193,352.487864078
13406,29.3333333333
65552,155.0
4579,25.2222222222
63651,104.411764706
19817,234.047169811
65556,220.211009174
65554,100.054054054
26071,273.833887043
16188,101.032258065
16689,350.049479167
61870,103.882352941
30651,31.1818181818
16681,340.489082969
64979,349.058394161
11465,47.96875
24965,125.197368421
4494,52.5294117647
25389,15.3636363636
11462,27.34375
65689,328.3875
134932,117.430232558
27920,258.951557093
27925,127.658536585
160204,250.309597523
162559,62.875
10353,39.1428571429
162557,332.842217484
27928,94.3673469388
135425,200.229166667
9372,193.414893617
62922,71.5769230769
4885,324.247619048
62921,266.811320755
17151,226.234513274
17150,359.263975155
102696,137.657894737
158743,21.3125
158742,67.8666666667
9173,58.75
9171,94.9402985075
10685,37.0
182387,93.5421686747
25186,79.0361445783
25181,15.2
25180,27.3333333333
186276,165.370786517
186278,32.6428571429
186279,347.473684211
185836,245.456521739
1823,25.8461538462
190567,235.606557377
149379,10.6
12262,27.1176470588
105365,69.6666666667
6266,226.732142857
12266,31.2121212121
4973,133.769230769
10530,88.3333333333
5395,103.0
122841,122.14084507
6110,226.017391304
176275,281.927710843
6308,30.8
11805,114.823529412
1920,20.3333333333
11300,19.0
63501,329.9375
3275,153.8
1926,67.1369863014
4225,15.0
29164,118.981132075
148350,45.75
160331,160.336448598
9715,140.088709677
157118,114.308411215
146137,134.95
185703,84.0549450549
124046,85.8148148148
116029,146.117241379
7366,173.569892473
65886,87.4090909091
6829,43.6
176725,320.101694915
176726,6.0
112876,150.452488688
161798,367.370481928
161072,53.8888888889
30175,66.756097561
133468,250.323899371
30170,120.434065934
12915,102.19047619
7022,30.74
62213,150.666666667
62217,110.444444444
3310,120.911111111
147453,18.5384615385
10221,160.597222222
20029,341.652892562
29733,127.265625
140194,157.518181818
9393,192.725
184287,320.10106383
1728,52.7
186084,178.880434783
5581,82.5806451613
1722,47.8235294118
180822,46.1875
176899,159.888349515
4383,114.318181818
62745,15.5555555556
179666,103.205479452
176540,163.318181818
175163,270.436363636
176595,98.8148148148
147175,171.045454545
178538,12.3333333333
178539,108.267857143
115121,354.538823529
30710,125.478873239
30714,107.2
178531,246.093939394
7799,44.4193548387
174490,113.761904762
3007,41.6333333333
18358,353.980906921
28629,91.6262626263
14304,126.142857143
14309,67.5714285714
66504,284.184834123
3144,43.0952380952
174647,249.044334975
189860,368.457386364
186437,58.2222222222
174169,116.022727273
24352,117.239316239
126036,45.8181818182
24350,91.0
143356,303.01910828
4409,264.579335793
140044,263.823943662
144437,133.864197531
153813,132.979166667
142251,192.85
29930,15.25
183366,67.7777777778
29392,20.5
7691,42.3076923077
30006,103.129032258
66686,149.28
188155,55.1111111111
183581,3.66666666667
29613,286.052910053
8068,83.5510204082
178752,217.983606557
66235,348.096846847
145552,59.2
143421,231.75
62667,71.85
8060,66.4
7486,41.5714285714
7481,65.0
132518,131.04
6529,134.711656442
24032,61.661971831
8266,22.25
150937,144.298701299
30398,125.148148148
133869,92.3229813665
133868,265.114624506
174389,105.0
29734,3.0
11060,64.9838709677
11065,25.6875
23002,154.841860465
1104,31.0
156153,136.892473118
31629,44.0
156155,57.1333333333
156156,369.253623188
156157,359.918604651
183101,248.070336391
254096,248.330909091
17890,34.5714285714
25946,79.6779661017
174541,46.4444444444
66061,9.125
114524,74.1707317073
129823,30.0
66065,4.5
4087,18.3076923077
3863,44.3333333333
183636,60.5909090909
144396,40.2222222222
66592,10.5
160541,249.647887324
66597,251.257142857
177930,152.767123288
161013,97.3913043478
61448,259.484536082
23220,32.8709677419
160549,54.9047619048
23226,88.0625
16981,327.457380457
23224,50.5555555556
161014,354.695538058
160785,25.4285714286
184239,99.1764705882
160781,249.916666667
19137,352.566513761
5723,39.5
160838,65.303030303
6416,45.5833333333
6410,23.4615384615
61487,352.251231527
148170,262.621722846
27828,152.065217391
7772,138.373493976
66446,51.1666666667
180030,54.2727272727
144559,137.25
144809,108.066666667
2136,113.269662921
60992,74.56
117768,142.896551724
14938,140.115789474
6733,72.6734693878
166460,78.0476190476
137131,218.081081081
162457,298.506666667
8087,23.75
4156,13.8333333333
61815,359.831658291
11259,53.3461538462
60846,131.450236967
163930,51.5
140073,116.761904762
163935,157.421686747
61004,97.4285714286
165468,12.3333333333
110533,27.3103448276
165466,154.589285714
9921,22.125
165465,349.758949881
28119,111.280373832
28118,62.0350877193
19262,268.005102041
162459,156.201877934
64784,349.228971963
22772,48.85
141460,257.784313725
65491,109.293233083
25173,353.076923077
16763,356.578947368
164364,356.976804124
61726,143.454545455
145049,72.4576271186
141462,269.864864865
145042,75.9285714286
12075,48.8888888889
145041,75.0862068966
145046,65.25
119574,129.511848341
140672,265.971119134
161942,334.796992481
6649,36.0
31843,147.063157895
31846,40.6857142857
10813,47.6111111111
5903,132.435483871
165209,132.041666667
65967,97.8181818182
10816,25.0
25774,93.5925925926
185908,262.636363636
150481,39.6818181818
19318,393.359090909
184449,86.32
110164,351.940758294
63640,33.0
63643,79.0307692308
24825,103.827586207
184157,30.1111111111
12559,29.6666666667
11099,82.4
65765,19.0
184735,129.255813953
4560,77.9459459459
109826,109.791666667
3647,8.33333333333
148476,72.0192307692
164369,96.2962962963
148470,36.641025641
11670,74.1666666667
117141,347.0
11672,78.186440678
64480,98.3430656934
2555,44.75
2556,69.0588235294
28460,147.967741935
2558,225.921052632
141389,125.56097561
165845,70.25
165846,165.95
24912,55.0
2393,23.4736842105
2390,23.7272727273
28967,346.765853659
12785,13.4
141384,155.733333333
27932,193.81372549
62919,337.412698413
11376,31.0
27936,81.9827586207
27937,75.8681318681
5018,26.2222222222
2771,33.6470588235
27938,73.9565217391
27939,270.461538462
160232,137.641860465
160233,317.262247839
2802,24.7333333333
24021,175.892857143
17148,333.705376344
25201,246.333333333
17145,361.835475578
7977,137.666666667
7970,132.134453782
16785,334.972399151
116387,110.208333333
16781,351.577464789
12252,267.423076923
12250,257.142857143
176404,91.6095238095
118223,80.2
6268,16.75
185517,128.755395683
119594,134.391304348
6066,100.715447154
125601,48.5263157895
2176,149.0
125604,21.0
17095,350.872395833
30016,58.0
7526,232.548387097
122902,128.435028249
2606,29.5789473684
24463,27.56
174160,262.85915493
14822,233.322147651
14820,327.04
113269,122.164835165
9728,26.4705882353
62826,254.378640777
61574,48.6153846154
10787,40.0
62592,267.611320755
62590,76.3661971831
10035,329.835365854
5125,46.6666666667
10789,176.0
10030,32.2857142857
64218,374.495176849
1794,28.0714285714
146140,97.9139784946
61069,94.8762376238
62263,252.903846154
25079,23.3636363636
8898,333.322485207
147639,18.1052631579
8892,110.5
3469,164.212435233
177882,71.8285714286
11929,255.183098592
12321,34.5714285714
186087,162.26744186
31718,352.62
64891,67.2181818182
11923,152.791366906
11925,161.03875969
141720,153.515418502
14954,5.0
7154,41.8
22829,42.7647058824
30490,99.7755102041
30495,128.547826087
30146,44.9523809524
20338,21.2
62553,120.918367347
25357,71.9240506329
13794,263.766666667
142391,157.395833333
29097,140.957142857
108664,347.083333333
1585,6.25
186671,159.945945946
27845,278.028409091
29921,38.5
24005,156.059907834
164255,43.8181818182
18699,124.413793103
9216,103.0
29705,101.583333333
143283,35.8333333333
5234,33.5789473684
175376,75.9375
30540,155.7
164494,24.8
158791,135.15
176375,266.272108844
137024,154.809248555
15803,258.33442623
11819,295.926829268
176378,15.4
15153,355.754098361
29894,25.8333333333
179342,69.3245614035
179831,160.830917874
184009,189.884615385
137373,30.3888888889
162941,168.951219512
109930,10.75
178834,345.163551402
24344,246.879518072
3071,354.948051948
28477,81.275862069
14311,17.6
29274,84.2307692308
2953,68.5
31702,346.275071633
31703,352.183206107
111000,65.3417721519
17795,305.44
18732,286.556338028
5342,25.4285714286
7163,36.0
126020,113.666666667
143668,145.411764706
178633,75.515625
62107,30.1428571429
183352,86.7142857143
137573,69.9270833333
30032,141.216494845
4367,54.71875
1209,41.7575757576
30007,268.654275093
12895,21.6875
29466,355.046683047
31521,296.555555556
23107,350.283018868
1210,18.3333333333
144010,17.9285714286
164109,162.408163265
18037,262.921348315
162733,137.972222222
175955,113.710526316
3424,70.8072289157
175953,133.553846154
8272,124.162162162
183580,356.389684814
28278,277.256809339
2002,360.805263158
66210,365.303797468
186451,97.4392523364
22817,83.0
7911,9.5
3107,113.025
162894,139.277777778
30727,168.0
12868,60.320754717
175007,17.375
175006,135.479166667
1117,45.5714285714
8493,187.987804878
114956,350.052631579
174531,120.735483871
174024,348.432432432
175008,251.821875
1449,283.591304348
31147,121.888888889
4093,106.196969697
4091,37.7307692308
4090,70.7244897959
13786,255.665584416
31453,101.173076923
4094,353.103448276
185194,40.64
185195,79.358974359
22612,89.0588235294
6333,247.299319728
185190,74.1846153846
185193,91.6666666667
23587,29.0
177943,75.5357142857
12658,34.0
66588,236.148809524
177944,328.384449244
177945,162.773480663
66586,82.8813559322
111721,376.455445545
11313,78.7727272727
19129,109.688311688
160797,128.144067797
107325,359.115196078
6461,92.6823529412
160798,63.358490566
19124,346.675
180029,24.25
187039,60.48
7741,59.7021276596
61673,247.652307692
61676,124.223214286
174449,339.231481481
22500,24.8333333333
150258,114.644067797
60983,334.286231884
8264,82.1851851852
8304,42.0
166414,269.848484848
6528,71.9230769231
28853,139.471014493
61581,8.75
61585,348.519450801
61584,74.9777777778
155225,34.8125
61586,366.466442953
163921,142.23566879
163920,371.125748503
160196,24.9166666667
163927,127.153846154
11264,59.95
65021,119.803278689
65026,61.0526315789
177895,72.9285714286
177896,147.630630631
160488,252.939285714
110529,144.362831858
180118,17.75
22761,42.6875
165691,10.9
165699,159.028708134
16775,302.648044693
16777,288.167701863
128978,29.4375
158313,357.862416107
110250,348.631205674
25340,109.794117647
12065,32.0
6097,10.0
185177,81.3666666667
63511,347.575963719
61285,75.4285714286
12669,72.7692307692
121934,161.43814433
6653,95.9166666667
63527,103.25
61562,100.382978723
177099,128.148148148
107817,259.541284404
19305,19.0
25749,16.7777777778
25747,103.458333333
127797,347.566350711
25745,153.0
64844,37.5217391304
165215,260.010204082
10801,142.945205479
65796,340.968831169
120358,68.25
161996,347.844282238
161997,41.6875
63639,362.208333333
24837,167.3125
64515,260.600671141
184742,158.943181818
266214,285.562091503
185619,246.791044776
266216,362.369863014
65772,48.4166666667
6326,27.5555555556
65771,55.0
183826,371.846416382
19873,333.066371681
184748,10.0
175055,50.3333333333
183822,296.595238095
13421,148.070422535
21061,284.210762332
2547,172.106796117
139526,142.583333333
11687,349.201149425
153895,341.629290618
114608,51.5925925926
29942,31.2352941176
11440,72.2121212121
11446,16.0
65483,252.305084746
3556,61.0
23006,197.865979381
64175,7.0
186989,145.633333333
12796,347.042253521
65587,26.0
25007,26.25
9155,53.8611111111
3581,126.75
160228,94.1066666667
64423,98.7133333333
175509,100.967741935
128663,263.865168539
27906,20.0
177697,21.5
140938,345.218678815
160225,59.4761904762
2285,36.6875
64194,351.349168646
1949,184.983870968
260774,52.0
16955,259.274611399
64193,360.232240437
25234,77.7821782178
17131,180.165048544
176237,260.397993311
143974,74.4
17132,373.190769231
64199,362.161290323
7906,46.8541666667
17136,356.02739726
125580,362.60916442
61925,25.0
114748,26.6666666667
4423,39.6315789474
4622,22.0952380952
137371,9.0
166747,365.266081871
111179,241.467213115
148391,72.89
162404,176.214876033
162401,26.2608695652
122916,39.65
122915,162.8
6078,34.875
2615,123.444444444
176238,49.35
12964,66.375
163926,350.087155963
7346,140.75
135844,43.4736842105
66060,241.906976744
29875,86.9069767442
7343,136.304
25430,63.1555555556
1906,29.7
10795,15.0
63291,31.0
64228,358.175066313
186845,160.936585366
10793,22.6666666667
149738,63.0
120824,39.0
179003,352.519788918
176703,357.191066998
143910,335.703703704
146156,177.847457627
163685,25.0833333333
163680,199.43373494
163681,362.234828496
112254,270.545454545
28608,90.0256410256
185980,100.574074074
12338,139.9
135990,147.602739726
184961,273.572016461
138122,259.266666667
27875,96.66
112819,47.375
176963,267.194968553
163668,17.2
163669,112.424242424
121662,70.8292682927
29082,98.4390243902
10247,45.0555555556
9023,87.0
164155,159.4
30558,25.6666666667
12815,73.2666666667
5229,28.3939393939
176567,151.772727273
185209,353.364705882
29246,359.545205479
186061,150.435185185
29649,87.6590909091
29241,125.704225352
11861,351.433766234
176363,136.865384615
176362,71.1111111111
138341,254.00952381
175490,46.5625
163594,159.744047619
163595,76.8636363636
113490,79.6875
179132,53.64
15142,186.986842105
178519,71.8695652174
162958,263.81184669
29887,69.9375
184035,159.693467337
238157,69.0909090909
156953,286.352331606
162957,26.6428571429
112721,393.152941176
14369,68.7
14368,138.088235294
7171,45.40625
28349,273.610738255
180905,41.9090909091
2942,72.4285714286
2940,212.489208633
1050,33.25
62168,226.64516129
174148,359.91280654
31739,359.696517413
31738,138.315789474
174637,34.3636363636
14401,329.725388601
160173,312.212707182
65345,153.904109589
122266,45.8260869565
112030,25.0769230769
178608,77.1025641026
147579,66.0508474576
1690,126.650406504
112034,32.2
185355,255.401337793
164664,235.988764045
178600,360.125319693
164661,318.627906977
164660,28.0
118502,65.4411764706
178172,8.125
30029,125.869565217
177446,16.5
12886,30.7777777778
1274,275.869109948
122380,16.9
184109,144.5
14563,21.0
14561,94.904109589
184101,117.108280255
8240,238.142857143
133246,270.661596958
24483,77.4625
8247,24.1052631579
8245,336.191646192
66261,104.774509804
12459,165.051724138
111064,93.3783783784
66268,120.74
187132,359.806366048
3734,29.9318181818
162887,253.20610687
63901,167.611111111
157955,315.707386364
29061,361.058047493
28590,218.0
31607,128.492307692
23027,29.25
23753,19.9090909091
31460,48.5
28919,147.247863248
8423,45.5806451613
2595,68.4601769912
22373,29.0
66000,111.24137931
140902,75.3
163939,139.218181818
144139,17.3333333333
177953,41.45
136186,255.467741935
122917,55.1379310345
192255,131.540983607
185345,190.543209877
11301,111.678571429
11302,24.4166666667
185346,212.586956522
11304,92.593220339
184219,95.3818181818
140905,159.666666667
108348,146.058823529
61662,30.5
28620,344.408163265
177429,83.0
15363,346.67752443
9831,104.907692308
12407,194.118644068
24795,28.875
9835,113.382352941
110732,160.125
7759,68.9333333333
23111,318.835164835
63058,343.73655914
6845,31.1428571429
180698,262.652777778
7750,119.163265306
109699,378.670967742
139225,156.120603015
29359,113.5
12141,117.624365482
180272,360.5
27914,86.3214285714
3937,20.6666666667
25924,249.106583072
61112,311.739495798
61646,140.440860215
163916,84.7411764706
166402,18.5
8334,125.56
27780,86.4019607843
157452,98.4242424242
24430,347.717647059
175347,49.3333333333
9904,160.06122449
61591,142.515151515
61596,15.5454545455
127094,63.1891891892
64028,15.3333333333
4130,64.0
29829,83.2307692308
11220,108.232
5690,31.5
61061,128.13559322
5697,49.3333333333
28135,351.067846608
24898,264.627376426
28139,124.178571429
177884,163.719387755
24468,257.768456376
177881,238.532407407
19209,36.0
25356,195.222222222
177376,130.333333333
153668,109.983333333
64768,60.1818181818
64766,146.0
22797,79.1333333333
1300,52.8888888889
13963,142.4
119756,152.2
9324,81.1052631579
110065,163.101694915
29086,263.199288256
183312,114.5
117018,347.536363636
120134,112.063694268
25680,182.361111111
121257,129.28057554
4045,139.682926829
23978,121.821428571
6669,61.64
4040,6.0
161966,293.813333333
177088,98.9032258065
30932,341.577981651
160580,137.7
22086,275.031746032
24893,16.0
65905,264.568181818
65904,146.727272727
10877,151.04964539
100873,80.3529411765
16890,329.104821803
63621,69.796460177
25536,4.66666666667
17239,102.836363636
24803,132.6359447
2282,42.8064516129
24800,148.201388889
17233,278.833333333
124198,78.5512820513
64699,365.908355795
183838,6.33333333333
186846,137.8
153793,264.946996466
183830,73.1304347826
183833,113.566666667
124196,120.578651685
121817,29.1363636364
121816,336.353881279
121815,103.947368421
11499,24.5384615385
2577,74.3137254902
11694,105.449438202
2573,135.186440678
10905,115.409638554
186990,311.0
186993,112.541666667
282553,30.5
65343,53.8571428571
186994,45.6666666667
10903,56.3050847458
10902,148.375
11455,58.9166666667
11456,83.4375
64163,136.46875
64165,65.1333333333
64166,220.555555556
21237,124.476190476
64341,251.579617834
2596,28.3636363636
64344,25.4210526316
9125,83.2222222222
64346,6.5
2593,26.3636363636
121493,104.121212121
113140,30.6052631579
294524,133.068965517
27913,116.0
17438,365.322222222
21238,135.582278481
10086,270.142857143
4430,155.356435644
293754,246.694864048
13323,27.0
25224,37.3333333333
30778,40.6363636364
17120,246.72
13328,53.3125
1878,114.055555556
1082,20.0
12603,196.904761905
4941,49.1212121212
118081,267.744525547
138205,216.135802469
62501,166.955882353
12138,202.053191489
186206,156.6
136646,50.75
184689,323.411764706
184688,89.7027027027
2111,167.656716418
184684,5.83333333333
1559,158.5
29040,180.140350877
122078,104.5
63281,130.673758865
62378,33.3
2628,82.96875
185881,43.1428571429
63288,232.112244898
61181,218.729323308
1919,99.5957446809
5835,244.7
149721,50.7
62575,358.240196078
122674,72.9166666667
176289,33.625
10016,27.8
121077,125.777202073
65812,254.122807018
186336,171.436090226
120816,117.0
184079,254.562700965
5831,63.1764705882
2025,121.907692308
61408,196.266666667
10499,142.530973451
2751,40.875
62979,316.581460674
179782,165.182741117
163051,74.7157894737
13700,106.5
10277,135.852713178
108645,160.45971564
163931,269.492125984
163673,381.946721311
179583,115.672727273
14790,22.5833333333
184996,20.5555555556
14793,155.929411765
14794,37.0
163678,210.928571429
176914,180.542553191
164585,28.4545454545
121673,73.3548387097
5210,56.0526315789
20019,342.486425339
5218,65.8333333333
14027,90.0
175157,163.41
163586,28.5
63172,80.3
264265,255.99669967
14592,74.7804878049
176594,265.283216783
21542,15.2631578947
176592,115.0
176593,20.3
63178,306.36407767
176591,242.184713376
11872,44.35
176351,356.483180428
24725,263.063829787
112626,355.208163265
11877,27.2307692308
112624,110.1640625
133726,117.727272727
175483,250.025641026
142088,351.111111111
176602,320.919093851
176999,288.156028369
164296,30.15
179361,316.919491525
62374,9.0
164293,252.800865801
164290,46.5384615385
31673,106.474576271
147101,14.6666666667
30234,156.425806452
65036,133.478021978
126010,18.0
112754,265.88973384
11976,48.1428571429
179690,118.6
28408,29.2
7107,31.4375
66681,124.595238095
6865,93.7307692308
14370,26.0555555556
6867,152.756476684
271794,253.283088235
62123,286.759581882
176282,144.097087379
62396,56.5
62391,92.15625
31674,70.8571428571
1045,13.8666666667
143605,77.6
31720,109.226666667
166623,71.6833333333
175739,52.9565217391
3028,44.1
62399,96.8265306122
180109,353.133949192
178619,233.711656442
5109,67.7528089888
3026,9.33333333333
164612,243.706896552
5439,34.55
164611,42.9090909091
4450,51.5
142260,97.14
30059,82.6279069767
182827,16.6666666667
184114,254.251592357
264713,130.8
8253,26.4
61589,165.762376238
111631,13.5
30055,336.162689805
1266,16.2222222222
11051,108.75862069
8789,329.052785924
24491,78.0727272727
62766,340.787172012
1913,10.8888888889
112774,163.191489362
31616,73.6
3129,22.5555555556
29698,62.3333333333
174049,11.5714285714
183480,100.75
178507,58.2432432432
29052,123.275362319
137351,361.191326531
1468,30.1666666667
174282,158.5
115404,61.2790697674
183247,350.764044944
144727,54.2692307692
115077,105.441176471
8431,173.552380952
126318,141.742857143
137232,127.722222222
23768,221.0
23767,123.585365854
65365,341.759615385
31477,104.866666667
66016,26.0
28900,110.304
7912,160.908602151
164408,22.5
12433,103.136363636
24782,271.224
15350,82.1388888889
165053,77.2222222222
165052,64.1428571429
160571,74.3858267717
160570,21.9411764706
114370,122.865921788
15197,341.517401392
133949,113.75
5597,32.8666666667
162988,75.8932038835
105936,63.0
133944,159.724637681
133945,112.186666667
180683,276.698492462
178767,92.5303030303
110728,22.5
183797,107.533333333
61439,70.3823529412
185083,57.0769230769
61129,316.977142857
119474,83.25
61122,56.6666666667
63531,111.176470588
61435,107.416666667
66708,120.281368821
3946,99.0
66496,120.545454545
25376,268.783783784
181794,141.166666667
166434,251.183098592
28397,46.3548387097
166436,161.545
166433,81.1578947368
4128,22.0
183446,178.952
63876,31.2
9919,15.8
4127,36.0357142857
16836,349.480113636
4124,132.9
7435,12.3333333333
62972,357.079518072
176479,363.432569975
61055,265.53
6081,24.9333333333
5680,38.2631578947
65006,160.87755102
27786,162.689839572
31849,87.3695652174
6386,33.75
62977,264.311827957
60894,31.7727272727
10498,63.7692307692
11555,112.942528736
183932,7.16666666667
23943,138.392857143
176256,333.194029851
22144,79.4
185797,79.5652173913
61996,187.303370787
177744,111.038461538
177745,128.673469388
4052,155.096774194
163879,72.68
163878,23.0
163877,20.7
23852,92.6666666667
15364,308.892307692
4058,45.5111111111
110387,113.481481481
65176,328.179381443
5978,37.6666666667
177982,30.0
110382,95.8208955224
128098,128.931034483
8699,29.45
10860,141.636363636
65911,52.1666666667
10867,66.012987013
150279,174.866666667
150278,74.6666666667
21828,76.7093023256
150699,134.824742268
15709,28.9411764706
3619,17.3333333333
13431,155.15942029
2290,59.2631578947
179586,353.684343434
2295,10.5
25789,49.8181818182
141197,258.423208191
25030,152.361445783
148249,37.2352941176
5902,267.048689139
162338,35.1
29736,78.5147058824
141359,28.6666666667
114628,172.913043478
162335,64.0
10916,343.427692308
10917,120.388888889
19433,149.014925373
135044,136.768595041
24922,21.75
24925,69.4
62057,62.3
7291,69.8620689655
17115,142.680555556
13128,151.4375
8512,159.046632124
7923,61.914893617
2581,76.76
7921,23.6
177303,34.2727272727
1860,55.1071428571
13353,109.247706422
186230,133.923076923
13354,95.4285714286
63763,80.8125
176169,5.0
28712,119.260273973
162584,100.070422535
4685,360.884514436
163118,29.3333333333
4936,3.0
138747,263.283687943
112095,152.758865248
7798,54.25
13599,262.350180505
163113,20.2727272727
64536,49.0
140821,17.375
154357,151.818681319
24810,161.647959184
2101,19.0
63814,365.675213675
160373,89.1666666667
5116,25.1818181818
63543,318.166134185
10002,39.0666666667
160376,60.1477272727
122061,111.476190476
10008,39.6666666667
176291,158.533898305
9599,137.25
20791,248.099099099
157153,58.4782608696
64568,91.0
17069,289.25
9590,93.5
3439,114.339285714
176762,349.044289044
185419,142.0
176764,85.1428571429
176766,342.837104072
176768,103.5
146171,36.2916666667
185416,304.528089888
179027,63.1086956522
66301,92.0
163069,357.21761658
184785,26.4
162517,11.625
20548,155.189189189
179417,16.4285714286
62965,84.4166666667
4844,162.153846154
4598,21.0
4842,94.1935483871
4843,274.910714286
179597,77.5
112295,297.301960784
179598,264.517730496
10550,239.095652174
133424,257.859477124
10466,130.299065421
29265,98.6428571429
186045,277.309210526
20570,14.0
5205,23.7777777778
152109,16.7692307692
17252,101.03030303
14163,28.6363636364
29268,70.4337349398
63383,109.736842105
121440,251.102167183
29627,61.0
175127,338.728051392
179110,73.3035714286
28490,380.683098592
164266,244.109792285
62494,78.9210526316
62382,262.439114391
134026,45.1666666667
183902,322.052845528
157080,41.5161290323
18533,217.3046875
176343,126.038461538
11842,299.732352941
25108,76.8764044944
11191,107.58
149618,355.891891892
108188,30.0
2960,132.852941176
29868,103.944444444
164270,268.148854962
1783,8.0
175834,24.4166666667
2968,334.526737968
30220,35.0
1613,27.1304347826
62634,87.203539823
122536,60.0
7117,44.75
7116,15.4
24318,285.179245283
179686,252.061488673
21429,43.0
24980,88.2
108740,69.2
176350,352.825641026
5379,58.8947368421
163884,145.832432432
1078,217.593220339
16974,358.179856115
1076,33.4
3643,342.674019608
1075,148.576923077
1072,86.8888888889
164609,249.680147059
179202,101.318181818
1678,155.053191489
30137,265.087591241
13003,28.3333333333
28819,105.107142857
178371,182.5
30138,76.0636363636
164607,35.3333333333
164606,2.0
1094,12.0
23485,123.847826087
175900,75.6451612903
184167,298.757763975
30822,135.595505618
8229,37.7142857143
66393,83.6
177764,275.616326531
118525,349.516826923
4331,71.8421052632
142956,59.9166666667
143870,170.416666667
178976,48.1538461538
23291,222.5
178972,242.824615385
179974,127.619047619
14583,86.55
117145,25.5
178083,116.426136364
174053,196.137614679
178081,66.4146341463
174507,263.591397849
160600,95.75
28027,259.503378378
20202,61.0
178089,54.8095238095
20209,57.875
27765,268.770588235
156933,23.75
31095,96.1162790698
164046,142.395348837
29517,259.966101695
183257,227.226130653
1414,129.0
122263,49.75
18307,341.202631579
28938,102.909090909
187490,130.786324786
1327,141.561643836
133547,82.8888888889
28930,33.3225806452
9850,116.625
12421,65.6571428571
137434,120.833333333
15343,28.875
137432,57.5714285714
6900,66.3076923077
12428,139.946969697
23577,66.0882352941
5764,63.0
4201,113.359375
5763,103.302325581
177975,154.4
8133,156.197916667
12789,68.0
61600,168.941176471
5568,34.8
183780,209.884615385
137310,125.181467181
61608,329.548387097
5567,52.9090909091
5560,39.3333333333
177405,19.8571428571
1257,85.0555555556
1487,316.498084291
17367,351.932330827
28338,39.4666666667
178798,158.891625616
142460,61.1538461538
7733,131.139534884
178797,20.2222222222
31099,21.7368421053
63520,18.0
111629,115.826086957
26246,164.29787234
28806,261.730941704
66731,323.392156863
66484,354.906832298
126434,96.85
174876,122.538461538
133288,131.235294118
61420,5.0
122257,257.927631579
24755,31.0
14489,123.244897959
8358,31.0465116279
5408,98.2
4115,45.3076923077
6730,266.372623574
64254,56.5
188663,163.138297872
11770,343.003412969
8350,43.6
184254,252.452380952
260778,153.912087912
8357,71.0
163891,41.5277777778
62139,348.128125
164116,16.75
60888,131.560344828
19049,234.39047619
30312,44.8666666667
24750,102.891891892
187215,238.625
24440,228.347826087
24447,205.60483871
7422,161.552238806
61739,154.582278481
178672,151.734042553
27790,29.04
61735,128.625
28155,263.391608392
66029,160.533783784
181290,84.25
4448,28.8
61557,142.214285714
25331,57.2
61552,135.766233766
65615,33.2857142857
25338,72.7564102564
25339,371.011299435
63422,82.5384615385
145080,73.5625
29616,23.0
12635,201.76
28518,18.4
176369,26.4
31887,219.545454545
19057,344.644607843
117034,357.532258065
117036,22.4
65290,90.6153846154
4060,189.0
4066,21.2142857143
23793,104.218181818
65921,26.4615384615
11509,14.5
11506,144.993670886
182308,116.861111111
26013,154.390977444
5786,348.042216359
177996,266.335616438
65105,71.0731707317
65106,327.261363636
120656,99.25
65108,52.7727272727
5788,65.1111111111
120301,27.4230769231
127439,159.451219512
5918,98.0612244898
3607,21.6666666667
187809,22.6666666667
63600,122.790697674
1254,34.36
19538,354.952522255
63605,163.165562914
63971,20.7142857143
17780,248.386363636
148234,84.4482758621
16637,344.705617978
148239,257.765432099
157755,74.6923076923
12181,255.658914729
25021,23.6
186344,351.567357513
186345,53.0
182788,288.386666667
6115,33.5
6116,42.1176470588
184576,86.0769230769
184571,310.8515625
64745,4.0
10920,30.3333333333
166197,365.710594315
2352,57.5333333333
186607,251.102167183
7309,167.860465116
3855,103.344827586
7281,22.2
17106,363.024725275
7936,264.402097902
10894,116.15
64410,6.28571428571
134384,144.537634409
186955,103.09375
16989,350.938423645
13341,188.87654321
17694,365.774373259
65430,79.2413793103
7974,107.818181818
118264,91.3055555556
3735,76.0
118267,59.5428571429
1891,65.2
16985,368.082228117
16456,134.265625
13580,90.5555555556
4690,347.586826347
13342,299.463636364
4926,19.9285714286
6737,29.0
148349,26.7
4699,336.065274151
130041,101.176470588
7251,142.079545455
154434,127.520361991
179741,221.571428571
11721,37.5
6025,40.3703703704
11729,239.850746269
63551,352.638297872
155754,257.763358779
5165,86.2941176471
185483,280.025
62823,58.2307692308
1686,13.5
160340,260.583617747
160341,161.595959596
138483,78.7317073171
21499,201.193548387
17074,281.968085106
17076,357.075794621
17070,320.986666667
21496,32.5
17072,214.184
17073,175.614035088
185428,261.243445693
3429,68.8666666667
178610,67.7333333333
20488,24.8235294118
61494,172.8
125595,117.8
176022,258.413333333
120877,4.0
186310,30.2857142857
6334,93.6373626374
6335,47.8125
184797,105.0
144436,116.384615385
6331,30.8888888889
9698,36.6428571429
2005,343.463414634
62954,245.707070707
6338,144.853107345
165124,7.4
184117,368.664739884
14170,27.2857142857
62732,93.6285714286
14172,351.659685864
62730,126.383838384
27886,350.864583333
10297,43.75
264391,52.0416666667
264397,47.5
264395,58.9473684211
10453,120.771573604
10451,185.45
9555,41.8695652174
29217,105.466666667
24040,263.199261993
21186,271.829694323
175131,143.412844037
175130,365.666666667
31895,308.114379085
62990,223.773913043
187576,65.3414634146
160293,271.925925926
10581,28.5161290323
178003,15.0666666667
13163,52.5555555556
8901,62.1724137931
1706,32.5151515152
11856,346.523929471
8902,45.6666666667
30219,31.2727272727
284041,149.65625
29855,363.697885196
137602,112.177419355
174729,32.5714285714
62602,88.2873563218
6848,137.848484848
11538,55.0
110039,123.1875
6304,118.065217391
24302,259.814685315
24304,220.722891566
152008,261.138297872
186783,193.958579882
107755,158.550505051
164633,365.018691589
5301,36.5555555556
29453,180.583333333
21440,27.6857142857
176247,29.1333333333
13013,210.507692308
13011,132.78313253
176939,21.25
1661,72.0634920635
176249,41.225
175913,233.25
30674,251.427672956
157855,114.810126582
30671,24.2307692308
179413,250.726190476
30857,345.103773585
4321,53.1379310345
161088,273.316872428
156857,254.951612903
4322,89.5
14828,309.258536585
133432,135.974358974
12091,135.5
162809,262.493150685
2829,121.360655738
1526,273.759776536
14597,273.861344538
2820,11.0
14590,47.0689655172
186498,361.766917293
20217,158.385416667
28034,86.4
7632,109.135135135
17861,348.304651163
7636,24.5833333333
7637,267.950248756
109599,359.547368421
136884,251.610759494
142337,158.21761658
1408,14.75
9699,65.5
164708,156.922077922
142339,156.618055556
165728,77.8235294118
28152,271.147239264
31418,276.804878049
4213,16.8
183526,37.0833333333
16582,94.7272727273
184981,44.0
185318,31.5454545455
60800,36.0333333333
122273,28.95
6932,142.790697674
177601,25.2380952381
6936,135.648648649
14824,288.48603352
199757,151.571428571
8694,95.0
9849,125.0
8123,33.75
147657,22.0
8692,13.0
166491,33.0
61635,170.917647059
5572,3.0
115766,278.570652174
66654,331.541501976
3093,31.7222222222
126555,107.958333333
126554,88.925
1533,36.75
29143,27.0285714286
25870,27.5909090909
174401,339.782142857
28322,93.7878787879
25874,164.860824742
25877,237.781954887
136265,348.141955836
3121,4.0
66728,161.37254902
180083,17.56
61380,111.714285714
31593,240.218045113
22542,65.0
22543,50.1333333333
126423,124.153846154
183324,332.572390572
61388,136.426666667
9317,159.027522936
8348,102.325581395
17341,91.375
110802,119.0
63645,244.482758621
109621,300.532423208
140023,252.061093248
185227,72.8852459016
25895,328.390957447
19932,358.473829201
12568,12.6666666667
160913,155.307692308
155174,111.176470588
15240,185.666666667
3639,44.7931034483
15247,99.0582524272
181931,20.6086956522
28924,73.5573770492
174317,137.646153846
66032,140.163265306
25906,265.31496063
174312,161.145348837
174313,341.785557987
174310,13.8
61703,210.630434783
183684,39.6206896552
180402,46.6206896552
180405,75.6818181818
3897,101.538461538
106589,266.227799228
117026,352.907621247
109919,52.6363636364
16531,105.833333333
61567,48.7142857143
117020,258.60483871
65607,98.6666666667
8717,28.7058823529
3465,63.2
166562,108.068181818
166563,161.02020202
64848,11.0
12621,108.476190476
6617,16.4
1635,109.194444444
166564,158.070754717
12625,31.9090909091
13962,102.545454545
166569,251.261980831
62626,158.217391304
112362,359.328282828
10840,9.33333333333
185138,97.2105263158
148169,266.465454545
65286,118.884210526
5860,50.5
282189,163.100529101
65937,23.5
5959,24.0
13765,186.941176471
31242,278.045
11537,11.0
148223,74.0
11535,51.2894736842
4072,66.0245901639
154758,38.6363636364
61140,258.629139073
3964,82.0952380952
3962,54.25
5792,18.3571428571
5791,87.5
177216,134.681818182
145024,168.523809524
180249,27.75
60942,69.0
154755,361.786713287
154757,354.441734417
7152,21.3076923077
7279,101.266666667
141277,249.03125
165943,244.412162162
177031,13.1111111111
187810,165.389830508
187814,161.246153846
4611,81.7878787879
61899,245.730538922
65739,130.114583333
22053,167.936507937
117115,105.5
65732,62.5882352941
162076,60.8571428571
266257,129.176470588
3138,26.25
179605,262.413919414
148469,148.736842105
2342,75.2631578947
140759,131.347222222
166366,33.6153846154
6104,11.0
119414,337.50660793
20109,350.631828979
6100,163.327586207
10938,145.815217391
287462,162.05
63290,96.1320754717
187205,179.136363636
124038,119.991596639
140979,133.46875
63700,271.164122137
25274,88.8285714286
63708,20.6
9445,106.0
25279,195.644067797
161869,21.4545454545
186960,30.5
3708,37.2777777778
118042,350.529268293
150720,7.0
65421,85.68
7959,70.5714285714
183700,64.2222222222
4462,62.8
3707,102.307692308
4460,39.2857142857
162219,95.347826087
17101,256.491856678
25241,94.3913043478
13579,121.655462185
6109,129.144144144
4918,28.3823529412
162449,74.95
162448,94.2
148356,54.1428571429
13570,10.0
4911,42.4782608696
12756,20.25
5750,79.1
64088,75.6551724138
17269,371.163141994
24878,274.4
13235,281.275362319
184542,240.054421769
166705,308.75399361
10063,346.457831325
187961,159.760204082
21487,28.0
105670,312.159817352
9203,60.36
187969,108.144736842
24783,39.8888888889
62549,84.725
3416,31.9189189189
185370,324.617486339
176973,214.26056338
64061,70.1176470588
182309,267.215827338
64063,151.551724138
166363,163.435064935
165051,30.2857142857
21374,354.427135678
10000,20.95
185945,264.075862069
160479,89.3577981651
66610,97.6666666667
65944,265.757246377
176035,140.702380952
149177,31.84
15293,88.6153846154
62948,213.037974684
21232,82.3
185372,47.3333333333
144998,30.4285714286
65609,31.3076923077
12171,86.16
135484,63.1489361702
63650,254.54313099
6839,18.0
4864,32.4117647059
25711,112.380952381
151403,126.935064935
113362,99.7480314961
62723,75.8666666667
7938,28.75
10286,112.2
14108,110.414414414
179577,26.3548387097
264385,247.961538462
160809,258.375415282
264387,232.544444444
176874,8.5
17715,265.434615385
181617,255.966666667
9664,45.3
29206,36.7948717949
125360,143.012048193
10115,93.9333333333
25495,151.84
10443,24.2105263158
3562,114.327272727
21777,229.388235294
148770,159.181395349
7447,97.8360655738
160281,7.0
10839,3.0
63123,36.9677419355
160282,19.4
176639,33.7272727273
4485,258.926470588
149082,162.285714286
8972,43.9473684211
112759,100.625
29099,87.5432098765
64547,247.033333333
15199,227.792
147242,116.651376147
112168,128.8
17908,341.666666667
7138,128.761904762
260737,92.6666666667
122519,46.9230769231
7017,161.269005848
163889,240.1875
175741,167.464516129
122515,361.153310105
14616,40.2222222222
157353,220.336363636
29448,316.431952663
29449,28.0
178310,108.990291262
142230,155.0
186158,331.784615385
29211,263.525252525
164624,19.0
5313,52.6
29332,171.171428571
29446,359.395833333
174656,161.684210526
176255,104.111111111
8807,118.676056338
176251,61.7222222222
176928,55.6
30443,31.68
30666,7.0
15521,77.0408163265
133885,258.168874172
30662,71.25
30847,74.3333333333
187434,114.584507042
156861,2.0
147792,348.386160714
142546,4.66666666667
109366,305.360323887
176118,116.853333333
133888,107.363636364
3153,49.0588235294
12992,15.0
121713,339.268558952
12994,139.758241758
7620,136.9875
126772,89.3333333333
1982,238.420634921
28795,260.754208754
3158,120.0375
185926,35.3333333333
25950,94.4594594595
28791,142.632911392
30461,356.338235294
180833,40.0
176572,146.339622642
3399,113.952380952
64162,248.929824561
121717,55.0869565217
174077,113.034246575
185549,88.5915492958
28323,116.0
1439,174.407407407
30205,207.714285714
29028,65.0
136725,220.88372093
179303,63.0
129469,136.663865546
129466,270.046692607
146616,263.305263158
164258,64.0
15111,107.396396396
66281,243.36199095
147661,71.2183098592
66285,353.713947991
23553,293.756410256
66288,341.44963145
24278,332.571428571
18110,357.468599034
65540,57.3636363636
15414,225.35
8113,159.186440678
5237,23.7931034483
13375,76.8936170213
23084,96.0
111103,3.0
184899,347.042253521
10598,28.8333333333
5543,118.18
14581,198.744186047
29156,11.5714285714
111864,94.8947368421
13125,93.0147058824
29150,73.1851851852
8599,53.6666666667
4273,23.0
175674,189.3
180652,50.25
233491,132.032258065
11811,302.931034483
28641,59.2
111819,343.570484581
158053,318.526315789
61399,253.823104693
187483,172.984126984
65050,357.13832853
22207,24.0
22205,59.5862068966
29870,23.5625
7506,124.793814433
8577,72.2
7124,115.909090909
184321,150.74
14359,160.140703518
184323,78.7027027027
11234,23.0
13800,112.362068966
2124,145.2625
28176,16.0
12578,12.2222222222
139201,55.1111111111
61712,166.027027027
15252,23.2727272727
12576,186.104347826
8446,75.5957446809
12575,10.0
28775,96.9523809524
24428,149.909090909
25915,105.444444444
174301,270.355072464
145407,13.0
64915,122.7875
7401,6.75
2080,75.25
25918,18.8888888889
117903,139.28
25318,135.708860759
178684,156.901785714
183903,134.908496732
22447,165.355029586
116503,38.0
61576,128.346153846
25313,149.5
25314,48.2068965517
182491,25.75
116504,1.5
196055,246.764350453
163822,169.483870968
166435,272.57421875
178529,292.791666667
12615,27.6666666667
119714,343.458333333
185128,73.0
161048,99.0
4001,17.0
2812,22.7692307692
185125,61.125
2999,41.6
61153,44.8333333333
60979,28.3333333333
9890,124.284313725
61406,170.333333333
61155,16.0
165710,27.6666666667
61409,48.5294117647
31276,346.09263658
177206,156.195402299
30646,362.179487179
182701,120.52173913
65706,136.210526316
29955,266.021857923
24466,213.830845771
65702,21.0
120456,312.253164557
141240,139.206896552
120458,68.6842105263
165979,15.5
3622,56.8636363636
2818,77.9438202247
17180,282.086538462
141363,114.152941176
148219,273.409638554
184551,136.031055901
148217,83.7142857143
18329,351.517647059
149318,20.9
13623,126.531914894
2337,42.5789473684
29511,20.0588235294
17184,218.223529412
12761,9.5
140760,16.8
185058,252.257918552
8219,73.484375
64082,253.928
181745,86.7692307692
24678,316.112676056
64720,13.4375
25481,351.131578947
29710,77.0857142857
140565,250.090909091
16477,54.3333333333
9472,19.4347826087
2574,72.4375
29984,102.145833333
2710,7.25
16478,155.905472637
65413,143.629139073
184880,20.75
141496,262.579136691
25462,78.2105263158
184884,257.438943894
176135,262.732142857
24996,263.094545455
6003,139.964497041
65009,169.64028777
4900,96.8837209302
4903,18.7692307692
4674,328.375
13562,169.62987013
118046,268.552511416
1598,61.0
156633,19.0
63952,65.0810810811
25848,114.8
177487,132.338461538
153191,10.4
24844,70.75
162272,156.611111111
5179,15.7777777778
162497,247.227692308
9273,31.24
64275,13.0
24197,131.666666667
5149,104.636363636
186773,77.625
10056,20.3181818182
8810,145.971223022
5142,29.0
124775,38.6111111111
156617,259.590604027
160163,13.0
29612,32.48
180466,32.0
63000,70.2702702703
266160,306.684466019
12389,36.9166666667
10349,16.75
150306,290.432786885
166005,303.965635739
12142,118.145985401
6310,154.352941176
6311,167.483146067
10614,158.206896552
152809,23.0
8530,275.871657754
10618,15.5
64389,17.0
3413,128.610526316
14113,94.0
7161,30.5
3410,140.682539683
61544,201.35
133366,227.362573099
133367,3.0
163633,360.642679901
6136,57.7
113371,37.6666666667
175689,13.0
175688,243.457746479
7228,141.170212766
10121,373.219047619
175686,55.2
9302,72.2105263158
10124,13.6
164432,39.3703703704
13142,235.647435897
4503,75.7
133766,74.8846153846
7437,137.050314465
157058,103.954545455
157057,301.525862069
133768,302.712871287
175110,27.75
3570,56.8596491228
63135,353.977886978
4497,35.5625
162127,96.9090909091
9783,345.382428941
2663,31.7083333333
13380,76.4827586207
13381,76.7341772152
175424,257.099667774
7241,61.4444444444
162129,109.47826087
6821,16.1333333333
120794,160.467741935
2938,70.0598290598
17266,62.8
164407,12.0
176861,256.921824104
176867,9.76923076923
133504,193.341463415
108778,98.0
165880,161.189781022
4498,33.3333333333
146354,174.96
174648,254.381410256
10540,18.0
175307,124.033333333
11896,348.77672209
16650,31.8076923077
10549,6.6
14603,268.801498127
187363,65.72
62666,76.5806451613
20204,63.3488372093
63224,351.049763033
20185,3.0
22306,329.512605042
29300,366.064327485
115757,5.0
184603,115.47008547
29304,139.769230769
14282,106.856
14934,161.333333333
4881,22.6666666667
186363,84.1162790698
30473,36.08
18276,360.519021739
133166,155.944444444
30477,18.4444444444
13032,382.022222222
181515,372.699367089
11094,17.4
8079,47.4615384615
11096,16.0714285714
164365,346.561445783
178943,128.836448598
3969,139.177777778
179437,100.647058824
179438,263.797202797
8210,41.8333333333
8213,35.5555555556
29946,277.585185185
8215,31.0
8214,23.7222222222
164368,348.121118012
30870,2.0
274165,31.8181818182
12726,310.681818182
7658,5.33333333333
194755,168.427777778
187167,159.352040816
28785,46.5
162876,40.6923076923
28018,69.4096385542
143153,325.320634921
29015,56.3157894737
62266,111.642857143
7092,139.506493506
3369,38.5813953488
197855,375.464646465
175064,259.305841924
66697,273.046025105
28543,59.24
3362,24.829787234
31203,41.1764705882
29830,41.9090909091
29837,269.857142857
63495,14.25
178545,360.007537688
8105,18.0
9815,17.7894736842
109683,339.031180401
8101,20.5
185339,93.5961538462
4275,17.0
4759,49.7368421053
188255,16.3333333333
183421,81.3269230769
66290,19.0
1356,27.75
126615,142.680851064
163975,24.5
5559,5.75
4860,26.0
9867,141.724137931
180646,17.4444444444
25852,381.950704225
65011,246.561111111
28303,64.4
174428,221.875912409
125000,209.203539823
66313,366.541176471
146500,75.9591836735
187698,158.23853211
66630,37.4545454545
186743,160.446153846
176637,310.052
30098,28.6153846154
10984,74.6101694915
8582,33.0
61163,102.32
183736,29.0
8363,102.077777778
145308,26.0
144520,34.5555555556
264388,93.0
114484,58.5263157895
11511,77.8245614035
9063,47.75
15267,40.4210526316
144097,159.375609756
12545,70.9166666667
12544,19.2857142857
179441,208.112149533
120297,110.136986301
15261,355.60724234
12540,106.279069767
5888,255.210526316
12818,276.058139535
180423,222.9
150277,155.880733945
61763,69.35
123016,101.074074074
25047,268.161825726
15060,152.692857143
61766,28.0
30899,170.0
175079,205.033333333
25923,26.7272727273
25922,15.1666666667
25921,43.28
28762,33.8571428571
145416,237.106060606
25929,29.7142857143
24436,52.6923076923
22325,131.060301508
170307,257.658415842
177983,60.22
155738,139.833333333
165854,190.211538462
160961,12.0
19094,351.246268657
160592,88.7368421053
25676,88.6551724138
163627,32.6216216216
6639,23.1111111111
11550,113.888888889
18654,18.0
165993,329.324074074
11554,65.5769230769
185112,134.36746988
185113,353.910810811
23450,229.142857143
8402,82.8
5878,22.4074074074
1440,123.782051282
141982,168.147239264
9667,13.0
13709,99.75
165702,96.5714285714
196269,260.728187919
177780,94.0093457944
161067,117.482758621
177782,136.01369863
154739,271.711111111
163596,164.0
4016,72.7903225806
11399,142.957264957
160598,9.0
162892,258.887417219
151544,354.463806971
19431,21.5806451613
9882,15.0
24720,25.0
65133,379.496453901
3980,29.9259259259
7509,20.625
65710,107.459459459
65247,43.5
65244,137.404255319
65713,248.905263158
65717,255.390625
65718,27.2857142857
163629,105.471698113
120444,44.85
3612,22.0
144009,128.628571429
184526,29.5
184527,10.5714285714
8333,232.653846154
127481,270.206477733
25130,153.35
61188,59.4230769231
1447,375.744047619
13634,27.4285714286
30576,120.797619048
13630,27.9473684211
175004,55.5
2328,102.341463415
65399,26.8888888889
154714,358.520833333
10441,19.0
117861,22.0571428571
157415,22.7
177300,353.929319372
177650,146.822222222
154056,75.6666666667
185518,77.0
199356,74.6363636364
21776,266.753968254
161843,6.0
161844,24.0
31227,40.7142857143
148772,23.5714285714
64102,27.7037037037
63725,352.203296703
63724,49.3333333333
63723,330.776876268
9465,42.35
25320,115.727272727
7257,272.216666667
65590,52.8181818182
138707,226.391304348
111662,69.2972972973
61984,8.4
17641,315.209003215
156578,131.780487805
15520,63.8
63083,229.744680851
106853,379.720588235
142953,27.4375
184639,118.428571429
120093,157.992957746
117260,87.224137931
4640,347.810169492
3662,40.5166666667
2497,89.6315789474
4645,42.3333333333
116791,321.81147541
2259,110.111111111
17248,176.714285714
253527,276.362831858
162264,13.5714285714
17245,351.786666667
24853,143.44
61483,196.907801418
24856,268.996108949
17240,340.444191344
13782,17.8
62525,275.634453782
121080,195.583333333
175510,154.296296296
10735,36.6585365854
162489,349.643026005
176017,265.216911765
7875,3.0
185453,86.4262295082
28295,18.6
191055,31.3076923077
186342,81.8974358974
63030,270.833333333
185921,138.55
2787,39.2142857143
2783,127.222222222
4807,57.3846153846
4809,36.2857142857
12395,67.2558139535
12392,22.6470588235
26016,182.705882353
9466,37.8636363636
26012,100.5
11600,17.0
26011,116.536082474
2073,151.5625
3580,41.0
6307,66.5833333333
10609,28.2
4108,34.0
183640,105.163265306
3226,47.828125
13789,24.0
62290,8.4
152149,68.7567567568
179082,125.743243243
9083,267.818181818
162732,256.478688525
176781,136.714285714
63454,128.173913043
63456,76.6666666667
121153,136.658959538
27981,70.640776699
27980,6.0
62984,28.1428571429
147868,34.1428571429
21595,359.032258065
21593,240.351351351
27988,263.166077739
112366,245.597222222
164422,80.0833333333
180597,29.0
7277,176.68
7275,11.0
176659,145.276923077
3502,29.1111111111
184569,155.189655172
3504,229.922535211
3505,7.0
8958,85.7142857143
155280,17.5294117647
181904,106.072727273
183963,67.6571428571
185585,318.48989899
185584,114.466666667
148552,140.375
6831,55.3709677419
6836,35.7777777778
15087,23.8
176873,41.0625
112410,344.884615385
113419,88.6475409836
14639,205.425
62689,250.429487179
112968,175.0
29312,272.392156863
65896,24.4444444444
125237,46.5
5338,22.5714285714
125234,234.306306306
11315,15.0
1682,143.866666667
65350,16.3333333333
1632,133.195121951
175271,157.955665025
1634,34.3
164510,268.293040293
30463,33.6428571429
121718,135.005319149
144066,51.4390243902
165244,95.3666666667
1988,26.5
8823,66.7727272727
8826,142.945945946
163601,78.4939759036
13041,370.411764706
164557,33.2
147312,349.781690141
18040,360.035714286
29011,24.48
2817,25.1428571429
2811,25.6111111111
30649,140.0
179428,244.893890675
18049,336.95473251
157865,260.551020408
178939,22.0
30640,351.435207824
157862,75.0833333333
30310,23.0
4274,115.960784314
14256,133.179245283
7647,184.144578313
14253,352.099744246
151606,331.612299465
3170,39.75
24225,75.4761904762
7648,50.5
12972,53.5
119275,85.1
5639,49.6666666667
122175,136.902654867
29001,23.4
7085,12.0
122172,109.613636364
20245,260.156462585
29791,155.708333333
30260,11.0
66286,352.857482185
175308,255.583870968
7585,121.954545455
179889,343.036082474
178201,77.2682926829
16957,349.979848866
1743,32.7708333333
6497,33.5
140030,143.333333333
1161,149.076923077
8176,60.652173913
184225,170.423076923
19965,12.8333333333
4242,129.333333333
175607,361.258883249
66515,166.315315315
4241,140.622641509
5520,31.0
5523,68.4615384615
160416,111.707070707
5526,357.033613445
20297,347.354916067
178846,75.8888888889
178847,244.634304207
160706,92.08
180183,348.915068493
24539,71.4509803922
24538,67.1428571429
14417,113.898876404
23812,265.907063197
24533,150.92
28378,28.3846153846
126296,42.0909090909
64404,131.326086957
186591,325.860465116
29127,241.367346939
5742,151.237569061
31037,62.5909090909
31224,20.7894736842
162909,138.034482759
178113,80.6153846154
126056,42.6666666667
66354,175.56
1562,110.5
30082,353.873015873
66602,13.75
29173,157.908163265
64408,131.295454545
2990,262.356164384
179380,224.831632653
27199,94.037037037
12804,8.0
29722,139.385093168
15274,156.55483871
1659,52.2121212121
65899,86.4772727273
23195,49.25
8007,343.8359375
16453,81.1538461538
8001,119.257425743
13824,104.576923077
184180,356.011990408
165179,104.666666667
24405,125.974358974
25937,273.622881356
6543,30.1
5254,23.0
185229,33.9090909091
4390,21.0
28194,20.6538461538
63232,350.204705882
28191,15.6363636364
30888,335.626931567
160417,328.07
136804,190.77027027
28209,256.103092784
8486,4.5
111961,8.66666666667
25935,11.25
127377,217.805555556
180636,24.8181818182
1864,52.1
