180167,40
61519,7
184526,2
19713,109
61513,144
23999,172
22461,4
180169,262
4448,5
177303,11
13733,8
165284,159
111537,384
111534,104
111532,58
166555,210
4029,47
177227,222
177225,193
177224,3
60914,67
19398,33
161071,142
5987,1
132644,74
177228,309
61179,10
24710,281
19159,429
160891,249
160892,6
160893,1
180562,28
19402,70
127475,53
25062,30
122175,113
65270,56
277918,24
150179,377
183850,2
165914,16
142814,147
22008,72
149337,25
61192,6
142811,28
142812,123
6158,2
12708,33
30646,312
13602,6
4737,385
6791,95
118126,16
2312,8
118122,32
118121,15
177313,336
25665,95
165710,3
177315,82
64879,59
165358,8
140541,91
166482,4
166485,53
30666,2
128581,156
161853,447
25283,107
185645,4
22717,402
184064,390
13599,277
25119,7
16705,371
30662,24
25110,41
30847,9
166733,18
7993,136
140897,13
141236,47
7991,6
28998,24
63930,48
2269,168
63936,345
116787,92
19570,217
7881,19
63938,65
7882,41
162254,19
24996,275
20747,15
124599,196
17035,156
2444,8
139804,127
2448,27
63029,3
7866,18
184994,10
186354,2
61585,437
176068,3
24888,59
140982,2
61584,45
138608,316
2044,48
155225,16
146659,96
138601,19
148414,99
4818,12
163036,7
148410,11
185661,32
6379,17
26021,59
64901,4
2811,18
28410,18
12123,135
124358,44
12124,91
10631,93
7620,80
28785,2
10411,52
162742,11
11944,100
133346,41
63447,90
163927,143
121142,34
160256,79
63543,313
160255,58
63448,13
135965,176
16926,450
162560,277
8947,35
22260,126
164416,1
160376,88
16929,83
7260,48
12234,257
63596,5
12236,22
125531,280
139025,38
7781,19
14624,34
62646,327
179186,66
14623,107
160488,280
152049,85
186106,187
10565,20
125240,43
24678,284
175263,130
177983,50
1995,144
10096,46
187406,30
30416,309
182116,64
178327,3
182112,20
65896,9
163610,17
8838,30
138467,119
147303,172
147307,3
147305,14
8832,7
16671,109
164342,5
143689,50
138861,15
29962,5
30637,92
29964,2
28564,203
62088,19
126417,192
24232,435
24233,139
24234,24
12945,35
174222,21
62245,379
183224,9
175087,7
157493,28
175083,338
13189,84
137641,67
285536,62
137642,281
175319,18
63462,101
30259,35
175646,378
156383,184
156384,142
29762,7
1177,21
25069,27
1173,12
30740,154
157921,12
13940,71
165699,209
31122,20
31692,389
23500,439
160719,27
5530,21
5539,23
162925,261
178851,154
145367,68
178097,257
11161,4
14403,362
29108,179
178453,15
143640,11
8762,13
29101,81
7183,134
7185,18
7186,35
66161,334
8387,126
8386,5
61693,226
185269,33
127644,5
13839,7
191255,7
12874,120
8549,94
65884,142
23616,49
8543,3
8542,36
6573,16
165051,14
6574,26
162699,57
180193,81
61745,204
27760,1
61743,230
28180,7
12065,3
7694,269
144435,12
7696,33
144437,81
28749,25
111940,367
126600,54
28216,110
28742,30
25946,59
3835,15
63866,283
8807,71
4973,13
10884,7
151544,373
155394,3
155393,211
4036,13
4186,3
25462,38
60902,17
60900,74
177256,4
177257,129
177255,69
161040,25
184442,191
11372,2
179925,25
24708,35
4842,31
7525,138
5667,79
160888,69
25056,32
16668,415
25726,15
189567,44
12711,267
141339,11
5526,119
12719,4
184500,15
16957,397
6781,132
64708,23
23877,42
13619,313
6788,150
164432,27
185006,10
4723,387
65643,142
65640,169
120048,50
177674,4
177677,7
118577,108
11286,40
186290,437
3203,4
21118,83
177314,407
177108,12
177109,7
148313,29
25921,25
16716,107
16245,442
16714,221
65467,427
16710,79
25124,56
10466,107
2271,10
2270,26
155174,170
186045,152
10801,73
120134,157
65796,385
63907,27
166230,12
9248,99
162732,305
133871,270
20779,202
63057,96
9538,15
141846,312
113093,444
9242,39
174393,9
176070,141
153128,22
65515,261
138613,122
174390,236
13289,349
13288,104
17534,397
24890,6
158414,355
29156,7
2052,44
146648,81
4826,110
61839,82
13440,71
175307,90
7982,388
64930,306
26038,10
7985,43
64934,7
26037,28
24096,17
10156,58
10405,41
62472,442
10407,32
29151,18
24099,31
161852,60
10390,8
64334,290
124434,42
147849,30
27965,107
179298,362
27960,8
149683,4
1949,62
24291,44
1979,6
14898,3
176670,215
18844,5
185619,67
14891,15
164404,1
6216,9
63874,94
6213,70
148531,25
15708,280
14650,113
9299,8
62654,308
62655,4
179624,6
179621,41
1661,63
62897,6
62895,405
65732,17
3231,403
1968,5
164572,84
3238,364
157865,294
175523,28
1611,1
158053,266
179534,22
14603,267
12956,92
2870,51
12950,5
179058,5
142748,12
294524,29
160661,8
160667,304
27810,272
122394,113
160668,271
3358,90
164756,172
164755,32
174236,58
5442,4
7065,50
7063,35
11842,340
147204,67
30539,129
147208,179
29804,34
11687,348
264509,81
184321,100
12482,24
12485,55
15459,5
132482,46
8151,206
178868,92
11096,14
179841,17
179840,163
179843,87
184057,152
178862,136
178863,126
178865,55
24396,34
1545,39
11115,53
14477,14
183528,36
66379,16
11440,33
154758,11
144640,6
66371,1
148950,11
31751,17
31752,4
109186,57
31576,364
4390,1
66155,243
185276,42
175834,12
127383,1
66158,361
61685,41
8539,70
27776,27
160471,7
160474,33
12824,15
12825,14
190959,79
7883,58
15291,87
133825,88
61759,68
66085,281
14503,2
6565,91
105670,219
8105,2
29607,48
7685,15
5475,10
7682,105
1257,54
28733,91
1380,55
1382,16
29609,14
3580,13
160989,25
180145,7
3581,8
177924,48
4759,19
161056,13
161055,33
8440,209
179686,309
109079,1
11566,24
144356,17
24378,18
13990,55
9258,29
160505,107
115876,364
160503,18
60931,24
11361,6
61356,86
61350,62
11811,29
63422,13
62516,4
126496,59
174301,138
28648,20
5835,10
65218,223
19355,89
19605,43
25737,45
147183,27
63847,7
114698,65
65180,10
179438,286
184514,244
185018,80
64857,284
64850,4
64851,47
64853,175
6774,34
10984,59
140529,8
10981,20
10983,27
5870,62
65850,1
25918,9
65676,40
60801,123
11291,41
11296,79
9969,154
65671,20
16955,193
177111,70
177110,308
177112,288
186288,135
25234,101
25138,16
64103,68
65459,3
164557,25
158563,316
4632,275
184604,94
13526,81
19911,20
16721,32
149268,210
64584,415
11748,14
165934,288
63919,97
11584,21
161909,216
11580,42
166593,73
61576,52
166591,262
25313,2
138662,272
121382,8
121381,350
7849,88
16832,144
260893,80
63687,444
153130,122
64030,22
116504,2
4839,25
6357,15
61925,5
141459,9
162585,302
4523,76
13453,194
185646,44
6194,173
6196,17
64929,7
162349,224
162346,5
64925,93
11636,62
140983,412
26045,5
9346,118
9611,68
6742,289
9619,1
13184,267
64327,158
3532,19
175404,8
22815,33
10364,49
160272,308
2049,83
5050,6
20653,202
135788,106
9411,22
7203,20
116104,103
7205,31
30870,1
6223,11
63863,10
12216,104
12215,195
162160,45
160183,2
160181,192
18549,144
17072,125
178015,42
143153,315
116503,39
9761,10
14084,15
186129,81
162404,121
62317,90
122015,388
10504,9
13071,13
24171,42
164506,3
179299,47
7331,4
18364,4
1976,20
1602,297
3221,50
176229,258
175533,298
6375,20
147988,1
8858,52
122915,155
62797,33
185289,241
138402,105
133328,317
8850,2
123720,402
12926,37
178676,22
12250,301
30188,411
187722,65
14269,1
10213,8
10187,414
184046,304
149477,19
1773,120
61153,6
62221,5
129438,7
179974,21
112111,6
112112,424
9890,102
8148,100
1230,16
178870,194
6994,2
6995,41
184281,14
61155,10
8633,27
30293,96
5518,7
178081,41
24547,358
61409,17
30298,76
108449,77
184040,124
162906,16
162907,161
106418,114
64223,7
66366,289
1554,2
183554,25
10386,4
28340,35
2991,78
3036,86
183559,2
66368,13
3031,111
187653,230
31587,60
174118,82
29900,67
23195,16
30614,2
30612,47
31748,108
31744,464
31214,10
31743,213
30618,6
178704,70
31564,28
66148,74
126718,40
31560,10
163983,25
118795,193
10380,6
163987,56
144567,279
25896,61
9999,231
17724,393
12589,35
177871,44
29129,17
178493,99
178492,345
12850,20
12581,28
28347,38
5608,25
29901,1
25964,9
11032,66
174119,4
66098,393
151161,5
15027,11
161120,5
111961,3
105538,102
111965,290
29634,10
1397,3
9325,10
1393,1
1974,4
183606,141
3813,48
127282,46
3622,22
22650,19
183603,133
3814,112
160991,42
160990,120
180150,1
8457,51
23252,35
8455,81
7585,22
184465,309
29517,59
109084,4
15337,14
13988,218
143910,432
184263,50
165742,271
146156,59
185396,38
165746,4
174115,281
61321,98
7549,6
61325,36
31368,355
65872,285
22817,1
28296,179
31567,3
16641,69
164411,239
30473,25
154595,74
112254,165
8030,15
64821,93
178703,42
166458,236
6768,31
23810,11
4740,106
10991,28
189491,17
189490,38
24610,23
157074,211
180395,9
150562,12
25633,218
25632,27
65483,177
5862,16
25140,422
65444,312
177127,170
111491,12
64132,123
260408,3
64130,6
124634,152
64135,14
184673,12
184676,112
22729,3
4608,7
2184,18
4605,146
4600,23
13510,94
177872,88
184961,243
158354,326
178494,11
163921,157
5606,84
153728,155
165924,6
29127,343
166213,12
121974,410
12761,2
5600,8
254399,217
124254,17
64004,323
64550,5
64552,28
140760,5
15347,12
2436,54
2435,7
185058,221
16821,346
116772,9
185654,200
16824,375
65532,322
61811,20
141469,49
25095,201
6346,27
4510,10
62640,11
184702,108
4517,89
184700,27
11649,30
119493,184
162354,84
17195,407
2504,60
11644,23
141913,9
162576,397
9355,4
9359,32
5284,20
17173,378
21241,3
5047,2
5046,37
10374,57
63417,40
63789,266
3785,16
63781,413
183780,156
16910,71
163771,8
163772,117
146354,75
105346,55
6239,80
10777,7
4990,113
10567,3
12206,39
141001,9
12200,2
61608,124
63892,19
125276,135
125274,126
164680,26
186139,138
10519,19
9778,11
9774,10
9777,29
29353,20
62302,2
121759,3
8867,77
8864,49
179288,24
9289,8
176235,12
182383,260
9284,43
176239,174
175503,24
63099,63
19150,396
162770,315
146119,49
11914,25
146114,24
2859,144
264418,205
264414,276
264416,15
24157,111
162825,380
2856,60
14219,457
3336,19
10200,66
108693,9
187714,6
160684,51
16478,201
20904,86
175342,2
29755,18
10195,12
1704,126
29751,20
10190,47
184880,4
174744,29
14182,13
62236,216
10198,3
14186,213
15855,78
112101,190
17120,50
29282,113
184885,20
176523,19
178803,42
178806,14
120193,412
29001,5
30990,293
1121,146
8606,19
8605,56
14324,195
106404,453
25880,3
25882,203
184070,2
15101,314
29131,11
17982,122
29133,16
24379,187
143526,2
186715,14
186714,18
65556,109
3024,178
2986,82
174108,3
157354,11
29910,32
137230,136
137943,21
30354,103
110566,1
8734,52
183388,164
4001,7
31775,7
175983,2
1234,86
2080,40
8515,4
28397,31
4199,56
180635,46
126721,79
4194,4
12598,35
4193,69
4678,391
175966,280
5671,28
192856,264
12840,19
4351,23
4352,21
28717,37
23253,117
6509,108
145977,53
31489,468
31488,191
145979,26
31170,38
174567,8
66228,178
23062,31
111976,80
24283,22
180363,302
29621,22
163887,19
61028,7
183612,1
3807,121
3806,7
8463,17
30328,63
11340,83
64979,411
11343,35
23714,41
111779,138
110685,45
108306,127
6435,3
12445,7
6433,3
5709,16
184256,266
12441,64
184258,3
185380,33
8199,150
177267,71
177264,34
13714,47
110179,55
177465,5
61338,6
8357,27
31392,10
177287,265
156953,193
165798,96
11462,32
13646,7
28866,404
4771,14
15331,50
165640,7
23809,78
14368,34
162272,108
165649,234
166443,6
62967,64
65838,156
24620,29
65831,39
25623,115
30857,424
25627,208
154039,102
25405,15
25406,2
16748,161
24975,142
12458,1
184660,175
12053,148
130200,30
266315,77
25396,15
145407,12
183945,339
141278,149
158587,251
13505,9
183942,21
161924,416
162559,32
12691,104
151630,268
2222,280
2220,41
2942,14
177734,2
65235,35
24440,23
165264,195
151632,206
10832,208
64630,24
177739,145
150139,29
64637,103
62243,121
30463,14
178939,3
185569,379
64549,17
65548,238
185620,49
174148,367
19807,1
25579,40
185624,15
30277,71
63667,29
25570,445
25572,6
7824,123
26067,432
166061,176
124394,20
25088,4
26061,36
117161,405
184715,139
28155,143
184717,9
16698,149
2086,149
26069,212
161813,8
3342,14
2538,15
66029,148
161814,37
64942,20
2536,34
11657,13
153028,66
160213,167
17762,404
160211,25
160216,42
29968,39
160214,104
61557,14
160173,362
107446,19
105574,294
8987,9
176572,53
112366,72
7951,16
149070,25
64304,80
5073,15
64306,78
5071,28
64302,10
63405,290
63799,254
1837,71
185824,232
63790,321
185827,427
185532,130
185821,26
116166,12
2154,12
113530,8
122921,146
2150,27
2403,270
4145,35
4988,22
10740,17
62689,156
25339,177
18560,23
62686,2
1951,147
160329,89
152249,82
62330,40
30255,301
63538,446
25180,3
8873,92
10692,17
186276,89
63080,73
7315,28
178600,391
24113,39
13092,42
3246,15
11903,9
212340,284
164661,86
264388,3
179077,47
176954,21
12909,61
30161,42
112007,280
179700,34
185836,322
62755,297
9016,21
62204,132
7034,20
10236,14
10235,53
178172,8
5496,11
5492,42
27823,152
5252,51
1712,144
5250,23
157217,31
5256,9
21429,4
21503,114
156613,98
117034,372
63337,4
157218,52
13498,8
156614,4
176558,152
6311,178
176556,39
178811,134
119316,2
119314,20
178814,41
183283,141
152809,6
2259,72
184068,81
179818,14
179819,3
11124,76
174485,10
179817,13
180958,307
31764,184
122211,14
122212,8
62110,249
184109,8
30640,409
7146,50
10999,48
183570,102
29382,57
164652,30
29386,203
29435,14
183377,103
29389,74
1004,29
29433,9
114880,82
184392,164
183593,293
28380,128
110760,31
1228,14
30384,188
160448,4
6532,152
147708,4
165123,25
166451,17
175978,246
4341,4
4340,164
180711,182
28704,27
2884,49
24617,35
197855,297
14535,28
2888,25
11017,14
25980,15
11012,28
177996,146
8611,96
24293,18
126136,66
22632,65
66261,102
163893,5
145701,70
65106,176
144383,6
66059,8
30067,123
26520,50
8479,31
8475,31
184487,300
161000,70
7566,39
1920,3
12471,40
150838,25
177921,13
150837,170
12478,34
119173,41
177925,35
184241,19
61490,312
1598,70
175688,142
61655,227
28675,12
61656,46
66438,3
61302,64
31381,17
3905,22
145636,309
147868,21
165785,17
180229,2
180228,235
127179,3
28877,9
13657,11
177124,172
165652,170
120774,199
163948,18
140044,284
140043,392
140042,266
9715,124
9954,9
181445,13
146137,40
64794,305
157955,352
25167,57
25166,136
29061,379
13142,156
181269,70
174136,289
32280,14
16597,118
166789,1
183974,100
184652,70
161952,158
161953,9
174135,25
157058,22
12689,12
118267,35
11796,7
2237,215
65220,181
186898,105
65226,147
157057,232
65228,176
65229,22
133768,303
65958,179
186893,41
148234,58
3497,142
20847,55
25509,50
186874,233
146607,395
13406,3
65552,13
4579,9
63651,34
63650,313
3650,29
162809,292
65554,37
26071,301
148239,81
16689,384
61870,85
16681,458
11669,53
11465,32
24965,76
9783,387
25389,22
64156,40
65689,320
154056,21
2663,24
134932,172
27920,289
27925,41
160204,323
160207,51
10353,7
162557,469
27928,49
135425,48
9372,94
62922,52
4885,210
62921,265
17151,226
17150,322
102696,76
158743,32
158742,15
9173,4
9171,67
10685,1
25186,83
25181,5
61900,6
61903,32
186278,14
186279,247
1820,6
1823,13
190567,122
6115,16
12262,17
105365,9
162129,46
12266,33
10757,148
10530,33
184569,174
5395,18
122841,142
184571,128
11805,17
157117,54
185345,81
63501,176
3275,95
1926,73
11301,28
160331,107
3278,8
157118,107
7368,7
64745,1
116029,145
7366,186
154757,369
65886,44
176725,118
162909,29
176726,4
112876,221
161798,332
161072,9
22053,126
30175,41
133468,318
30170,182
12915,21
7022,50
62213,15
62217,18
3310,45
7959,14
147453,13
10221,144
20029,121
29733,64
140194,220
9393,40
184287,188
1728,70
186084,92
28620,441
1722,34
180822,16
176899,206
4383,66
62745,9
179666,146
176540,66
175163,220
176595,27
147175,132
178538,3
178539,56
115121,425
30710,142
30714,20
178531,330
7799,31
174490,63
3007,30
18358,419
24795,8
14304,7
14309,21
66504,211
189860,352
186437,18
174169,44
24352,117
126036,22
24350,18
143356,314
4409,271
143357,25
142251,20
29930,4
183366,9
29392,18
7691,13
30006,31
30007,269
188155,9
177487,65
183581,3
29613,189
8068,49
178752,122
66235,444
145552,35
143421,172
8060,5
65350,3
7486,7
7481,8
132518,25
6529,163
24032,71
8266,20
150937,77
30398,162
133869,161
133868,253
174389,6
29734,3
11060,62
4242,81
11065,16
23002,215
1104,1
156153,93
31629,5
156155,30
156156,138
156157,258
183101,327
17694,359
17890,7
28967,410
174541,9
66061,8
114524,41
129823,20
66065,2
4087,13
3863,3
183636,22
144396,18
66592,4
160541,71
66597,70
177930,73
161013,46
23220,31
160549,21
23226,64
3735,22
23224,9
161014,381
160785,7
184239,17
160781,12
19137,436
5723,2
160838,33
6416,12
6410,13
175079,30
61487,406
148170,267
7772,83
66446,12
180030,11
144559,40
144809,30
3439,112
8717,51
13580,9
266216,365
117026,433
60992,25
117768,116
14938,95
6733,98
166460,21
133166,108
4926,14
8087,4
4156,6
61815,398
11259,52
60846,211
163930,4
140073,21
11094,5
163935,166
61004,7
165468,3
65036,182
165466,224
9921,8
165465,419
28119,107
28118,57
19262,196
130041,17
64784,428
22772,20
141460,306
65491,133
25173,429
16763,399
164364,388
145049,59
21776,252
141462,37
145042,28
12075,9
145041,58
145046,48
119574,211
140672,277
161942,399
6649,5
63739,23
31843,95
31846,35
10813,18
15087,10
165209,24
65967,44
10816,9
25774,27
150481,22
19318,220
184449,50
110164,422
63640,4
63643,65
24825,58
8215,18
8214,18
65765,3
24893,1
184735,43
4560,74
6639,9
164368,322
3647,3
148476,52
29942,17
148470,39
11670,6
117141,400
11672,59
64480,137
2555,4
2556,17
28460,93
2558,114
141389,123
12788,20
165846,140
24912,8
2393,19
2390,11
12785,5
141384,15
27932,102
62919,63
11376,4
27936,58
27937,91
63551,423
5018,9
2771,17
27938,92
27939,234
160232,215
160233,347
7658,3
24021,28
17148,465
25201,21
17145,389
7977,105
7970,119
6266,56
116387,24
176237,299
16781,426
12252,260
4418,294
176404,105
118223,10
6268,12
185517,139
119594,23
6066,123
125601,19
2176,1
125604,1
17095,384
30016,8
7526,248
122902,177
2606,19
28135,339
174160,284
14822,149
14820,325
113269,91
9728,17
160341,198
4903,13
10787,4
62592,265
62590,71
10035,328
5125,3
10789,2
10030,7
64218,311
1794,14
3465,5
177884,196
29011,25
8898,338
175064,291
8892,30
3469,193
24468,298
11929,284
12321,14
186087,172
31718,250
4331,38
11923,139
11925,129
141720,227
14954,1
7154,35
22829,34
30490,49
30495,115
30146,21
20338,10
17074,188
177376,24
13794,210
142391,96
29097,70
108664,432
1585,4
186671,111
27845,176
29921,6
24005,217
164255,33
18699,29
17070,300
29705,12
5234,19
175376,32
30540,80
164494,5
158791,180
176375,147
137024,173
15803,305
11819,164
176378,15
15153,366
29894,12
179342,114
179831,207
184009,26
137373,18
162941,164
109930,4
178834,428
24344,332
3071,385
28477,29
14311,5
2953,2
31702,349
31703,393
111000,79
5342,7
175607,197
7163,1
126020,3
143668,85
178633,64
62107,14
186180,184
137573,96
30032,97
4367,32
1209,33
66686,50
12895,16
31521,72
23107,424
1210,12
144010,14
164109,196
18037,178
175955,152
186310,14
175953,65
8272,74
183580,349
28278,257
6334,91
66210,316
186451,107
162892,151
3107,40
162894,90
30727,19
12868,53
175007,16
175006,48
1117,7
8493,82
114956,418
174531,155
174024,185
175008,320
1449,115
31147,198
4093,66
11446,6
4091,26
4090,98
13786,308
31453,104
4094,29
185194,25
185195,78
22612,34
2005,410
185190,65
185193,6
23587,10
177943,28
6669,25
66588,168
177944,463
177945,181
66586,59
185355,299
11313,44
19129,77
160797,236
107325,408
6461,85
160798,53
19124,440
180029,4
187039,25
187363,25
7741,47
61673,325
143283,6
174449,216
64404,46
22500,6
150258,59
60983,276
8264,27
8304,7
166414,264
6528,13
6081,30
66281,221
28853,138
61581,4
23697,105
8092,5
61587,67
61586,298
61589,101
163920,334
160196,12
165675,23
11264,40
65021,122
65026,19
177895,28
177896,111
3851,16
110529,113
180118,4
22761,16
165691,10
1487,261
65376,171
16775,179
16777,161
181931,23
128978,32
158313,298
110250,423
25340,34
130762,101
6097,9
185177,30
12669,26
121934,194
6653,60
63527,4
185549,71
177099,27
107817,218
19305,6
25749,9
25747,48
127797,422
25745,98
64844,23
165215,294
65971,375
120359,47
120358,56
161996,411
161997,16
63639,96
24837,16
64515,298
184742,176
266214,153
150477,6
185618,84
65772,12
65771,3
183826,293
19873,452
184748,1
175055,24
183822,168
13421,71
21061,223
2547,103
139526,24
64997,4
153895,437
114608,54
66354,50
166639,23
165856,6
165854,104
23006,97
64175,5
186989,150
12796,71
2282,31
25007,4
10332,34
64356,148
160228,75
64423,150
175509,31
27906,8
140938,439
160225,21
17233,228
64194,421
182387,83
260774,16
25236,437
64193,366
16401,117
17131,103
260779,55
16453,13
17132,325
64199,403
7906,48
17136,365
125580,371
16790,153
4423,19
4622,21
166747,342
64699,371
111179,122
148391,100
148390,82
162401,23
122916,20
2163,42
6078,8
183736,1
2615,36
176238,20
163926,436
7346,76
135844,19
66060,172
7343,125
25430,45
1906,10
10795,13
63291,1
64228,377
186845,205
10793,24
149738,1
120824,5
179003,379
176703,403
176701,12
13200,81
163685,12
163680,83
163681,379
25434,37
28608,39
185980,54
12338,80
135990,73
138126,276
138122,300
1414,3
27875,50
112819,8
176963,159
163668,15
163669,33
121662,41
29082,41
10247,18
9023,9
164155,50
30558,9
15267,19
5229,33
176567,88
153793,283
185209,425
29246,365
186061,108
29649,44
29241,213
11861,385
12544,14
176363,208
176362,27
138341,315
175490,16
8902,3
163594,168
163595,22
113490,16
179132,25
15142,76
178519,23
162958,287
29887,48
184035,199
238157,66
109926,50
162957,14
112721,255
14369,40
3062,24
7171,32
28349,149
180905,11
272699,24
2940,139
1050,4
62168,124
62169,38
31739,402
31738,38
174637,11
14401,193
174147,14
186993,24
122266,23
112030,13
178608,39
147579,59
1690,123
112034,15
164664,89
164663,40
179739,193
164660,14
177764,245
118502,34
147750,28
30029,23
177446,2
12886,36
1274,191
122380,10
178995,11
14563,7
14561,73
184101,157
8240,7
133246,263
24483,80
8247,19
8245,407
62016,30
12459,58
66268,50
187132,377
162887,262
5379,19
63901,36
186683,142
157954,302
28590,1
31607,195
15363,307
23027,4
23753,22
31460,10
28919,234
8423,31
2595,113
22373,5
66000,87
2596,11
144139,3
177953,20
136186,310
122917,29
192255,61
11300,6
4225,4
11302,12
185346,46
11304,59
184219,110
9125,9
108348,17
61662,10
5581,31
177429,1
12403,78
9831,65
12407,59
28629,99
9835,68
110732,120
11600,9
7759,15
23111,364
63058,372
186783,169
180698,288
7750,49
109699,310
139225,199
61448,291
12141,197
180272,116
17438,360
3937,3
145416,132
61112,119
61646,93
163916,85
166402,2
8334,25
157452,33
25929,14
175347,6
9904,196
61591,66
61596,11
127094,37
64028,3
4130,5
156861,1
19817,106
2593,22
5690,2
61061,59
5697,3
24463,25
24898,263
28139,112
61069,202
177882,70
177881,216
19209,6
25356,135
25357,79
17641,311
153668,60
64768,22
64766,108
22797,15
1300,27
119756,25
9324,38
110065,59
29086,281
183312,8
117018,440
7912,186
25680,72
121257,139
7437,159
4045,41
23978,28
12658,7
4040,1
161966,150
177088,31
160580,50
22086,63
61285,7
65905,88
65904,143
10877,141
100873,34
16890,477
63621,113
25536,3
17239,55
24803,217
65587,5
24800,144
2285,32
124198,78
185908,286
183838,3
186846,40
64690,6
28819,28
183830,69
183833,90
124196,178
121817,22
121816,438
121815,19
11499,13
2577,51
11694,89
2573,118
10905,83
186990,109
65345,73
282553,14
65343,14
186994,3
10903,59
10902,8
11455,24
11456,16
64163,64
64165,15
64166,108
21237,84
64341,157
140902,10
64344,19
140905,201
64346,2
3594,152
121493,33
113140,38
10305,7
27913,9
27914,56
21238,79
11315,7
10086,14
4430,202
293754,331
13323,8
25224,12
30778,11
7911,4
13328,16
1878,18
179413,252
12603,105
4941,33
118081,137
138205,81
62501,68
12138,94
186206,190
4321,29
184689,289
184688,74
2111,67
184684,6
1559,2
122078,8
63281,141
62378,30
2628,32
185881,7
63288,98
1919,47
163939,55
149721,30
62575,408
5237,29
122674,36
176289,8
10016,5
121077,193
65812,285
186336,133
120816,10
184079,311
1913,9
5831,17
2025,65
61408,120
10499,113
2751,8
62979,356
174355,5
163051,95
177782,73
10277,129
108645,211
163931,254
163673,244
179583,55
14790,12
184996,9
14793,170
14794,8
163678,28
176914,94
164585,22
121673,31
5210,95
20019,442
20548,222
14027,15
175157,200
163586,4
63172,30
264265,303
2820,4
176594,286
21542,19
176592,33
176593,10
63178,206
29274,26
11872,20
176351,327
19431,31
112626,245
11877,13
112624,128
133726,66
175483,78
142088,432
176602,309
176999,141
164296,20
179361,236
62374,1
164293,231
164290,39
20217,192
29875,43
30234,155
142462,73
126010,3
112754,263
11976,7
179690,120
28408,20
7107,16
66681,42
6865,78
14370,18
6867,193
271794,272
62123,287
176282,206
13800,58
62396,2
62391,64
28034,10
1045,15
143605,5
31720,75
166623,60
175739,23
3028,20
62399,98
180109,433
178619,163
5109,89
3026,3
164612,232
164611,22
4450,6
142260,50
30059,86
182827,3
184114,314
14163,11
264713,5
8253,15
111631,2
30055,461
1266,9
11051,29
8789,341
65713,190
24491,55
21593,111
62766,343
109599,380
136884,316
31616,30
3129,9
29698,3
160417,100
174049,7
183480,4
178507,37
29052,138
137351,392
1468,12
174282,34
115404,43
183247,356
144727,26
115077,34
8431,105
126318,35
120444,20
137232,72
23768,11
23767,205
65365,104
31477,75
66016,26
28900,125
19057,408
164408,20
12433,22
147639,19
147638,49
165053,27
165052,42
185372,6
160570,17
114370,179
122273,20
15197,431
133949,16
5597,15
162988,103
105936,48
133944,69
133945,75
180683,199
178767,66
110728,2
183797,60
61439,34
185083,13
61129,175
61122,21
162264,7
61435,12
4807,13
3946,4
66496,11
25376,74
181794,12
166434,71
8512,193
166436,200
166433,19
4128,2
4213,5
63876,25
9919,5
4127,28
4124,10
65009,139
62972,415
27780,102
61055,200
61726,33
5680,19
65006,147
27786,187
31849,46
6386,4
62977,279
60894,22
4809,7
10498,13
183932,6
23943,168
176256,268
22144,5
185797,23
61996,89
177744,104
177745,49
4052,186
163879,25
163878,23
163877,10
11511,57
4058,45
110387,27
65176,485
5978,6
177982,5
110382,134
128098,29
6936,74
10860,132
65911,12
10867,77
150279,30
150278,78
21828,86
150699,97
9815,19
15709,17
3619,9
13431,138
16889,442
179586,396
2295,4
164510,273
25789,11
141197,293
25030,83
148249,34
5902,267
162338,30
29736,68
141359,9
114628,92
162335,2
10916,325
133432,117
135044,121
24922,4
24925,15
7291,58
17115,72
7922,59
7923,47
2581,25
7921,5
64408,88
1860,28
13353,109
186230,13
13354,21
63763,48
176169,1
28712,73
162584,71
4685,381
163118,6
4936,1
1613,23
138747,282
7798,4
138743,79
163113,11
64536,15
140821,8
154357,182
24810,196
2101,13
63814,351
160373,36
5116,11
160375,139
10002,15
125014,19
122061,42
10008,6
176291,118
161843,1
9599,136
20791,111
157153,23
64568,21
17069,96
9590,2
176760,13
176762,429
185419,31
176764,42
176766,442
176768,76
146171,24
185416,89
179027,46
66301,3
163069,386
184785,10
162517,8
5218,24
179417,7
62965,12
4844,169
4598,3
13011,166
141178,202
4843,224
26016,102
63724,3
179597,2
112295,255
179598,282
133424,306
5254,9
29264,87
29265,14
14169,27
20570,1
5205,9
152109,13
17252,33
17795,150
29268,83
63383,19
121440,323
29627,13
175127,467
179110,56
19932,363
28322,66
164266,337
62494,38
62382,271
25047,241
134026,18
183902,246
157080,31
18533,128
176343,26
13174,7
11191,50
149618,407
108188,1
2960,68
29868,36
164270,262
1783,1
30222,385
2968,374
30220,1
137611,5
62634,113
122536,3
7117,12
7116,5
24318,212
24316,20
176591,157
24980,20
108740,15
176350,390
29466,407
163884,185
1078,59
16974,278
1076,10
3643,408
1075,104
1072,27
164609,272
179202,22
1678,94
30137,274
13003,6
23898,170
178371,88
30138,110
164607,18
164606,1
1094,4
175004,8
23485,46
175900,31
184167,161
30822,89
8229,7
66393,40
264708,84
118525,416
148932,72
65590,22
143870,96
178976,26
23291,144
178972,325
178973,2
14583,60
117145,16
178083,176
174053,109
28022,355
174507,279
160600,16
28027,296
20202,8
178089,21
20209,24
27765,170
156933,8
8348,43
164046,43
165993,108
183257,199
29040,57
29511,17
18307,380
28938,88
187490,117
1327,146
133547,45
28930,31
9850,64
12421,35
137434,18
15343,24
137432,21
6900,13
12428,132
23577,34
5764,11
4201,64
5763,86
177975,10
8133,96
12789,1
61600,17
5568,20
175130,333
165845,12
137310,259
160742,5
5567,44
5560,12
177405,21
147101,6
1254,25
17367,399
28338,15
178798,203
142460,13
7733,86
178797,18
31099,19
63520,3
16650,26
111629,92
26246,47
28806,223
66731,204
66484,322
126434,40
174876,13
133288,187
61420,1
10618,4
24755,14
14489,49
8358,43
4115,13
6730,263
188663,188
11770,293
8350,15
184254,84
260778,91
140033,137
163891,36
62139,320
164116,4
60888,116
19049,210
24750,37
122257,304
24447,124
7422,201
61739,79
178672,188
27790,25
61735,8
61732,37
27794,111
181290,4
9155,36
25331,15
61552,77
65615,7
25338,78
183920,77
65610,161
145080,16
29616,1
12635,25
15247,103
28518,10
176369,5
31887,110
114748,3
31881,32
117036,15
65290,78
4060,2
4066,14
23793,55
65921,13
11509,6
11506,158
182308,72
26013,133
5786,379
150201,119
65105,82
5783,20
120656,8
65108,22
5788,18
120301,26
127439,82
5918,49
3607,15
187809,3
63600,129
19538,337
63605,151
63971,7
17780,88
12189,3
16637,445
16188,31
157755,52
12181,258
25021,10
176017,272
7875,1
182788,75
149379,5
6116,17
184576,13
6110,230
106853,136
124046,54
10920,9
166197,387
29722,161
2352,30
186607,323
109621,293
7309,172
3855,58
7281,20
17106,364
7936,286
10894,60
64410,7
134384,93
186955,32
16989,406
13341,81
254096,275
65430,87
7974,99
118264,36
16981,481
3734,44
1891,10
16985,377
16456,64
2136,178
4690,334
13342,220
162457,150
6737,59
148349,10
4699,383
162459,213
7251,88
154434,221
179741,105
11721,2
6025,27
11729,134
16785,471
5165,17
185483,80
62823,13
1686,2
160340,293
62826,309
125237,20
138483,41
21499,31
62553,49
17076,409
9216,5
21496,28
64254,10
17073,57
185428,267
179782,197
3429,30
178610,30
20488,17
61494,40
125595,160
176022,300
186344,386
3424,83
2002,380
6335,16
184797,39
144436,26
6331,18
9698,28
6333,147
62954,198
6338,177
165124,5
184117,346
14170,7
62732,35
14172,382
62730,198
27886,384
10297,8
264391,24
264397,6
264395,19
10453,197
10451,80
9555,23
29217,15
24040,271
175271,203
21186,229
175131,109
3556,1
166569,313
29359,58
187576,41
160293,243
10581,31
178003,15
13163,9
8901,29
1706,33
11856,397
153813,96
30219,11
284041,96
29855,331
137602,62
174729,21
62602,87
6848,33
148169,275
24302,286
24304,83
152008,282
6845,14
185518,9
107755,198
164633,214
5301,9
29453,108
21440,35
176247,15
13013,65
147340,99
176939,12
147349,19
176249,40
175913,100
30674,318
157855,158
30671,13
1082,5
136648,24
136646,12
11537,6
156857,310
4322,2
14828,205
18049,243
12091,36
3144,21
2829,61
1526,179
14597,238
14592,41
14590,29
186498,399
31673,59
31674,21
7632,37
17861,430
7636,12
7637,201
29984,48
112774,47
142337,193
1408,8
9699,4
164708,77
142339,144
152149,37
5792,14
28152,163
31418,82
164407,4
183446,125
183526,12
16582,22
9083,209
185318,22
176782,18
6932,172
177601,21
8699,20
14824,179
199757,35
8694,63
9849,2
8123,4
147657,18
8692,7
166491,3
61635,85
5572,1
115766,184
66654,253
3093,18
126555,96
126554,40
1533,4
29143,35
25870,22
174401,280
28490,284
25874,194
25877,133
136265,317
3121,1
66728,51
180083,25
61380,28
31593,133
22542,2
22543,15
126423,91
183324,297
61388,75
62984,14
31095,43
17341,32
177697,18
63645,319
11228,66
140023,311
185227,122
25895,376
11220,125
12568,3
160913,26
160912,16
15240,12
177031,9
111721,303
63511,441
28924,61
174317,130
66032,98
25906,254
174312,172
5903,62
174310,5
1634,20
61703,92
183684,29
180402,29
180405,22
3897,91
106589,259
61562,94
109919,11
16531,6
61567,14
117020,124
65607,18
155754,262
146140,93
166562,88
166563,99
64848,1
12621,42
6617,5
166564,212
12625,33
31895,306
62626,115
7277,175
10840,3
185138,19
11538,51
65286,95
5860,30
282189,189
65937,2
5959,10
13765,17
161088,243
61899,334
11535,38
4072,122
187215,64
61140,302
3964,42
3962,4
165728,17
5791,10
177216,44
145024,63
180249,4
60942,4
154755,286
61418,5
7152,13
63986,44
141277,128
165943,296
3639,29
187810,177
187814,195
4611,33
148223,21
65739,192
148224,82
117115,4
151928,7
162076,7
15364,260
266257,34
3138,12
179605,273
148469,57
2342,38
140759,216
166366,13
6104,1
119414,454
20109,421
6100,58
10938,92
287462,40
63290,53
187205,22
124038,119
140979,128
63700,262
25274,35
63708,5
9445,79
25279,59
161869,11
186960,2
3708,18
112362,396
150720,1
65421,25
13375,47
183700,9
4462,5
3707,13
4460,49
162219,23
17101,307
25241,23
13579,119
6109,111
4918,34
162449,20
162448,40
148356,21
148350,4
4911,46
12756,8
5750,70
64088,29
17269,331
24878,75
13235,138
184542,294
166705,313
10063,415
187961,196
21487,21
24782,125
9203,25
187969,76
24783,9
62549,40
3416,37
185370,183
176973,142
64061,51
182309,278
64063,87
166363,154
160571,127
21374,398
10000,20
185945,290
160479,109
66610,24
12377,3
176035,84
12379,19
15293,52
62948,79
63490,52
8333,26
63495,8
144998,21
65609,26
12171,25
135484,47
4860,6
176873,16
4864,34
25711,21
151403,77
9063,8
62723,30
7938,4
10286,50
14108,111
179577,31
118046,219
264385,182
160809,301
264387,180
112410,442
17715,260
181617,300
9664,30
29206,39
125360,83
10115,30
25495,125
10443,19
3562,110
21777,170
148770,215
7447,61
160281,3
10839,1
63123,31
160282,5
176639,22
4485,136
1439,27
149082,49
8972,38
112759,8
29099,81
64547,150
15199,125
147242,109
112168,5
17908,420
7138,21
260737,3
122519,13
7017,171
163889,288
175741,155
122515,287
14616,27
157353,110
29448,169
29449,14
178310,103
142230,197
186158,130
29211,198
164624,10
5313,5
29332,35
29446,384
176255,9
18241,185
176251,54
176928,10
30443,25
137704,104
15521,49
133885,302
179957,32
184149,13
31242,200
147792,448
142546,3
109366,247
176118,75
133888,121
3153,17
12992,2
121713,458
3157,87
24204,2
126772,3
1982,126
28795,297
3158,80
25950,37
28791,79
30461,408
180833,4
3394,10
3399,21
64162,57
121717,46
174077,146
62057,20
28323,71
5408,55
30205,14
29028,46
136725,129
179303,8
116791,122
129469,119
129466,257
146616,285
164258,10
15111,111
122263,4
13709,4
147661,142
66285,423
23553,78
66288,407
24278,378
18110,414
65540,11
15414,120
8113,177
15417,101
64626,15
23084,62
111103,1
184899,71
5543,50
14581,43
180658,52
111864,95
13125,68
29150,81
8599,3
4273,1
175674,110
180652,4
233491,124
3082,446
111819,454
61398,200
61399,277
187483,63
65050,347
22207,7
22205,29
29870,16
8577,15
7124,22
66708,263
14359,199
184323,111
11234,4
8579,34
2124,80
28176,4
12578,9
139201,9
61712,37
127377,36
15252,11
12576,115
8446,47
12575,1
28775,21
24428,11
25915,18
129840,14
13128,16
5878,27
7401,4
117901,329
117902,19
117903,25
25318,79
18040,392
183903,153
22447,169
61574,13
25312,16
65630,46
25314,29
182491,8
13570,2
196055,331
163822,62
166583,21
178529,120
12615,12
119714,72
185128,21
161048,46
13710,35
179428,311
185125,8
2999,5
137371,1
60979,6
24731,96
61406,78
111064,74
155616,16
19428,433
31276,421
177206,87
9899,56
182701,115
65706,95
29955,183
24466,201
65702,1
120456,79
141240,58
120458,38
165979,2
181104,76
157862,12
17180,104
141363,85
148219,249
184551,161
148217,49
18329,425
149318,10
13623,47
2337,19
17184,85
6130,213
161897,17
140761,2
64082,125
181745,26
64891,55
64720,16
186363,43
25481,380
29710,35
140565,121
16477,27
174313,457
9472,23
2574,32
2710,8
162385,12
65413,151
61971,30
141496,278
65417,26
184884,303
176135,280
4476,212
183879,311
6003,169
110533,29
4900,43
118042,410
4674,384
13562,154
6008,188
13561,97
156633,10
63952,37
25848,10
28641,5
153191,5
24844,8
24843,272
5179,9
162497,325
9273,25
64275,5
24197,27
5149,22
186773,32
10056,22
8810,139
5142,2
124775,18
156617,298
160163,1
29612,25
180466,4
63000,37
266160,206
12389,24
7435,3
10349,4
150306,305
166005,291
12142,137
6310,204
12140,142
10614,29
6315,245
8530,187
2061,25
64389,9
3413,95
14113,30
7161,4
3410,63
61544,20
133366,171
133367,1
163633,403
6136,10
113371,12
175689,4
62990,115
7228,47
166435,256
10121,210
175686,10
9302,19
10124,5
21743,28
63138,29
4503,10
133766,26
133767,45
133764,248
158737,1
175111,46
175110,4
3570,57
63135,407
4497,16
162127,44
4494,17
17168,480
13380,87
13381,79
175424,301
7241,45
4498,3
6821,15
120794,186
2938,117
17266,35
6829,5
176861,307
176867,13
133504,82
108778,2
165880,137
16845,477
174648,312
10540,14
178201,41
66599,63
11896,421
174647,203
10549,5
183352,14
62667,100
62666,31
20204,43
63224,422
20185,1
65718,7
22306,476
29300,342
115757,1
29304,39
14282,125
14934,147
4881,12
149177,25
176268,122
18276,368
137131,37
30477,9
13032,45
8219,64
8079,26
30651,11
164365,415
178943,214
3969,90
179437,17
30877,25
8210,6
8213,9
29946,135
184157,18
11099,10
109826,24
164369,135
274165,11
12726,264
2802,15
194755,180
187167,196
2807,38
162876,13
28018,83
139665,29
29015,38
62266,56
7092,77
3369,43
62263,312
6326,27
66602,4
5439,20
28543,50
3362,47
31203,17
29830,11
29837,259
2019,305
178545,398
13962,33
13963,5
109683,449
8101,2
185339,52
4275,1
30932,436
188255,9
183421,52
66290,3
1356,4
163975,4
163946,125
5559,4
65011,180
9867,116
180646,9
25852,142
28303,65
3502,9
65944,276
174428,137
125000,113
66313,340
146500,49
187698,218
66630,22
186743,65
176637,250
30098,13
29164,53
8582,8
61163,50
185229,11
110802,2
8363,90
145308,3
144520,18
12994,91
114484,38
113362,127
12815,60
144097,205
12545,12
163629,53
179441,107
120297,73
15261,359
12540,172
29312,204
5888,57
12818,172
180423,10
150277,218
61763,20
123016,81
15060,140
61766,1
30899,2
25923,11
25922,6
28940,21
28762,21
25924,319
24430,85
24436,26
22325,199
170307,202
28769,140
155738,6
4108,12
160961,3
19094,402
160592,19
25676,29
163627,37
110039,160
11550,108
18654,1
11555,87
11554,26
185112,166
185113,370
23450,161
8402,5
185119,23
141982,163
9667,1
60800,30
165702,7
196269,298
177780,107
161067,29
13700,8
154739,180
163596,151
4016,62
11399,117
160598,5
19433,67
7506,194
24725,47
9882,11
24720,3
65133,282
3980,27
7509,8
65710,37
65247,6
65244,47
14418,14
65717,128
25079,22
63531,34
3612,3
61181,133
184527,7
119474,24
127481,247
25130,20
61188,26
1447,168
13634,7
30576,168
13630,19
23852,3
2328,41
65399,18
154714,288
10441,5
117861,35
157415,20
177300,382
177650,45
181036,9
117868,433
199356,77
3761,117
2290,38
161844,17
148772,7
64102,27
63725,364
1440,78
63723,493
9465,20
25320,44
7257,240
25108,89
138707,69
111662,111
61984,5
65406,23
156578,41
15520,5
63083,188
142956,12
142953,16
184639,126
117260,58
4640,295
3662,60
2497,19
4645,9
120093,142
63927,40
17248,70
253527,226
184603,117
17245,375
24853,50
61483,141
24856,257
17240,439
13782,5
62525,238
121080,36
175510,216
10735,41
162489,423
143974,15
186345,1
185453,61
28295,5
191055,13
186342,78
63030,114
185921,20
2787,14
2783,81
185926,9
184981,4
12395,43
12392,17
64915,80
9466,22
26012,10
6308,15
26011,97
2073,64
6304,138
6307,48
10609,10
128663,178
183640,49
3226,64
13789,2
62290,5
21232,50
179082,74
162733,72
179084,139
176781,161
63454,23
63456,6
121153,173
27981,103
27980,1
9317,109
10420,80
21595,372
10598,6
27988,283
180597,11
164422,12
185703,91
7275,2
176659,130
22861,42
7279,30
3504,142
3505,4
8958,7
155280,17
181904,55
183963,35
185585,198
185584,30
148552,16
6831,62
6836,9
6839,1
176874,2
113419,122
14639,40
112968,14
10550,230
12559,15
15350,36
5338,14
125234,111
174656,209
1682,75
187434,142
1632,123
1633,18
112095,141
1635,108
10917,72
121718,188
30260,1
165244,150
1988,4
8823,22
8826,37
163601,83
13041,340
176275,166
147312,426
178684,224
184180,417
2817,7
18732,284
30649,10
2812,13
30861,26
15092,43
30647,369
30312,15
2818,89
30310,3
4274,153
14256,106
7647,83
14253,391
151606,374
3170,4
24225,21
7648,2
12972,52
119275,90
5639,6
66697,239
164086,58
7085,6
122172,44
20245,294
29791,96
137874,42
66286,421
175308,310
181515,316
179889,194
27828,46
29829,39
1743,48
6497,18
140030,129
1161,91
8176,46
184225,104
19965,6
144009,35
126615,94
66515,111
4241,106
5520,4
5523,39
30888,453
178848,38
20297,417
178846,9
178847,309
160706,50
180183,365
24539,51
24538,7
14417,89
23812,269
24533,75
28378,13
126296,11
11178,20
186591,215
5742,181
31037,22
31224,19
31227,7
178113,13
126056,24
176479,393
1562,24
30082,378
144066,41
29173,98
2990,292
179380,196
27199,54
12804,1
8551,56
15274,155
1659,33
65899,132
63338,25
8007,384
12964,16
8001,101
13824,26
6547,52
165179,6
24405,39
25937,236
6543,10
120877,2
16836,352
28195,17
28194,26
63232,425
28191,11
160416,99
61676,224
136804,74
28209,291
8486,2
25935,4
28206,115
180636,11
1864,10
