180167,0.000218495032617
61519,6.24851638791e-05
19713,0.000143089717292
61513,0.000502527165146
23999,0.000503735392484
22461,0.000252111389656
180169,0.000286092247054
185569,0.000514371500206
13733,4.06570775751e-05
165284,0.000215761472975
111537,0.000491557659296
111534,0.000347015925711
111532,0.000174562100278
166555,0.000214854045113
4029,0.000180319158708
177227,0.000195521379863
177225,0.000755129862668
177224,0.000276474652435
60914,0.000192831963134
19398,0.000209002055146
161071,9.00170914998e-05
5987,4.08607600108e-05
132644,0.000243391327362
177228,0.000386760407971
61179,8.22419513822e-05
24710,0.000361766737527
19159,0.00051333428531
160891,0.000286471014845
160892,3.76875986924e-05
160893,4.13859749318e-05
180562,0.000332047737882
19402,0.000403886231566
127475,0.000173669692427
25062,0.000125287919829
65270,0.000223730171926
277918,0.000290161761811
150179,0.000355943155454
183850,2.79743287454e-05
165914,0.000104156378665
142814,0.000479119115301
22008,9.65825943587e-05
149337,0.000115535753133
61192,0.000189937230663
142811,0.000175930390067
142812,6.72033722272e-05
6158,3.03391691579e-05
12708,0.000219405998613
164086,0.000212796948372
13602,3.04440313411e-05
4737,0.000465703562427
6791,0.000163906178182
118126,3.89751245355e-05
2312,5.50865728333e-05
118122,0.000452667163168
118121,0.000221885477207
177313,0.00066895376522
25665,0.000245989371586
147661,0.0011681147377
177315,0.000195901777272
64879,6.90410826201e-05
165358,0.000104040620095
140541,0.000577263259208
166482,6.02135049968e-05
166485,0.000220690696774
63739,0.000159872706812
128581,0.000139251949582
161853,0.000634600500003
25283,0.000576403755532
185645,5.9680815169e-05
22717,0.000441129092278
184064,0.000485453473613
138743,0.000190313363201
25119,9.85515771279e-05
16705,0.000517575591543
179957,0.000332324031435
25110,9.48625536514e-05
184149,0.000259616399375
166733,0.000153652295848
7993,0.00024524348314
140897,0.000208898802093
141236,0.000150238700822
7991,9.38958345006e-05
28998,6.73770597458e-05
63930,0.000306888802399
2269,9.35076160665e-05
63936,0.00048331728462
116787,0.000318524350316
19570,0.000262297762124
7881,0.000170568692106
63938,0.000192355473705
7882,0.00014352913364
162254,0.000270834461152
8551,0.000361334090751
20747,0.00012661033642
124599,0.000958007657384
17035,0.000164321993032
2444,6.18479438079e-05
139804,0.000453380584577
2448,0.000267481308985
63029,2.4962436754e-05
7866,0.000162542473474
184994,3.31610226772e-05
186354,5.91310081209e-05
23697,0.0008161008966
176068,5.26887671201e-05
24888,7.77670425241e-05
140982,3.08021396969e-05
8092,0.000101388004177
138608,0.000527646331945
2044,8.84127722271e-05
61587,0.000252026664959
146659,0.00019907396729
138601,4.86776306715e-05
148414,0.000221756525714
4818,0.000164231290133
163036,0.00019266619081
148410,6.77334486814e-05
185661,0.000113647228928
6379,0.000165266238457
26021,0.000139351808924
64901,3.15606721789e-05
11124,0.000341047049192
12123,0.00133235141765
124358,0.000109311584228
12124,0.000194484576913
10631,9.92645932643e-05
24204,2.62059997125e-05
176782,0.000113043641114
10411,0.000348506046266
162742,0.000106829723138
11944,0.00075963916123
133346,0.000202767757735
63447,0.000580591347231
165675,0.000234413644443
121142,0.000207864012722
160256,0.00035250744158
160375,0.000157456563591
160255,0.000208561142731
63448,3.70825241723e-05
135965,0.000644888297214
16926,0.000704565577502
162560,0.00022320458361
8947,0.00017807489107
22260,0.000330252989354
164416,2.64606058045e-05
125014,7.27855135441e-05
16929,0.000188588942397
7260,0.000320179758227
12234,0.00114374004697
63596,0.00010521502498
12236,9.29642690365e-05
125531,0.000421505120099
139025,6.3953696464e-05
180958,0.000411690086892
14624,0.000151466433421
62646,0.000176520768675
179186,9.74959353293e-05
14623,0.000478939186049
148224,0.000454438128001
3851,0.000320147145967
152049,9.20742312191e-05
186106,0.000740425620059
141240,0.000125929236636
10565,9.9307871477e-05
125240,0.000323544907227
3394,6.2878016844e-05
176268,0.000408428672309
24157,8.59241663636e-05
1995,0.000409260892901
10096,8.74311548675e-05
187406,0.00022379910586
30416,0.000393923090812
182116,0.00030622889889
178327,3.51852155272e-05
182112,0.000266889139776
163610,0.000107028417308
8838,7.08084622927e-05
138467,0.000299797347229
147303,0.000210027127385
147307,5.18455732867e-05
147305,0.000200953717694
8832,5.39494610681e-05
16671,0.000188170710044
164342,6.95909579746e-05
30328,8.52100528361e-05
138861,0.000105958657822
29962,9.37103652467e-05
30637,0.000375399877057
29964,7.37806101146e-05
28564,0.000756257400705
62088,9.57650635522e-05
24232,0.000546444856945
24233,0.000181242116729
24234,0.000114355779036
12945,0.000181562424962
174222,0.000131939169576
62245,0.000323971512434
183224,0.000194710951525
175087,0.000110523729427
157493,5.27308172675e-05
175083,0.000340640827301
13189,0.000288801873003
137641,0.000147893639601
285536,0.000229407704006
137642,0.000452696045748
175319,9.36212556204e-05
63462,0.000291772721695
30259,0.000435057410878
175646,0.000496361995874
156383,0.000180157135056
156384,0.000211777482721
29762,5.52357950334e-05
1177,0.00012142963587
25069,0.000247483048576
1173,9.67989605452e-05
30740,0.000206998756657
157921,4.80270815086e-05
13940,0.000233023973883
65376,0.000116602779698
31122,0.000362819502567
31692,0.000256663753779
23500,0.000402072361138
160719,0.000128505352485
5530,0.000134829868477
185618,0.000243713455974
5539,6.71631101583e-05
162925,0.000228935653913
178851,0.000306745733465
22861,0.000158202610049
2061,7.44763460956e-05
11161,3.8464055779e-05
14403,0.000325453790511
29108,0.000371608544105
178453,8.49587328663e-05
29433,8.07298312809e-05
8762,9.92827292055e-05
29101,7.27649732786e-05
7183,0.000419636234255
7185,0.000173056151182
7186,0.00016909372276
66161,0.000216507769391
8387,0.000395671204003
8386,0.00012525285766
61693,0.000134467599975
185269,8.88514776241e-05
127644,0.000183719819393
13839,2.99033665003e-05
12874,0.000152254623984
8549,0.000196309415629
65884,0.000191219423573
23616,0.000145842411046
8543,0.000112693328157
8542,0.00010499866949
6573,0.000127370454183
176591,0.000249795403295
6574,0.000224122833047
162699,0.000113037738954
180193,0.00013215527204
61745,0.000198109441382
27760,2.4625774253e-05
61743,0.000218588668727
28180,5.15200002368e-05
130762,0.00033181125551
7694,0.000389206557991
144435,0.000124303842605
7696,0.000185247288126
144437,0.000250201935856
28749,0.000329133886161
111940,0.000504068896265
126600,0.000210726380032
28216,9.29568753399e-05
28742,0.000477358370306
25946,0.000205253509101
3835,0.000360517790085
63866,0.000407559032022
10884,0.000195581672196
155394,8.82927260685e-05
155393,0.000777925272727
4036,0.000204609501903
1228,0.000112380013301
60902,0.000287689372561
60900,0.000284412772779
177256,9.64939535182e-05
177257,0.000494821252991
177255,0.000182547399241
161040,0.000114586434327
18732,0.00027561468117
184442,0.00074978299839
11372,2.56411485925e-05
160448,2.97458445449e-05
24708,0.000155430947095
141178,0.000743050941566
7525,0.000481170963805
6532,0.000447829739783
160888,0.000262227704945
25056,0.00028867289121
16668,0.000489749104198
25726,0.000140988594681
30861,0.000301414097572
189567,0.000126406244956
12711,0.000348141177825
141339,7.867851437e-05
12719,3.19724990995e-05
184500,7.81014938713e-05
6781,0.000214864648358
64708,0.000163493946198
15417,0.00038718138761
23877,0.000164721057573
13619,0.000404983358064
6788,0.000388712198656
185006,0.000170793795087
4723,0.000536052468419
65643,0.000541578623736
65640,0.00030440927938
120048,0.0003444694699
177674,2.75184343609e-05
177677,0.00010892476015
4340,0.000698665380786
11286,0.000229264295184
186290,0.000756863228727
3203,7.35271451426e-05
21118,8.3839383512e-05
177314,0.000538898031114
183352,5.23638324246e-05
177108,0.000150320838878
177109,0.000111741936995
148313,0.000144306597794
16716,0.00023340656545
16245,0.000567891257597
16714,0.000226190974658
65467,0.000550458842969
16710,0.000177610423859
25124,0.00069259962473
29264,0.000431130908318
2271,0.000134177651
2270,0.000129377241675
14169,3.84078994373e-05
65971,0.000344073300824
120134,0.000607853484017
120359,0.000122817611365
63907,0.000261215436775
166230,0.000182553393065
9248,0.000553889631998
179084,0.000543764435095
11017,0.00026005952364
63057,0.000384362320272
9538,0.000102314642766
141846,0.000510836806251
113093,0.000456482729578
9242,0.000213317344745
25980,0.000191569509626
176070,0.000319929408354
153128,0.000194258921882
65515,0.000267757208278
138613,0.000306781112601
174390,0.000267300281588
13289,0.000330322422554
13288,4.80203893091e-05
17534,0.000497524089664
24890,3.5936691258e-05
12403,0.000414015308863
158414,0.000482242959276
180658,0.000176299844795
2052,5.60488504414e-05
146648,0.000105420977929
4826,0.000107883617444
61839,0.000198471761849
13440,0.000260211233914
175307,0.000204324058227
7982,0.000542683632216
64930,0.00019174337167
26038,4.11914469457e-05
7985,0.000577778688374
64934,4.99771695298e-05
26037,8.69262299774e-05
24096,7.28758246905e-05
10156,0.0002011637398
10405,0.000616355477135
62472,0.000604842003102
10407,7.92133014443e-05
8599,2.81789242758e-05
24099,0.000180648779975
161852,0.000160583752693
10390,0.000101727591535
64334,0.000361549620608
124434,0.000106457987775
147849,0.000134025357873
27965,0.000330291535635
179298,0.000485346578671
27960,0.000148363777219
149683,0.00011415483621
24291,0.000320523124674
1979,5.20578989204e-05
14898,6.22457271629e-05
176670,0.000232394131232
18844,0.000133033357966
150477,6.53069002829e-05
14891,0.000171928453577
164404,0.000189463989831
3594,0.000318543467426
6216,9.85245531572e-05
63874,0.000531066048934
6213,0.000143479911159
148531,0.000342240828903
3082,0.000648611883092
15708,0.000267770448742
14650,0.000449044445463
9299,8.63498483604e-05
62654,0.000243984956692
62655,4.13283625515e-05
179624,4.74374621727e-05
179621,0.000474200569848
62897,4.33384621219e-05
62895,0.000478403382473
3231,0.000557697843441
1968,4.54144925669e-05
164572,0.000151762731093
3238,0.000454341395749
175523,0.000120889966584
1611,2.56541453524e-05
61398,0.000606680820543
179534,0.000155358272286
165856,0.000282631387998
12956,0.000192809446614
2870,0.000113801894785
12950,0.000101646090724
179058,5.18373175472e-05
142748,8.0115096706e-05
160661,5.92580334608e-05
160667,0.000468645405329
27810,0.000243361027231
122394,0.000517418257885
160668,0.00046104621616
3358,0.000424597622778
164756,0.000381475803431
164755,0.000165690232507
174236,0.000261299536828
5442,2.54270532006e-05
7065,0.000150164248005
7063,0.000144107004962
13174,0.000176374622733
147204,0.000256290859391
30539,0.000188239242164
147208,0.000458923931362
29804,0.000105843176587
64997,0.000166778017592
264509,0.000174095803255
12482,0.000103421249895
12485,0.000363184877054
15459,0.000108659090127
132482,0.000150309962947
8151,0.000475580146067
178868,0.000359080831057
179841,0.000122847229609
179840,0.000127941184835
179843,0.00012613114408
184057,0.000498581326142
178862,0.000378371426251
178863,0.000295819320226
178865,0.000240168369397
24396,8.75400193222e-05
1545,0.000136538001981
11115,6.30916662131e-05
14477,7.18012714837e-05
183528,0.000100251991059
66379,0.000251746690224
166639,0.000166721563467
144640,0.000301577092841
66371,3.33324994463e-05
148950,9.3203947231e-05
31751,6.084163249e-05
31752,2.70987302745e-05
109186,0.000180500244092
31576,0.000484258318303
66155,0.000295190162904
185276,0.000181723424901
30222,0.000245703561025
127383,3.09508948974e-05
66158,0.000276781912802
61685,0.00014814843961
8539,0.000188643388944
27776,0.000141177008717
160471,5.0304729975e-05
160474,0.000340132388741
12824,7.2930893053e-05
12825,0.000106483924039
190959,0.000387295778712
7883,0.000224990743908
15291,0.000157303128925
133825,0.000263615540943
61759,0.00016616003614
66085,0.00019248950266
14503,2.5737034168e-05
6565,0.000378192750294
28206,0.000337792889304
29607,0.000153457510915
7685,8.56790625089e-05
5475,5.29336068629e-05
7682,0.000428871807746
28733,0.000216203686286
1380,8.05255234695e-05
1382,0.000359440217323
29609,0.000112381289418
3580,6.84261979458e-05
160989,7.41318406252e-05
180145,6.90289983315e-05
64356,0.000568709764461
10420,0.000273909878593
177924,0.000109405673451
161056,0.00010826920128
161055,0.000114362542847
8440,0.000703639598137
24316,0.000377196663271
109079,2.44559480356e-05
11566,0.000128926185291
144356,0.000223596140166
13990,0.00049119457063
9258,0.000160384947794
160505,0.000361433504794
115876,0.000484102093831
160503,7.98207965243e-05
60931,0.000142025808695
11361,6.87708073898e-05
61356,0.000248680742592
61350,0.000147086435565
62516,7.3921603178e-05
126496,0.000242781295233
129840,8.53120871485e-05
28648,7.41339000167e-05
21232,0.000145471261027
65218,0.000168253760812
9899,0.000223008843776
19355,5.71981147194e-05
19605,5.1263209139e-05
25737,0.000276241522344
147183,0.000163102403165
63847,0.000158254824674
114698,0.000206025916498
65180,4.27150808492e-05
30877,0.000346345862923
184514,0.000964698388078
4759,6.73487385616e-05
64857,0.000464221301607
64850,5.61798193796e-05
64851,0.000173041941982
64853,0.000727900241478
6774,0.000414376897978
145367,0.000268756469943
140529,4.66241974476e-05
10981,0.000171297776252
10983,0.000221907410091
117901,0.000266393749004
5870,0.000188861177062
65850,2.89654706153e-05
117902,0.000375618820082
65676,0.000163880678068
60801,0.000317267971992
11291,0.000204601626903
11296,0.00016439351855
9969,0.000104878383691
65671,0.00014354543361
25236,0.000530414792184
177111,0.000215346396228
177110,0.000510987667135
177112,0.000502973133328
186288,0.000436317876922
16957,0.00053002857759
25138,5.96029931675e-05
64103,0.000200369550635
65459,0.000470762912289
158563,0.000539071056593
4632,0.000278490712016
184604,0.000302893961615
13526,0.000235139465634
260779,0.000195480552992
19911,0.000248351638602
16721,0.000289460224473
149268,0.000638821887489
64584,0.000592373839098
11748,0.000118636897985
165934,0.000276472184949
63919,0.000381262339712
11584,0.000118459570269
161909,0.000183324192416
28195,9.29945271227e-05
11580,0.00032641516133
63338,0.000183355533485
166593,0.000192195279052
25312,6.90958402753e-05
166591,0.000412531961657
65630,0.000182514629367
6008,0.000783451980987
138662,0.000363573653283
121382,7.31466853369e-05
121381,0.000450820973536
7849,0.000212876755434
16832,0.000123809041888
260893,0.000225823162538
63687,0.000612699042196
153130,0.00018917107526
64030,0.000362913140641
4839,0.00021895369546
6357,0.000143171330817
16790,0.000168679714715
141459,4.64201980133e-05
162585,0.000601484751757
4523,0.000292298826381
13453,0.000321792027762
185646,0.000192963750988
6194,0.000545344848797
6196,8.57624627187e-05
64929,2.49400142299e-05
162349,0.00012121088818
162346,2.55571193671e-05
64925,0.000155542709042
11636,0.000190224954815
140983,0.000525923284894
26045,4.96875778722e-05
9346,0.000219322160678
9611,0.000551469819197
13657,5.67031318454e-05
9619,2.49543235386e-05
13184,0.000425554936587
64327,8.77614808851e-05
3532,7.73221525294e-05
175404,9.01499854187e-05
22815,7.69748584897e-05
10364,0.000112728849097
160272,0.000455754250208
2049,0.00082956533661
5050,6.23312741735e-05
20653,0.000523532945251
135788,0.000307794683678
151928,0.000192274254933
9411,0.000187568807796
7203,0.000188823658654
116104,0.000675285586102
7205,8.1342346404e-05
6223,0.00011313736433
63863,0.000141779819505
12216,0.000366656193134
12215,0.000846188825457
165845,6.45879417744e-05
162160,0.000154877796963
16401,0.000442618368865
21743,7.06210639111e-05
160183,0.000186851878512
160181,0.000180130151536
18549,0.000439981500958
178015,0.000251515334239
264708,0.000398457594262
4476,0.000940203664474
9761,0.000361926579794
14084,0.000130796316606
186129,0.000309566940071
148390,0.000256930355129
62317,0.000260813317009
122015,0.000496287593438
10504,8.45829179193e-05
13071,8.70720487408e-05
24171,0.000218504377468
164506,8.67211958099e-05
179299,0.000215070746479
7331,4.30225253959e-05
18364,4.22338732483e-05
1976,0.000153357737844
1602,0.000417888243943
3221,0.000127971991362
176229,0.000273628837177
175533,0.000571862472348
6375,0.000154469286098
147988,0.000105348745419
8858,0.000193222290396
2163,0.000374536145848
62797,0.000132112986117
140044,0.000423289072525
138402,0.000290975578699
133328,0.000538006342688
8850,4.82528817289e-05
21542,0.00026344506815
123720,0.000360567826444
12926,0.000173241633844
178676,0.000119442659655
14418,0.000112808512852
30188,0.0005591982355
187722,0.000206830740453
14269,3.27393572686e-05
10213,4.09609789021e-05
10187,0.000484484523774
184046,0.000577964390711
149477,0.000295960938858
1773,0.000666353976646
62221,4.98272338775e-05
129438,0.000266933479458
178973,8.48630083787e-05
112111,8.45818878986e-05
112112,0.000524575428888
24731,0.000299726917496
16785,0.000731284951138
181036,0.000294251453118
8148,0.000222618135153
178870,0.000549169625828
6994,7.53422267145e-05
6995,0.000227699819203
184281,0.000249976419205
8633,7.53978928671e-05
61418,3.15911209604e-05
30293,0.000224039380927
5518,6.21853098805e-05
28022,0.000543957660106
2807,0.000192736907124
24547,0.000410165646217
19428,0.00056127397334
30298,0.000265726805249
108449,6.43294950642e-05
184040,0.000250967201253
162906,7.22966089962e-05
162907,0.000530181575447
106418,0.000221833791768
7346,0.000258866222788
66366,0.00029970820287
1554,3.45765972028e-05
183554,0.000217123016361
10386,3.59914915964e-05
28340,7.17396629757e-05
2991,0.000122524991703
3036,0.000338412741972
183559,2.68002722369e-05
66368,5.49194269657e-05
3031,0.000321259665759
187653,0.000177487016943
31587,0.000219741297552
174118,0.000103819658468
174119,3.58847480477e-05
30614,5.93366626167e-05
30612,0.000227238768332
31748,0.000344767093882
31744,0.000820383635816
31214,0.000184547057426
31743,0.00101045097468
30618,4.13554733541e-05
178704,0.000284790139969
31564,7.17024983648e-05
66148,8.47641043133e-05
126718,0.000121474698105
31560,0.000109948292446
163983,0.000293182767982
118795,0.000471644907541
10380,3.70970114814e-05
163987,0.00021846468002
144567,0.000179726271249
25896,0.000254542730399
9999,0.00108096102235
17724,0.00054150567458
12589,0.000202376567856
177871,0.000174057713797
29129,0.000243524633166
178493,0.000421511663974
178492,0.000484766066695
12850,0.00011381488515
12581,0.000176550785299
28347,0.000143359139709
5608,0.000249854872448
29901,0.000110879755385
25964,0.000146947722149
212340,0.000389183866859
29900,0.000324148516408
66098,0.0004597038671
15092,0.000221416702584
151161,5.542192973e-05
15027,0.000129864626899
161120,5.96278478768e-05
111961,9.39290606765e-05
105538,9.58033592517e-05
111965,0.000414420838334
29634,4.92621290121e-05
1397,4.43043642246e-05
9325,7.35177326836e-05
1393,2.56055205793e-05
1974,0.00013943963725
183606,0.000259582931417
3813,0.00022573828318
127282,0.000139388229836
181104,0.000280410893641
22650,0.000261126020609
183603,0.000199537227942
3814,0.000311778339884
160991,0.00014706341808
110566,7.92645655093e-05
180150,2.6900467735e-05
23253,6.21990119041e-05
23252,0.000173110414685
8455,0.000215315126326
184465,0.000447808101939
109084,4.07941248634e-05
194755,0.000674118391536
15337,8.36809622381e-05
15331,0.000147692875053
176701,4.8266434685e-05
184263,0.000204396755614
165742,0.000379306160498
13200,0.000297032791997
185396,0.00023225792884
12458,3.87948745743e-05
178848,4.14488342293e-05
174115,0.000219463856525
61321,0.000264009437057
7549,0.000100663933163
61325,0.000187096993847
31368,0.000324751118796
65872,0.000493513734715
31567,3.64814774836e-05
16641,0.000215568979214
164411,0.000170208543688
154595,8.07635579296e-05
8030,0.000163535334343
64821,0.000287021662229
178703,0.000165562813391
166458,0.000729372195328
6768,0.000175727088804
23810,0.000153847488769
4740,0.000278366334447
166451,0.00011586277094
189491,0.000166737344658
24617,0.00037930180615
6839,2.98002042024e-05
24610,0.000121456671085
157074,0.000696487828577
180395,0.00012204146338
150562,5.33637678737e-05
25633,0.000262256999358
25632,4.6890314842e-05
5862,0.000400423109397
25140,0.000524160723942
65444,0.000226324442405
177127,0.000543572427483
111491,7.11832593759e-05
64132,7.45457710418e-05
260408,6.07787408236e-05
64130,3.43443944044e-05
124634,0.000102083399468
64135,0.000322918930623
184673,0.000119007736848
184676,0.000398139564033
22729,6.14036648674e-05
4608,6.32278704894e-05
2184,8.4944522023e-05
4605,0.000637239984106
4600,0.000232951094163
13510,0.000356286221743
177872,0.000313935671681
138126,0.000463941163465
158354,0.00027969733327
178494,5.08526584844e-05
8579,0.000126551040778
142462,0.000107451867916
5606,0.000247738317891
153728,0.000474430995701
165924,3.00578540881e-05
137611,6.30448243921e-05
64626,8.59706409123e-05
166213,6.82787301857e-05
121974,0.000394467030659
6130,0.000961799645283
5600,0.000173867443573
254399,0.000139464693736
124254,0.00022227700398
64004,0.000509921635224
65406,0.000108003870572
64550,6.97355892257e-05
64552,5.63041669099e-05
161897,0.000302246893655
6900,6.61971809629e-05
2436,0.00020668897984
2435,0.000199861096533
140761,5.78212711937e-05
16821,0.000296452872417
116772,4.2185857262e-05
185654,0.000824152201247
16824,0.000278146844383
3761,0.000320262978068
65532,0.000195284166702
61811,0.000166792628717
141469,6.367503158e-05
25095,0.000174809329857
6346,0.000186471598808
4510,0.000155248689195
62640,9.5522849162e-05
184702,0.000361076496783
4517,0.000266500850906
184700,9.17854719054e-05
11649,0.000144916371986
119493,0.000728949655799
162354,0.00032069359788
17195,0.00046672378059
2504,0.00020098481312
11644,0.000156616339365
141913,7.20411726186e-05
162576,0.000538711379324
9355,2.8332208227e-05
9359,0.000206968432184
5284,0.000305550128881
17173,0.000477415609361
21241,0.000110812473366
5047,2.86996717846e-05
5046,0.000340689983681
10374,0.000174053181402
63417,0.000193091015319
63789,0.000454871676581
3785,4.35123296641e-05
63781,0.00050867923334
16910,7.44659985432e-05
163771,4.10596646349e-05
163772,0.000463200334415
105346,0.00016804759164
6239,0.00020180576471
10777,7.06828873688e-05
4990,0.000704375052115
2290,0.000236025003363
10567,5.29065263247e-05
12206,0.000157437265083
141001,5.86469387358e-05
12200,4.59188288327e-05
160742,5.38413735008e-05
63892,0.000112752761646
125276,0.000477711632298
125274,0.000332533493574
29359,0.0002011637398
186139,0.000322431974313
10519,0.000121281085978
9778,6.25409595114e-05
9774,6.79779243914e-05
9777,0.000324605214705
29353,0.00020657207693
62302,2.61428728056e-05
121759,3.34361440685e-05
8867,0.000246803874055
8864,0.000182052064064
179288,0.000278928693215
9289,0.000139406310482
176235,8.21380492857e-05
182383,0.000400943471042
9284,0.000229679653248
176239,0.000111814170496
175503,0.000250421536378
63099,0.000213434605171
19150,0.000300395725703
162770,0.000638647868699
146119,0.000106725247378
11914,4.48590910854e-05
146114,4.01467783987e-05
64061,0.000222478657448
2859,0.000314333656856
264418,0.000110791111402
264414,0.00044026209598
264416,5.09669075774e-05
175263,0.000105599767888
162825,0.000508970698706
2856,0.000191547129348
14219,0.00060371374548
3336,0.000129739682843
10200,0.000165319982925
108693,0.000154582013496
187714,4.87545132179e-05
160684,0.000327681593886
162385,6.59798842293e-05
175342,4.4975715432e-05
29755,0.000216136830527
10195,0.000122121207405
1704,0.000616306110337
29751,0.000269223623177
10190,0.000407358467837
61971,0.000118128854007
174744,0.00013399126882
14182,8.93939376644e-05
62236,0.000175424297976
10198,2.95634545106e-05
14186,0.000188526128455
15855,0.000228160780976
112101,0.000225316905058
29282,5.74391742206e-05
184885,6.96794988171e-05
176523,8.72472917862e-05
174637,8.37302871366e-05
178803,0.000158692840233
178806,9.62604426678e-05
146607,0.000468603244955
30990,0.00036908687927
1121,0.000253747268768
8606,8.79879186501e-05
147349,6.29871757861e-05
8605,0.000164524975275
14324,0.000822895544832
106404,0.00063179235844
25880,4.55032880157e-05
25882,0.000147703725053
184070,4.81113954626e-05
160912,8.85950304412e-05
15101,0.000400939760976
29131,0.000106786170626
17982,0.000101913755272
29133,8.88770210527e-05
24379,8.47421821871e-05
24378,0.000102824882991
186715,0.000176308020059
186714,7.23717324497e-05
3650,0.000393941175591
3024,0.000271314507268
2986,0.000201659096233
174108,2.68781239098e-05
157354,0.000168403165702
29910,0.000161159481014
137230,0.000160160995821
137943,0.000187043645499
30354,0.000372772810518
160990,0.000370496568004
8734,7.29712685782e-05
183388,0.000199386212779
31775,9.63395362257e-05
175983,8.2897751523e-05
1234,7.15248951614e-05
30778,7.58515408034e-05
8515,9.5562324535e-05
1230,0.000281515484665
4199,0.000573680770223
126721,0.000335642770728
4194,6.45245504351e-05
12598,0.000383642882015
4193,0.000186130256049
175966,0.000468913991803
5671,0.000375002322669
192856,0.000388691455205
137874,0.000156379156522
12840,0.000156831209542
4351,5.30973846148e-05
4352,0.000229752035887
28717,9.76667978809e-05
8457,0.00011857262563
6509,0.000349839327487
145977,0.000392309320784
31489,0.000766211865042
31488,0.000864837301915
145979,0.000297699761286
31170,0.000606223367994
174567,6.96171441434e-05
66228,0.000393671298109
23062,0.000226071438871
139665,8.91913127341e-05
111976,9.39231028718e-05
24283,0.000190615625351
180363,0.00039897606395
29621,9.02912243308e-05
64690,5.27847514108e-05
25434,0.000270654974589
163887,0.000147210867981
61028,5.88578082123e-05
183612,5.56284288923e-05
3807,7.1907786403e-05
3806,0.000196956400435
8463,0.000150893545319
143689,0.000152131770735
11340,0.000271515387898
11669,0.000176434328123
11343,0.000284718597844
23714,0.000171858893541
13561,6.29347508863e-05
111779,0.000117863483708
110685,0.000574613770829
108306,9.41905159167e-05
184603,0.000421541448403
6435,6.83986818651e-05
12445,7.65665972086e-05
6433,6.39139840563e-05
5709,0.000118818460505
184256,0.000353253632942
12441,0.000348708804171
184258,5.08783954716e-05
185380,0.000130871395862
8199,0.000410515611874
177267,0.000285786623606
177264,6.49502049268e-05
110179,0.000245945784718
177465,9.29058107113e-05
61338,0.000173157305651
140033,0.000306875952368
65417,0.000185721117511
31392,7.87405181505e-05
177287,0.00037361042162
109926,0.000186797066132
185119,0.000227341312654
165798,0.000235419243758
64156,0.000167768933912
13646,3.95983867466e-05
28866,0.000543536251056
4771,0.000133015306238
13988,0.000192051150223
137704,0.000307743734938
165640,3.59507959149e-05
23809,0.000713562234148
3062,0.000170763140374
24843,0.000428897645295
165649,0.000758843754367
166443,5.4563221509e-05
65838,0.000119178442781
24620,0.000283096663098
65831,0.000159363589405
25623,0.000110248602806
25627,0.000540149699714
154039,0.00025209045694
25405,0.000142049340212
25406,2.55039722192e-05
16748,0.000283366823359
24975,0.000445342089678
165746,3.68697463376e-05
184660,0.000129446213491
12053,0.000521297578658
130200,0.000103086371366
266315,0.000231973915161
25396,6.27129600685e-05
183945,0.000494383705178
141278,0.000570716963405
158587,0.000178463241839
13570,8.17714141597e-05
13505,5.11241354284e-05
160571,0.0010577444685
183942,0.00013635453781
28769,0.00039431676242
161924,0.00063985681037
160207,0.000326756162529
12691,0.000115694940168
151630,0.000347221239821
2222,0.000415259264868
2220,0.000139126630708
272699,0.000184442558654
177734,8.12851064567e-05
65235,9.13996704966e-05
165264,9.87445248705e-05
151632,0.000691963453009
10832,0.000219715687207
64630,0.00027480746345
177739,0.000284211560132
150139,0.000115892418767
64637,0.000349586036351
62243,0.000165786794602
10305,6.83342566538e-05
63927,0.000157201256605
18241,0.000274004001041
64549,0.00016200982664
65548,0.000233124293861
185620,8.87286976561e-05
62169,3.18355395867e-05
19807,3.39803874155e-05
25579,4.97753993584e-05
185624,0.000246275454123
63667,0.000122596158877
25570,0.000678829662136
25572,5.5952803004e-05
7824,0.000284174053786
26067,0.000568153781347
117868,0.000524627420792
166061,0.000551335820341
124394,7.69750914668e-05
25088,5.44225436198e-05
26061,0.000182125024786
117161,0.000564650195443
184715,0.000471943045431
61732,0.000232674779789
184717,9.41110570957e-05
16698,0.000235728272057
2086,0.000147545590357
26069,0.000594009539537
161813,7.15380189879e-05
3342,6.8751874933e-05
2538,0.000175952687437
27794,0.000392385879715
161814,0.00014118391047
64942,0.000118652274439
148932,0.000141643667759
2536,0.000147877767362
11657,6.76136627861e-05
153028,0.000526781863244
160213,0.000645719684467
17762,0.000508506481516
160211,0.000185812356976
160216,0.000121858961678
29968,0.00038337090682
160214,0.000230487075066
61557,4.41394644249e-05
174147,0.000254931215497
107446,5.03091342612e-05
11178,0.000147171318875
105574,0.000465753350827
8987,4.52039127215e-05
7951,8.86420183202e-05
149070,0.000116524320751
64304,0.000339462916493
5073,0.000214165988039
64306,0.000269003819274
10692,0.000124350869033
64302,6.37235901826e-05
63405,0.000468485178082
63799,0.000132404544041
1837,0.000129761689669
185824,0.000117707113926
63790,0.000595245849924
185827,0.000707561633045
185532,0.000330491405859
185821,4.43870220972e-05
116166,4.61434034667e-05
2154,0.000354494335421
113530,6.46451833372e-05
122921,0.000639107172277
2150,0.000367347019895
2403,0.000333403842802
4145,8.84762322787e-05
4988,0.000113369212139
10740,6.54877733258e-05
20904,0.000100671291003
183920,0.000449398536759
18560,0.000119176152454
62686,2.79516910491e-05
65610,0.000241789923855
1951,9.99135148564e-05
160329,0.000351913823865
152249,0.000190628124636
62330,0.000303977397546
30255,0.00050838146472
63538,0.000493841760184
61900,3.23247815621e-05
8873,0.000164343110957
61903,8.62327664465e-05
63080,0.0001997329017
7315,4.85054641253e-05
164663,9.3456773893e-05
24113,0.000238888546756
13092,0.00039226075716
3246,0.000189504537771
64223,8.89396717577e-05
11903,0.000209532937248
11032,0.000231180674207
179739,0.000775132244403
136648,0.000407699883085
179077,9.59191918183e-05
176954,0.000201673536471
12909,0.000117677679291
30161,7.87014611535e-05
112007,0.000162195013141
179700,0.000539637365143
1820,3.85209756557e-05
62755,0.000271334580436
9016,0.000174218136373
62204,0.000168313775091
7034,7.81215957584e-05
10236,0.000134343336633
10235,0.000176654176994
147750,9.29932528483e-05
5496,6.56117853812e-05
5492,0.0002771751279
27823,0.000106082009321
5252,0.000438323247182
1712,0.000319471354955
5250,0.000461222699585
157217,0.000393890968196
5256,7.28535805469e-05
21503,0.000168609305769
156613,0.000297988891742
31881,9.71861944627e-05
63337,2.7380414269e-05
157218,0.000402670931105
6310,0.000515229260193
156614,6.32014167724e-05
13710,0.000249762857789
176558,0.000557662850846
12140,0.000457723340391
176556,0.000138068664524
178811,0.000212999367895
119316,3.0910777938e-05
119314,0.000215903115313
178814,7.40570643595e-05
183283,0.00034715233529
30647,0.000400636809157
6315,0.00028074694948
184068,0.000404367556895
179818,0.000118404004252
179819,2.92433123566e-05
28410,0.000116783626306
174485,0.000124938109962
179817,0.000235999875797
7781,8.73107251533e-05
31764,0.000179462199255
122211,0.000201222223984
122212,5.97241020003e-05
62110,0.000306164369631
178995,0.00017162249779
7146,0.000566000104426
10999,0.000127686169963
183570,0.000784129322761
29382,0.000249931578995
164652,0.000163843723396
29386,0.000843754351663
147340,0.000307796532402
29435,5.64024850634e-05
183377,0.000386510427625
29389,0.000117088604867
1004,0.000279057031226
143640,0.000135345356428
114880,8.84425127163e-05
184392,0.000173289409964
183593,0.00042466082644
28380,0.000157759803835
110760,0.000118539798301
4186,3.61965974414e-05
30384,0.000594567749188
179925,6.81027108523e-05
5667,0.000255884090246
147708,8.83784899393e-05
165123,0.000245447585519
10991,0.000145589435865
175978,0.000269168570756
4341,8.46225567184e-05
118577,0.000176513079781
180711,0.00077888179837
28704,0.000363127003022
2884,0.000316211997764
189490,0.000506235050815
14535,0.000256507463065
2888,0.000167123974589
133871,0.000359363761711
174393,0.000138969258308
11012,0.000220058027135
150201,0.000304407793853
8611,0.000255633738702
24293,0.000213339593674
126136,0.000270346616718
22632,6.45227094494e-05
62016,0.000119209702519
163893,4.64051642689e-05
20548,0.000740365073447
145701,0.00010680597553
5783,0.000189941179342
144383,0.000114633751901
66059,3.89205789957e-05
26520,0.000157704200387
8479,0.000328423527901
8475,0.000119169019144
184487,0.000429874934167
161000,0.000154585963698
7566,0.000241566543953
157117,0.000232670543886
12471,0.000314701172979
150838,0.000159213426431
177921,0.000118816236592
150837,0.00037932930325
12478,0.000460393670477
119173,0.000179821061932
177925,0.000425624859106
184241,0.000100952484543
61490,0.000360676302137
155616,0.00011121543532
61655,0.000199924036509
28675,3.40290359835e-05
61656,0.000108625761681
66438,3.83279500824e-05
61302,0.000138177735013
31381,6.38537694254e-05
3905,0.000289061703319
145636,0.000277212708727
11228,0.000362839574585
165785,6.6683508311e-05
180229,9.30040358248e-05
180228,0.000388358974959
127179,3.22635803128e-05
28877,0.000156047148923
6742,0.000258450586881
177124,0.000537448845937
165652,0.000324255038225
120774,0.000850724305777
163948,0.000170329501308
185289,0.000229063082481
140043,0.000245425393483
140042,0.000218316914605
3278,0.000168864060285
9954,5.41590407758e-05
181445,0.000308893861304
7368,4.32310062145e-05
64794,0.000167340389374
186683,0.000451344131117
25167,0.000230820299486
25166,0.000471961424269
157954,0.000536100190448
63138,9.1582939139e-05
181269,0.000285904130534
174136,0.000558762336526
32280,0.000254931215497
16597,0.000461644324218
17168,0.000467659546584
166789,0.000169363282882
183974,0.000240578083356
184652,0.000103690286278
161952,0.000231057187821
161953,5.3580536593e-05
174135,0.00011616346024
133764,0.000262390048017
12689,0.000158117966838
11796,0.00020190622398
2237,0.0001505143252
65220,0.000574002498791
186898,0.000244416335416
176760,0.000242635817982
65226,0.000664341386933
158737,4.42936180608e-05
65228,8.30020169049e-05
65229,0.000129391791091
175111,0.000175711295714
65958,0.000264817144529
186893,0.000136157226276
4093,0.000175105774983
12189,4.6313652949e-05
3497,0.000162307552307
20847,0.000276604718948
30007,0.000367354454838
25509,0.000268887041584
186874,0.000256762783194
1633,4.73542903871e-05
120193,0.000544085483782
13406,2.76261715725e-05
65552,3.92883677444e-05
4579,7.46678339613e-05
63651,0.000133156296618
63650,0.000556668342253
65556,0.000228291064331
65554,0.000120911410075
26071,0.000418199963237
16188,0.000109063375292
16689,0.000373627231137
61870,0.000267887442754
30651,7.05490514099e-05
16681,0.000504950417261
64979,0.000456109383062
11465,0.000388372675516
24965,0.000171586347237
4494,0.000144429557422
28940,0.000126962845374
25389,0.000353761563863
11462,0.000373162946826
65689,0.000244171893017
154056,5.99636569386e-05
134932,0.00071258088962
27920,0.000452597288631
27925,0.000130421454003
160204,0.000643182021363
162559,0.000163877150792
10353,5.6701264289e-05
162557,0.000725466713716
27928,0.000162265517709
135425,7.15641457083e-05
9372,0.00013458430785
62922,0.00023725057932
4885,0.000204080371878
62921,0.000386593132144
17151,0.000380240118632
17150,0.000468765428572
102696,0.000192801857852
158743,0.000375123250696
158742,7.69763025499e-05
9173,3.38968342133e-05
9171,0.000237522147175
10685,2.65118952494e-05
182387,0.000290135341995
25186,0.00047077726667
25181,7.99957261727e-05
25180,0.00012678279905
186276,0.000137933911707
186278,0.000139540317031
186279,0.000198021217818
185836,0.000552124737797
1823,0.000140417118712
190567,0.000133099578034
149379,0.000166044492372
12262,0.000168669831456
105365,6.36819105485e-05
4498,2.8942259981e-05
12266,0.000447827429572
4973,4.47978579772e-05
10530,0.000158341656044
5395,4.03916229517e-05
122841,0.00055742451492
6110,0.000220048929467
6308,8.70984951313e-05
11805,5.66432313767e-05
1920,5.71792135314e-05
11300,8.54706269561e-05
63501,0.000152954162113
3275,0.000310445152185
1926,0.000367527315679
4225,7.71280642165e-05
160331,0.000224596373055
9715,0.000412392249381
157118,0.000347700593823
146137,5.88646943854e-05
185703,0.000421997540416
124046,0.000216489234538
116029,0.000341500627884
7366,0.00037015047124
65886,0.000158003221902
6829,4.79375453446e-05
176725,0.000128416427124
176726,0.000121319263819
112876,0.000596234016323
161798,0.00043511964841
161072,6.05591546541e-05
30175,0.000172082127211
133468,0.000499784272445
30170,0.000612831308892
12915,7.17506388726e-05
7022,0.000408379277578
62213,4.90831015638e-05
62217,5.67544884819e-05
3310,0.000126657927773
147453,0.00023491401227
10221,0.000322372275049
20029,0.000112095135197
29733,0.000117744743034
140194,0.000808098466054
9393,0.000115431396925
184287,0.000249583849742
1728,0.000496994499585
186084,0.000153950972636
5581,0.00014516321614
1722,0.000286883676558
180822,0.00014536143122
176899,0.000719012512397
4383,0.000151613012885
62745,0.000132049659001
179666,0.000630848991776
176540,0.000142215656287
175163,0.000234821042018
147175,0.000214864648358
178538,6.56375589728e-05
178539,0.000128657635653
115121,0.000537534669259
30710,0.000584718344503
30714,5.22643312891e-05
178531,0.000576224694558
7799,0.000279217274344
174490,0.000317724321549
3007,0.000232283805737
18358,0.000490623865188
28629,0.00029166985131
14304,2.67612249545e-05
14309,8.48959180659e-05
11896,0.00054134915518
66504,0.000168298504657
3144,0.000372609691186
174647,0.000272815940447
189860,0.000505508166553
186437,0.000207012696951
174169,8.41445754406e-05
24352,0.00041545738666
126036,0.000232142751125
24350,6.23660859409e-05
143356,0.000317742493596
4409,0.000438992274726
143357,0.000125972949806
153813,0.000330825418287
142251,5.05716894028e-05
29930,0.000118005512173
183366,3.68828210131e-05
29392,0.000292199337698
7691,0.000103569499149
30006,0.000128235008352
66686,0.000104379322629
188155,4.85669935758e-05
183581,0.000195564374296
29613,0.000170831157119
8068,0.000211396928737
178752,0.000142682965466
66235,0.000589417714419
145552,0.000128446251373
143421,0.000192669532915
8060,3.31392768531e-05
7486,7.98194452802e-05
7481,4.17161708119e-05
132518,0.000170897270286
6529,0.000674578453606
24032,0.000476753620217
8266,0.000233239219456
150937,0.000217271737063
30398,0.000644548707135
133869,0.00065282314467
133868,0.00035567515976
174389,4.24222884285e-05
29734,0.000210723548287
11060,0.000358610071169
11065,9.4247477598e-05
23002,0.000723229344961
1104,2.87181325075e-05
156153,0.000200656755863
31629,3.85101594575e-05
156155,0.000166387589131
156156,7.60315121681e-05
156157,0.000232288164292
183101,0.000651996808289
254096,0.000225777245969
17890,6.96014519544e-05
28967,0.0003040173957
174541,8.82977709042e-05
66061,0.000286493022668
114524,0.000170250907238
129823,0.000336570204013
66065,0.000290801142659
4087,0.000141044186967
3863,3.06517728977e-05
183636,9.31773706458e-05
144396,0.000134848711615
66592,6.61726010873e-05
13341,0.000105948414087
160541,0.000101373641286
66597,5.56981193177e-05
177930,0.000141721927046
161013,9.01752257835e-05
23220,0.000359120527932
160549,8.54568216964e-05
23226,0.000274164053206
3735,9.47865815637e-05
23224,8.19292737505e-05
161014,0.000344796437929
160785,0.000249401740988
184239,7.44344181652e-05
160781,3.73330697274e-05
19137,0.000529121699292
5723,2.58863064712e-05
160838,0.000202182342935
6416,9.67844106128e-05
6410,0.000175731224252
61487,0.000441382252559
148170,0.000211512759631
27828,0.000100730072972
7772,0.000224326320411
66446,0.00011155676557
180030,6.95934865921e-05
144559,9.62223096233e-05
16456,0.000122020117018
144809,9.82036415959e-05
8717,0.00060710170649
2136,0.000750751262469
60992,0.000134044182742
29511,0.000184529701994
117768,0.000399075106266
14938,0.000288031269732
6733,0.000539402334416
166460,0.000146388711111
137131,3.78815586442e-05
162457,9.95843796299e-05
5835,2.8098268698e-05
4156,0.000139090125392
61815,0.000562127946008
11259,0.000318328294268
60846,0.000898125134946
163930,0.000166260216813
140073,4.53073510552e-05
8402,5.03430780275e-05
163935,0.000382816843729
61004,0.000192274254933
165468,5.24798517248e-05
110533,0.000374823177073
165466,0.000725578602554
9921,0.000103088058433
165465,0.00061869134516
28119,0.000290008439977
28118,0.000341339149461
19262,0.000286475140013
162459,0.000673685459499
64784,0.000507871563617
22772,0.000255637188278
141460,0.000533507702671
65491,0.000529871206048
25173,0.000512871477938
16763,0.00053762148936
164364,0.000527070725086
145049,0.000479852472963
141462,0.000129669407747
145042,0.000120409752796
178943,0.000844032784301
12075,0.000168173833562
145041,0.000250100973477
145046,0.000249289506633
119574,0.000772116167567
140672,0.000411028699483
161942,0.000321754006175
6649,6.26430115487e-05
31843,0.000272774768568
31846,0.000347497130284
10813,0.000135276192599
15087,0.000119079357243
165209,5.70567917832e-05
65967,0.000158041574726
10816,0.000122368315279
25774,0.000147365248134
185908,0.000354199885612
150481,0.000149239206391
19318,0.000119040081516
184449,0.000217994681185
110164,0.000534456008852
63640,5.34373870297e-05
63643,0.000314831994189
24825,0.000182172650108
184157,0.000140481964855
12559,0.000128512278453
11099,3.58190858979e-05
65765,3.79416054537e-05
184735,7.90804340021e-05
4560,0.000366224768733
109826,7.5588378198e-05
3647,7.73859772958e-05
148476,0.000305149223344
29942,0.000176241761791
148470,0.000360833388241
11670,3.58861934982e-05
117141,0.000381906667903
11672,0.000268486588825
64480,0.0005298356394
2555,3.07963004359e-05
2556,0.00012558425693
28460,0.000135842414859
2558,0.000131787911692
141389,0.000415755237746
12788,9.30924853795e-05
165846,0.000333289284005
24912,4.43912767411e-05
2393,0.000221635179547
2390,8.31123669491e-05
12785,9.20185491509e-05
141384,5.69553727219e-05
27932,0.000184052089077
63422,5.0232450902e-05
11376,5.17614227405e-05
27936,0.000218011096065
27937,0.000463550370894
5018,0.000146027259407
2771,0.000143034995072
27938,0.000554287608801
27939,0.000146568590837
160232,0.000978285618845
160233,0.000364601543334
2802,0.000216181013113
24021,3.66292198466e-05
17148,0.000519834665934
25201,3.24864098555e-05
17145,0.000462974826155
7977,0.000278079510686
7970,0.000332432013095
6266,6.17854079111e-05
116387,5.69708063148e-05
16781,0.000585862769082
12252,0.000390066660902
12250,0.000416653962763
176404,0.000448993606927
118223,3.98690645941e-05
6268,0.000137252940002
185517,0.000571521803913
119594,0.000129247233697
6066,0.000463338452716
125601,7.385690996e-05
2176,2.44903574331e-05
125604,2.54779861292e-05
17095,0.000459602778858
30016,6.10386143604e-05
7526,0.000194648046842
122902,0.00070598264773
2606,0.000332922563469
24463,0.000380751335353
174160,0.000533373504229
14822,0.000269933942259
14820,0.000252872956224
113269,0.000349585988671
9728,0.000193796048375
62826,0.000553673394475
61574,8.65825614992e-05
10787,4.30531252792e-05
62592,0.000359136706824
62590,0.000387876854598
10035,0.000391929597287
5125,3.12144667032e-05
10789,2.60220641561e-05
10030,6.39912507675e-05
64218,0.000194272889266
3465,3.47962107323e-05
61069,0.000864697765727
29011,0.000351935925283
8898,0.000255040137234
3980,0.000229006417195
8892,6.07739100527e-05
3469,0.000579081684682
177882,0.000328098134844
11929,0.000389522882968
12321,0.000139651785819
186087,0.000458942280004
31718,0.000137150091224
11923,0.000254580604947
11925,0.000353061850374
141720,0.0007628291464
14954,0.000165505845313
7154,0.000201279491279
22829,0.000256780700932
30490,0.000106323382536
30495,0.000312804700924
30146,0.000125463778354
20338,0.000176991762664
62553,0.00019355476552
25357,0.000493169583784
142391,0.000111105633967
29097,0.000158025997035
108664,0.000513178443761
1585,6.61753703658e-05
186671,0.000294769667036
27845,0.000155603778383
29921,8.56149782351e-05
176572,0.000158080204698
164255,0.00016348688013
18699,0.000103748720285
9216,3.36945773247e-05
29705,4.04190540196e-05
61676,0.000937745839554
5234,0.00027862320583
175376,0.000154659923947
30540,0.00020737508998
164494,8.6623504168e-05
158791,0.000547715707683
176375,0.00014446551663
11811,4.35872870575e-05
15803,0.000449628258201
11819,0.000168502639701
176378,0.000280095229234
15153,0.000316434252233
29894,0.000136484991456
179342,0.000579248851082
179831,0.000697099724109
184009,5.84329183072e-05
137373,0.000212647671738
162941,0.00040549933508
109930,8.54591418294e-05
178834,0.000604849375751
24344,0.000665889682017
3071,0.000551237596431
28477,9.91035247341e-05
1598,0.000406839562376
176479,0.000474227583085
2953,2.93964657037e-05
31702,0.000369016841863
31703,0.000491065016345
111000,0.000375774155974
17795,0.000127593604866
5342,0.000249401740988
7163,2.61867868272e-05
126020,2.80974008439e-05
143668,0.000233421099377
178633,0.000305143181444
62107,0.00023582608729
186180,0.000575562166252
137573,0.000506902511899
30032,0.000257697441421
4367,0.000221087157433
1209,0.000290660291847
66697,0.000266994806508
12895,0.000195174556126
29466,0.000576308506454
31521,9.87746688355e-05
23107,0.000506596245898
1210,0.000106670814363
144010,0.00010130440294
164109,0.000678363987159
18037,0.000212010838902
162733,0.000213032899473
12789,2.54266542006e-05
175955,0.000561924538396
3424,0.000513858834356
175953,0.000171756024749
8272,0.000120391865494
183580,0.000400116922022
28278,0.000299820492163
2002,0.000300429643628
66210,0.000261932289217
186451,0.000391829242964
22817,2.51222970402e-05
7911,0.000172700238153
3107,0.000113201667389
162894,0.000222118007734
30727,3.71881310448e-05
12868,0.000407014138279
175007,0.00027793134886
175006,0.000101061616462
1117,3.97763011931e-05
8493,0.000188188608213
114956,0.000510500047022
174531,0.000618664276868
174024,0.000104066264455
175008,0.000609235155877
1449,9.25272250828e-05
31147,0.000993163466125
13782,0.000105122088902
4091,0.000228485473307
4090,0.000601701915165
13786,0.000500235609036
31453,0.000363277036207
4094,8.91913127341e-05
185194,0.000176426578343
185195,0.000389454066746
22612,0.000150795867642
6333,0.000186911143425
185190,0.000293694798639
185193,2.99814593098e-05
23587,0.000162535720121
177943,0.000120008960409
12658,6.02903556562e-05
66588,0.000124299911529
177944,0.000653689158288
177945,0.000468084957956
66586,0.000291991563894
185355,0.000457054878323
11313,0.000332051832733
19129,0.00027237168967
160797,0.000999888163403
107325,0.000405029597088
7585,5.5971356327e-05
160798,0.000310272128478
19124,0.000611559764152
180029,0.000149941245891
187039,0.000107767333651
7741,0.000220176159887
61673,0.000451201141539
143283,9.79697709364e-05
174449,0.000120036306428
22500,5.1515387006e-05
150258,0.000168862841336
60983,0.0001982461503
8264,0.00012018603235
8304,5.52353931626e-05
166414,0.000322662579078
6528,0.000103172139807
28853,0.00041546936589
61581,0.000160387219638
61585,0.000550836374701
61584,0.000183098431062
155225,0.000130215646864
61586,0.000174050754663
163921,0.000397412244321
163920,0.000221544500907
160196,0.000192909977166
163927,0.000530808187621
11264,0.000193645745697
65021,0.000398505748107
65026,9.82661123788e-05
177895,0.000164636820389
177896,0.000200879088688
160488,0.00025506289514
110529,0.000282643956575
180118,6.06990622401e-05
22761,0.000129278768806
165691,0.000305797923449
13498,0.000332658025037
165699,0.00067611002616
16775,0.000143343511607
66708,0.00153459649902
16777,0.000115582793901
128978,0.000548650890097
158313,0.000179589618093
110250,0.000579089031462
25340,9.39986387898e-05
12065,4.81760015552e-05
6097,0.000168172746554
185177,0.000126633738067
63511,0.000619240515379
61285,4.37002930364e-05
12669,0.000205495228572
121934,0.000668337978184
151403,0.000209952558547
6653,0.000200209096871
63527,5.71960352135e-05
61562,0.000354964477491
177099,9.09390180025e-05
107817,0.000303709262327
19305,6.91038143679e-05
25749,0.000155032664571
25747,0.000183022496143
127797,0.000429252221177
25745,0.000217127846032
64844,0.000273042027458
165215,0.00055698881917
10801,0.000167515569396
65796,0.000288564342582
120358,0.000250402536508
161996,0.000570084939298
161997,9.07164756382e-05
63639,5.63602570125e-05
24837,3.41277094537e-05
64515,0.000556315795346
184742,0.000531675675804
266214,0.000189360067551
185619,5.51424860545e-05
266216,0.000465540204533
65772,7.92814123141e-05
6326,0.000276422911678
65771,3.78517000362e-05
183826,0.000179773882648
19873,0.000374032761158
184748,2.43919673582e-05
183822,0.000210352694043
13421,0.000185392814153
21061,0.000270419973364
2547,0.000185633752945
139526,4.0619832304e-05
11687,0.000409537551213
153895,0.000370235897613
114608,0.000369960513041
11440,9.65695187864e-05
11446,9.48434173479e-05
65483,0.000223884526067
3556,2.48269212442e-05
23006,0.000175670363323
64175,0.000271290872986
186989,0.000336488664328
12796,9.82110625131e-05
65587,4.34970056531e-05
25007,6.76119082847e-05
10332,0.000340261289785
3581,2.82692928433e-05
160228,0.000191399319756
64423,0.000770470666667
175509,0.00011835709424
128663,0.000132135807842
27906,0.000126579447669
29164,0.00012462641254
140938,0.000424249066422
160225,0.000125894364772
2285,0.000301743037207
64194,0.000534134537298
1949,9.21183831957e-05
260774,9.55198128776e-05
16955,0.000281992410092
64193,0.00041985297952
25234,0.000686288030987
17131,0.000157116996866
176237,0.000468323225022
143974,6.73014969175e-05
17132,0.000262326566457
64199,0.000542226329742
7906,0.000361917432678
17136,0.000400501394328
125580,0.00024216899916
61925,8.39137084969e-05
114748,0.000132372456129
4423,0.000128556757036
4622,0.00020263777504
137371,5.68137520622e-05
166747,0.000421692904955
111179,0.000153246122316
148391,0.000577905685648
162404,0.000297498315418
162401,0.00031253800512
122916,0.000244434360804
122915,0.000398390931194
6078,6.066985703e-05
2615,0.000102905593103
176238,9.02478512958e-05
163926,0.000622666659918
31037,9.39315204513e-05
21440,0.000433289222179
135844,0.00015453941479
66060,0.000134935455567
7343,0.000470557792237
25430,0.00028694464245
1906,6.64139748828e-05
10795,0.000317648077258
63291,2.63515707012e-05
64228,0.000479059528167
153793,0.000515251611471
10793,0.000273980793468
149738,2.46113863175e-05
120824,3.3721852145e-05
179003,0.000470610676667
176703,0.000537256387222
143910,0.00063856661051
146156,0.000109229724841
163685,0.000212964183338
163680,0.000112488426571
163681,0.000502986390386
112254,0.000157047473128
28608,0.00010715636822
185980,0.000217991854643
12338,0.000267761315469
135990,0.000192714460298
184961,0.000312056937197
138122,0.000485428312291
27875,0.000130695490976
112819,7.42247471315e-05
176963,9.9908610768e-05
163668,0.000210875569682
163669,6.90345239839e-05
121662,0.000204311622433
29082,0.000119415395645
10247,7.29710358298e-05
9023,4.15083616697e-05
30558,6.70218960079e-05
12815,0.000305421922612
5229,0.00040269624686
176567,0.000237470623951
144097,0.000598572868494
29246,0.000433117444468
186061,0.000224882398763
29649,0.000108628338305
29241,0.000961799645283
11861,0.00035072270099
176363,0.000791832456504
176362,9.21039485124e-05
138341,0.000612643528082
175490,0.000160954807946
163594,0.0003909735445
163595,0.000113523900536
113490,0.000109099338395
179132,0.000120138907707
15142,0.000131209323182
178519,6.58200588063e-05
162958,0.000527586838026
29887,0.000155427319105
184035,0.000558776995881
238157,0.000289550984145
156953,0.000216315772777
162957,0.000152230673345
112721,0.00014903592358
14369,0.000255292407768
14368,6.0572935742e-05
7171,0.000164886096729
28349,0.000137643658901
180905,8.89691064825e-05
2942,0.000106705532756
2940,0.000267206768852
1050,9.2430720966e-05
62168,0.000118138010372
174148,0.000458264206005
31739,0.0004767788558
31738,9.5237996082e-05
122263,2.6497079541e-05
14401,0.000105404666332
160173,0.000356105056784
65345,0.000152623901741
122266,0.000188583458221
112030,0.000173696796667
178608,0.000224790760585
147579,0.000279809115389
1690,0.000354515824511
112034,0.000178274541769
164664,0.000111871361384
178600,0.000541860473403
164661,7.18776704983e-05
164660,0.000176350755682
118502,0.000177429429969
178172,0.000310751947194
30029,6.70110070001e-05
177446,4.96331843707e-05
12886,0.00025186365553
1274,0.000215372847144
122380,0.000153746980807
184109,2.77605503747e-05
14563,8.83011968521e-05
14561,0.000224058701757
184101,0.000513567614929
8240,5.01991550757e-05
133246,0.00039600713072
24483,0.000270736786942
8247,0.000169866532565
8245,0.000437776133348
66261,0.000355315607537
12459,0.000195269589075
111064,0.000276202865611
66268,0.000141093790281
187132,0.000500440144795
3734,0.000735434733322
162887,0.000263408888675
63901,5.32728749247e-05
157955,0.000313902975299
29061,0.000433244833508
28590,2.52167896492e-05
31607,0.000628360609769
23027,3.78163554016e-05
23753,0.000251350987267
31460,0.000128451205716
28919,0.000628541049097
8423,0.000229782869254
64341,0.000110799359305
22373,3.58055770883e-05
66000,0.00017501726879
140902,4.18208825539e-05
163939,0.000193799475859
144139,7.7344333502e-05
177953,0.000192668525879
136186,0.000499737566699
122917,0.000154328333081
192255,0.000197900525516
185345,0.000109500690904
11301,7.5020642951e-05
11302,0.000129588163977
185346,6.92825003333e-05
11304,0.00018103112757
184219,0.000402831186128
140905,0.000654001038232
108348,4.75217740246e-05
61662,5.85371557629e-05
28620,0.000490703114511
177429,2.46956999234e-05
15363,0.000185166526542
9831,0.000202685142232
12407,9.82815194445e-05
24795,4.57283394645e-05
9835,0.00026661531441
110732,0.000241374364963
121493,0.000134740401675
7759,6.72531585407e-05
23111,0.00030199092655
63058,0.000491907032885
6845,6.67634759351e-05
180698,0.000510135680047
7750,0.000162772296359
109699,0.000365156738471
139225,0.000577189025762
61448,0.000482893429837
180272,8.80255420762e-05
27914,0.000216136329803
3937,0.000120662589456
25924,0.000479266138708
61112,0.00013610024242
61646,0.000241162507484
163916,0.000380183967297
166402,2.85142616811e-05
8334,8.17611467163e-05
24430,7.86124379658e-05
175347,3.73475805375e-05
9904,0.000547105907835
61591,0.000249175216813
61596,0.000189826571775
127094,0.000135835285671
64028,4.19791790628e-05
4130,2.73057255809e-05
3708,0.000108665397812
11220,0.000280749173501
5690,3.02387674653e-05
61061,0.000155439342308
5697,3.16022137053e-05
28135,0.000232018536756
24898,0.000224827794031
28139,0.000339385001479
177884,0.0007223760573
24468,0.000431925461166
177881,0.000236949203927
19209,4.76448284753e-05
25356,0.000264866344547
177376,7.34662702275e-05
153668,0.00016603467561
64768,0.000120551236836
64766,0.000310409292093
22797,5.53372783524e-05
1300,0.000181911290702
13963,3.72626943918e-05
119756,5.19940069082e-05
9324,0.000129547075982
110065,8.06635559359e-05
29086,0.000416480166403
61726,9.45381124815e-05
117018,0.000587031091128
25680,7.72921019206e-05
121257,0.000418669088119
4045,7.28623068593e-05
23978,0.000101023701186
6669,0.000142861205896
4040,0.000108891216703
149177,0.00027426931007
161966,0.000193121152571
177088,7.78149535586e-05
164369,0.000606310548743
160580,0.000112457744792
22086,6.23063276726e-05
24893,2.59203290124e-05
65905,7.19170573539e-05
65904,0.000657963968215
10877,0.000313866969109
100873,0.000124090166409
16890,0.000727199134634
63621,0.000710579621937
147101,9.27556431994e-05
25536,0.000205191684746
17239,0.000245945784718
24803,0.00107684866639
2282,0.000244095346106
24800,0.00048919704921
17233,0.000224042277739
124198,0.000308881184972
64699,0.000288916192426
183838,7.93280922288e-05
186846,9.89494223033e-05
186845,0.000648760611764
183830,0.000296208801666
183833,0.000240589525317
124196,0.000577316305889
121817,0.000247396206061
121816,0.000604833164188
121815,9.28012934944e-05
11499,0.000113674758752
2577,0.000303257644508
11694,0.000288885516041
2573,0.000293964233496
10905,0.000192046123078
186990,0.000113962013211
186993,4.88148157979e-05
282553,0.000124424030886
65343,8.68279384332e-05
186994,6.60324317541e-05
10903,0.000292247600425
10902,2.76623147299e-05
11455,0.000157559030104
11456,0.000175625554963
64163,0.000169974744557
64165,7.54637243838e-05
64166,0.000127300706363
21237,0.000215182636276
2595,0.000618931631793
2596,8.33133058277e-05
64344,9.51901714022e-05
9125,4.4582827782e-05
64346,3.04465253663e-05
2593,0.000231664761164
13794,0.000129266499748
113140,0.000350626221342
294524,0.000125338974475
27913,4.71406166104e-05
17438,0.000380101374586
21238,0.000209979376682
10086,3.15382299963e-05
4430,0.000437330887272
293754,0.00051511369247
13323,0.000185704211824
25224,0.000158638432266
7912,0.000433012995914
17120,5.31313365118e-05
13328,0.000114504450245
1878,6.29687308703e-05
1082,3.65041675025e-05
4941,0.00028783175566
118081,8.7291670398e-05
138205,0.000125297933261
62501,0.000152467271394
12138,0.000185801775537
186206,0.00047267092626
136646,6.27817689808e-05
184689,0.000293337704177
184688,0.000238053919176
2111,0.000103015790871
184684,0.000260297548897
1559,5.1490022659e-05
29040,8.70528313314e-05
122078,3.69133329717e-05
63281,0.000458536589909
62378,0.000330201762981
2628,0.000100037201121
185881,3.2309732723e-05
63288,9.93390054883e-05
61181,0.00016526982626
1919,0.000193675115527
8087,8.74882902558e-05
149721,0.000159981564753
62575,0.000585623377939
122674,0.000108255470851
176289,9.61978825416e-05
10016,7.29776062621e-05
121077,0.000743961412265
65812,0.000242110484577
186336,0.000364204222047
120816,4.0093928711e-05
184079,0.000457668988322
5831,0.000135870845097
2025,0.000127509113127
61408,0.000242417004211
10499,0.000481213816007
2751,7.01909391103e-05
62979,0.000299349297947
174355,9.13319855158e-05
163051,0.000616678035923
13700,5.17289430894e-05
10277,0.000304447609031
108645,0.000595210636825
163931,0.000392091258229
163673,0.000298645300108
179583,0.00015227328842
14790,0.000144346709965
184996,0.000113188514971
14793,0.000408500931454
14794,6.74979760013e-05
163678,5.31173725198e-05
176914,0.00012805876506
164585,0.000213952759757
121673,0.000125164172727
5210,0.000581231783484
20019,0.000618887411135
5218,0.000140687329075
14027,9.67172876051e-05
175157,0.00059761396361
163586,6.52149795835e-05
63172,8.16186106619e-05
264265,0.000563101102773
14592,0.00015775966615
176594,0.000476010821538
149618,0.000537406884613
176592,6.73557958084e-05
176593,8.71404795901e-05
63178,0.000154654187372
29274,0.000112803089213
11872,7.30468658515e-05
176351,0.000418158848621
24725,5.11022158008e-05
112626,0.000153876845449
11877,0.000102748432195
112624,0.000507649972343
133726,0.000217827413618
175483,6.86369043366e-05
142088,0.000507587942657
176602,0.000255075889891
176999,0.00019420159926
164296,0.000174645853014
179361,0.000191262628543
62374,3.82570062552e-05
164293,0.000195469064934
164290,0.000404332020163
31673,0.000227144187911
29875,0.000115017749148
30234,0.00042318176285
65036,0.000782095467229
126010,4.63010337692e-05
112754,0.000378901776519
11976,3.87456108809e-05
179690,0.000408257262025
28408,0.000197597868637
7107,0.000155539551236
66681,7.30206372439e-05
6865,0.000247635952381
14370,0.000129039590387
6867,0.00031099229887
271794,0.000255776984002
62123,0.000296132328821
176282,0.000493821741322
62396,2.81974951736e-05
62391,0.00035362995348
31674,0.000100310795405
1045,0.000362379074834
143605,3.01901878745e-05
31720,0.000252702151221
166623,0.00027333117714
175739,0.000122856509373
3028,0.000252381891275
62399,0.000372168549104
180109,0.000638550408467
178619,0.000181177642951
5109,0.000447210925079
3026,0.000166105510448
164612,0.000225095246218
164611,0.000230636274333
142260,0.000162047087414
30059,0.000673465517509
182827,6.98002160463e-05
184114,0.000576490321998
264713,4.90287442454e-05
8253,0.000119704483122
61589,0.000185481663586
111631,3.42467978452e-05
63083,0.00020858853072
30055,0.000749309140436
1266,0.000136273070014
11051,6.4050856701e-05
8789,0.00027748713567
15060,0.000304988711598
24491,0.00026848739482
62766,0.000241071614805
1913,0.00022926645406
112774,9.86745321176e-05
31616,0.000109449794566
3129,0.000107802059328
29698,3.05717908249e-05
174049,0.000113940948637
183480,3.85750606226e-05
178507,0.00011324530593
29052,0.000399487401719
137351,0.000387077242246
1468,0.000118624612638
174282,5.7337797827e-05
115404,0.000154432611973
183247,0.000411930185541
144727,0.000126552707892
115077,9.08794322575e-05
8431,0.000207529855399
126318,9.6436820311e-05
29837,0.000390830934263
137232,0.000226349976163
23768,4.23124807635e-05
23767,0.000871004297585
65365,0.000106393479297
31477,0.000231462601269
66016,0.000236264405523
28900,0.000418539991653
164708,0.000109548382525
24782,0.000140984914303
164408,0.000155751730436
12433,7.25490142369e-05
147639,0.000265089907139
147638,0.000277614307816
165053,9.73956126832e-05
165052,0.000206176276953
165051,0.000156429208677
160570,0.000127800048646
114370,0.000801912891037
15197,0.00057764289971
133949,6.01052323616e-05
5597,0.000140178075664
162988,0.00077326311478
105936,0.000369191242541
133944,0.000256551701893
133945,0.000298615274042
180683,0.000148272496335
176017,0.000381391918307
178767,0.000310603078386
110728,3.06959627504e-05
183797,0.000131973480045
61439,0.000340261289785
185083,4.91983457961e-05
61129,0.000157426392276
119474,9.47884928108e-05
61122,0.000142096936735
63531,9.80854482211e-05
61435,4.83517108543e-05
3946,2.69593179807e-05
66496,0.000116048755565
25376,6.38226704751e-05
181794,0.000113457188198
166434,5.30306533588e-05
28397,0.000188431415704
166436,0.000716142163547
1254,0.000201864446302
166433,0.000117640441845
4128,2.6063207705e-05
62972,0.00050207339357
183446,0.000340276836922
63876,0.00028850607209
24678,0.000243495628874
4127,0.000321752693523
16836,0.000465088865851
4124,2.77589300002e-05
65009,0.000347676039842
7437,0.000471854578172
27780,0.00036219000415
61055,0.000221277639153
6081,0.000328612672102
5680,0.000122385277321
65006,0.000305209090474
27786,0.000615885025946
31849,0.000341381759042
6386,4.78221766909e-05
62977,0.000373090320523
60894,0.000202127168217
10498,7.92663311468e-05
183932,0.000241640169973
23943,0.000765734275086
176256,0.000227915375793
22144,2.72876313702e-05
185797,7.60791013105e-05
61996,0.000116060702287
177744,0.000355129192488
177745,0.000142900336139
4052,0.000513071755851
163879,0.000143337626556
163878,0.000308594125234
163877,0.000108878157546
23852,7.19387566991e-05
11511,0.000248373863973
4058,0.000350139378037
110387,9.84475097509e-05
65176,0.000629953701001
5978,6.33497823677e-05
177982,0.000108765460278
177983,0.000302364839354
128098,7.41679706397e-05
8699,0.000194381515135
10860,0.000303757865114
65911,0.000172529722089
10867,0.000438363094514
150279,7.91388832568e-05
150278,0.000296806023345
21828,0.000561221435092
150699,0.000217762064493
15709,0.000392532573398
3619,0.000173970527112
13431,0.000240902115754
16889,0.00054680838418
179586,0.000544153642851
2295,8.37762885241e-05
25789,4.08926241313e-05
141197,0.000497435396885
25030,0.000204647174764
148249,0.000248037631641
5902,0.000360065419405
162338,0.000271088110151
29736,0.00027977717716
184569,0.000459855674863
114628,0.000197806407196
162335,8.36414514019e-05
65350,3.79261203594e-05
10917,0.000163426759174
19433,0.000116632829215
135044,0.000403122163143
24922,4.22676956424e-05
24925,5.96288473441e-05
62057,0.000116294160421
7291,0.000264534327246
17115,0.000135597707106
13128,6.22806790629e-05
8512,0.000637844697191
7923,0.000228966996356
2581,6.65382363563e-05
64404,0.000153173262994
64408,0.00025858054975
1860,0.000170494112084
13353,0.000325478763107
186230,2.86394825922e-05
13354,7.78393053651e-05
63763,0.000179994656966
176169,2.73194681567e-05
28712,0.000245124848573
162584,0.000193768524919
4685,0.000444102551057
163118,4.57329365856e-05
4936,9.80441289916e-05
138747,0.000441016266041
112095,0.000533430553428
7798,4.94409931617e-05
13599,0.000441495584595
163113,0.000120015276746
64536,8.01016682483e-05
140821,0.000332658025037
154357,0.000402414455779
24810,0.00047504756449
2101,0.000181561925158
63814,0.000430128886472
160373,0.00013416410512
5116,7.42052221767e-05
63543,0.000237047495132
10002,0.000167032528306
160376,0.000730964031139
122061,0.000135378210041
10008,7.01079129393e-05
176291,0.000325194279842
9599,0.000630891110576
20791,0.000134260798818
157153,0.000107391938164
64568,7.33227966658e-05
17069,8.09165416101e-05
9590,3.0511175922e-05
3439,0.000276902787264
176762,0.000552461285323
185419,7.79598663512e-05
176764,0.00025360975984
176766,0.000725743692661
176768,0.000221942616609
146171,0.000331644801976
185416,6.76846950425e-05
179027,0.000162641086307
66301,3.1149995206e-05
163069,0.000432034954575
184785,0.00010982670547
162517,0.000128228758102
62967,0.000235112665589
62965,5.08650519075e-05
4844,0.000556481187635
4598,3.72382581808e-05
4842,8.22166853762e-05
4843,0.000235436587684
179597,3.43200734709e-05
112295,0.000238519118244
179598,0.000503623944153
10550,0.000235550462472
133424,0.000584108381364
10466,0.000328473356543
29265,5.67343593633e-05
186045,8.37739889568e-05
20570,5.01907660579e-05
5205,5.78326538122e-05
152109,0.000190796557443
17252,0.000157544237741
14163,0.000151299422796
29268,0.000335207858941
63383,4.45156984106e-05
121440,0.000570259421653
29627,8.31125812689e-05
175127,0.000656863511726
179110,0.00022860424847
111721,0.000162242012202
28490,0.000420170623349
164266,0.000706510305171
62494,0.000121379837319
62382,0.000480847114262
134026,0.000132569157771
183902,0.000201505840799
157080,0.00024349530467
18533,0.000179388833689
176343,5.77645825573e-05
11842,0.000366532960644
25108,0.000421462496934
11191,0.000169396223838
176595,5.75067320632e-05
108188,2.44382242904e-05
2960,0.000211399766718
29868,0.000101847454364
164270,0.000306042258009
1783,2.5373396016e-05
175834,0.000175085075521
2968,0.000471980709771
30220,3.31229681354e-05
1613,0.00017427982154
154714,0.000375090600873
62634,0.000419943698002
122536,3.58584902818e-05
7117,0.000109405022818
7116,9.36876516652e-05
24318,0.0002798506796
179686,0.000494182653673
21429,7.2713100059e-05
24980,0.000133559838478
108740,9.46727846919e-05
176350,0.000516504640256
5379,9.61610616308e-05
163884,0.000348579426456
1078,5.91871120545e-05
1076,8.63987337645e-05
3643,0.000579755215378
1075,0.000276802417578
1072,0.000158382597886
164609,0.000277636500302
179202,0.00010698884487
1678,0.000155028453051
30137,0.000458424981173
13003,7.11123735446e-05
23898,0.000368448444361
178371,0.00017181846566
30138,0.000772290474706
164607,0.000103836265927
164606,0.000179209714081
1094,0.000110915114416
23485,8.13969890027e-05
175900,0.000124717376593
184167,0.000133678946806
30822,0.000180466926303
8229,5.40692986141e-05
66393,0.000269258070839
177764,0.000313072263938
118525,0.000327649846585
4331,0.000110215969657
29151,0.00024336581181
142956,5.28089750121e-05
143870,0.000196478256375
178976,0.00021876494225
23291,0.000195104937943
178972,0.000397164236724
179974,3.87741294057e-05
14583,0.000246956803534
117145,0.000115639013535
178083,0.000723881897869
174053,0.000198920264277
178081,0.00012897946549
174507,0.00046591333229
160600,5.71322479109e-05
28027,0.000446086995697
20202,5.8363477107e-05
178089,0.000131662534906
20209,9.46893486228e-05
27765,0.000124629820824
156933,0.000102252224095
31095,0.000131827888611
164046,6.12939122778e-05
29517,6.74721577351e-05
183257,0.000173059621498
1414,2.54215922412e-05
175055,0.000124140754268
18307,0.000341670492888
28938,0.000343433049138
187490,0.000385820507366
1327,0.000501935996537
133547,0.000213682613471
28930,0.000294148641724
9850,0.000182565263621
12421,0.000179318250671
137434,6.89309375102e-05
15343,0.000221048598983
137432,0.000114133817792
2497,0.000150022384488
2999,8.32345872471e-05
12428,0.000337345996434
23577,0.000158961693234
5764,6.6779371008e-05
4201,0.000146029517648
5763,0.000268875858137
177975,3.44557150027e-05
8133,0.000245660169412
143526,2.83377097294e-05
61600,5.663955888e-05
5568,0.000159153539447
183780,0.000320165525172
137310,0.0013479942093
61608,8.74986032396e-05
5567,0.000258732776571
5560,8.79243585293e-05
177405,0.000241029812716
1257,0.000144467154506
1487,0.000230607335941
17367,0.000562216029961
28338,0.000109113876069
178798,0.000739079663565
142460,7.34929081895e-05
7733,0.000175158048706
178797,0.000268236299705
31099,0.00019018770455
63520,6.66317220323e-05
16650,0.000412193082164
111629,0.000285419073893
26246,5.11910915927e-05
28806,0.00022337858849
66731,0.000173811352712
66484,0.000242381660899
126434,0.000123223990682
174876,7.00077612409e-05
133288,0.00089041427614
61420,3.17256826995e-05
122257,0.000521672631479
109683,0.000648103643499
24755,0.000182273472034
14489,0.000123324117704
8358,0.00048311200044
5408,0.000128077320641
4115,9.30033043043e-05
6730,0.000285139052366
64254,8.04786315275e-05
188663,0.000739357015464
11770,0.000242443145508
8350,0.000111386439291
184254,9.51027348267e-05
260778,0.00026598920683
8357,0.000103072232376
163891,0.000272282872097
62139,0.000203780756439
164116,3.39049931413e-05
60888,0.000383774953648
19049,0.000408088729109
30312,0.00014396127878
24750,8.61293298752e-05
187215,0.0001324074084
24440,4.63815995632e-05
24447,0.000183411857607
7422,0.000677064246382
61739,0.000105887011717
178672,0.000423668263896
27790,0.000216064978943
61735,3.73301418418e-05
28155,0.000139694173187
66029,0.000329761769483
181290,3.3902772951e-05
4448,3.61168685973e-05
9155,0.000206772243401
25331,8.13520712498e-05
61552,0.000191070601092
65615,9.34230556292e-05
25338,0.000346717380807
25339,9.79011783213e-05
62919,4.39737987468e-05
145080,7.39481129891e-05
29616,4.77212570696e-05
12635,5.03371347249e-05
28518,0.000134372174267
176369,5.54043125189e-05
31887,0.000110745015813
19057,0.000611461144535
117034,0.000533118283917
117036,0.000177995969198
65290,0.000263076991556
4060,2.65364563435e-05
4066,0.000138567799764
23793,0.000153455057854
65921,0.000139036874597
11509,0.00015752938782
11506,0.000395636827928
26013,0.000355475139207
5786,0.000471508491676
177996,0.000189155823382
65105,0.000447956587685
65106,0.000105549006752
120656,6.59737491952e-05
65108,0.000126855293066
5788,0.000203064009982
120301,0.000356846181078
127439,0.000217320075612
5918,0.000111434321803
3607,0.000218208764129
187809,3.47045794231e-05
63600,0.000493497999641
19538,0.000264847073948
63605,0.000302730424194
63971,5.1404266253e-05
17780,6.66767290402e-05
148234,0.000155785813099
16637,0.000690438733382
148239,0.000150641983974
157755,0.000201360600264
12181,0.00024316421172
25021,9.60205272191e-05
186344,0.000481869143167
62263,0.000516935657856
186345,2.46937772302e-05
182788,6.15266354774e-05
6115,9.16726108231e-05
6116,0.000155997249155
184576,5.5429043409e-05
184571,0.000148373466871
64745,5.60854684577e-05
10920,6.08353407065e-05
166197,0.000478542315635
2352,0.000187106334546
106589,0.000276992540778
186607,0.000606681307722
7309,0.000561871816691
3855,0.000166348299592
7281,0.000231071566751
17106,0.000289285414431
7936,0.000482200113994
10894,0.000134159895004
64410,0.000134879833478
134384,0.00026716217134
186955,8.50316551996e-05
16989,0.000492579433271
4450,4.09393244526e-05
17694,0.000259616429509
65430,0.000564295754496
7974,0.000280257725123
118264,8.28969373147e-05
16981,0.000672123693643
118267,0.000203621136182
1891,7.09052795896e-05
16985,0.000385334917845
29127,0.000679436712201
13580,4.50990416698e-05
4690,0.000388225565561
13342,0.00025576750581
4926,0.000124019338136
6737,0.000480724927076
148349,0.00010578368932
4699,0.0005716609233
130041,0.000104959015814
154434,0.00126113025349
179741,0.000135183048195
11721,2.83924402801e-05
6025,0.000282436458779
11729,0.000197292249299
63551,0.00045954402891
155754,0.000336641175619
5165,0.00010027830043
185483,0.00011612506425
62823,7.77089497342e-05
1686,3.62884690537e-05
160340,0.000484402549358
160341,0.000726611212506
138483,0.000150140636407
21499,5.93335575346e-05
17074,0.000239224857185
17076,0.00056559817068
17070,0.000226301255825
21496,0.000312611831894
17072,0.000199509731936
17073,8.31904922461e-05
185428,0.000385107007306
179782,0.000622073839212
3429,9.44661491415e-05
178610,0.000153343203163
20488,0.000176597211921
61494,7.47516578998e-05
125595,0.000463667029421
176022,0.000521336710551
120877,8.81566736225e-05
186310,9.33981496159e-05
6334,0.000308552440979
6335,0.000120181104824
184797,0.000103378363533
144436,6.59558658888e-05
6331,0.000116950676157
9698,0.000324923300234
2005,0.000612035663414
62954,0.000144388355511
6338,0.000480254583077
165124,0.000199950802235
184117,0.000449196179167
14170,0.00014749861791
62732,0.000156851240203
14172,0.00040495749295
62730,0.00072878509522
27886,0.000530176678948
10297,0.000120723983066
264391,0.000164093919827
264397,2.960161269e-05
264395,0.000102347625484
10453,0.000869254744968
10451,0.000112618668147
9555,0.000461222699585
29217,0.000115636480615
24040,0.000412653823948
21186,0.000233599319957
175131,0.000260037391093
175130,0.000390194812477
31895,0.000273298769788
62990,0.000150613050554
187576,0.000213816214374
160293,0.00027292296064
10581,0.0003306356588
178003,0.00032556895371
13163,6.9870910951e-05
8901,0.000153683351595
1706,0.000253615263693
11856,0.000503546305087
8902,3.36031722446e-05
30219,0.000107578072305
284041,0.000260952503152
29855,0.000523719806093
137602,0.000231743745402
174729,0.000185439869792
62602,0.000272006565407
6848,0.00011777115269
11538,0.000383362843866
110039,0.00069181391992
179380,0.000245194292108
24302,0.000454685031394
24304,0.000111037368384
152008,0.000341065435264
186783,0.00029908568373
107755,0.000603076552469
164633,9.60480642872e-05
5301,0.000111107418515
29453,0.000168212981558
183312,3.45564216758e-05
176247,9.4585978519e-05
13013,6.71842884546e-05
13011,0.000667966296806
176939,0.000161319885369
1661,0.000341546530435
176249,0.000296061386155
175913,0.000100422434239
30674,0.000640656653837
157855,0.000658068338463
30671,0.000194057795076
179413,0.000294228962116
30857,0.000589313274018
4321,0.000206351060552
161088,0.000252131822797
156857,0.000579080329655
4322,2.64615197082e-05
14828,0.000168281544923
133432,0.000393735888726
12091,9.18817870989e-05
162809,0.00047276665194
2829,0.000172348867508
1526,0.000185567773327
14597,0.000214436395555
2820,0.000113587725325
14590,0.000168997694485
186498,0.000551069187297
20217,0.000465558506163
28034,4.15150847674e-05
7632,8.05293443536e-05
17861,0.00063996859412
160479,0.000420554819353
7636,0.000109277331923
7637,0.000208056954572
109599,0.000532785070316
136884,0.000501570191687
142337,0.000633587845021
1408,0.000185431582146
9699,2.96504089146e-05
157452,5.09955198639e-05
142339,0.000354046558248
165728,6.81374414999e-05
28152,0.000137401984229
31418,4.7727955236e-05
30932,0.000519401468326
4213,7.73906261035e-05
183526,0.000216220113735
16582,9.8535388452e-05
184981,6.65506756555e-05
185318,0.000282767180063
60800,0.000348264803416
122273,0.000233699280146
6932,0.000459788121275
177601,0.000175740236053
6936,8.998229895e-05
14824,0.000161773803667
199757,6.80412725515e-05
8694,0.000137537729872
9849,2.65573885351e-05
8123,4.25814727626e-05
147657,0.0002793117716
8692,0.000216431117723
166491,2.83001487942e-05
61635,0.000147718266066
176275,0.000106983816034
5572,9.60387912651e-05
115766,0.000224142181159
66654,0.000261509699721
3093,0.000173567937021
126555,0.000358643838005
126554,0.000158303670228
1533,4.49424592389e-05
29143,0.000514862121165
25870,0.000198504865194
174401,0.000224736082899
28322,0.00017647524291
25874,0.000656172711805
25877,0.00018406032105
136265,0.000197028237795
3121,4.24020581233e-05
66728,5.64235492435e-05
180083,0.000435468118007
61380,5.30874200645e-05
28819,0.000122529247316
22542,3.67513474105e-05
22543,8.11891952983e-05
126423,0.000320341457341
183324,0.000272437715964
61388,0.000146279991156
9317,0.000212199251956
8348,0.00018575481955
17341,8.75438988251e-05
177697,0.000186282597903
63645,0.000423144387634
109621,0.00033478350681
140023,0.000450249244404
185227,0.000848594611434
25895,0.000309829211858
19932,0.000490200384574
12568,9.12010593169e-05
160913,5.31159300617e-05
155174,0.000551231682985
15240,4.22290545221e-05
3639,0.000228510954027
15247,0.000374130137631
181931,0.000385289927077
28924,0.000508626135942
174317,0.000416462217939
66032,0.000354413496348
25906,0.000220900458043
174312,0.000444699098061
5903,0.000106422369091
174310,8.5490251024e-05
61703,0.000130013242394
187363,0.000121532654712
180402,0.000170712372021
180405,0.000189116250778
3897,0.00024217972294
178097,0.000290520173706
117026,0.000586916211738
109919,6.9817083785e-05
16531,3.74561583955e-05
61567,0.000126510241826
117020,0.000108903305493
65607,7.19037905509e-05
10757,0.00037072123556
146140,0.000273972564343
166562,0.000273426075598
166563,0.000227284869404
64848,4.1139030292e-05
12621,0.000125728883332
6617,5.66400475324e-05
1635,0.00043317521396
166564,0.000656077368332
12625,0.000384118387491
13962,8.80731835766e-05
166569,0.000425332145076
62626,0.000194338161719
112362,0.000539637720899
10840,0.000130368928468
185138,0.000100659740408
148169,0.000466634232959
65286,0.000325956154766
5860,0.000197282517649
282189,0.000541020395501
65937,4.64597888272e-05
5959,0.000119597268998
13765,0.00010141177391
31242,0.000242420673287
11537,0.000283235772327
148223,0.000106593293578
11535,0.00024821865941
4072,0.000758397411847
154758,4.5014902865e-05
61140,0.000354673154126
3964,0.000186258263829
3962,3.28500678852e-05
5792,0.000234815061619
5791,3.83100137786e-05
177216,0.000153176200133
145024,0.000175445145971
180249,0.000139935907313
60942,3.3292062687e-05
154755,0.000374707821924
154757,0.000433966840367
7152,8.82309465289e-05
63986,0.0001164543688
7279,0.000198153456517
141277,9.72292029059e-05
165943,0.000381014514719
177031,0.000352865744779
187810,0.000697442553893
187814,0.000560468443864
4611,0.000126017884797
61899,0.000732595255435
65739,0.00097529138327
22053,0.000177639808813
117115,3.09801621117e-05
65732,7.68367366572e-05
162076,4.8186421124e-05
15364,0.000294897081528
266257,8.32384907345e-05
3138,0.000246908546846
179605,0.00038114241196
148469,8.72841582014e-05
2342,0.000140097726901
140759,0.00077489511557
166366,6.04934367004e-05
6104,4.37016794895e-05
119414,0.000707255749451
20109,0.000564283783858
6100,0.000150561462976
10938,0.000153030632382
287462,6.90137279394e-05
63290,0.000169888574261
187205,9.30656856322e-05
124038,0.000342983633152
140979,0.00048566179776
63700,0.000290927488341
25274,0.000107715835189
63708,0.00011457848955
9445,0.000231200318029
25279,9.18185128961e-05
161869,0.000143941550074
186960,2.71162654308e-05
185549,0.000241716708046
118042,0.000546926047472
150720,5.87267034613e-05
65421,0.000106312841723
7959,6.94841335063e-05
183700,0.000184711337001
4462,0.000119433156207
3707,6.27389898137e-05
4460,0.000414191484134
162219,6.60291633516e-05
17101,0.000609801247993
25241,5.12881919195e-05
13579,0.000353499400188
6109,0.000350062096427
4918,0.000439433243106
162449,8.2321883989e-05
162448,0.000194103898908
148356,7.5174589221e-05
148350,4.74811300819e-05
4911,0.000302548239644
12756,0.000162732711867
5750,0.0002988887203
64088,0.0001331767996
17269,0.000180345812558
24878,4.94378484531e-05
13235,6.53008651138e-05
156578,0.000109493727691
184542,0.000303757233468
166705,0.000250124265603
10063,0.000598797072779
187961,0.000765666944234
21487,0.000209441365638
105670,0.000167106912444
9203,0.000168121675788
187969,0.000261323336827
24783,0.000104326023758
62549,0.000144633121121
3416,0.000621997105214
185370,0.000102450593398
176973,0.000132009069452
182308,0.000220275994247
182309,0.000457014421342
64063,0.00020891312546
121713,0.000633079457687
166363,0.000398593287225
185372,6.63895374636e-05
21374,0.000509495505883
10000,0.000280201698431
185945,0.000530446559587
16845,0.000653321684293
66610,6.48237868955e-05
12377,4.53463450611e-05
176035,0.000206396575219
12379,0.000384237165001
15293,0.000230265734496
62948,0.000101680916787
63490,0.000163221444536
2019,0.000428442097842
144998,0.000216246649023
65609,0.000316109668631
12171,0.000194764819103
135484,0.000270993353306
4860,6.20849959614e-05
176873,0.000103318097276
4864,0.000365225668496
25711,3.6511687925e-05
264388,4.29184558236e-05
113362,0.000424778780161
62723,0.00013170354721
7938,4.9244448254e-05
10286,0.00021982777924
14108,0.000388674264792
179577,0.000226806567019
264385,0.000171736777474
160809,0.000575596177438
264387,0.000180380743322
176874,9.32016712971e-05
17715,0.000312253493592
181617,0.000417629998753
9664,0.000207241400193
29206,0.000329582444537
125360,0.000253588275714
10115,0.000118987321248
25495,0.000276255525634
10443,0.000196433804433
21776,0.000282281356447
21777,0.000161090903148
148770,0.000729990819188
7447,0.00016801708352
160281,6.79166841313e-05
10839,4.65981396623e-05
63123,0.00023261007686
160282,9.41383184339e-05
15347,0.000101435822547
176639,0.000168061903005
4485,0.000166553525163
149082,0.000104919037964
8972,0.000508023377911
112759,5.19836698192e-05
29099,0.00028915037024
64547,0.00014799605429
15199,0.000144119994452
147242,0.00033537682455
112168,3.25121748118e-05
17908,0.00058810597972
7138,0.00012448945892
260737,2.54151237079e-05
122519,5.58798275117e-05
7017,0.00032006564021
163889,0.000344892186992
175741,0.000411263451198
122515,0.000175260882251
14616,0.0002430539634
157353,0.00020344743676
29448,0.000126595072824
29449,0.000130545082717
178310,0.000344737494584
142230,0.000556788225402
186158,0.000141406314831
29211,0.000196340719426
164624,0.000132377114572
5313,5.79653711302e-05
29332,9.96423476641e-05
29446,0.00046751207754
174656,0.000731655634535
176255,3.52615270176e-05
8807,0.000205893594759
176251,0.000253519778778
176928,5.52802766978e-05
30443,0.000301361998979
30666,2.71533113802e-05
15521,0.000142606816747
133885,0.00057676403106
30662,0.000103398480927
30847,8.51248937518e-05
187434,0.000440115429148
156861,0.000206684276321
147792,0.000640914623886
142546,9.63163889046e-05
109366,0.000165988982758
176118,0.000176879047122
133888,0.000544175990295
3153,0.00010924903599
12992,4.95471125222e-05
164155,0.000134945785123
3157,0.000282890038415
7620,0.000117704030179
126772,4.58041228155e-05
1982,0.00018076000068
28795,0.000522409091859
3158,0.000206452866284
185926,0.000105125857019
25950,0.000103916532163
28791,0.000137193680535
30461,0.000577979717978
180833,6.39725022359e-05
24005,0.000789374610279
3399,5.05417743396e-05
64162,6.68480283363e-05
121717,0.000262449738167
174077,0.000632493860466
175079,8.51243925982e-05
28323,0.000149625636766
1439,6.88999669891e-05
30205,3.1946869201e-05
29028,0.000303507118417
136725,0.000126034890448
179303,4.98559603702e-05
129469,0.000310886708686
129466,0.000316437807985
146616,0.000460695053455
164258,6.21271250006e-05
15111,0.000349855481736
66281,0.000315595082483
4503,5.19069549741e-05
66285,0.000612595103992
23553,9.41552964808e-05
66288,0.000364479618927
24278,0.000298278665955
18110,0.00048695828599
65540,5.83537502411e-05
15414,0.000131086650062
8113,0.000395095627596
5237,0.000263730650376
13375,0.000246219724148
23084,0.000287260005662
111103,5.05740744414e-05
184899,9.82110625131e-05
10598,6.13989551974e-05
5543,0.000174918153443
14581,5.1030286957e-05
29156,0.000100734373622
111864,0.000332311508091
13125,0.000239538052051
29150,0.000358784083418
30067,0.000428856825339
4273,2.66335058246e-05
175674,0.000193415938049
180652,3.11108858428e-05
233491,0.000479570940149
137024,0.000605633677646
28641,3.39623420379e-05
111819,0.000549920080106
158053,0.000230544164492
61399,0.000256264920954
187483,0.000161512535031
65050,0.000300690177317
22207,6.59023622544e-05
22205,0.000159753534682
29870,0.000332007729549
7506,0.000719651716153
8577,5.34732442514e-05
7124,6.69692452867e-05
184321,0.000251596767372
14359,0.000722972310936
184323,0.000896974660343
3410,0.000189576344577
11234,8.67627269825e-05
13800,0.000209186849807
2124,0.000218939069492
28176,5.9558561909e-05
12578,0.00026476012745
139201,7.47515833448e-05
61712,0.000104285468515
15252,7.75272242592e-05
12576,0.000219791379118
8446,0.000215044330004
12575,3.02159683093e-05
28775,8.64595232444e-05
24428,3.83544129448e-05
25915,7.03683795454e-05
174301,0.000118123358533
145407,0.000190649958027
64915,0.00020925533379
7401,0.000213523636562
2080,0.000201945644444
25918,8.95353543408e-05
117903,4.91630807812e-05
25318,0.000250267159899
178684,0.000838311820678
183903,0.000549185743741
22447,0.00036053713423
116503,0.000324089874912
61576,0.000110365064632
25313,4.39714094215e-05
25314,0.000343489339826
182491,0.000134222203912
116504,0.000211641992554
196055,0.00061746371545
163822,6.29276992004e-05
166583,2.70074483864e-05
178529,0.000156212883483
12615,0.000154312742378
119714,5.0608219523e-05
185128,0.000106902369571
161048,0.000138122572958
4001,0.000106852948605
2812,0.000201046757554
185125,5.25317730776e-05
13714,0.000428941461522
61153,5.56723999354e-05
60979,7.44426976667e-05
9890,0.00020761460642
61406,0.000144559115892
61155,0.000158600891393
165710,3.612256099e-05
61409,0.000150835799644
31276,0.000579061184543
177206,0.000134902832928
30646,0.000369802107223
182701,0.000348553279221
65706,0.000373849646039
29955,0.00013178136534
24466,0.000347173527834
65702,2.53300982373e-05
120456,5.56016265499e-05
164680,0.00041583453461
120458,0.000149942685712
165979,7.43976683859e-05
3622,0.000131054764284
2818,0.000525559441131
17180,7.69854067929e-05
141363,0.000299755320669
148219,0.000342516306039
184551,0.000623885401424
148217,0.000266569891882
18329,0.000532247048962
149318,0.000233242599211
13623,0.000105001628435
2337,0.000133880437136
17184,0.000103593292532
12761,3.67674428214e-05
140760,6.68397445403e-05
185058,0.000196142404622
8219,0.000344022828819
64082,0.000122051672302
181745,8.96006168418e-05
64891,0.000344154533223
64720,0.000194791664557
25481,0.000423847746503
29710,0.000141145719089
140565,0.000118109464463
16477,0.000323310758012
174313,0.000648459270305
9472,0.000271126403542
2574,0.000217427405365
29984,0.000129203089757
2710,0.000262720347648
16478,0.00043726482681
65413,0.000550018284026
184880,5.09308772925e-05
141496,0.000447933678029
25462,0.000113940459241
184884,0.000456334380261
176135,0.000351707264764
24996,0.000286038880486
183879,0.000602397840109
6003,0.00072112796063
4678,0.000522268202016
4900,0.000195913103633
4903,0.000215012821001
4674,0.000539252911915
13562,0.000361464488209
118046,0.00033342895042
14311,0.000254166853836
156633,9.04743210726e-05
63952,0.0002122741891
177487,0.000225284838061
153191,0.000100809838411
24844,3.47451536748e-05
162272,0.000253776292266
5179,0.00015682736734
9465,0.000134301651853
162497,0.000576181154613
9273,0.000220902567854
64275,0.00010583012291
24197,7.61282304186e-05
5149,5.2802042918e-05
186773,0.000183747505892
10056,0.000233013042837
8810,0.000338084758598
5142,2.91659040745e-05
124775,0.000182515936466
156617,0.000465794685823
160163,2.45382273336e-05
29612,0.00023527902309
180466,4.28389882742e-05
63000,0.000189132033787
266160,0.000183576411549
12389,0.000207682625927
7435,4.37051557698e-05
10349,7.76021871999e-05
150306,0.000244184342165
166005,0.000316218106172
12142,0.000556190739058
12141,0.000761226710311
6311,0.000599668799717
10614,5.59952440414e-05
152809,9.89279425911e-05
8530,0.00012861468249
10618,7.04237449792e-05
64389,0.000208946880268
3413,0.000244645284986
14113,9.3227603102e-05
7161,4.00400666027e-05
4418,0.00033983876392
61544,6.1904310724e-05
133366,0.000166886156257
133367,0.000291215328048
163633,0.000485278940957
6136,8.88264204412e-05
113371,0.000134058056813
175689,0.000111147124303
175688,0.00019653680271
64102,0.000277264911523
7228,9.2636591311e-05
166435,0.000425121330039
10121,0.000121064872375
175686,6.16987963353e-05
9302,0.000187177780925
10124,0.000167476753025
164432,0.000306961662401
13142,0.000249792752871
5071,0.000382742484897
133766,8.10257879192e-05
133767,0.000158419514836
157058,0.000114093865697
157057,0.000184235268193
133768,0.000342433796827
175110,0.000106338069726
3570,0.000268682638495
63135,0.000472331960175
4497,0.000162415038145
162127,0.000184690083995
9783,0.000413310168865
2663,0.000238401091128
13380,0.000381142365566
13381,0.000382829517526
175424,0.000328013517298
7241,0.000290592862731
162129,0.000120311603219
6821,0.000305888639812
120794,0.000390123693353
2938,0.000747547110352
17266,0.000135516190363
164407,0.000184141565646
176861,0.000559023267314
176867,0.000148628903569
133504,0.000130555025837
108778,3.11865910807e-05
165880,0.000207000027463
146354,0.000131534856641
174648,0.000505934169712
10540,0.000144722442117
179417,9.19507968641e-05
66599,0.000151507643004
15350,0.000109686317154
25047,0.000277193906258
10549,0.000211967577959
14603,0.000422109158607
62667,0.000622892349206
62666,0.000128895175603
20204,0.000228015354758
63224,0.000471572973382
20185,5.43619321342e-05
65718,0.000305319087146
22306,0.000717140363517
29300,0.000432843661446
115757,0.000147466700555
29304,0.000100051672603
14282,0.00055831899251
14934,0.000280084908409
4881,0.000126748251922
186363,0.000199419908929
30473,0.000259856459992
18276,0.000512801043192
133166,0.000243151237069
30477,9.05378829246e-05
13032,3.98093882538e-05
181515,0.000415465529231
11094,0.000186927681015
8079,9.98892495369e-05
11096,0.000185664180431
164365,0.000491473997849
165993,0.000107323800001
3969,0.000282384619113
179437,6.10448274324e-05
179438,0.000465275667383
8210,6.11504548732e-05
8213,5.89436616819e-05
29946,0.000101312210961
8215,0.00019922555157
8214,0.000118735827885
164368,0.000235513802995
30870,7.46646249095e-05
274165,9.99619195282e-05
12726,0.000240599458845
7658,0.000384844370727
12964,7.63291740071e-05
187167,0.000768318775372
28785,2.97833691293e-05
162876,9.26030937004e-05
28018,0.000408473059287
143153,0.000262414005724
29015,0.000230019304726
62266,0.000182404624175
7092,0.000162891022039
3369,0.000366767385233
197855,0.00017636711965
175064,0.000456901378316
5439,0.000128487878499
28543,0.000245035770052
3362,0.000544648996738
31203,0.000103036477519
29830,0.000186932796795
126417,0.000820091959193
63495,0.000114280544718
178545,0.000541419621575
8105,5.57886174203e-05
9815,0.000286071069452
30277,0.000430844348289
8101,4.41103198499e-05
185339,0.00022323935315
4275,3.23906653421e-05
185018,0.000240772318898
188255,0.000250044351821
183421,0.000288395041859
66290,0.000168008554266
1356,9.77153273707e-05
126615,0.000291221813186
163975,4.53980708073e-05
163946,0.000252731523849
5559,0.000130027659873
65011,0.000126588729544
9867,0.000268831561879
180646,0.000157738740996
25852,0.000100333817666
28303,0.000424627779021
65944,0.000429482342187
174428,0.00016687675458
125000,0.000130338676033
66313,0.000447372530741
146500,0.000194443175911
187698,0.000807927989341
66630,0.000117687332757
186743,0.000176272115881
176637,0.000294747806751
30098,0.000137927281105
10984,0.000336121116512
8582,9.51440703215e-05
183736,2.94362592377e-05
110802,2.48958509112e-05
8363,0.000270345407937
145308,5.9734087523e-05
144520,0.000149450297472
12994,0.000116850089891
114484,0.000232330261166
9063,0.000296860361848
15267,0.000158808346626
185209,0.000668705951645
12545,7.03726658438e-05
12544,0.000130960358257
179441,0.000117394768051
120297,0.000289991293862
15261,0.000233947522523
12540,0.000585133175831
5888,4.87749985887e-05
12818,9.59099047123e-05
180423,2.98931392865e-05
150277,0.000727633299491
61763,0.000123349034831
123016,0.000242744820939
16974,0.000267426288013
61766,3.58830436276e-05
30899,2.49732701771e-05
25923,0.000163985451362
25922,9.72087975527e-05
25921,0.000180952492065
28762,0.000123509703792
145416,0.000114996054227
25929,8.55822350202e-05
24436,0.000278221559052
22325,0.000823593153403
170307,0.000150274928957
110382,0.000476301664036
155738,2.85289498511e-05
165854,0.00017573377993
160961,9.63849004325e-05
19094,0.000475606593438
160592,0.000108556834466
25676,0.000110035827435
163627,0.000403003122215
6639,0.000138115393534
11550,0.00031211512537
18654,8.93470819064e-05
11555,0.000218138591015
11554,0.000135651455846
185112,0.000671240678544
185113,0.000427651960192
23450,0.000188813886395
12603,0.000149140225601
5878,0.000254721236302
1440,0.000182306319391
141982,0.000476120293941
9667,2.62965026206e-05
13709,2.64775172194e-05
165702,7.59721129987e-05
196269,0.000519061808073
177780,0.000338048348629
161067,8.04761209061e-05
177782,0.000174621459011
154739,0.000195344802827
163596,0.000318290222719
4016,0.000297204722219
11399,0.000333521112619
160598,9.88094647167e-05
162892,0.000100047613233
151544,0.000432648134161
19431,0.000288549642261
9882,0.000187663276569
24720,3.88573949234e-05
65133,0.000153989880605
61163,0.000212188914569
7509,6.44019470161e-05
65710,6.77153260468e-05
65247,3.97273085434e-05
65244,0.000112607208528
65713,0.000275347288422
65717,0.000147786460026
25079,0.000314983128619
163629,0.00016642680762
120444,0.00013343418338
3612,4.16469523279e-05
144009,5.62456847438e-05
184526,5.1277870971e-05
184527,0.000135492031518
8333,3.31784742382e-05
127481,0.000312950978546
25130,4.6379814335e-05
61188,0.000161508460647
1447,0.000167790005241
13634,4.74115097252e-05
30576,0.000820345995637
13630,0.000173870928938
175004,7.07638174072e-05
2328,0.000120609158804
65399,0.000393074494816
20779,0.000863821091733
10441,6.1930552972e-05
117861,0.000637760581524
157415,0.000299925597357
177300,0.000460968261525
177650,0.000101717732155
177303,8.65756714163e-05
185518,4.13689721754e-05
199356,0.00042625879934
3562,0.000315712196508
161843,2.84890962842e-05
161844,0.000231985074134
31227,8.64597238478e-05
148772,0.000217092119636
23812,0.000425270306131
63725,0.000307477908676
63724,3.24879214145e-05
63723,0.000698470742288
31593,0.000150035071905
25320,0.00013221946367
7257,0.000231675405975
65590,0.000150800242829
138707,7.99944584479e-05
111662,0.000649719015469
61984,0.000103242664257
17641,0.000304630408605
9919,0.000144273289285
15520,3.55637914701e-05
7251,0.000260346919917
106853,6.35840419257e-05
142953,0.000167945269191
184639,0.000466600672354
120093,0.000273444761623
117260,0.000228648658999
4640,0.000432263169124
3662,0.000461024348486
183684,0.000198353021407
4645,7.33464295365e-05
116791,7.15223710797e-05
2259,0.000204778797946
17248,0.000135571672306
253527,0.000184309535897
162264,0.000156033010144
17245,0.000500037779846
24853,0.000104799781171
61483,0.000263525158691
24856,0.000312940630383
17240,0.000561316440122
28296,0.000644733354197
62525,0.000219251732594
121080,9.58352645168e-05
175510,0.000710091560544
10735,0.000267196899
162489,0.000604492550391
19817,0.000123568889385
7875,3.49507153194e-05
185453,0.000235371577389
28295,6.07910923034e-05
191055,0.000101399484032
186342,0.000366152879996
63030,0.000130494891002
185921,4.05169714752e-05
2787,0.000189005030959
2783,0.000245220791137
4807,5.55909114209e-05
4809,6.72051620854e-05
12395,0.00023810088439
12392,0.000359717182723
26016,0.000163017799121
9466,0.000146949868902
26012,3.51338823132e-05
11600,0.000109107229794
26011,0.000362036927252
2073,0.00010913809892
6304,0.000597030163966
6307,0.00018296292166
10609,0.00012346068208
4108,0.000128802022479
183640,0.000201122011735
3226,0.000420120881889
13789,2.75400886842e-05
62290,0.000150895901845
152149,0.000125034512409
179082,0.00019793369424
9083,0.000232733577986
162732,0.000576368301907
176781,0.00051646572049
63454,7.81698523185e-05
63456,4.09845764006e-05
121153,0.000642597279755
27981,0.00057415305936
27980,3.65707569438e-05
62984,0.000279805008112
147868,0.000183498146191
21595,0.000394018574086
21593,0.000133595407046
27988,0.000425044377501
112366,0.000130161103009
164422,3.78022018634e-05
180597,0.000118411473585
7277,0.000510356666234
7275,3.35045512834e-05
176659,0.000340186797445
3502,0.000139529381233
141359,6.8166828308e-05
3504,0.000162307552307
3505,0.00014871321859
8958,6.76967471826e-05
155280,0.000214884597235
181904,0.000208395462434
183963,0.000199722751218
185585,0.000208675796954
185584,5.78836789542e-05
148552,6.34760149715e-05
6831,0.000479880809451
6836,4.6303880628e-05
1794,0.0001318489822
112410,0.000557552644056
113419,0.000508116472638
14639,5.91830509019e-05
62689,0.000251283793293
112968,8.97664074314e-05
29312,0.000181059654861
65896,0.000112125355453
125237,0.000134260138273
5338,0.00011643933741
125234,0.000114444100012
11315,0.000113006712584
1682,0.000102260942083
10916,0.000486769022607
1632,0.000440417313698
175271,0.000665486970555
1634,0.000194708339132
164510,0.000407232238336
30463,0.000116048748216
121718,0.000748631407318
144066,0.000351718524144
165244,0.000686138352912
1988,5.87380047277e-05
8823,0.000123234544217
8826,8.56312346124e-05
163601,0.000473314264527
13041,0.000235579598766
164557,0.000249761875558
147312,0.0005516613972
18040,0.00050138962756
6547,0.000148435234801
2817,0.000108584925572
2811,0.000284899203279
30649,3.53976504988e-05
179428,0.000419579898094
18049,0.000145486636062
157865,0.000501371429095
178939,6.43767446293e-05
30640,0.000505581528155
157862,4.22144215497e-05
30310,4.64482195577e-05
4274,0.000602342164612
14256,0.000401864723074
7647,0.00015274609545
14253,0.000535177536641
151606,0.000346690272996
3170,0.000119364334152
24225,5.87986040009e-05
7648,3.3737260269e-05
12972,0.000350676612435
119275,0.000435677523082
5639,5.21258676643e-05
122175,0.000297430362796
29001,5.62106091327e-05
7085,0.000209458158971
122172,0.000135744368338
20245,0.000564381998112
29791,0.000339873508453
30260,3.00363458931e-05
66286,0.00062803471535
175308,0.000475994132059
6461,0.00033583910067
179889,0.000194193201391
178201,0.000276697531363
29829,0.000102651629997
1743,0.000553518194413
6497,0.000125631799879
140030,0.000489327281123
1161,0.000236317923993
8176,0.000313549393525
184225,0.000175647313001
19965,0.000102183657765
4242,0.000170007921329
175607,0.000111085457165
66515,0.000242016334663
4241,0.000304370693289
5520,4.30762324254e-05
5523,0.000173604312688
160416,0.00029414249539
5526,7.44063912369e-05
20297,0.000500226059946
178846,7.21532953772e-05
178847,0.000355440644594
160706,0.000182237279791
180183,0.000487556111616
24539,0.000290198655412
24538,7.35952340627e-05
14417,0.000322850752533
180635,0.000185112279911
24533,0.000165318171483
28378,0.000105953877927
126296,0.000154857388763
7921,6.63068206684e-05
186591,0.000252913178721
7922,0.000271564220069
5742,0.00040597890246
25848,5.93365603891e-05
31224,0.000274833731184
162909,4.97431112521e-05
178113,5.20473993517e-05
126056,0.000255523971627
66354,9.04385351105e-05
1562,6.06488989806e-05
30082,0.000545341788959
66602,0.000365917003172
29173,0.00021062369535
2990,0.000454307010736
191255,0.000123150988943
27199,0.00012781866403
12804,3.37893271985e-05
29722,0.000642989506452
15274,0.000333115670963
1659,0.000139995093954
65899,0.000631591680987
23195,0.000124473377888
8007,0.000567080697495
16453,5.92832766236e-05
8001,0.000275342169865
13824,9.09376629231e-05
184180,0.000635390227012
165179,3.57126415509e-05
24405,0.000145222112478
25937,0.000290830236562
6543,0.000169366436874
5254,6.15411764412e-05
185229,0.000158955752939
4390,3.07555452894e-05
28194,0.000446168909206
63232,0.000611029071661
28191,0.000134828349417
30888,0.000535276390089
160417,0.00010674646795
136804,0.000111136232038
28209,0.000263287290201
8486,0.000108926790383
25935,6.41938819893e-05
127377,9.97269736472e-05
180636,0.000230136021773
1864,9.67449396628e-05
