206496,2,0
206491,2,0
206493,2,0
203184,2,0
206499,2,0
101767,1,2
101766,2,2
101765,3,2
102107,3,3
101762,1,2
101761,2,4
201026,3,5
100281,2,1
201769,6,8
102139,5,3
201473,5,8
100368,3,4
100369,6,7
201728,1,0
201729,1,0
201726,1,0
201727,1,1
100366,1,2
100367,1,2
201722,1,2
201051,3,6
100362,2,4
201053,7,10
206018,3,2
206875,5,0
206874,5,2
341,3,1
100168,1,0
100169,5,5
100167,4,5
203587,2,1
206015,0,1
100160,2,2
206016,0,2
100386,1,1
100384,1,2
714661,2,1
100382,1,8
100383,1,8
200446,6,7
206668,3,2
205151,3,2
201616,2,2
101491,3,0
101490,4,7
101493,5,6
101492,1,1
101495,7,9
101494,5,6
101497,6,0
205286,7,2
101499,2,0
101498,2,0
205805,2,6
101161,2,1
101160,2,1
101163,1,2
101162,2,1
205114,2,6
101167,6,4
101166,2,1
101169,11,10
101168,2,0
204146,1,1
102135,3,1
102059,2,0
25664,0,1
201023,3,5
201438,3,7
201439,6,7
201968,14,0
206702,2,0
100702,1,2
200938,5,3
100700,2,3
100701,5,1
202152,0,1
206708,3,1
205739,2,3
205738,2,3
200448,144,92
205153,2,4
202171,1,1
204758,3,1
205732,2,0
205736,2,0
100940,2,0
100941,6,2
100942,2,1
100943,1,2
100944,3,6
100945,2,1
100946,1,2
100947,2,1
100948,2,1
25114,6,4
25115,2,2
206880,3,0
207477,2,0
204732,2,1
200541,8,11
6728,0,1
101389,2,1
101388,1,0
203308,2,0
204735,8,11
206886,1,2
101387,5,3
202907,5,6
101380,1,2
101383,2,0
101382,2,1
100016,1,3
201547,1,2
100014,4,6
201545,3,5
101019,1,0
205608,4,3
100010,1,2
100011,3,3
101015,0,2
101546,3,3
7883,1,3
101016,2,6
101011,0,2
101010,0,1
101541,2,3
101540,4,4
203768,2,0
101942,1,2
101941,7,2
200410,1,2
200417,1,2
101946,4,2
200415,3,6
101944,2,5
203760,2,3
203761,2,3
101949,1,2
203763,2,0
200149,3,5
200148,15,31
203766,2,0
203767,2,0
200728,3,3
200549,3,7
201948,1,5
201949,6,4
24885,0,1
24884,0,1
201942,7,3
201353,28,46
201940,3,3
201941,3,0
201946,6,3
204789,3,1
201059,3,3
102447,0,1
102446,1,2
102445,1,1
102444,6,2
102443,3,2
204089,2,0
102441,4,0
200090,15,24
204084,3,0
204085,3,0
714400,4,2
26479,3,4
202178,2,1
102449,2,0
102448,2,2
6378,2,3
200526,4,2
200525,4,1
200524,15,19
200523,4,5
200522,8,9
200521,3,2
200520,3,2
203563,3,3
203964,1,2
203617,2,0
203610,1,0
200529,27,44
200528,11,11
201725,5,7
202569,2,0
202568,1,0
101801,2,1
201723,6,7
201052,6,12
101839,1,1
101838,3,4
101837,3,2
101836,2,0
101835,1,2
101834,3,2
101833,3,6
101832,3,2
101831,1,2
200700,11,10
208558,2,0
714315,0,4
202965,1,2
202964,2,2
202967,0,1
202966,0,1
202969,3,3
717930,3,1
208556,3,2
204398,2,0
204468,2,4
203561,2,0
101756,0,1
203400,11,8
204391,4,9
204392,5,8
204393,2,0
204394,3,3
204395,7,10
204464,1,2
204397,2,2
202709,1,2
205529,10,18
204362,4,0
203388,4,7
203389,2,2
102151,5,1
102150,3,3
102153,2,1
102152,1,2
102155,3,1
102154,2,2
102156,0,1
203140,2,0
202498,1,0
203142,2,1
203145,1,0
206407,3,1
202491,1,0
208438,2,0
202493,1,0
202492,1,0
202495,1,0
202494,1,0
202497,1,0
202496,1,0
205615,9,19
718576,2,1
718577,2,1
40,3,0
101912,3,3
203816,1,3
207135,2,1
202369,3,3
101913,5,3
203812,17,5
206017,1,2
203810,0,1
203811,0,1
202362,2,3
202361,4,8
202360,0,2
202811,2,4
202366,2,4
202365,3,3
202812,1,2
202143,31,46
202634,2,1
202637,5,2
202631,2,1
202630,1,2
202633,2,1
202632,2,1
200447,17,15
551,3,10
202638,0,2
203791,3,1
202387,9,11
205292,2,0
101919,2,2
26804,4,6
202389,1,4
200763,1,2
200762,2,2
207048,2,0
207512,2,0
203814,6,1
207041,2,0
27577,2,2
207515,2,2
207514,4,4
101147,0,3
207326,2,0
100537,1,2
205244,2,1
202133,0,2
203289,2,4
101054,3,4
205931,2,3
714333,0,1
5537,0,1
206249,2,4
201653,0,1
206244,10,17
714334,3,1
206246,4,3
206247,4,8
27613,2,4
206241,5,4
206242,3,5
208373,4,1
26718,5,8
207603,3,0
1283,0,1
205280,5,4
208278,2,0
26717,11,11
26716,1,2
714338,2,1
205282,14,15
101073,3,4
205285,2,0
201025,6,7
714099,0,1
203498,4,2
208274,5,0
205287,2,0
207868,3,2
207866,2,0
101496,5,6
207863,2,0
207861,2,0
204449,2,2
100571,1,0
100570,19,18
100573,1,0
201602,1,0
100575,1,0
100574,1,1
100577,1,0
100576,1,0
100579,2,1
100578,2,1
208379,1,0
202906,7,7
207463,2,1
207462,2,0
207467,4,2
207466,2,0
207465,2,0
207464,2,0
101182,0,2
201464,0,1
206398,2,0
404,2,0
207260,12,3
207263,1,2
207262,4,4
206392,2,0
206642,3,4
206643,4,0
206645,3,3
28210,3,3
206647,2,0
205111,3,1
101004,12,2
102001,2,3
204757,6,5
205169,15,15
205158,0,1
101712,8,9
101713,8,9
101710,2,3
101711,11,6
101716,2,3
101717,2,1
101714,1,0
101715,2,4
101718,1,2
101719,10,9
101295,2,1
204371,2,0
206025,2,3
100379,1,19
100378,1,1
206020,2,1
205117,3,1
202920,1,2
26566,2,2
201734,1,0
26564,5,8
201736,1,0
100377,1,1
26563,4,2
201733,1,0
201732,1,0
100179,5,16
100178,1,3
206804,6,0
206805,5,9
100175,5,3
100174,5,2
100176,4,2
100170,2,5
100172,12,18
203535,2,1
203347,12,5
201538,3,5
202745,1,2
100390,4,6
100399,2,4
203537,0,1
10263,7,2
398,3,6
202700,1,2
101248,1,0
101158,1,2
101159,2,2
200958,0,1
205059,2,1
101154,1,0
101155,1,2
205126,2,0
101157,1,2
101150,4,3
101151,4,3
101620,2,5
101153,2,2
201429,1,2
201428,3,3
206706,0,1
206734,3,4
206736,2,2
26492,4,6
26493,4,6
201423,2,2
201422,11,8
201425,3,3
26497,2,3
201427,4,5
100660,4,4
200395,1,0
200396,6,9
200397,1,0
100663,6,10
200392,10,17
200393,12,17
204028,5,1
203539,3,2
100662,2,0
200398,5,5
200399,2,2
208382,2,0
202335,2,4
26481,4,6
200601,0,1
102074,0,1
100959,2,0
101793,1,2
100957,4,4
100956,13,6
100955,4,5
100954,3,6
100953,7,3
26483,2,3
205388,3,3
204892,0,1
201431,8,15
204724,4,7
102356,4,1
205380,8,7
101244,0,1
205383,3,2
207053,0,2
205385,3,2
201437,2,4
201555,3,5
101029,1,2
100007,5,5
101539,9,8
102172,2,1
100816,3,1
101020,6,1
101533,10,9
101530,12,11
101247,0,1
201559,0,1
100008,4,4
101534,5,3
101535,6,4
205450,2,0
205414,3,1
208533,2,0
200178,2,10
205419,2,1
204319,2,0
100997,2,3
201959,3,1
202704,1,2
204396,2,0
201951,2,0
201950,2,3
201952,2,0
201955,0,1
201954,2,2
201957,1,2
201956,2,1
102432,3,5
102433,4,3
202340,1,2
204098,1,2
102437,2,2
102434,4,3
208098,2,1
204092,2,0
102438,2,3
102439,1,2
204097,2,4
208092,3,2
714417,2,1
208090,2,0
101446,1,0
205257,2,0
205254,5,8
101445,1,2
101442,2,0
101443,0,1
101440,1,0
200555,9,8
204655,2,0
203602,2,5
203601,2,0
204656,4,5
204651,2,2
203606,2,1
204653,2,0
200304,6,4
202837,4,7
101771,4,8
205626,1,2
208386,2,0
204072,4,0
207639,3,1
102160,3,3
101848,4,4
200779,2,4
101842,2,0
101843,3,0
101840,2,0
101841,3,2
101846,12,3
101847,1,2
101844,1,2
200775,4,7
714305,2,1
204386,12,11
202958,4,6
202959,2,3
714303,3,1
714302,3,1
208541,2,2
102385,1,0
202957,0,2
102380,1,2
102381,2,1
102382,4,3
203949,6,6
203776,2,6
203775,1,2
203773,3,1
203772,4,3
203771,3,5
203770,2,0
203778,5,3
102366,2,1
102367,2,1
102364,3,4
102365,4,0
102362,3,4
203398,17,10
102360,0,1
102361,4,5
102368,1,2
102369,3,3
200606,1,2
25116,6,4
200735,2,3
200602,4,3
200603,0,1
200600,3,4
203158,3,1
208404,2,0
102261,2,2
203155,2,4
208407,3,0
208400,1,1
203151,2,0
200609,1,2
718563,0,3
206589,3,0
200608,3,1
718569,0,4
204345,5,0
102098,0,1
204272,23,34
203807,2,2
102090,3,0
102093,1,2
102094,2,0
202826,1,0
102097,2,0
204236,5,6
200460,11,8
205235,6,4
101426,4,5
206582,4,5
201618,2,4
27546,4,6
101263,2,2
205237,3,4
205230,2,0
204455,2,1
207859,3,3
26812,1,2
201730,2,0
207078,3,3
201068,5,3
207070,2,1
202932,2,1
208712,1,2
202483,2,1
208716,4,1
208717,3,0
102164,2,1
102165,3,2
202736,2,2
202737,2,3
202730,1,2
200802,5,5
102162,0,2
102163,2,2
205436,4,3
202738,2,2
204738,2,0
201774,1,2
202204,1,5
24925,0,1
26783,8,15
101428,1,0
200731,5,7
208841,3,2
202754,2,2
205058,2,0
204261,3,1
202755,1,2
207387,2,0
206253,2,3
206252,2,2
206251,6,11
206250,3,2
206255,2,0
202753,2,2
201546,5,2
208051,3,0
102100,1,2
695,3,3
202481,1,0
205070,2,0
207678,3,1
102101,1,2
201544,2,3
206104,0,2
100015,1,2
100012,0,1
101018,1,0
201106,6,2
101549,3,4
10,5,7
207810,3,2
201541,1,2
207816,2,2
13,6,2
100548,2,0
102108,0,1
101014,1,0
201634,0,2
201635,3,1
100546,2,2
100547,2,4
100540,1,1
101545,8,7
100542,1,1
100543,3,4
206656,2,0
206655,2,0
101544,4,2
206653,2,0
206652,2,0
101543,4,8
204325,2,0
207495,2,1
207492,3,0
206658,2,0
206389,4,1
415,5,4
207252,3,2
203235,2,3
207254,2,2
100018,1,2
207257,1,2
207258,11,11
208703,3,0
201190,2,2
100019,1,2
206385,2,0
207062,2,0
207926,4,0
200145,2,0
100503,3,1
207922,3,0
27556,10,3
207920,2,0
200412,3,2
204324,2,0
207318,2,0
207060,6,7
205427,2,2
101701,4,2
101702,2,1
101705,1,2
101704,2,1
101709,4,3
200141,2,1
204219,1,0
201644,4,7
200416,9,10
201708,5,7
201709,0,1
26558,4,4
205423,0,2
206035,2,2
102207,4,2
26553,3,4
200162,1,2
201702,1,2
26550,12,41
100607,4,3
26555,5,2
26554,13,8
100149,3,3
100498,0,1
206690,3,1
207069,4,4
206718,0,1
206816,6,0
100140,0,1
207351,1,0
100143,5,5
203762,3,0
100494,1,2
100495,1,2
201090,2,5
101948,2,3
102267,0,2
201097,2,3
714644,4,1
205429,3,0
100814,12,17
100815,7,3
100812,13,19
100813,9,13
100810,14,0
100811,10,11
207980,1,1
205359,2,0
200796,2,3
204996,2,0
207453,2,0
27243,0,1
207440,2,0
207982,3,2
201414,2,3
201415,3,4
100726,8,15
101148,11,9
101639,2,2
100721,9,11
201412,1,2
100723,1,2
101635,3,0
101634,4,4
101637,2,1
101140,5,4
101631,0,1
101630,3,2
4756,2,2
101632,6,5
201384,1,2
201386,4,9
201387,2,4
207454,2,0
206729,2,1
206727,2,1
206725,2,0
201388,6,6
201389,3,5
206721,2,0
206720,0,1
200383,4,8
200382,5,4
200381,2,4
200387,46,62
200385,1,2
200384,1,2
208238,2,0
201891,2,3
201892,1,2
208397,2,0
201894,2,3
201895,3,2
201896,3,4
201897,6,3
205397,4,2
100928,19,23
100929,4,3
205393,2,4
208158,2,1
205390,2,0
208156,4,3
208157,2,0
208154,0,2
208155,2,0
100926,1,2
100927,8,6
208150,8,5
208151,6,6
205627,4,6
202723,1,1
101035,4,5
101034,2,2
101033,4,3
101032,7,8
101030,1,4
202710,0,1
204717,2,1
102171,1,2
205628,3,4
100030,4,2
100031,2,2
100032,6,5
100033,3,5
100034,15,15
201565,5,10
101521,0,2
101520,9,8
101523,9,4
101522,1,3
208395,2,0
101524,2,3
101527,0,1
101526,3,4
201964,2,1
200097,3,4
201962,3,4
201963,8,13
205407,1,1
200166,2,2
200165,5,8
200163,15,22
208082,2,0
200161,2,1
200160,3,5
201746,2,3
208083,3,2
714420,3,1
102461,2,0
714428,0,2
714429,1,0
102442,0,1
102421,2,3
100609,1,1
102422,3,3
102425,2,2
102424,4,3
102427,1,2
102426,2,0
203911,6,5
208087,3,5
203049,2,0
207447,2,0
203948,2,2
205712,2,0
101457,2,1
101456,0,1
200545,3,5
101450,2,1
101453,0,1
205714,2,2
204660,1,2
204661,2,1
203942,2,3
203943,3,0
101459,2,2
203945,4,4
204667,2,1
100883,9,10
204042,4,2
204043,4,2
204047,2,1
204048,4,1
204049,4,0
203015,2,0
101209,0,2
203010,12,4
207627,2,0
206565,2,2
101583,1,0
208577,2,2
204082,1,0
201540,2,3
203507,3,4
101850,2,4
101853,2,1
101852,1,2
101855,5,6
101854,1,0
101857,2,4
101856,6,0
714330,0,2
714331,0,1
714332,0,1
102398,6,5
203496,3,3
204441,2,0
208370,3,3
102393,5,6
102392,8,9
102391,2,0
102390,2,0
102397,6,5
102396,1,0
102395,1,0
102394,7,2
203703,9,11
203700,2,0
203701,2,0
203706,0,3
203707,2,0
203704,7,5
205439,2,0
100079,1,2
200489,26,34
102375,5,2
102374,1,2
102377,2,2
102376,2,2
102371,3,3
102370,3,4
102373,2,2
102372,3,2
205307,2,1
102379,1,0
102378,3,3
200615,1,0
200614,1,2
200617,2,2
203129,5,1
203509,3,3
200610,2,1
205309,3,0
100610,1,1
208410,4,4
29343,3,1
204644,4,3
203124,2,0
203125,4,2
102087,3,1
102086,2,1
102083,2,1
102082,4,8
102080,1,2
718554,1,2
718555,0,1
718556,0,1
102089,5,5
203831,4,2
203960,4,1
204289,1,2
204284,1,0
204641,5,2
205001,2,0
203352,3,0
207394,2,0
101210,1,2
206307,3,0
202619,2,4
202618,3,6
100618,3,3
202614,2,2
200618,4,6
100619,1,1
203234,8,16
27553,4,3
725846,5,2
208702,3,1
203230,2,2
208700,3,0
26822,0,1
26598,6,6
208709,2,0
203468,2,0
101455,2,1
102173,1,3
202722,3,3
202721,1,2
102170,3,2
202727,1,2
102176,1,2
102175,2,0
202724,1,2
206172,4,5
102179,2,1
202728,4,8
201796,6,8
206916,2,0
200143,4,6
100183,1,2
201899,0,2
200669,1,2
207390,3,2
207392,2,0
26733,8,6
26732,2,3
26731,4,5
26730,2,2
207398,1,1
207661,3,2
207175,3,0
100594,3,4
100589,1,0
55,2,0
51,4,4
101328,2,2
203294,1,0
200989,2,3
200462,2,6
100192,10,9
207809,5,8
201195,1,2
205697,3,3
200709,3,1
200359,29,43
201700,1,2
201721,4,6
207803,2,0
200708,17,21
208165,2,0
207807,0,1
207806,2,2
200707,0,1
201629,1,2
100558,8,7
200706,9,7
201623,1,2
100552,3,0
100551,1,0
100550,10,9
201627,9,8
201626,9,8
201625,0,1
201624,6,5
206623,3,0
206621,3,0
26607,7,7
206627,4,0
206624,2,3
206625,6,5
200703,5,3
205341,1,0
207481,2,0
100605,4,1
35,11,2
29631,8,5
29636,0,1
207714,2,6
200469,2,1
207710,2,1
207713,4,14
207712,4,7
207935,2,4
100615,1,1
207936,2,0
208254,2,0
207939,10,13
714314,5,2
200355,1,2
201717,2,7
26545,3,1
26546,2,4
201714,1,2
201713,1,0
201712,1,2
201711,4,7
201710,1,2
101734,1,2
714312,0,1
101736,2,0
101737,3,5
101730,1,2
101731,3,1
101732,1,6
101733,3,4
100156,3,4
100684,10,11
208085,2,0
100153,0,5
100152,4,3
100150,2,1
714311,5,12
200933,2,4
201055,1,3
100158,2,3
100488,2,3
206283,2,2
206828,6,0
206285,2,2
206538,2,1
206287,1,0
100481,2,3
206289,2,2
206822,6,0
203510,2,1
100809,1,2
100808,0,1
201088,9,6
102134,2,3
100804,13,19
100807,3,2
100806,9,11
100801,1,2
100800,1,2
100803,2,3
100802,5,8
102051,2,0
101374,3,1
101968,1,2
101608,2,0
101609,1,2
100731,1,7
100730,2,6
201155,3,2
100736,7,0
100735,21,33
100734,11,12
201159,1,2
100739,2,2
100738,2,1
200974,2,4
200975,6,10
204918,3,1
101607,3,2
201393,4,0
201392,3,0
201391,3,5
201390,5,8
201395,4,7
201394,1,2
206753,2,2
25635,3,4
201398,5,6
25632,10,14
25631,7,13
101190,2,1
101191,13,9
101192,1,3
101193,5,12
101194,6,7
101195,7,9
101196,4,2
101197,4,2
101198,2,4
101199,4,8
208381,1,2
200375,6,3
203166,3,2
200373,4,5
200370,16,15
200371,1,2
100939,3,2
100938,2,3
203048,0,2
100931,2,0
100930,4,5
100932,2,4
100935,4,3
204019,3,3
100937,2,3
100936,5,5
101514,3,2
101515,3,2
101516,3,2
101517,2,7
205656,2,0
101511,2,4
101512,4,2
101513,3,2
204703,4,3
201794,10,16
205658,2,3
204700,2,1
101518,1,2
101519,2,2
204705,4,3
204548,2,3
101284,2,0
101285,3,6
101286,2,0
205097,5,1
205090,3,2
101281,4,2
101282,3,1
101283,2,4
201577,3,3
100026,0,4
201575,1,2
100024,7,5
100023,1,2
101289,0,1
100021,1,0
201570,1,0
101998,2,1
201972,4,5
205478,4,0
200119,3,1
155,5,2
201976,0,1
201975,0,1
101990,3,2
200822,1,2
101992,4,2
101993,4,2
101994,4,2
101995,2,4
101996,1,1
101997,4,2
100553,3,4
200288,3,1
200289,3,1
714437,0,4
714436,6,6
203101,2,0
201622,2,5
200282,5,10
200283,1,1
714439,0,1
714438,0,1
205670,2,1
101621,1,1
200284,1,1
200285,11,1
203957,2,2
201519,1,2
204675,4,10
208115,2,0
100992,4,2
203950,2,1
102292,3,4
101641,2,1
203959,8,8
101460,3,6
201884,1,3
101464,2,1
101465,1,2
201881,2,4
101467,2,1
101468,1,2
101469,2,2
200576,1,2
200577,4,5
200570,6,4
200571,2,2
200572,1,4
201888,0,1
101864,2,1
101865,2,1
101866,6,8
101867,4,0
200023,3,3
101862,1,2
101863,2,2
203005,2,0
202705,3,4
204054,2,1
101868,1,2
101869,2,1
205508,0,2
204050,4,0
200596,3,5
200597,4,7
200594,15,27
200595,1,2
200592,0,1
208566,2,1
200590,2,2
100985,1,2
206239,5,4
208569,2,0
202706,1,2
205074,9,4
200598,6,10
200599,13,30
100991,6,2
203480,2,5
206860,3,0
203487,5,5
714328,4,6
714327,3,1
205072,4,6
202778,2,2
205624,3,4
208369,12,17
205073,4,6
203710,2,5
203713,2,0
203712,2,0
203715,2,0
100047,2,2
203717,2,0
203716,2,0
205103,2,6
101261,2,0
201793,7,10
27491,0,3
27490,2,1
202992,4,2
202993,3,0
102344,1,2
102345,4,5
202448,2,0
202449,0,1
102348,2,0
28238,11,10
202445,2,3
202442,3,4
101084,2,0
207329,2,0
200620,3,2
200621,2,1
200622,2,4
200623,8,17
200624,2,1
200625,2,4
200626,2,1
202490,1,0
200157,2,4
200509,2,4
203135,5,8
100996,3,2
203137,6,9
101757,1,0
202842,1,2
202843,7,13
201070,1,0
207445,3,2
202446,0,2
205691,6,14
718547,2,1
718546,0,2
202760,0,1
202489,1,0
818,1,1
205756,3,2
203826,2,1
203266,2,0
200507,3,6
203820,1,0
202198,3,3
202199,1,2
202668,1,1
202669,2,2
202662,4,4
202191,0,1
202192,0,1
202193,1,0
202666,0,7
202667,2,2
202664,0,1
202665,1,1
725850,2,3
207010,1,0
207016,2,0
204774,3,1
207014,2,0
208775,3,2
208778,2,1
201992,2,3
200519,3,3
202712,2,4
202289,0,1
202284,5,8
202286,1,0
102185,0,1
102182,2,1
202281,5,3
102180,1,2
102181,1,2
207533,2,0
101214,1,2
100961,1,2
202266,1,2
202267,1,2
202264,1,2
202265,1,2
202262,2,4
202263,1,2
202260,0,3
202261,1,2
202268,0,1
202269,1,0
102030,0,2
208609,2,0
208606,2,1
207655,4,1
207124,2,2
208605,2,0
208602,2,1
204266,1,1
207652,4,1
208601,2,1
102307,2,2
201071,1,0
204260,2,1
206742,2,0
529,5,2
203541,2,1
101363,3,3
101170,6,4
1230,2,1
207204,2,0
206810,5,0
200180,8,11
207051,2,0
205098,2,6
102299,1,1
101361,2,2
101360,1,0
100509,0,1
204615,2,0
201308,6,5
206632,4,2
206635,3,6
206634,2,0
206637,4,0
206636,4,0
206638,4,0
200186,3,6
201715,1,2
201579,2,3
202810,1,2
200855,2,2
28086,1,2
28083,2,1
203818,1,0
26540,5,2
207723,3,0
29620,4,7
29621,6,10
202635,3,3
207903,2,0
207906,3,2
205567,1,3
207909,2,0
26531,4,6
201763,9,9
101729,3,2
201761,7,10
201766,4,5
201767,4,5
201495,1,0
101723,1,3
101722,2,1
101721,1,2
101720,8,9
101727,1,2
101726,1,2
101725,5,3
101724,2,2
100122,8,7
100123,3,0
100126,3,0
100127,3,2
100124,5,6
200210,1,0
202854,2,4
100128,5,3
100129,3,0
205435,3,3
26549,11,38
207834,2,1
207347,4,5
201206,4,8
207342,3,4
207343,1,3
207341,2,2
206297,1,3
206524,2,0
206294,1,3
206292,1,0
207348,2,4
206522,2,0
100838,1,0
100839,3,2
101893,2,1
100830,4,2
202639,0,2
100832,2,1
101617,2,0
101616,3,2
200965,2,4
202808,0,1
205213,3,2
100258,2,2
205210,2,0
101619,5,1
101618,2,5
4174,0,1
204904,2,0
205211,2,0
201658,12,16
201165,6,6
201160,2,3
201161,4,5
201162,1,2
101568,2,1
100580,1,0
100581,1,0
100582,3,1
100583,2,2
100584,2,1
100585,3,3
201369,1,2
201366,2,13
201367,2,2
201364,1,10
100235,1,2
100232,4,5
201654,2,2
100230,12,6
100231,10,4
201186,6,8
100906,7,11
200369,12,21
200368,11,7
101189,2,2
101188,8,2
101187,4,1
101186,2,0
101185,1,4
101184,9,3
101183,4,5
100909,4,2
201188,1,2
201189,1,2
208179,3,2
201650,1,2
208170,5,5
235,4,2
27012,0,2
208174,3,0
207306,2,0
101503,6,6
101502,5,4
101501,2,0
101500,3,0
101507,4,3
101506,4,3
205647,3,0
101056,4,0
101058,2,3
101508,4,3
202777,3,2
202807,0,2
204846,3,8
1,1,1
205082,1,0
101291,1,7
101290,2,15
101297,5,2
101296,2,1
205085,2,2
203549,3,1
201502,4,8
201503,0,1
100050,2,3
100057,2,3
100055,3,2
208280,6,2
204032,1,2
142,1,0
101312,4,2
101001,2,0
200101,4,7
200100,3,5
201984,0,1
200102,1,2
205465,2,0
205464,2,0
201980,2,1
201981,2,2
200299,5,5
200298,1,1
204591,3,2
203740,2,0
204594,2,1
200291,4,1
200290,2,1
200293,1,1
204599,1,2
200295,3,2
200294,1,2
200297,1,1
200296,5,3
203922,2,2
204603,3,0
204600,2,0
102408,2,2
203926,2,0
203866,2,0
203924,3,3
200438,9,16
102403,1,4
102402,6,1
102401,4,4
203929,3,0
102407,3,3
102406,2,1
102405,1,2
102404,1,2
200569,6,23
200568,3,2
201212,5,5
201213,2,4
101479,2,1
201211,6,5
101477,2,2
205266,22,42
101475,1,2
101474,2,1
101473,1,2
101472,2,3
101471,2,4
101470,2,1
200035,4,11
205514,3,2
200037,6,4
200740,5,5
101877,1,2
205510,2,1
101875,6,6
200744,3,4
203030,2,0
204020,4,5
101878,2,0
200039,1,1
204027,25,40
204025,3,4
200585,3,2
200584,19,21
200587,3,3
200586,9,9
200580,1,4
200583,2,4
200582,2,0
208596,3,0
208595,1,0
200589,3,2
200588,0,1
208590,6,1
208591,2,3
714358,2,2
208353,2,0
208358,2,0
208228,1,0
714350,3,4
714357,2,2
200434,2,0
101987,1,0
202720,1,2
101985,2,0
101984,6,2
101983,4,5
101982,2,0
101981,4,5
204119,2,0
203724,2,0
204117,0,1
203726,2,0
204115,1,2
101989,1,2
203723,1,2
27482,4,2
27483,0,1
201084,0,1
202459,1,0
204333,2,0
102359,0,1
204331,2,0
102357,1,3
201083,0,1
202457,0,1
202984,2,0
202451,3,6
202450,6,12
102351,4,3
201082,1,2
204537,0,1
24,1,1
200637,1,2
200636,5,10
200635,1,2
200634,18,34
200633,2,1
200632,2,3
202851,1,2
202850,4,3
202853,2,4
202852,2,1
202855,1,3
208349,2,0
202857,2,3
202856,2,3
202859,1,2
202858,2,2
208234,0,1
203589,2,1
714340,0,1
203580,1,2
203853,2,0
203850,2,3
203583,5,9
203584,8,18
203857,6,1
203586,1,2
203855,2,4
202679,2,2
202678,1,1
205889,3,5
202671,1,0
202670,1,1
202673,2,2
202672,1,1
202675,2,2
202674,1,1
202677,2,2
4878,2,1
208760,1,2
208763,2,0
203213,4,2
203215,4,4
203216,3,0
208766,1,0
203218,2,1
101278,1,2
200951,4,2
205326,2,0
205455,3,2
714125,0,1
206856,3,0
714121,0,2
714120,0,1
714122,0,2
102295,3,1
205325,1,2
102199,2,1
102198,2,3
102195,2,1
204109,3,2
102197,4,3
102196,2,0
202297,1,2
102193,4,1
102192,1,1
27554,0,1
205320,2,0
201150,2,3
201401,1,2
1290,2,4
202275,1,2
202274,6,7
202277,6,7
202276,3,4
202271,1,2
202270,2,4
202273,4,7
202272,1,2
100737,1,3
202278,0,1
101234,2,0
207139,2,1
208615,1,2
207134,2,3
207137,2,1
207136,2,3
208611,2,0
207646,3,21
208613,1,1
208612,3,5
202186,1,2
201416,1,2
202182,3,4
202181,3,4
202180,3,5
206248,2,0
513,3,5
102117,2,0
200972,5,4
202189,2,1
202188,1,1
203113,7,18
202729,1,2
203112,81,67
101604,2,3
204567,5,6
204248,28,61
101605,2,3
26576,2,1
207435,4,0
101606,5,4
206195,2,0
206193,3,3
207737,3,0
207735,2,0
207733,5,0
100329,8,10
206604,4,0
206240,5,6
206606,4,3
206355,2,0
206352,2,0
206601,4,2
206602,2,0
206603,3,4
2,25,23
28095,2,1
202461,2,4
200014,12,22
28099,3,3
5781,1,2
206994,2,1
206996,3,2
202463,1,2
206991,2,0
207919,1,2
207606,1,2
207917,3,2
202464,1,2
207915,2,0
206999,4,2
207911,2,0
202465,2,1
201771,1,3
201770,1,3
201773,10,11
205371,3,2
201775,2,3
202466,8,12
26524,1,7
201776,1,2
201779,3,4
201778,1,2
202467,0,1
201399,4,5
100131,1,2
100130,10,8
100133,1,1
206751,2,2
202744,1,2
200724,3,3
207600,2,0
206058,3,1
207822,1,3
201737,4,6
200726,1,2
208831,2,0
208830,1,2
207825,0,2
205833,2,0
206510,1,2
206511,1,2
206512,4,13
100861,2,2
207359,0,1
200720,8,6
208389,3,2
101662,4,2
101663,1,2
101660,3,3
101661,3,3
101666,3,2
207609,1,2
101664,2,1
101665,2,2
101668,3,2
101669,2,4
204930,2,1
204931,1,2
204932,4,3
206777,0,1
200067,2,3
204936,5,2
204939,2,0
200379,7,9
206778,1,2
206779,2,0
200647,1,2
208383,3,2
201651,1,2
100229,6,2
100599,2,1
100598,1,1
100597,3,4
100224,0,1
100595,5,6
100226,9,3
100593,3,1
100220,3,3
100222,4,6
100913,8,11
100912,3,4
100911,2,2
100910,3,2
208162,5,2
201193,1,2
201192,3,6
200350,10,8
205183,2,0
205181,7,6
200354,2,4
205187,1,2
200356,1,2
205185,2,0
204856,2,0
26187,2,2
204851,2,1
207567,2,1
202392,3,0
202903,0,1
205368,4,2
101415,1,1
100052,14,18
205678,2,0
200828,3,3
200829,2,1
101064,1,0
200827,2,1
101066,3,5
101067,0,1
101060,10,9
200823,7,8
200820,1,2
205518,2,3
100827,5,5
100048,11,8
100823,1,3
100822,10,11
101268,1,3
101269,6,3
100041,0,1
205077,3,5
100043,8,4
101265,2,0
101262,1,2
100044,0,1
201517,2,4
100828,2,2
101086,2,3
101087,2,2
205694,2,1
101085,2,2
101082,2,1
205693,1,2
101080,5,5
101081,2,4
201995,2,3
201991,0,2
101088,2,2
101089,0,1
204582,2,0
208293,3,0
208144,2,0
204588,2,1
202742,2,1
202908,5,6
201716,2,3
204611,2,0
203027,2,0
203932,2,0
203935,2,2
203934,3,2
203937,11,3
204619,4,3
204618,2,0
202391,3,0
101409,1,0
201201,9,11
208143,2,0
202998,2,0
201202,2,7
101402,0,1
101403,1,1
101400,1,2
101401,2,2
201209,5,4
101404,7,1
101405,0,1
205723,2,0
204038,5,2
205523,3,2
101888,2,2
205527,11,7
101886,0,3
204030,3,0
101884,2,3
101885,3,0
101243,7,2
101883,2,3
101880,1,0
101881,2,0
203841,0,1
208589,5,6
208588,0,1
208414,2,2
113,2,1
201563,2,1
714349,2,4
714348,3,2
205654,2,0
25183,0,1
201600,3,6
714341,0,1
208346,1,2
208344,2,2
201603,1,2
102213,0,1
101316,1,2
101317,7,8
200136,1,2
101315,3,2
205322,1,3
205716,1,2
200132,11,2
200133,10,36
204105,2,0
201605,2,4
203731,3,2
203846,3,0
203737,2,0
205459,0,2
204103,2,0
101319,2,3
203445,4,0
203444,8,5
203447,2,1
102329,2,3
203117,5,2
201607,3,6
202887,2,2
202460,2,1
102323,3,3
202462,1,2
203118,10,6
102326,1,0
102327,4,4
102324,4,3
102325,2,0
201609,8,14
200648,2,3
200649,2,3
201608,3,6
200642,3,4
101419,1,2
200641,9,11
200646,1,2
714201,0,1
202883,3,3
205094,7,1
208415,2,0
202868,1,0
202869,0,1
203591,4,4
100747,2,1
202864,2,4
202865,5,4
202866,8,20
102031,1,2
202860,1,2
205096,4,0
202862,0,2
202863,2,4
203849,3,3
203848,5,6
203025,1,2
203024,2,0
203022,2,0
102218,1,2
102219,2,1
102216,3,3
102217,2,1
102212,1,2
203844,0,2
102210,3,2
102211,2,2
202886,2,2
102037,0,1
102034,3,2
102035,0,2
202882,0,1
102033,3,3
718589,0,1
718588,5,1
202763,3,2
205093,1,0
206747,2,0
718582,2,1
102038,1,1
102039,4,3
101697,0,2
207039,3,0
203209,3,6
201576,8,10
208754,4,6
208755,5,2
208756,5,0
202889,2,1
208750,0,2
208751,3,5
100376,0,1
714118,0,3
714119,0,1
201574,1,0
102036,0,1
101288,1,2
714113,0,3
201515,1,2
205099,4,4
200305,13,7
101122,1,4
208759,3,0
201973,1,2
202089,3,5
202086,1,4
202087,1,1
202085,6,8
201971,2,3
60,5,3
61,2,2
202242,2,3
201970,0,1
202244,1,2
202245,7,11
202246,0,1
203206,2,4
202248,3,4
202249,3,4
203310,1,3
207036,2,0
202621,3,6
208628,2,4
208629,2,0
203204,3,1
202576,1,0
100612,1,2
203203,2,4
207102,5,4
205369,5,4
208624,2,4
207105,2,2
208626,2,4
208627,2,0
202644,5,6
200112,2,2
202646,5,8
207309,2,0
202640,0,1
202641,3,5
202642,3,5
202643,3,3
200537,1,2
208753,4,6
201979,3,4
207690,2,2
205377,3,4
200111,0,2
1216,2,2
207695,2,0
207697,2,0
205758,2,1
205779,4,0
205477,2,0
207302,2,0
206189,3,0
102113,2,2
207151,2,2
200114,7,14
200115,1,1
207300,2,0
206185,3,0
207743,2,0
206619,4,0
26679,3,3
207747,3,0
207212,2,0
206613,3,6
206612,2,0
206611,3,0
207749,3,2
206616,6,5
206343,3,1
206614,4,0
207580,2,2
206646,3,0
207583,4,2
28064,3,1
28066,1,3
207588,1,2
207589,6,1
101889,1,2
28062,3,8
28285,0,1
203980,2,0
200562,6,7
207962,2,2
207960,2,0
207967,2,0
200010,2,4
101871,1,7
201748,6,15
100699,2,4
26519,4,2
26517,3,2
100695,8,11
100696,3,3
26514,2,1
100690,5,5
100691,3,3
26511,1,2
100693,3,15
206505,2,0
206502,3,1
100458,3,6
201645,1,2
100104,0,2
100457,1,2
100107,2,6
100452,0,1
202343,2,2
100450,2,1
206508,2,1
101870,0,1
207362,3,2
208803,1,2
207364,3,3
208806,3,1
208807,3,2
207369,3,2
714645,2,3
200992,3,6
101123,10,8
102046,2,4
204677,4,4
101301,3,4
204676,1,2
201420,4,5
208547,2,1
725782,2,1
101458,2,1
203732,2,0
101671,2,5
101670,3,3
101673,1,2
101672,4,2
101677,3,2
205376,2,4
101679,2,0
101678,2,3
200313,4,2
202396,2,1
206762,2,2
206760,4,3
206767,2,0
204928,2,4
26463,0,2
206768,3,5
101876,7,1
100780,1,2
100340,1,2
201698,1,2
201340,0,1
100211,5,8
201343,3,6
100214,2,5
201697,2,1
208112,2,0
217,13,8
208110,2,0
207503,3,2
200826,10,5
200238,3,6
208114,2,0
205983,5,3
205191,3,2
205190,2,0
208118,3,1
205195,2,2
205194,2,2
205196,3,1
100029,2,1
204824,1,0
206890,2,0
102194,1,5
200565,16,29
101651,2,1
205470,1,2
100074,10,6
100075,14,7
201526,1,2
28822,6,7
200839,1,2
200838,1,2
201522,1,2
100073,4,3
6644,0,1
200834,4,6
101071,4,3
208804,5,4
100078,3,10
200830,1,2
200833,5,9
101074,1,2
100852,4,8
100853,3,5
100674,4,6
100028,2,1
100856,5,6
205068,2,0
100854,5,4
100671,1,1
205065,3,0
200578,4,10
101277,3,2
100859,11,9
27200,4,2
101270,3,2
101273,2,3
201882,2,1
101095,3,1
101094,0,1
205092,4,10
101096,1,2
101091,2,2
101090,3,6
101093,4,2
101092,3,1
208220,0,1
201880,1,2
206026,2,0
200347,1,2
206785,3,0
204776,3,1
200300,2,1
200575,2,9
208026,3,1
201739,3,3
205106,3,1
208023,1,4
208020,5,8
201738,1,0
202240,2,2
203941,8,5
204775,3,5
203909,4,6
202241,2,3
204624,3,3
204625,2,0
203900,2,2
204621,3,2
203902,12,3
101344,8,11
205209,2,0
201735,1,0
200345,1,1
200344,1,1
200343,2,6
200342,34,24
200341,1,2
200340,3,3
101411,2,1
205200,3,0
101413,1,2
200573,11,19
205205,1,0
205204,1,0
205207,2,2
205206,3,0
203694,2,0
205506,3,1
203696,3,2
203697,2,0
101899,2,2
101898,2,0
200027,1,2
101895,2,1
201731,2,0
101897,1,5
202247,1,2
203698,2,0
200012,1,0
200011,2,1
101892,2,2
714374,2,2
204665,2,1
27511,1,2
201832,1,4
714372,0,1
714373,0,1
208161,3,4
201024,2,3
205503,1,0
100190,1,2
202162,0,1
205500,4,5
208402,1,0
202596,2,4
205501,2,4
204486,2,3
204138,2,0
200122,1,1
205441,0,3
200120,1,1
205331,2,0
205446,2,2
101303,0,1
101302,2,2
204130,1,2
200232,1,2
204132,1,0
204133,3,0
204134,3,0
204137,3,0
203471,3,0
203472,3,0
206101,1,5
203475,2,0
204317,1,2
102331,1,2
102330,3,0
102333,2,1
102332,1,0
102334,1,2
102337,2,0
102336,2,1
200659,4,2
200658,29,28
200028,1,2
24131,0,1
200231,2,1
200651,5,13
200650,5,3
717904,0,1
200029,2,1
10031,0,1
200654,3,3
200657,2,1
200656,6,8
208246,3,0
208247,3,0
202879,2,1
202878,2,1
208242,2,0
208240,3,1
100022,2,5
202873,1,0
202872,1,0
202871,1,0
202870,1,0
202877,2,1
202876,1,0
202875,1,0
208249,2,2
204556,4,2
203053,2,0
204007,3,2
102209,0,1
102208,6,2
204550,1,4
205212,2,0
102205,2,2
102204,7,4
202501,1,0
102206,2,2
102201,2,0
725804,0,1
102203,8,8
102202,1,2
102025,6,2
102024,0,1
102027,0,3
102026,5,2
102021,2,5
202890,5,4
102023,2,1
102022,1,2
200458,1,1
102029,0,3
102028,3,2
208625,2,0
208749,2,2
208748,2,0
207023,2,0
7017,1,2
208741,6,8
208740,3,3
207027,2,0
208746,5,2
207025,1,0
100689,3,1
207293,2,1
201583,3,4
101698,2,3
202645,3,5
200506,2,4
202476,1,0
202474,2,4
202473,2,4
202472,0,2
202471,0,2
202470,0,2
200450,10,18
202479,0,1
202478,1,0
205992,2,0
101072,2,1
202885,3,2
204452,4,4
202095,1,0
202094,1,0
202097,2,3
202096,3,2
202091,11,14
202090,3,5
202093,2,2
200235,6,9
203306,2,0
208636,4,8
208209,3,2
203303,3,3
208631,2,0
208630,2,4
202257,3,4
714442,2,1
202255,3,5
202254,5,10
202253,3,6
202252,7,12
202251,2,3
202250,2,3
100373,5,6
714313,5,2
207396,2,0
200234,8,15
205216,2,0
202653,1,2
202652,3,3
101811,3,0
202657,2,1
202656,2,1
202655,1,2
202654,2,1
200579,1,2
200778,10,17
29416,0,2
29414,0,1
200306,14,10
207688,3,2
208169,5,5
207683,1,0
101274,2,0
207693,1,2
206336,2,1
201679,1,0
207694,2,0
714320,0,2
202337,4,3
101077,2,1
202880,2,2
206379,3,2
207752,3,0
200357,13,19
29670,2,2
206370,4,2
203769,1,2
206373,3,2
206375,3,1
205841,2,0
207593,6,10
207592,2,1
207596,2,0
28078,2,1
207594,3,2
28076,1,1
207598,3,2
101076,4,2
202881,3,1
203714,2,0
208012,3,2
201047,1,2
200055,5,6
205046,2,0
206976,1,0
206977,2,2
206974,16,36
208598,1,3
201759,7,10
201758,7,9
202981,2,0
206084,5,0
200139,6,9
201753,2,4
26501,0,4
201893,1,2
100687,1,2
201756,3,4
100685,6,8
200358,18,20
100119,6,9
206576,2,1
205041,2,1
206575,2,1
100113,2,3
100855,3,0
206579,4,3
100441,3,5
100116,3,0
100443,0,1
100442,2,1
206060,2,2
100428,3,4
203174,3,5
208819,2,0
208818,2,0
208817,1,3
205718,1,2
207375,10,19
208812,2,0
207371,2,0
205597,3,7
102069,1,2
207729,0,2
202991,6,8
200952,7,4
207958,4,2
200301,4,5
200953,3,5
200777,5,10
101648,3,0
101649,1,2
101644,3,0
201432,3,3
101646,2,2
200937,3,4
101640,2,1
100772,6,8
101642,4,4
101643,6,6
100206,1,2
204958,1,0
206180,2,0
100203,21,22
102346,1,0
206798,6,0
100200,23,13
206796,15,0
204953,3,1
206794,14,29
202997,3,2
201782,0,1
206790,2,0
201689,2,1
201688,2,1
101667,5,2
28103,2,2
28101,3,3
201680,2,2
201683,0,1
201685,0,2
206403,2,0
206401,2,0
208100,2,1
208103,3,0
208104,2,0
208107,3,0
208108,2,0
202485,1,0
205316,2,0
202443,0,1
201788,9,14
207741,2,0
205452,3,0
201430,6,9
100559,3,0
100875,2,1
204839,2,3
204838,2,3
206394,2,0
200194,4,27
100304,2,4
100063,5,4
100062,10,7
100061,14,8
100060,2,4
201537,3,5
100066,4,4
201535,3,3
100064,7,4
101785,2,0
201539,2,3
200803,3,3
200804,10,16
200805,2,4
200806,7,10
201424,3,3
100665,2,1
100840,3,2
101798,1,2
100842,1,1
100844,3,3
100847,2,1
100846,2,3
100849,2,0
101241,1,2
101242,2,1
101791,6,1
101796,2,0
101245,0,1
101246,0,1
205057,2,1
206809,8,3
200245,1,2
200243,4,3
193,1,6
202888,2,3
200741,6,7
205003,2,0
206615,5,3
208035,2,1
208034,1,2
208031,4,3
208032,3,4
101424,1,0
101425,4,5
205236,3,0
101427,5,1
101420,5,3
205231,2,0
101422,0,1
205233,2,0
203913,1,11
204632,2,0
204952,2,0
203910,2,3
203917,5,13
101429,3,2
204635,2,0
204634,0,4
200332,2,4
200333,7,8
200330,2,3
205675,3,2
26258,0,2
200337,29,23
200334,8,11
200335,6,3
207629,3,3
200339,3,2
203683,2,0
203680,3,1
203685,2,0
203684,2,0
200790,13,12
200791,2,4
200792,2,4
200144,4,1
200794,2,3
200795,11,13
200064,0,1
200797,2,3
714363,2,3
714362,2,2
204495,2,0
201900,4,3
204492,3,2
204491,2,0
25234,2,2
203066,10,5
714368,0,1
200710,20,26
207195,3,0
204498,1,0
208329,5,0
204126,1,0
204124,2,5
26775,13,15
204121,2,0
101695,2,0
207620,2,2
205300,4,0
101331,0,1
200195,0,1
101333,2,0
200488,16,15
101335,3,1
205306,2,0
101337,2,0
200484,3,5
200485,12,14
200486,8,9
200487,2,4
200480,1,2
200481,4,4
200482,7,2
200483,2,3
200664,2,1
206983,2,0
200666,1,2
200667,1,2
200660,3,2
200661,2,2
200662,2,1
200663,4,5
204305,2,0
200668,2,2
203462,2,1
203460,2,0
200466,16,27
200467,2,2
200464,27,40
200465,5,7
101932,2,1
200463,3,3
101930,1,8
101931,0,2
718552,0,1
205447,2,0
101068,4,6
200468,14,18
101939,1,2
203862,3,2
208257,2,0
208256,2,0
208251,2,0
208250,2,0
208253,1,2
203864,4,5
203869,2,2
208259,4,4
101532,6,4
101327,2,3
203041,1,3
102239,3,4
204010,1,0
207030,2,0
100898,1,0
102230,3,2
102231,2,1
102232,2,4
102233,2,0
204549,2,1
206989,3,0
102237,1,3
205985,3,5
205223,2,0
204352,3,0
205268,1,0
102019,2,3
202314,2,4
202315,2,4
101326,2,3
203268,4,1
714170,2,3
714174,2,2
202924,3,6
203260,2,2
203263,2,1
203265,3,0
204896,2,1
202792,2,2
202793,3,2
202791,2,2
202794,2,1
202795,5,6
202798,2,1
200540,5,7
202402,2,2
202403,0,2
102306,1,2
202401,1,2
102300,2,4
202407,0,1
202404,0,1
202405,1,0
100698,5,7
202408,0,1
204429,4,4
102308,4,2
102309,2,2
200367,8,3
202213,2,6
101438,1,2
204639,4,6
201568,3,5
200413,7,11
200543,8,10
203314,3,3
725783,2,2
208641,2,0
203311,2,0
208647,2,0
203313,2,0
203312,2,0
202222,1,2
202223,1,2
202221,1,2
202226,0,1
202227,1,2
202224,1,2
202740,1,2
29404,0,1
203193,2,2
100826,2,3
208480,2,0
101536,4,3
205323,1,0
201740,7,18
101124,2,1
202214,4,4
29408,0,1
101538,4,1
201741,1,0
202190,0,2
101065,2,3
202752,0,2
100692,12,14
718605,0,1
201743,3,8
202660,2,1
100831,22,12
202661,2,3
202499,1,0
201108,2,4
204186,2,1
202194,1,0
101953,1,1
200559,0,6
202195,2,4
26650,2,3
205630,2,2
202134,0,2
202135,0,2
202132,3,5
202196,3,2
202130,0,2
201253,1,0
101965,0,1
202197,7,9
100554,2,0
101022,3,3
202138,1,2
205108,2,6
101531,3,2
101396,2,1
200544,6,5
207764,4,4
205634,2,7
207766,3,1
205831,2,0
203227,3,2
206834,6,0
101537,1,1
208790,0,1
208792,1,4
208678,2,0
208797,2,0
207566,1,2
208799,2,1
207562,2,0
207561,2,0
208774,1,3
201922,1,2
206967,2,0
102055,1,0
203736,3,0
100596,3,1
206093,2,2
206932,1,1
101588,2,4
207018,2,0
206271,3,2
100478,2,3
201022,3,6
27,2,2
20,7,1
206564,1,2
22,1,0
100470,0,1
203735,2,0
208676,1,0
208868,1,0
208869,1,0
200070,1,2
208862,2,0
208863,1,0
208860,1,0
208861,1,0
208866,1,1
208867,1,0
208864,1,0
100694,38,6
205305,5,0
202290,1,2
205445,3,0
202749,0,1
100782,2,1
206898,2,1
101659,3,3
202694,2,2
100786,2,1
100787,1,2
100784,2,4
202117,2,2
200923,1,1
101652,3,3
100788,2,1
100789,2,2
206895,2,0
206711,0,1
200414,1,2
206896,2,0
100272,6,8
204948,6,5
101958,1,0
101367,1,0
206789,3,0
206788,3,0
204941,1,0
204940,2,2
202468,0,2
204942,2,2
206781,10,11
204944,4,6
206783,2,4
206782,3,0
207417,2,0
28131,8,7
207947,2,0
206912,2,0
207410,2,0
201573,2,1
206870,4,7
206417,2,4
206144,0,2
206411,1,2
207418,5,5
207419,4,0
208138,2,0
208139,2,0
203002,2,0
201889,6,8
208134,2,0
208136,4,3
208130,4,0
206484,2,0
208132,2,0
102238,2,1
200817,11,11
200816,1,2
200815,2,1
200814,6,8
204808,2,0
200812,2,4
200811,15,31
200810,13,11
204804,3,0
204806,2,0
101017,1,0
100697,26,14
200819,0,3
200818,3,3
101256,1,2
205045,6,3
205042,4,1
100098,1,2
101692,8,2
100094,2,3
200227,1,5
100092,0,3
101330,6,2
205048,4,4
201780,4,1
101788,6,8
100652,1,2
100653,2,1
100654,1,2
100655,4,7
100656,1,2
100657,3,5
100874,2,1
100659,3,0
101783,2,1
101782,2,1
100870,3,1
101784,1,2
101787,1,2
101786,1,2
714419,3,1
201445,9,11
102358,0,1
714418,2,1
200257,0,4
202320,14,29
200251,0,2
200250,0,1
200252,0,2
100896,3,3
100897,4,2
100892,3,3
100893,2,3
100890,3,2
100891,2,2
208001,1,0
208006,3,2
100899,2,3
101433,3,2
101432,4,3
205221,7,4
101430,3,2
101437,2,2
101436,2,4
101435,1,4
101434,5,8
101439,3,2
102435,3,3
204563,5,9
102183,3,3
101079,1,1
200325,12,21
200954,14,22
200327,2,2
208096,3,0
200329,1,1
200328,1,1
202283,4,3
201256,1,0
208095,1,1
201254,1,0
201255,1,0
200079,1,3
200078,7,1
203678,3,2
101156,2,1
203676,2,0
205550,2,0
203675,2,4
201572,1,2
200077,1,1
200076,4,2
201811,6,6
201812,4,5
201813,7,7
201814,1,2
208091,2,0
201816,1,2
714399,5,7
201819,0,1
714394,6,2
204633,2,0
204917,3,0
204152,6,6
204153,4,3
206338,4,6
204151,4,3
204156,2,0
205705,2,0
100829,0,2
100658,3,0
207973,2,0
204795,3,1
200714,4,9
187,1,2
101329,5,7
205318,2,0
200493,3,10
205252,2,1
101325,9,17
200490,0,2
200497,0,1
205312,2,4
101321,3,4
204658,3,0
200673,18,22
101778,4,7
203418,5,0
200670,4,6
200677,1,2
200554,6,3
200675,3,5
200674,5,6
203378,6,9
204373,3,0
203410,3,1
204793,4,4
203414,2,0
101053,7,4
200475,34,51
200474,4,5
200477,6,12
26583,2,5
101921,1,0
101920,5,3
101923,7,4
204654,2,0
205344,3,0
203783,1,0
101929,2,0
101928,7,5
203785,4,5
102227,1,2
208261,3,0
208262,3,0
101324,3,0
201067,7,5
203898,2,4
208267,2,0
203896,8,11
205313,2,0
203894,5,4
203892,2,0
102229,4,3
203970,2,0
200787,0,3
204571,5,1
204572,8,7
204573,5,5
204574,3,1
205311,1,0
200780,1,2
206775,2,0
203075,2,0
101320,2,0
203071,1,0
200789,16,26
200788,6,10
203254,5,4
203527,1,2
203524,2,2
201647,3,5
203250,3,5
203523,4,6
203252,4,5
202305,2,2
202229,2,3
102004,2,1
203258,6,4
102002,0,1
203528,2,2
102000,2,1
714161,2,3
10474,4,5
200230,1,2
204379,4,0
203090,2,0
101777,3,2
101338,4,7
203753,4,1
201798,5,6
202781,1,2
202780,1,2
208638,2,0
202782,3,4
202785,3,4
100009,3,3
202787,1,1
202786,1,2
202789,4,6
202788,1,0
100616,1,2
207160,3,2
202102,2,2
200376,1,2
102312,1,2
102311,1,0
102310,2,0
102317,2,0
102316,2,0
102315,4,2
102314,4,2
202419,0,3
206549,2,0
101339,3,2
200679,11,18
201303,2,2
26791,2,2
26793,1,2
200678,9,15
26795,2,4
201560,6,12
203729,2,0
100756,7,4
200377,1,2
202239,0,1
202238,3,5
207172,2,1
203324,1,1
101790,6,1
203326,1,1
202231,2,1
208658,11,11
202232,1,0
202235,7,7
200553,13,8
202237,1,2
202236,2,7
101925,2,0
205290,2,0
207554,2,0
205193,2,0
101924,5,4
200374,1,2
101927,6,6
101597,2,3
202364,2,1
206337,2,1
208604,2,0
200473,4,3
205198,1,0
207122,3,2
1261,0,1
101922,2,3
661,1,0
206712,2,0
202125,0,1
202124,2,2
206310,2,3
202121,1,2
202120,1,4
206314,6,2
206315,4,3
202129,1,2
200770,7,12
208117,1,1
202455,3,2
205828,1,3
101819,3,5
201451,1,2
201069,2,2
200776,20,29
205823,4,2
200461,5,15
101359,1,0
203787,6,3
206048,1,1
101542,3,7
207578,2,0
101896,2,1
200556,10,8
202308,0,1
8,8,0
101845,2,0
203699,2,0
208782,4,2
208781,1,2
207572,0,1
207794,2,4
101650,1,2
207796,2,0
201419,1,2
201621,18,25
102226,2,2
206950,2,0
206952,2,0
207799,5,1
101794,2,1
100467,1,1
100276,1,2
102224,2,2
200407,3,4
200557,6,6
100461,0,2
714301,2,1
201561,1,2
326,2,3
714300,2,1
100588,2,4
206558,3,0
208266,2,0
100990,2,4
206227,2,0
101795,2,3
206551,2,0
206221,4,1
205745,6,7
201590,7,9
101481,2,2
860,3,5
101200,2,3
207313,2,0
102138,2,0
207315,2,1
204827,2,0
319,2,2
205346,2,0
203042,2,0
311,1,1
204679,1,2
100790,2,6
100793,7,2
100792,5,4
100795,8,12
100794,2,2
100799,13,10
102228,1,2
204978,10,25
204979,2,7
100260,1,2
100263,2,3
201332,2,2
100265,13,8
100264,2,3
203045,2,0
100269,6,10
100268,0,1
200785,18,29
200998,6,7
207953,1,0
207404,2,0
207406,2,0
207401,2,0
28129,4,3
206422,0,1
206131,3,0
206136,2,0
207408,2,0
206426,3,0
201524,1,2
208128,2,0
100664,3,2
208123,2,0
208121,2,0
208120,2,2
208127,2,0
100076,2,6
205333,2,0
200862,0,2
200863,6,14
200860,1,2
100077,2,4
200866,3,6
200867,1,2
200864,1,1
100070,0,1
200868,5,9
204810,3,2
204817,1,1
101223,1,2
100072,4,4
200558,9,10
100083,1,2
101696,0,1
200835,1,2
206044,7,5
100868,7,7
206042,8,8
201458,0,1
714329,5,3
100647,6,5
100862,9,9
201795,5,6
100860,1,2
100867,4,4
100866,2,0
201791,5,7
201790,5,7
208017,1,0
201792,1,2
101070,5,1
100278,5,4
208011,1,0
200831,2,2
200264,0,1
200265,0,1
208018,3,2
100885,3,3
100887,5,1
100886,2,3
100881,0,1
101075,2,3
100783,1,2
100882,0,1
206301,2,0
716406,1,1
101305,4,6
100065,13,5
100888,0,1
716402,1,0
102363,3,4
203520,4,2
201596,2,3
100850,1,2
205782,2,2
101336,2,0
101681,2,4
101682,2,1
100851,8,6
200318,2,3
101685,1,2
101686,5,2
101139,0,6
101688,5,6
205147,3,2
101134,2,2
101135,7,8
101132,2,0
101133,6,4
200312,23,15
100857,2,2
207881,2,0
202306,17,23
100670,2,0
207880,3,2
101969,3,2
101693,0,1
100778,2,1
203660,4,2
205768,3,1
205769,2,2
100572,1,0
200542,1,2
26756,0,1
202303,1,2
201446,1,3
714384,3,2
202302,4,7
100858,3,1
201801,1,2
207884,2,0
204141,2,3
202861,2,2
201444,1,1
204145,0,1
207887,2,0
204147,1,0
200607,1,2
201443,2,2
207334,5,7
205475,3,3
101249,0,1
201442,3,4
205509,2,1
101358,6,7
26482,3,6
204787,3,1
100995,0,2
204784,2,1
101352,3,2
101353,2,4
101350,6,2
101351,3,2
101356,3,2
205367,2,0
205364,2,0
205365,2,0
200409,7,6
207338,2,3
101691,5,6
200688,1,2
200689,9,17
200686,4,4
200687,3,3
200684,7,3
200685,1,2
200682,6,5
200683,21,17
200680,0,1
202374,1,2
200440,11,13
200441,7,9
200442,34,30
200443,8,7
200444,40,68
200445,6,7
101916,3,2
101917,3,3
101918,4,1
200449,69,15
203795,5,12
102252,4,3
102253,2,1
200049,2,2
102251,7,7
203889,3,4
102257,1,2
102254,1,0
102255,2,0
102259,2,2
203880,1,6
206304,2,0
201916,2,0
200045,4,4
200046,33,1
200047,7,26
205561,3,0
200042,1,2
204568,5,6
203063,0,2
203061,2,0
204564,5,9
200048,1,2
204562,2,0
714163,3,3
206438,2,0
890,2,7
202339,0,5
102078,4,3
102079,3,2
203245,5,4
203244,1,2
102072,3,3
102073,4,1
102070,2,0
203248,4,6
202334,2,2
203538,1,2
202336,7,7
102075,0,1
200852,19,11
714159,6,2
208654,2,1
101232,2,5
202330,6,11
714157,5,9
714162,3,3
203088,1,2
714152,4,1
714153,4,1
200494,13,10
202454,9,10
205240,0,5
101557,0,2
100977,2,1
200851,2,1
202428,2,1
202429,1,2
100565,1,1
202424,1,2
202425,2,2
202426,3,1
202427,1,2
202420,2,2
202421,0,1
205433,4,0
202423,1,2
102106,2,2
202757,3,4
102104,1,2
102105,1,2
26786,7,8
102103,2,3
202750,3,2
202751,0,1
208141,3,2
101558,2,2
208029,2,0
200850,2,3
200190,1,2
202758,2,3
202759,1,2
100669,0,2
202469,1,2
208668,6,2
208669,5,0
203338,3,3
206418,3,0
203336,2,1
203335,1,2
208667,6,8
208660,4,1
201564,2,3
203331,2,0
102313,5,4
202456,3,6
200842,1,2
206893,2,0
208008,4,6
27411,7,7
200857,7,4
202413,3,2
27417,2,4
100668,4,2
202688,2,3
202689,1,0
101050,3,4
202680,0,1
202681,3,2
202682,1,0
202683,0,1
202684,2,2
202685,1,0
202686,1,2
202687,0,5
200856,19,8
201789,6,9
100841,1,4
204745,4,3
101680,1,2
202110,2,2
202111,2,2
202112,2,1
202113,1,2
202115,2,3
202116,2,3
205813,3,1
202118,2,0
202625,2,1
205819,4,1
201762,7,10
102318,2,2
208599,3,0
204741,15,24
717931,1,2
27522,0,1
28029,2,2
203809,0,1
205104,1,0
201760,7,10
101454,1,2
203904,9,10
207098,2,2
201465,2,1
102096,0,1
207112,3,2
203905,9,11
207093,2,2
207542,2,1
207091,2,2
207546,2,0
207547,2,0
201469,1,2
101276,2,5
100205,10,21
200331,2,7
205105,4,4
206049,3,0
100412,1,2
26539,9,3
202354,0,1
100411,15,9
208187,2,1
202452,3,6
204623,4,4
201768,4,5
207324,2,0
207325,3,2
208846,2,0
200336,3,3
207320,2,0
207897,2,0
207894,2,0
207323,2,0
200197,2,10
206231,1,0
208849,2,0
206544,2,0
101647,4,5
208685,2,0
208688,2,0
208689,2,0
203424,2,1
28804,3,3
101008,3,0
201113,1,2
101451,0,1
101049,4,5
101006,7,7
204961,2,0
206441,2,1
204965,2,5
101410,3,2
201649,2,2
101849,0,2
204617,4,4
201490,3,4
201491,3,1
201492,1,2
201493,1,2
206437,0,1
206435,2,0
101412,1,2
206433,2,0
28107,0,2
206431,5,1
725836,0,1
201656,0,1
100255,2,3
100256,2,2
201655,3,2
201652,1,2
100523,4,5
201302,4,3
101414,2,1
207430,5,8
207431,4,0
201947,6,3
74,22,35
101417,5,6
207437,1,0
28151,3,6
101272,2,0
206123,2,2
101416,2,0
100241,4,8
201580,9,10
206948,2,3
101954,2,1
100925,1,2
201646,3,5
203232,3,2
207177,2,0
202332,16,17
203695,2,2
203914,5,10
200871,0,1
200870,1,2
200873,0,1
200872,8,19
101738,1,2
200874,4,6
203329,2,0
203690,3,1
201581,4,0
202317,2,4
200401,13,2
101231,5,5
207346,4,5
101233,3,5
101452,5,1
101235,3,0
101952,0,1
101237,4,3
101236,2,2
101239,0,6
101238,4,3
200018,2,14
206930,3,2
201945,9,6
202234,1,2
206055,3,2
200017,9,4
100638,4,3
206050,2,4
100632,7,4
100633,7,4
100630,0,1
100631,6,3
100636,5,4
100637,9,16
100634,11,25
100635,4,2
200310,15,8
208061,2,0
200655,11,14
207429,2,0
203751,5,6
101890,5,4
25799,3,4
206296,2,0
101271,2,0
203752,3,4
207425,2,0
100562,1,0
202212,4,6
205849,1,0
205793,2,0
207423,3,0
205791,4,2
205795,2,0
201327,2,3
207064,2,3
201132,1,2
200309,23,35
100745,1,2
100742,2,0
100743,2,1
201470,0,3
201471,5,7
200303,14,7
200302,10,5
205157,2,0
101694,1,1
200307,15,14
101120,2,3
100748,9,7
100749,2,3
203658,2,0
204689,4,4
201939,0,2
205773,3,4
204682,1,2
204683,2,0
204680,3,3
201938,3,4
204686,2,0
205778,4,0
205815,3,1
204685,1,2
101431,3,2
201879,3,6
201871,6,4
201876,0,2
201877,5,9
205487,2,1
202734,2,2
202128,0,2
205484,3,0
205483,2,0
205482,2,0
205481,2,0
101975,4,3
204174,6,9
102166,1,2
205489,6,7
204173,2,2
101349,5,6
101348,10,11
201455,6,10
200271,4,3
200270,2,1
101341,2,0
101340,2,0
101343,3,6
101342,2,0
101345,2,0
204773,3,0
101347,0,2
101346,4,3
202217,1,2
101314,1,2
204522,3,0
202733,3,3
200691,1,2
201906,2,1
201907,0,1
201904,2,0
201905,0,1
201902,0,2
201903,3,1
200459,38,32
201901,2,3
200457,4,3
200456,3,1
101905,7,8
200454,9,11
200453,21,13
200452,11,10
200451,35,55
101900,2,1
102241,4,2
102240,1,2
102243,2,0
102242,1,2
102245,1,2
102244,0,1
102247,0,1
102246,2,0
102249,0,3
102248,0,2
100209,3,7
714448,2,2
202739,1,2
205573,0,1
200052,0,1
200050,1,2
205576,1,0
205575,1,3
205574,8,4
204513,3,1
205579,2,0
204511,3,3
200849,1,2
203500,3,2
204221,6,9
203502,2,1
203503,1,1
203505,2,2
204226,3,0
204227,5,9
102061,2,0
100821,2,2
102063,2,0
102062,1,2
201589,5,5
102064,1,2
102067,2,0
102066,1,2
200844,3,1
205498,3,3
714143,2,1
714142,2,1
714141,2,1
101125,2,2
101313,2,1
205299,5,5
205443,3,1
203765,2,0
208510,2,0
204139,2,0
101590,4,3
200116,1,0
205337,2,0
204426,9,3
204427,3,5
202439,2,2
205336,2,0
203430,9,15
204351,4,0
203432,8,15
203433,6,5
202925,1,2
200127,1,2
202430,6,6
202921,1,2
203439,1,2
202923,1,2
202922,0,1
102115,1,2
102114,3,4
202211,2,3
202210,1,1
102111,2,2
202216,1,2
202215,0,4
102112,2,4
200439,14,17
200124,1,2
102119,2,0
102118,3,5
200080,1,1
208679,2,0
207158,4,3
204577,2,0
206882,2,3
200081,3,2
203342,2,0
208671,2,0
203346,2,0
207156,2,3
203344,1,3
208674,2,0
202697,1,0
24498,2,1
202695,1,0
200128,1,2
202693,1,0
202692,2,2
202691,1,0
202690,2,2
205339,2,0
202127,2,3
202699,7,8
202698,1,0
202327,5,8
202326,5,8
202325,6,11
204993,2,0
202323,5,8
200086,12,21
202321,5,8
718539,0,4
102457,2,0
101206,8,7
202329,6,11
206317,3,1
101207,0,1
202123,0,1
200150,1,0
202975,2,2
204546,1,0
201604,1,4
202218,3,1
205800,2,0
205807,4,6
207433,5,1
202108,1,0
202107,0,1
202106,3,1
202105,7,3
202104,0,1
202103,3,2
206331,3,0
202101,1,0
204315,2,0
207556,2,0
27535,2,4
714304,4,1
206748,3,2
101211,3,3
207558,2,0
207088,2,1
202328,5,8
718759,2,2
200346,1,1
100413,10,11
207085,2,2
4215,0,2
101973,2,4
201606,2,4
202572,1,0
202573,1,0
100401,2,5
100400,4,10
100403,41,14
100402,2,3
100405,2,0
100404,6,15
100407,1,3
100406,3,0
100409,1,2
204256,1,2
101447,1,2
26755,6,7
26754,3,3
101970,1,2
201365,1,4
208857,1,0
26750,1,2
26753,2,1
207541,1,2
206745,2,2
208859,1,0
208858,1,0
26759,12,10
26758,1,2
207081,2,0
206207,3,2
208695,3,0
724256,1,4
200843,1,2
200713,2,3
201523,3,3
202150,0,3
100648,6,4
714388,2,1
200715,0,2
206590,3,2
28813,0,1
206594,2,0
206595,2,0
206596,3,3
206846,6,0
206599,2,4
101827,1,2
206840,6,0
200098,2,2
200718,5,8
201489,16,28
208072,1,0
100865,7,5
102256,4,0
28441,0,1
204999,2,0
201483,0,1
201481,2,5
204995,2,0
200653,4,5
204990,2,0
201183,3,2
206114,4,4
206115,6,5
200652,2,1
100539,2,2
201648,3,5
100535,3,1
100242,0,1
206448,4,1
100536,1,0
100531,2,5
101318,2,0
201643,1,2
201642,3,3
206684,2,0
200365,7,12
206686,5,6
28149,4,5
206680,2,0
206937,2,1
206682,2,0
207428,0,5
203689,2,0
28143,0,1
28140,4,2
207424,3,0
206688,3,2
28147,1,1
207420,6,4
204604,3,0
208788,2,0
208244,2,0
201548,5,1
202153,0,1
202971,0,1
101181,2,0
200934,3,4
208786,2,0
101594,4,3
101595,1,4
101180,0,2
200840,5,8
101591,2,0
101592,1,2
101593,6,1
100337,8,7
201006,4,6
100335,4,5
201004,2,5
203872,2,2
205549,1,2
101204,2,2
101205,2,2
101754,2,1
101755,3,2
101752,2,2
101753,2,1
101750,1,2
101751,3,5
100629,0,1
100628,4,2
206064,2,0
3960,1,2
206067,2,1
100621,1,0
100620,1,1
100623,2,2
100622,3,2
100625,2,3
100624,1,0
100627,1,0
100626,3,1
208071,2,0
718610,14,1
208075,5,2
208074,3,0
208076,3,1
208418,3,2
208078,3,2
202577,1,0
101376,3,2
207797,4,1
203879,2,1
101441,1,2
714638,2,1
102145,1,3
714637,2,1
202874,1,0
207793,1,2
205054,3,1
100779,1,2
201149,2,3
208205,3,2
100755,2,1
100754,3,1
100757,13,8
203051,2,0
100751,2,3
201460,2,3
100753,2,7
100752,2,3
205160,1,0
205161,0,1
200991,1,3
100759,6,8
100758,3,1
101116,5,3
101117,4,8
205741,2,2
205742,3,2
205744,1,3
204002,2,0
207289,2,0
204691,4,5
205749,14,15
200512,17,21
200513,12,10
200510,2,4
200511,1,2
201869,2,4
201868,2,6
101052,3,4
202205,2,3
101055,3,4
201863,4,3
201862,4,7
201865,3,5
201864,2,4
201867,3,5
200973,2,5
200192,2,4
101375,0,1
204169,4,7
203059,2,0
101370,2,6
101371,2,2
101372,2,5
101373,3,3
202158,0,3
200198,2,4
205646,5,2
101378,1,3
101379,3,1
204165,2,3
200202,1,1
200203,1,0
202206,2,3
101575,4,1
200206,1,0
200207,1,0
101570,10,1
101571,4,4
200593,11,14
204760,3,1
101578,2,0
100549,2,2
202895,2,2
26190,0,2
204181,1,0
6440,2,3
101357,2,0
200436,4,6
200645,2,2
202897,1,2
202357,1,2
101978,2,2
101979,4,6
201911,4,5
200875,2,3
100545,1,1
101972,0,1
202891,3,3
200420,2,8
101971,4,3
101976,2,1
101977,1,2
102020,2,2
202570,2,2
101293,6,7
102278,1,2
102279,2,1
714452,2,2
208211,3,2
206546,3,1
208215,5,1
100058,13,16
202200,1,2
100541,6,5
101574,3,2
100059,5,8
203643,3,2
203641,2,1
202713,1,2
201421,3,3
201461,2,4
205584,3,3
208784,2,0
204803,3,0
200349,3,2
100750,20,7
102296,1,2
102297,2,1
204945,2,0
102141,2,0
202590,1,0
102293,1,1
102290,7,1
102291,1,0
201920,0,3
26863,6,4
101294,2,1
203513,2,1
204232,3,6
102298,1,0
202898,2,2
101806,4,2
101807,1,2
101804,2,1
206654,2,0
101802,0,2
101803,2,1
204640,5,2
200993,4,2
200348,28,30
201012,6,8
101808,3,2
101809,3,2
205348,2,0
201612,5,6
26908,1,0
208502,5,2
205164,2,1
101780,4,3
204251,2,2
208420,2,0
201507,4,8
204435,3,1
202919,1,0
101121,6,9
204431,4,3
204346,4,0
204433,5,5
207497,2,0
202910,1,2
202911,2,3
203429,1,2
202914,0,2
204438,2,0
26515,5,6
203526,2,2
102120,1,2
205599,1,7
202772,0,2
204657,3,0
202774,3,2
202775,5,8
204698,3,2
202203,2,3
202779,1,2
206362,2,0
203359,1,1
205493,2,3
205497,2,3
208742,1,4
203351,3,0
203350,3,0
81,1,0
205479,4,0
207021,3,2
25272,0,1
208448,4,3
208449,4,3
203271,2,2
206388,2,3
208440,3,2
208442,6,5
205747,5,5
714288,2,1
714289,2,1
202748,2,2
102054,2,1
202353,1,2
102056,2,2
102057,2,0
202356,1,2
208745,15,23
102052,0,1
202355,3,6
202358,2,4
202359,7,9
102058,1,2
718520,0,3
201611,1,3
205462,3,0
206797,18,10
201983,1,2
206381,2,0
206329,2,5
206328,6,5
205467,0,2
202172,1,2
206320,15,25
202176,1,2
202177,2,3
206325,4,0
27503,0,2
207523,2,0
101108,1,2
27509,2,6
204497,0,1
202400,2,1
102122,1,2
714191,6,4
200428,2,0
714197,0,1
201462,0,1
203240,4,1
200479,2,1
205081,0,3
202756,3,4
201109,4,7
203317,11,8
714393,2,2
204830,2,1
202582,2,0
205491,3,2
204496,2,1
101115,7,6
202767,6,6
204552,2,1
102347,2,0
204754,3,0
100431,2,0
100433,10,6
26746,3,5
26747,3,3
200292,2,4
200564,4,6
202406,0,1
205900,1,1
205901,24,41
205906,5,6
205905,0,1
207180,2,0
207181,4,3
205472,3,2
714160,6,2
207185,2,0
207187,2,0
201928,4,0
207189,2,0
7941,0,1
201866,4,7
202379,1,2
202202,2,3
207857,2,0
207854,2,0
207852,3,2
206858,3,0
207850,2,0
200193,1,4
206855,2,4
206854,2,4
206857,5,1
206584,3,0
102409,1,1
206852,5,0
100644,3,1
101377,3,4
202375,4,3
200196,2,6
204987,5,2
204982,2,1
201678,1,2
206102,2,0
206453,2,1
202377,1,2
206106,2,2
206456,3,5
202802,3,0
100502,0,1
205343,2,3
201674,1,2
201675,1,2
201676,0,1
201677,0,1
207989,3,0
207459,2,4
100343,0,1
206696,3,2
206694,1,0
207452,1,0
206928,3,2
206699,2,0
206698,1,2
204608,3,2
207986,4,3
207455,14,22
100290,2,4
202500,1,0
100292,2,2
200199,1,0
100294,2,3
714734,0,5
100299,2,3
201582,2,0
207576,2,0
101589,2,3
200858,10,2
201586,5,3
201587,1,1
201584,1,0
201585,1,2
206369,0,2
101582,2,1
101581,0,1
101580,0,1
101587,1,0
101586,2,1
101585,3,2
101584,1,2
100614,1,2
101576,1,3
205009,3,4
100617,2,1
101749,5,2
100611,1,1
26591,13,19
100613,1,1
101213,2,0
101212,1,3
101747,1,2
101746,4,2
101741,4,3
201214,3,0
101743,1,0
101742,2,3
100184,1,2
100185,5,5
100186,1,2
100187,1,3
100180,3,6
100182,1,2
24732,3,1
101572,3,3
204836,2,0
329,5,8
100188,1,2
100189,2,4
204490,1,3
101573,3,3
204360,3,0
208855,1,2
201210,3,4
203758,2,0
207890,5,1
101478,1,2
101300,2,3
202159,0,2
200563,4,6
205729,2,0
202628,2,1
101476,6,8
202092,6,8
202766,6,6
200561,4,3
204363,4,0
205177,1,2
101106,6,6
205175,9,3
200560,2,2
205173,8,2
101102,1,2
205171,8,2
100643,8,11
200567,3,2
205334,1,2
101109,1,0
200566,2,1
100760,5,8
100761,3,5
100763,1,2
100764,2,3
100765,2,3
201456,2,4
100767,3,1
100768,2,3
201107,3,5
27350,4,6
205260,2,2
100980,7,0
100981,3,2
100982,1,2
100983,2,3
200421,2,2
203038,2,0
100864,2,0
201850,1,2
200508,2,4
101872,1,3
200505,3,6
200504,0,1
205755,4,5
207110,4,3
200501,1,2
200500,6,5
200503,2,0
200502,4,8
100966,5,9
100967,1,2
100964,7,6
100965,1,0
100962,2,1
100963,5,3
100960,1,1
201588,6,4
201120,10,15
100968,6,3
100969,3,3
200181,2,2
101362,3,3
200183,2,18
200182,5,4
200185,3,1
101366,3,3
101365,3,3
101364,2,3
208192,7,6
208193,7,6
101369,2,2
101368,2,4
208197,5,0
200478,34,50
101565,1,3
101564,3,2
101567,2,0
101561,1,2
101560,0,1
101563,2,2
101562,3,2
203568,1,1
204752,4,3
203309,2,0
101569,1,2
101879,2,0
207956,2,2
203033,2,0
203748,2,0
203749,2,1
203746,3,0
204189,3,1
203745,2,0
203742,2,0
203743,2,0
26785,5,6
203741,3,0
208224,2,2
201921,1,2
208226,3,2
201923,0,2
201924,0,3
201925,2,2
101961,0,4
101960,1,0
200433,0,1
200432,3,5
200435,7,9
206413,2,0
200437,4,6
200665,7,6
101264,2,0
4874,1,0
102269,3,1
102268,2,1
4873,3,5
102263,2,1
102262,2,3
207642,3,0
102260,2,1
204538,2,1
102266,1,4
102265,2,0
102264,3,3
207056,2,0
203986,5,2
203987,2,1
102469,2,1
100146,1,2
27560,5,2
205594,2,3
102467,1,2
102466,1,2
203988,2,1
205593,1,1
205592,4,3
102285,2,1
102284,2,1
202581,10,8
203662,2,0
102281,5,4
102280,2,0
102283,4,3
102282,3,4
203562,2,0
203291,2,1
204241,7,8
102289,9,10
102288,2,3
203564,2,0
203565,2,0
101815,4,3
101814,1,2
101817,2,1
101816,2,1
200721,2,4
101810,2,2
101813,1,2
200722,4,4
206312,2,1
29234,7,4
200729,4,5
101818,3,5
208530,4,3
26686,3,5
202905,0,2
202904,0,2
718608,0,1
202902,2,2
208536,3,2
202900,2,3
102389,3,0
208539,9,18
718606,4,1
204229,3,0
202909,1,2
208593,2,1
204401,2,1
204402,2,3
203923,3,2
204404,2,0
203189,3,2
204406,21,4
100817,1,0
204408,9,11
203185,2,0
203186,2,0
203187,2,0
203182,6,13
203183,5,7
203364,1,2
203366,15,6
203367,6,6
203360,1,0
203361,3,0
203362,2,9
203363,2,4
102137,1,2
102136,3,2
202765,0,1
202764,1,1
102133,1,3
202762,2,4
202761,0,1
102130,1,3
27420,2,2
208455,3,0
102060,1,2
714642,2,1
29412,0,1
204031,3,0
714643,2,1
200492,7,8
203169,3,2
714293,2,2
200711,1,3
714297,2,3
200083,2,4
206784,3,0
101559,5,1
714299,2,1
714298,5,1
205663,2,0
102043,2,0
102042,0,2
102041,1,2
102040,1,2
102047,2,0
202344,5,2
102045,1,1
102044,0,1
102049,2,0
102048,2,4
208124,3,2
201472,2,3
206787,0,1
101914,5,5
200038,1,0
202169,3,4
100641,2,1
208217,2,0
100316,2,4
200705,2,1
100202,10,7
202164,3,5
202167,1,2
207531,4,2
200085,3,4
205178,2,0
207532,4,2
205010,2,0
102050,2,0
204544,3,2
202696,2,2
101915,2,4
101967,1,0
207491,3,0
201664,8,11
205374,3,2
102065,2,0
100650,2,0
200704,2,2
200126,2,2
714182,2,2
714181,3,2
201400,2,1
201719,1,2
100724,1,3
205588,2,0
201557,1,0
205589,5,3
101980,2,0
101149,1,2
201010,2,3
206262,2,0
201138,1,2
201417,2,2
200837,2,4
203725,2,0
200092,2,3
201410,5,7
206268,2,1
204378,4,0
100426,3,5
100425,1,2
101638,6,4
26820,0,1
26772,2,6
100722,3,1
200069,4,5
204505,3,0
205381,3,2
204320,2,0
201011,18,30
203851,2,4
101118,3,3
200491,0,2
204110,1,0
207199,4,8
101142,0,12
207197,4,3
207196,4,3
29169,1,0
207626,1,2
201148,2,3
207191,1,0
207622,2,1
203104,0,2
101636,1,4
8367,0,1
101023,3,3
100848,4,3
201418,1,2
206863,3,1
200311,12,7
102294,1,0
206867,3,1
201667,7,2
201666,4,2
201665,1,0
100514,2,2
201663,15,21
101633,2,2
201660,15,19
203100,1,2
200942,2,1
202411,3,6
203453,3,2
207997,3,1
207995,4,1
203427,2,1
101024,3,2
206465,2,1
27485,7,6
714380,0,2
203188,15,3
207449,3,3
204237,2,2
206045,1,2
206918,2,0
3182,2,5
202986,2,0
206666,3,0
206667,2,0
206664,2,0
207442,4,2
206662,2,0
206911,1,2
206660,4,2
205188,2,0
207751,2,0
205448,2,0
101025,3,2
206480,2,0
100288,0,2
201013,2,2
100286,0,1
100651,12,10
206041,1,2
206488,2,0
102149,3,3
201591,2,1
201797,5,6
201593,0,1
201592,2,1
202453,3,6
201597,7,5
100646,4,4
203978,2,1
203845,2,0
201815,0,1
100645,2,3
100603,0,1
100602,13,5
102068,2,2
100600,12,17
26584,4,7
100606,10,3
100357,4,3
101141,6,4
101770,4,2
201021,4,5
101772,2,1
100608,4,3
201825,1,2
101775,3,1
101776,3,2
100642,1,0
207759,2,1
101805,3,6
100197,11,14
100196,1,0
100195,8,11
205496,2,2
206002,4,2
100199,1,2
100640,1,2
200062,4,6
44,36,16
206004,2,0
285,2,4
208392,3,0
203274,2,1
200013,0,3
101800,1,2
205521,0,4
200269,3,1
201824,1,2
208050,3,5
202592,1,0
208054,3,0
101482,2,2
101483,2,2
101480,5,2
205291,0,2
101486,1,1
201339,3,4
101484,1,2
101485,2,1
205403,1,1
200063,2,4
101119,2,2
204697,1,2
208214,2,1
201919,3,1
102440,4,3
101172,2,0
101173,6,4
205100,5,1
101171,1,2
101176,6,4
101177,6,8
101174,1,2
101175,2,0
201827,1,2
101178,2,0
101179,4,2
206731,3,2
101489,2,2
206717,2,2
100999,2,3
100998,2,3
201119,8,8
206713,2,0
201449,2,1
201448,3,3
201447,1,0
100776,1,2
100775,1,2
100774,3,1
100773,2,5
201110,4,7
201441,3,4
201440,3,7
200538,0,4
200539,2,2
205728,3,0
200388,7,6
205129,1,1
200530,22,26
200531,17,21
200532,3,1
205721,5,2
208391,2,0
200455,6,6
100974,1,2
201426,1,5
100976,1,1
100971,1,1
100970,0,1
100973,2,4
100972,1,0
101051,3,4
208216,0,1
208393,3,0
100979,12,13
100978,1,2
24985,0,1
204747,3,0
204998,2,0
101110,0,1
101398,4,3
101399,2,1
208014,3,4
101397,2,4
101394,2,2
101395,5,3
101392,0,1
101393,5,5
101390,1,0
101391,3,3
101550,2,3
101551,3,0
205400,1,1
205394,4,2
200228,6,9
200229,2,4
205893,5,6
101009,5,3
205835,2,0
101007,1,2
200226,4,7
101005,7,6
101002,0,2
101003,0,2
200222,1,2
200223,2,3
200404,1,2
101955,1,0
201820,1,2
101957,2,3
101950,2,0
101951,0,1
205430,8,11
200403,3,3
203755,3,0
201613,6,4
203037,1,3
200408,2,0
101959,3,4
200158,2,3
200159,2,3
202929,2,3
208231,3,7
208230,3,7
201668,11,22
208235,2,0
112,2,3
201936,3,4
201934,5,7
101000,4,2
201931,2,2
201930,3,1
204523,18,28
202918,0,1
204521,3,0
208464,2,2
204527,26,13
207292,3,12
204525,3,1
200287,10,6
208152,5,4
202773,4,4
206915,1,2
208153,4,2
102458,0,2
205660,4,2
203991,2,1
205399,0,2
718604,0,1
102450,2,5
205604,2,0
203999,3,0
102453,2,0
102454,4,2
102455,2,0
102456,1,3
205379,2,0
200786,1,2
208644,2,0
202304,2,3
202578,1,0
202579,1,0
203571,1,0
203570,2,1
202574,1,0
202575,1,0
203575,0,7
204254,2,1
204257,4,1
202571,4,5
101820,3,2
101821,3,2
101822,4,3
101823,4,3
101824,2,3
101825,2,0
101826,2,0
203581,4,4
101828,3,1
200719,12,15
207624,2,0
101114,8,12
202912,2,3
204719,2,1
202973,33,43
200476,6,4
202976,5,4
202974,1,0
208528,2,2
208526,3,0
202979,2,0
204843,4,6
208522,2,0
200121,1,2
202915,1,2
206883,3,0
200813,1,2
100688,2,4
205606,3,5
204419,2,1
160,6,11
203192,4,3
203191,3,1
202917,3,2
204412,2,2
204448,1,2
201111,3,5
203373,7,8
203372,18,4
102148,2,0
205572,5,7
102121,3,6
102142,5,1
102143,2,2
102140,1,2
202711,2,2
202716,5,5
102147,1,3
102144,2,0
202715,1,2
208422,2,1
26500,14,29
202488,1,0
102123,3,6
203173,8,6
202482,1,1
102124,2,5
202480,0,1
204861,3,4
202486,1,0
202487,1,0
202484,1,0
102125,2,1
101529,5,3
206580,4,0
201619,2,4
100880,5,1
101528,0,1
100289,2,4
201757,7,10
101891,0,1
207332,2,1
202719,2,2
201562,8,6
26505,10,31
205600,2,0
203285,3,1
101683,4,0
202378,1,2
201755,3,4
200496,8,8
102129,2,1
202806,2,3
101684,1,2
202376,3,6
202805,2,4
202370,2,3
201468,1,2
203576,1,0
202373,2,3
202626,2,1
202627,2,1
202624,2,2
202157,0,2
202622,2,3
202151,1,2
204022,2,0
205667,2,0
560,5,9
101687,2,3
564,4,2
206570,2,0
205753,5,6
202629,2,1
200113,1,4
101136,0,3
202394,5,1
202395,1,2
207298,2,2
202393,3,0
202390,3,0
201569,0,8
201112,3,7
101926,2,4
202676,1,1
101577,1,3
202398,3,1
202399,2,1
203458,2,0
200574,1,2
208416,3,2
207058,2,0
27561,23,3
201245,1,0
205752,1,2
205602,2,0
200110,1,2
27566,2,2
206473,2,0
201828,1,2
208762,1,2
201511,2,1
720,2,2
207043,3,2
201246,1,0
297,0,3
102071,2,7
205366,2,0
207505,3,4
201965,0,3
202809,2,1
200427,2,4
100440,8,2
202020,2,4
206795,14,29
206273,3,2
205765,1,1
206275,2,1
206274,3,4
206277,2,0
101240,5,3
101463,1,2
102076,1,1
208856,2,0
207336,3,2
200422,1,4
102328,2,3
205750,4,2
26766,2,4
200168,2,2
26761,3,4
207798,4,1
203354,3,2
202583,1,0
201718,1,2
27395,0,2
207272,2,4
207612,4,8
203356,2,0
207614,2,0
205405,1,1
204026,2,0
100312,4,3
207871,4,4
207873,2,0
207875,1,2
207876,2,0
207878,2,0
207879,3,2
200533,3,1
201518,5,5
206793,12,22
201969,9,11
27198,4,2
100563,8,7
100560,17,25
100561,1,0
100566,1,0
100567,4,5
100564,3,0
208816,2,0
206879,3,5
100568,1,1
100569,1,0
206677,2,0
100300,2,3
207475,2,0
207476,2,0
200123,1,2
207472,3,7
203168,3,2
206907,1,2
206471,3,2
200616,1,0
205154,2,0
207277,1,0
206908,4,13
206679,2,0
206678,2,0
100889,0,1
208363,2,2
206675,3,3
206929,2,3
102225,4,7
206670,2,0
206673,2,0
206904,6,7
