202110,0.000231717000636
206654,0.0
206496,0.0
206491,0.0
206493,0.0
206499,0.0
205157,0.0
101767,0.0
101766,0.000799273810969
101765,1.30992251316e-05
101762,0.0
101761,0.000128711570326
101954,0.000459660053627
205443,0.000180393569148
102230,0.000520409655171
100965,0.0
205807,0.000636383673736
101272,0.0
100368,0.000254259145307
100369,0.0012664485166
201728,0.0
201729,0.0
201726,0.0
201727,0.0
100366,0.0
100367,0.0
201722,0.0
201051,5.95589622014e-05
100362,0.000138637574438
201053,0.0021150169898
206018,0.000508213667038
206875,0.0
206874,0.00025750768952
203203,0.0
341,0.000186878102507
100168,0.0
100169,0.000176272067523
201676,0.0
100167,0.0
200729,0.000369982257369
206015,0.0
100160,5.27337258239e-05
206016,0.0
100386,0.000138502186182
100384,9.32587216174e-05
714661,0.0
100382,0.000524561798985
100383,0.000440667102692
206660,0.000173359801857
101491,0.0
101490,0.000222343808438
101493,0.0
101492,4.64644974008e-06
101495,0.000223567861655
101494,0.0
205287,0.0
101496,0.0
101499,0.0
101498,0.0
102137,0.000262283532042
101161,0.0
101160,0.0
101163,0.0
101162,0.0
205114,0.0
101167,0.00074953638594
101166,1.69235320359e-07
101169,0.0200246338225
101168,0.0
200017,0.00176679741077
718520,0.0
25664,0.0
101136,0.0
201438,0.0
201439,0.000343706647119
206702,0.0
100702,0.0
101648,0.0
100700,9.66801661921e-05
100701,0.00027712988856
206708,3.72315690084e-06
205739,0.000150822095087
205738,6.63144515212e-05
208528,0.0
101636,0.0
205732,0.0
100774,0.000734403187475
205736,0.0
100940,0.0
100941,0.00023777725631
100942,0.0
100943,0.0
100944,0.000624675845153
100945,6.32709943559e-05
100946,0.0
100947,6.32709943559e-05
100948,0.000194117768756
25114,0.000601866198463
25115,0.000138502186182
101646,0.0
204732,0.000115858500318
200541,0.00261956426233
200937,3.39606845469e-05
101389,0.000115858500318
101388,0.0
204735,0.00128261079133
26766,5.6411773453e-07
101640,0.000278155172542
101387,0.000430429364209
101380,0.0
101383,0.0
101382,0.0
100016,5.13595591338e-05
201547,0.0
100014,0.000780740256947
201545,0.0
101019,0.0
205608,0.000195368304987
100010,0.0
100011,1.01541192215e-07
101015,0.0
101546,0.0
7883,0.00013530836378
101016,6.76941281436e-07
101011,0.0
101010,0.0
101541,0.000333854747355
101540,0.000790990844219
203768,0.0
101942,0.0
101941,0.000324831806513
200410,0.0
200417,0.0
101946,6.31247744939e-05
200415,0.00203527830164
101944,0.000277004372364
203760,0.0
203761,0.0
101949,0.0
203763,0.0
200149,0.00325209472831
200148,0.0099787769709
203766,0.0
203767,0.0
200549,0.000313809246747
201948,2.11974290221e-05
201949,0.000560397378071
24885,0.0
24884,0.0
201942,0.000487011463366
100203,0.00919214670263
201940,8.36116868115e-06
201941,0.0
201946,1.93041088756e-05
101350,0.00106922154138
201059,0.000439512113044
102447,0.0
102446,0.000449996716835
102445,0.000427353030971
102444,0.00106330551782
102443,0.00058836351476
204089,0.0
102441,0.0
200090,0.00415671845389
204084,0.0
204085,0.0
714400,2.47083567724e-06
206329,0.0
102449,0.0
102448,0.000542873060648
6378,0.0
200526,0.0
200525,0.0
200524,0.00416384402335
200523,0.000160120746143
200522,0.00298333306919
200521,4.00608209177e-05
200520,5.51382608781e-05
203964,0.0
203617,0.0
203610,0.0
200529,0.0302679937177
200528,0.00180247947982
204109,0.000405751247832
201725,0.00149704159323
202569,0.0
202568,0.0
100539,1.11695311437e-06
102324,6.09247153293e-07
201723,0.000639557585874
202806,0.0
202172,0.0
201052,0.000711930105051
101839,2.37808028296e-05
101838,0.0021770256374
101837,0.000182693161048
101836,0.0
101835,0.0
101834,0.000231717000636
101833,0.00233923805708
101832,0.00180052842036
101831,0.0
200700,0.00321077720383
208558,0.0
714315,0.0
202965,0.0
202964,1.80912557464e-05
202967,0.0
202966,0.0
202969,0.000105595157158
200685,0.000123325162652
200689,0.00179493833205
208556,3.33109037436e-05
102130,0.0
204398,0.0
204468,0.000823145172391
200687,1.1959295972e-05
204391,0.000547131834158
204392,0.00137578269047
204393,0.0
204394,0.00031306736064
204395,0.00152091984387
204464,0.000463434001271
204397,0.0
202709,0.0
200721,0.000480154450923
204362,0.0
203388,0.000261623791622
203389,5.83093683024e-05
102151,0.0
102150,3.79425588245e-05
102153,0.00138197562605
102152,0.0
102155,0.000691190895411
102154,0.00106411784735
102156,0.0
203140,0.0
202498,0.0
203142,0.0002192477857
203145,0.0
201680,1.37080609491e-06
202491,0.0
202490,0.0
202493,0.0
202492,0.0
202495,0.0
202494,0.0
202497,0.0
202496,0.0
718576,0.0
718577,0.0
101120,0.000254191451179
200442,0.0147949447337
203816,0.00123597041041
208615,0.000138434492054
203814,0.00121332672455
200443,3.39130658468e-06
203812,0.00143943732507
206017,0.0
203810,0.0
203811,0.0
202362,0.0
202361,0.000330241334219
202360,0.0
202811,0.0
202366,1.98025471882e-06
202365,7.10057081778e-07
202812,0.0
202143,0.00749109863984
202634,0.0
202637,7.3197029058e-05
202631,0.0
202630,0.0
202633,0.0
202632,0.0
100969,0.000524482093742
101917,5.58476557185e-07
551,0.00642041377729
202638,0.0
206929,0.000155207750736
203791,0.0
202387,0.0
200449,0.00367679090018
204227,0.00107625174318
26804,0.00091206382166
202389,0.000138502186182
200763,0.0
200762,0.000148322379044
207048,0.0
201083,0.0
207512,0.0
204793,4.11900813744e-05
207041,0.0
27577,6.51157393909e-05
207515,0.00347274626419
207514,0.000750260622547
206684,0.0
101585,0.0
100772,2.94714848639e-06
208522,0.0
205931,0.0
714333,0.0
5537,0.0
206249,2.30704286353e-05
206244,0.00551647906663
714334,0.0
206246,0.000133913746222
206247,0.00145286462666
27613,0.0
206241,0.000178204210693
206242,4.15429334033e-05
208373,0.0
26718,0.0106187596487
207603,0.0
1283,0.0
205280,3.31320448433e-05
100242,0.0
205561,0.0
102255,0.0
26717,0.00311324972931
26716,0.0
714338,0.0
205282,0.00179485057537
102143,0.000196786830514
205285,0.0
714099,0.0
203498,0.000145610069637
102259,0.00039021713798
101497,0.0
207868,0.00115429510367
207866,0.0
205286,0.000231717000636
207863,0.0
207861,0.0
204449,4.36322718411e-05
100571,0.0
100570,0.00293903538169
100573,0.0
201602,0.0
100575,0.0
100574,0.000115858500318
100577,0.0
100576,0.0
100579,0.0
100578,0.0
208379,0.0
207463,1.01541192215e-07
207462,0.0
101930,0.0
207467,0.000173569737105
207466,0.0
207465,0.0
207464,0.0
200192,0.000607731839038
208866,0.000115858500318
206673,0.0
206398,0.0
404,0.0
102123,0.000276982615635
207260,0.000260765012576
207263,0.0
207262,0.000240066866921
206392,0.0
206642,0.0
206643,0.0
206645,1.12823546906e-08
28210,0.000226394061884
206647,0.0
205111,0.000218140219285
208846,0.0
101369,2.18228945603e-06
29234,0.00325573929142
101712,0.0
101713,0.0
101710,0.00046575252516
101711,0.00441169838618
101716,0.00015734003705
101717,0.0
101714,0.0
101715,0.000598869044073
101718,0.0
101719,0.00101824401925
206025,1.05928774595e-07
100379,0.00282617705518
100378,0.0
206020,0.000553467191702
205117,8.95987376087e-05
26566,0.0
201734,0.0
26564,0.000823144539254
201736,0.0
100377,1.4816072872e-05
201730,0.0
201733,0.0
201732,0.0
100760,1.89966647103e-06
100179,0.000203750736447
100178,0.0
206804,0.0
206805,2.82058867265e-08
100175,0.00030346632689
100174,0.000205901612757
100176,0.0
100170,0.000240132555356
100172,0.000742705787522
890,0.00486205383299
200803,0.000974960214657
100390,0.000590707952808
100399,0.0
102078,0.000598771623515
101087,6.92003224948e-05
102079,0.0
398,0.000138637574438
202700,0.0
205058,0.0
101158,0.0
101159,0.000277410537133
200958,0.0
100840,5.91559767789e-05
101154,0.0
101155,0.0
205126,0.0
101157,0.0
101150,2.79971631647e-05
101151,1.09096054763e-05
101620,0.000312834786247
101153,0.000347677042146
201429,0.0
201428,7.87620364819e-05
206706,0.0
206734,0.000387402222805
206736,0.000230984704462
26492,2.33934923529e-05
26493,7.67830050431e-06
201423,6.76941281436e-08
201422,0.00264083634748
201425,5.16238241812e-06
26497,2.14364739121e-07
201427,0.000645423496784
100844,0.000138544495012
200395,0.0
200396,0.00955245592008
200397,0.0
100847,0.000232731819232
200392,0.00194045871155
200393,0.00268678078576
203539,7.77902898644e-05
100846,6.42830801991e-05
200398,0.00106521494675
200399,0.031522325129
203538,0.0
26481,0.000121196251997
202336,0.00104477856837
100959,0.0
101241,0.0
100957,0.00027844456494
100956,0.000698318522986
100955,9.65588755226e-05
100954,2.31874796902e-05
100953,5.52214850332e-05
26483,0.0
205388,0.0004147957702
204892,0.0
202020,0.0
201431,0.00174634800217
204724,0.000153792807055
205380,0.00094241445148
101796,0.0
205813,5.43753084314e-05
205383,6.01293093236e-05
205385,0.000208592404403
201437,0.0
201555,0.0
101029,0.0
100007,0.000265982403338
101539,0.000950483851302
202104,0.0
102172,6.90480107065e-06
101181,0.0
101020,0.000347778583338
101533,0.00127676234078
101530,0.00158647707998
205057,2.03082384431e-07
201559,0.0
100008,0.00233484134517
101534,0.00231924125864
101535,0.00248428656934
205414,4.78246171583e-05
102284,0.0
100761,6.76941281436e-08
200178,0.00016977395009
205419,1.14559468131e-05
101373,9.02588375248e-08
201959,0.0
101180,0.0
202704,0.0
102289,0.00304411234366
201951,0.0
201950,0.0
201952,0.0
201955,0.0
201954,2.62991687838e-05
201957,0.0
201956,0.0
102432,0.000555903318469
102433,0.000503474216222
204098,2.68043563621e-05
102437,0.000194035692308
102434,0.000270201112485
208098,1.12543871847e-05
204092,0.0
102438,0.0
102439,0.0
204097,0.00027713976062
208092,0.000503075528251
714417,0.0
208090,0.0
101446,0.0
205257,0.0
205254,0.00129217236303
101445,0.000122352341619
101442,0.0
101443,0.0
101440,0.0
200555,0.0014053132613
204655,0.0
203602,0.000223714267395
203601,0.0
204656,0.000579798409593
204651,0.00132303112179
203606,3.50583390145e-05
204653,0.0
206102,0.0
202837,0.0
203312,0.0
204072,0.0
207298,0.000143242199437
202904,0.0
207187,0.0
200346,0.000115858500318
201471,0.000363010043222
206453,6.6848274067e-06
101848,0.00032809201751
200779,6.86961127952e-05
101842,0.0
101843,0.0
101840,0.0
101841,0.000387350432291
101846,0.000384262369186
101847,0.0
101844,0.0
200775,0.00147871053517
714305,0.0
204386,0.00118282467334
202958,0.0
202959,0.0
714303,0.0
714302,0.0
208541,7.44134391324e-06
102385,0.0
202957,0.0
102380,0.0
102381,0.000277004372364
102382,0.000909546635876
203949,0.00113182431237
203776,0.000571141977905
203775,0.0
101213,0.0
203773,0.000605444022182
203772,0.00120193745108
203771,0.000589706014681
203770,0.0
203778,0.000483345174403
102366,0.0
102367,0.000277207454748
102364,0.0
102365,0.0
102362,0.0
203398,0.0100388246709
102360,0.0
102361,6.09247153293e-07
200652,0.0
102368,0.00041570964093
102369,0.000107849412199
200606,0.0
25116,0.000808651406708
200602,0.000719776268838
200603,0.0
200600,0.0
203158,7.21416984909e-05
208404,0.0
203155,0.000119666387853
208407,0.0
208400,0.000115858500318
203151,0.0
200609,0.0
718563,0.0
200607,0.0
207850,0.0
718569,0.0
200047,0.00841757569469
100196,0.0
102098,0.0
204272,0.0197818523708
203807,0.0
205905,0.0
206106,1.03477843469e-05
102090,0.0
208539,0.00289863302099
102093,0.0
102094,0.0
202826,0.0
102097,0.0
206584,0.0
101425,0.0
205236,0.0
27546,0.000553297956382
101427,1.69235320359e-07
101133,5.7887881525e-06
202196,0.0
101420,0.000773278717003
206852,0.0
26812,0.0
205602,0.0
207078,9.87597098598e-05
207070,9.42127743516e-06
202420,6.76941281436e-08
208712,2.47929744326e-06
208716,0.0
208717,0.0
102164,0.0
102165,0.000466006378141
202736,2.36929448503e-07
202737,0.0
102160,0.000829659234528
102162,0.0
102163,0.00115726496768
3182,0.000119870235775
202738,2.30329271009e-05
204738,0.0
102106,0.00027713976062
102107,0.000308113579394
203917,0.000937282545693
206570,0.0
200665,0.000159401036448
102104,0.0
102105,0.0
207387,0.0
206253,1.55693825245e-05
206252,8.53589881131e-06
206251,0.00667495160161
206250,2.91060318585e-05
201965,0.0
206255,0.0
102103,0.00027713976062
201546,0.000301003351085
202750,0.0
695,0.000277816701901
207678,0.000809678782618
202751,0.0
201544,0.0
100015,0.0
100629,0.0
202111,0.000115892347382
100012,0.0
101340,0.0
204982,0.0
101018,0.0
208050,5.23430155305e-06
101549,0.0
100130,0.000150555991182
102115,0.000254778922237
207810,5.03764944912e-05
201541,0.0
207816,0.000158492271318
100133,0.000115926194446
26785,0.000758490035054
100548,0.0
202758,0.0
101014,0.0
201634,0.0
201635,0.00034788012453
100546,0.000355106472709
100547,0.000562851290216
100540,1.18803194892e-05
101545,0.00388986398192
100542,0.000678219008105
100543,0.00139690218131
206656,0.0
206655,0.0
101544,0.00014080096595
206653,0.0
206652,0.0
102114,0.000515351027697
102125,3.54586191624e-07
101772,0.0
101543,0.00113966308407
101141,0.000193969979485
207495,6.28058645237e-05
207492,0.0
204266,3.79087117604e-06
101576,0.0
206658,0.0
206389,0.000254930225473
415,0.00309561863294
207252,0.000279461810245
203235,0.000190798749881
207254,0.000117121204442
100018,0.0
207257,0.0
207258,0.00023346241919
208703,0.0
100019,0.0
206385,0.0
207062,0.0
207926,0.0
200145,0.0
202484,0.0
100523,0.0
207922,0.0
27556,0.00158834144774
207920,0.0
200412,0.00231321013253
207060,0.000253224539314
205427,0.000317027789142
100600,0.000259277657153
101701,0.00110470047718
101702,0.0
101705,0.0
101704,0.00138050891994
101709,0.0015961003362
200141,0.0
208250,0.0
200416,0.0306632417735
201708,1.0831060503e-06
201709,0.0
26558,5.37401118623e-05
205430,0.0011973363628
205423,0.0
206035,0.000146030480281
201700,0.0
200223,0.0
201702,0.0
26550,0.0108815546403
26555,0.0
26554,0.00837373351457
206488,0.0
100149,0.000321262354586
100498,0.0
207459,1.18464724251e-06
207069,5.44616675219e-05
206816,0.0
100140,0.0
208831,0.0
100143,3.55732643395e-06
203762,0.0
100494,0.0
100495,0.0
201090,0.00012286900765
101948,0.0
101362,0.000320069120218
201097,6.92510930909e-05
100816,0.00011596004151
205429,0.0
100814,0.000213325878706
100815,0.000236516011741
100812,0.000307685077131
100813,0.000402946564437
100810,0.0
100811,0.000123967498173
207452,0.0
204952,0.0
200064,0.0
206928,0.000138699627389
206699,0.0
201414,0.0
201415,0.00113577227708
100726,0.0162642926123
101148,0.00668066963527
101639,0.00316199926331
100721,0.0153396858574
201412,0.0
100723,0.0
101635,0.0
101634,8.59715427424e-06
101637,1.73334042373e-05
101140,0.000383568803916
101147,0.0
101630,0.000146087924368
4756,0.000291343503764
101632,5.73979217677e-05
201384,0.0
201386,0.00142952811734
201387,0.000164736050503
207986,0.000170831820134
206729,0.000260012857015
206727,6.98002868893e-05
202918,0.0
206725,0.0
207455,0.00169563930344
201388,0.00206907882866
201389,0.000120853606158
206721,0.0
206720,0.0
200383,0.00136189450432
200382,0.000762376094434
200381,0.0
200387,0.0480029596642
200385,0.0
200384,0.0
201891,0.0
201892,0.0
208397,0.0
201894,0.0
201895,0.000167351402175
201896,0.00099642371921
201897,0.00163130764966
205397,0.000495458596537
100928,0.0112262566175
100929,0.000943384339511
205393,0.000164660396047
208158,0.000207220188014
205390,0.0
208156,0.00148554205353
208157,0.0
208154,0.0
208155,0.0
100926,0.0
100927,0.00082990703123
208150,0.000876349900352
208151,0.000661456813729
205627,0.000503580894323
205626,0.0
101035,1.67542967155e-06
205624,0.000736880825583
101033,0.000156757036071
101032,0.000316937784157
101030,0.0
204717,6.9232360017e-05
102171,0.0
205628,8.43959569709e-06
100030,0.000122734206023
100031,1.44554197298e-05
100032,0.00399685865835
100033,5.01214899378e-05
100034,0.000891689505238
201565,0.000345099635903
206682,0.0
100299,0.0
101521,0.0
101520,0.00190588392334
101523,0.00314801688639
101522,0.0
101524,7.99086873905e-05
101527,0.0
101526,0.000167367756792
201964,0.0
200097,2.11831581866e-06
207879,7.5327564259e-05
201962,0.00222437176934
201963,0.00958347953109
205407,0.000175759494741
200166,0.000478218089936
200165,0.00173479570763
201968,0.0
200162,0.0
200161,0.000192012984185
200160,0.000240594503515
208083,0.000231717000636
714420,0.0
101821,1.11695311437e-06
714428,0.0
714429,0.0
100765,0.0
102442,0.0
102421,0.0
102422,6.76941281436e-08
102425,0.000553873356471
102424,0.000415506558546
102427,0.0
102426,0.0
208087,0.000954024099944
201580,0.00837004695911
203948,0.000138434492054
205712,0.0
101457,0.0
101456,0.0
200545,3.93168201405e-05
101450,0.000415405017353
101453,0.0
205714,0.000198351041894
204660,0.0
204661,0.000277004372364
203942,5.31776962543e-05
203943,0.0
101459,6.51157393909e-05
203945,0.00010607977194
204667,0.000111276178676
204042,2.27892831e-05
204043,2.27892831e-05
204047,5.93361832937e-05
204048,0.000122457762962
204049,0.0
203015,0.0
100514,3.28279636206e-05
203010,0.00184031339728
203173,0.00436975336288
208577,2.39780179273e-06
204082,0.0
101582,0.000115858500318
101850,0.000102672530332
101853,0.000115858500318
101852,0.0
101855,0.0
101854,0.0
101857,6.2585563658e-05
101856,0.0
714330,0.0
714331,0.0
714332,0.0
102398,3.37398817023e-05
203496,1.1959295972e-05
204441,0.0
208370,5.6411773453e-08
201442,0.0
102393,0.0
102392,0.00164393578043
102391,0.0
102390,0.0
102397,3.37398817023e-05
102396,0.0
102395,0.0
102394,0.000231717000636
102119,0.0
203703,0.00115323495798
203700,0.0
203701,0.0
203706,0.0
203707,0.0
203704,0.000178801463736
101584,0.0
101335,0.0
102375,4.27319183907e-06
102374,0.0
102377,5.4679932008e-05
102376,0.000164598272581
102371,0.000231581612379
102370,0.000532658466182
102373,0.00012140095706
102372,0.000239899528375
160,0.00358519211601
101337,0.0
102379,0.0
102378,2.25082976078e-06
200185,0.000407594862164
101747,0.0
200615,0.0
200614,0.0
200617,1.47065493392e-05
203129,6.22927160509e-05
200610,0.0
200485,0.00526562126711
101749,0.00105256982847
208410,0.000380768282473
29343,0.0
204644,0.000168171484526
203124,0.0
203125,0.00029755959292
102087,0.0
102086,0.00026781207388
27566,0.000120768630631
102083,0.0
102082,0.00258865197625
102080,0.0
718554,0.000231717000636
718555,0.0
718556,0.0
102089,6.48509747616e-05
208393,0.0
203831,0.000340023081158
101293,0.000226261213197
203960,0.000399626644319
204289,0.0
204284,0.0
204641,0.000296964505058
204351,0.0
207394,0.0
101746,0.000984774159132
208674,0.0
202116,0.000279505121951
202619,2.03082384431e-07
202618,0.000444789101145
101741,0.000181337086046
202614,0.0
200618,8.11774872319e-05
203234,0.00137754455316
27553,0.000807091704558
725846,0.00203477217581
208702,4.42719598059e-05
203230,0.000149183755485
208700,0.0
26822,0.0
101214,0.0
100767,0.000254211900447
208709,0.0
202247,0.0
205374,0.000352078570769
200835,0.0
200663,0.000475122879069
100186,0.0
102173,0.0
202722,0.000423707297886
202721,0.0
102170,0.000236590977862
202727,0.0
102176,0.0
102175,0.0
202724,0.0
100229,0.000116095429766
102179,0.000375697880222
202728,0.00100674034717
200143,0.000628627591583
101007,0.0
200182,0.000217929254003
100598,0.000138536033246
203462,3.73903215172e-05
207390,4.77489464725e-05
207392,0.0
26733,0.00151777419827
26732,0.0
26731,0.000700146060131
26730,0.000372942435194
207398,0.0
101805,0.00041706187743
201797,0.0
207661,9.5045759358e-05
100226,0.000515274826721
101742,0.000456818340527
55,0.0
51,0.00228808222989
201483,0.0
101932,6.80325987843e-06
208530,0.000158471953984
207809,0.0022264070553
100913,0.000830666675489
200709,0.00108012423927
101823,0.000232800106686
100912,0.000152389860458
201721,0.0
207803,0.0
200708,0.00662719853982
100911,0.000574394616166
207807,0.0
207806,0.000138502186182
200707,0.0
201629,0.0
100558,1.33937667827e-05
201539,0.0
200706,0.00103702153829
201623,0.0
100552,0.0
100551,0.0
100550,0.00042585491811
201627,0.0683392860753
201626,0.00130366160443
201625,0.0
201624,0.00215498166701
206623,0.0
203309,0.0
206621,0.0
26607,0.00199545114392
206627,0.0
206624,0.0
206625,6.82483738178e-05
200703,0.000381206198172
207481,0.0
100478,0.0
29631,0.000450934986236
29636,0.0
207714,0.000343402364876
101939,0.0
207710,4.27637988776e-05
207713,0.00106614629267
207712,0.000444062927479
207935,0.000244711922749
207936,0.0
102469,0.000277004372364
203862,9.17381791816e-05
101770,0.00557080751452
207939,0.00522614893226
714314,3.8670270702e-06
205187,0.0
201717,0.000554008744727
26545,0.0
26546,0.000517512066666
201714,0.0
201713,0.0
201712,0.0
201711,0.000277918243094
201710,0.0
101734,0.0
714312,0.0
101736,0.0
101737,6.11608883535e-05
101730,0.0
101731,0.00069284940155
101732,0.000831216199476
101733,0.000560494504321
100156,0.000212595476118
208085,0.0
100153,0.0
100152,0.000342823780576
100150,0.0
204773,0.0
714311,8.77203077195e-06
100158,0.000272045777477
100488,0.0
206283,0.000349651454217
206828,0.0
206285,0.000394938825945
206538,0.000132346220101
206287,0.0
100481,0.0
206289,3.77273277617e-05
100617,0.000487882863886
206822,0.0
202925,0.0
100809,0.0
100808,0.0
201088,0.0010457155747
100804,0.000307685077131
100807,0.00081088406904
100806,0.0
100801,0.0
100800,0.0
100803,0.0
100802,0.000115824653254
101824,0.0
101608,0.0
101609,0.0
100731,0.000251435242443
100730,0.000652556737384
201155,0.000139676679305
100736,0.0
100735,0.0167812781671
100734,0.00235176403049
201159,0.0
100739,0.000131512314702
100738,0.0
200974,1.16772371048e-06
200975,0.000609589236525
204918,6.32661911616e-05
101607,0.000982100897529
201393,0.0
201392,0.0
201391,0.000120853606158
201390,0.00369405268975
201395,0.00011883878975
201394,0.0
206753,5.39012575268e-05
25635,0.0
201398,0.000334112432169
25632,0.00205986763122
25631,0.00479615935518
200491,0.0
101190,0.0
101191,0.00228186633533
101192,7.61558941616e-07
101193,0.00131345166617
101194,0.000950872852436
101195,0.00509494914068
101196,9.52343135226e-05
101197,3.57719304133e-05
101198,0.000122532212303
101199,0.000271209817649
208381,0.0
200375,0.000485338117593
200373,0.000775542205835
200370,0.00332117881823
200371,0.0
100939,0.000214944363498
100938,6.16078524319e-06
27420,7.13585429275e-06
102231,0.000314368294617
100931,0.0
100930,0.0011660197387
100932,0.0
100935,0.000311910375525
102232,3.79977085284e-05
100937,3.38470640718e-08
100936,0.000249626654183
101514,0.000676532296079
101515,0.0008314841554
101516,0.000287834083946
101517,0.00040074788969
205656,0.0
101511,0.000447897337016
101512,0.000519611665864
101513,0.00059078640043
204703,3.4060501673e-05
205658,0.0
204700,0.000216441331264
101518,0.0
101519,0.000277072066492
204705,3.03588353447e-05
101005,0.00275320868471
101284,0.0
101285,0.00560666723141
101286,0.0
205097,0.000103359005565
205090,0.000155391871154
101281,0.000282325882993
101282,0.000137328116147
101283,0.000934085239773
201577,0.000204265725094
100026,0.0
201575,0.0
100024,0.00172457530161
100023,0.0
101289,0.0
100021,0.0
201570,0.0
101998,0.0
201972,0.000369079444018
205478,0.0
200119,0.000392659790297
155,6.2701686193e-05
201976,0.0
201975,0.0
101990,2.12983927041e-05
205670,7.80206435357e-06
101992,8.68177193442e-06
101993,0.0
101994,0.0
101995,0.000208382270547
101996,1.8672297013e-06
101997,0.000802610276045
100553,0.000174633927079
200288,0.000184229994056
200289,0.0001186495187
714437,0.0
714436,6.21093625718e-06
201622,0.00100591782068
200282,0.00150326836205
200283,0.000139077586271
714439,0.0
714438,0.0
101621,3.47731573527e-06
200284,0.000138536033246
200285,0.003781697421
203957,0.000188836542894
100827,0.0020229193561
204675,0.000495910831201
203950,1.6974302632e-05
101371,0.000125161679463
101176,0.000501427831962
203959,0.000463012877103
101460,0.000621411765035
201884,0.00274567548047
101464,0.000217141039383
101465,0.0
201881,0.0
101467,0.000217141039383
101468,0.0
101469,0.000277004372364
200576,0.0
200577,0.000460438658998
200570,8.53652699772e-05
200571,2.0886042404e-05
200572,0.000271352322575
201888,0.0
101864,1.11695311437e-06
101865,8.91718629588e-05
101866,0.000213860848137
101867,0.0
200023,0.00046292629531
101862,0.0
101863,0.000267527042505
203005,0.0
202705,0.00035136637213
204054,0.0
101868,0.0
101869,0.000277004372364
205508,0.0
204050,0.0
200596,4.55099662622e-05
200597,4.65397130987e-07
200594,0.00507550034584
200595,0.0
200592,0.0
208566,0.000115850743699
200590,2.52187288614e-05
201107,0.00039758453812
207320,0.0
208569,0.0
202706,0.0
100043,4.51488185642e-05
200598,0.000292018365868
200599,0.00663638426301
203480,0.000485766290257
100650,0.0
203487,0.000214159580465
714328,1.92928265209e-06
714327,0.0
101262,2.22713681593e-05
208369,0.00340864603293
205073,0.0
203710,3.38470640718e-08
203713,0.0
203712,0.0
203715,0.0
100047,0.000347304724441
203717,0.0
203716,0.0
100828,0.00122717770036
27491,0.0
27490,0.0
202992,0.000118798581215
202993,0.0
102344,0.000695151001907
102345,0.000463704777784
202448,0.0
202449,0.0
102348,0.0
28238,0.000364214916883
202445,6.98603402442e-05
202442,0.0
205694,4.23422965982e-06
200139,0.000472152198348
200620,0.000115892347382
200621,0.0
200622,0.0
200623,0.00559361794362
200624,0.0
200625,0.0
200626,0.0
208438,0.0
201850,0.0
203135,0.000130584886865
203137,0.000585972376019
202842,0.0
202843,0.00145652566527
101239,0.0
101081,6.4873539471e-07
718547,0.0
718546,0.0
818,0.000436738069681
29169,0.0
200504,0.0
203826,3.77416672465e-06
101754,0.0
203820,0.0
202198,2.04323443447e-05
202199,0.0
202668,2.0731326744e-07
202669,1.79812527882e-06
202662,0.000933823574209
202191,0.0
202192,0.0
202193,0.0
202666,0.0
202667,1.85312675793e-06
202664,0.0
202665,2.62314746557e-07
725850,0.00013856988031
207010,0.0
207016,0.0
200503,0.0
207014,0.0
208775,0.00026795942981
204408,0.0043557916828
208778,0.000312310366099
101089,0.0
208074,0.0
203445,0.0
102293,0.000115858500318
202289,0.0
202284,0.000176762500438
101752,0.000231717000636
202286,0.0
102185,0.0
102182,0.000277004372364
202281,0.00069060766483
102180,0.0
102181,0.0
102280,0.0
102033,0.000840964153928
203051,0.0
203444,0.000191639453598
207541,0.0
202266,0.0
202267,0.0
202264,0.0
202265,0.0
202262,7.42913037254e-05
202263,0.0
202260,0.0
202261,0.0
101961,0.0
202268,0.0
202269,0.0
203872,2.94265180208e-05
208609,0.0
208606,0.000231717000636
207655,5.212267327e-05
207124,1.86535565517e-05
208605,0.0
208602,0.000366654915588
202369,4.25344771836e-06
207652,0.000115858500318
208601,5.07705961077e-08
202401,0.0
206867,0.0
205572,0.000464308209617
204260,0.000119649371494
201548,0.0
529,0.00171068989817
204261,0.0
200181,0.0
208816,0.0
1230,0.0
203541,7.48960211476e-05
200183,0.000125757373781
101751,0.00120945943221
101528,0.0
203935,0.000159252518321
100862,0.00812895039989
202105,0.000506676751023
206632,0.00023769831747
206635,0.0
206634,0.0
206637,0.0
206636,0.0
206638,0.0
200186,0.000848019390088
201715,0.0
201557,0.0
202810,0.0
203168,3.60866114779e-05
28086,0.000139145280399
28083,0.000669698009725
203818,0.0
26540,0.0
207723,0.0
29620,0.000538761899876
29621,0.00342549142902
202635,0.000231717000636
207903,0.0
100889,0.0
207906,8.3433012937e-05
207909,0.0
208197,0.0
26531,0.00255665384595
201763,0.000276748101736
101729,0.000277275148876
201761,5.80235384088e-08
201766,0.0
201767,0.0
100860,0.0
101723,0.0
101722,0.00022797103281
101721,0.0
201769,0.00262513880117
101727,0.0
101726,0.0
101725,0.000948834986212
101724,0.000138502186182
100122,0.00374222705254
100123,0.0
100126,0.0
100127,1.33003892546e-05
100124,0.000196037243404
101564,0.000600077795596
100128,0.00026819372
100129,0.0
26549,0.0104251902643
207834,4.7752566228e-06
207347,0.000439999074439
101409,0.0
207342,0.000881233566717
207343,0.0
207341,0.000115638494401
206297,0.0
206524,0.0
206294,0.0
206292,0.0
207348,0.000863562578683
206522,0.0
100838,0.0
100839,1.01376657876e-06
26591,0.000307685077131
100830,0.000585190526062
202639,0.0
100832,0.0
101617,0.0
101616,0.00134957847216
200965,0.000377547076189
208671,0.0
101403,1.35388256287e-07
100258,0.000389189994826
101400,0.0
101619,0.0
101618,0.000319758385366
4174,0.0
204904,0.0
101401,0.000696916203529
206431,0.000115217125221
202898,0.0
201165,0.000194192097071
201160,0.00277344535358
201161,0.000898075568843
201162,0.0
100580,0.0
100581,0.0
100582,0.000347947818658
100583,0.000232326247789
100584,0.000348184748107
100585,0.000232190859533
201369,0.0
201366,0.000377684897723
100589,0.0
201364,0.000192638851669
206742,0.0
100232,0.0
100256,0.000889399185091
100230,0.000696617708017
100231,0.000167263728877
201186,0.000163458161971
100906,0.00286271082598
200369,0.00794447091923
200368,0.001314983115
101189,1.44554197298e-05
101188,0.000350052418929
101187,0.000275757467137
101186,0.0
101185,0.0
101184,0.000282564205167
101183,0.000831853652516
101182,0.0
201188,0.0
201189,0.0
208179,0.000154909550491
201302,3.42870759047e-05
208170,7.4382227416e-05
235,0.000357923811437
27012,0.0
208174,0.0
200158,0.0
101926,0.00103880024343
101503,0.00130889863701
101502,0.000160523774745
101501,0.0
101500,0.0
101507,1.33583079537e-05
101054,0.0
205647,0.0
101056,0.0
101058,0.000277613619517
101508,1.09269605179e-05
204846,0.000239072452131
202227,0.0
1,0.00300754857223
205082,0.0
101291,0.0
101290,0.000139754527553
101297,0.00207964350908
101296,0.00163210542954
101295,9.47348385738e-06
203549,0.0
201502,0.00128355152372
201503,0.0
100050,0.000138536033246
200159,0.0
100057,0.000138502186182
100055,9.03716610717e-06
208280,0.000176019447244
101885,0.0
142,0.0
200101,0.00135509414858
200100,0.000469705721214
201984,0.0
200102,0.0
205465,0.0
205464,0.0
201980,0.0
201981,2.8713551554e-05
200299,0.000463434001271
200298,0.000115858500318
204591,3.51787647195e-05
201418,0.0
204594,2.22167158959e-05
202723,0.0
200291,0.00157549351652
200290,0.0
200293,0.000115858500318
204599,0.0
200295,0.000231784694764
200294,0.000231717000636
200297,0.000115858500318
200296,0.000231852388892
203922,2.50243823397e-05
204603,0.0
204600,0.0
102408,0.00043113399065
203926,0.0
203924,0.000243011767458
200438,0.00182266900062
102403,6.27722009099e-05
102402,0.00017890147774
102401,8.46176601795e-09
203929,0.0
102407,0.000415405017353
102406,0.000277004372364
102405,0.0
102404,0.0
200569,0.00387263710598
200568,0.0
201212,0.000479209737951
201213,0.0
101479,5.82505230437e-06
201211,0.000537374608722
101477,2.89282708255e-06
205266,0.0693242390863
101475,0.0
101474,1.89941237088e-05
101473,0.0
101472,0.000191204279805
101471,0.0
101470,0.0
200035,0.00504703112077
205514,0.000231513918251
204028,0.000116439840738
200740,0.000433531194817
101877,0.0
205510,0.000208677048926
101875,0.0095988759431
200744,0.00131338837082
203030,0.0
204020,0.000594615482582
101878,0.0
200039,0.000115858500318
204027,0.0125787953766
204025,1.39940547356e-05
200585,1.25617031978e-06
200584,0.00756923411533
200587,0.000138468339118
200586,0.000999793456343
200580,0.000138502186182
200583,0.00103148081582
200582,0.0
208596,0.0
208595,0.0
200589,3.89547270697e-05
200588,0.0
208590,0.00011579080619
208591,0.000138434492054
714358,6.09247153293e-07
208353,0.0
100970,0.0
208358,0.0
101965,0.0
714350,2.5780180468e-06
205178,0.0
714357,6.09247153293e-07
101987,0.0
202720,0.0
101985,0.0
101984,0.000232055471276
101983,0.0
101982,0.0
101981,0.0
204119,0.0
203724,0.0
204117,0.0
203726,0.0
204115,0.0
101892,0.000138502186182
102211,2.67955923902e-08
101989,0.0
203723,0.0
27482,0.000599204719045
27483,0.0
201084,0.0
202459,0.0
203101,0.0
102359,0.0
204331,0.0
102357,0.000138536033246
102356,0.000115892347382
202457,0.0
202984,0.0
202451,1.61224672242e-05
202450,0.000520387562444
102351,3.38470640718e-08
201082,0.0
206855,0.0
102268,0.0
100646,0.063303461779
207798,2.79238278592e-06
200637,0.0
200636,0.0004145904328
200635,0.0
200634,0.0111342352364
200633,0.0
200632,0.0
202851,0.0
202850,0.000120162718632
202853,0.0
202852,0.0
202855,0.000277446676485
202854,0.0
202857,0.0
202856,0.0
202859,0.0
202858,0.0
100821,8.00422345225e-05
100566,0.0
203589,8.59912935788e-06
200872,0.00395705660726
208346,0.00014817652327
203580,0.0
203853,0.0
203850,9.9494059511e-05
203583,0.000555783008253
203584,0.0024100421716
203857,5.07930816638e-05
203586,0.0
203587,1.26926490269e-07
202679,1.16255263124e-06
202678,2.0731326744e-07
205889,1.65079653048e-06
202671,0.0
202670,3.38470640718e-08
202673,1.16255263124e-06
202672,2.0731326744e-07
202675,1.22131489526e-06
202674,2.62314746557e-07
202677,1.16255263124e-06
102266,0.000968662639317
208760,4.76585466056e-05
208763,0.0
203213,0.0002178539244
203215,6.66221056752e-05
203216,0.0
208766,0.0
203218,4.9854084608e-05
102363,0.0
208061,0.0
202115,0.000344393328483
200951,0.000115892347382
101316,0.0
101317,0.000825032460409
714125,0.0
714121,0.0
714120,0.0
714122,0.0
204861,9.972647741e-05
101315,6.89374207972e-05
102199,0.000115926194446
102198,0.0001734831269
102195,1.31485501761e-05
101312,6.04677799643e-05
102197,0.000174295456438
102196,0.0
202297,0.0
102193,0.0
102192,0.00023178357996
200132,0.00336537269678
201150,0.0
201401,0.0
20,0.000488373646315
202275,0.0
202274,0.000617368261132
202277,0.000698180314141
202276,0.000230952605435
202271,0.0
202270,7.03220998435e-05
202273,0.000261838551572
202272,0.0
100737,0.0
202278,0.0
207139,8.50894345522e-06
203363,5.92893986819e-05
207135,4.67414911417e-05
207134,1.73184144501e-07
207137,4.67414911417e-05
207136,1.73184144501e-07
208611,0.0
207646,0.00157526929684
208613,0.00011579080619
208612,0.00125204837397
202186,0.0
202182,0.0
202181,0.0
202180,0.0
206248,0.0
513,0.00150222317886
200972,0.000839450680019
202189,0.00013852757148
202188,3.38470640718e-08
203113,0.00156788209589
208745,0.0056895648479
202729,0.0
201148,0.0
203112,0.055220838558
101604,0.0
203568,2.94469457425e-05
101605,0.0
26576,0.0
101606,0.00130466341813
206195,0.0
206193,0.00034771088921
207737,0.0
207735,0.0
207733,0.0
206604,0.0
206240,0.00103728029316
206606,0.000347575500953
206355,0.0
206352,0.0
206601,3.21319111098e-05
206602,0.0
206603,0.0
2,0.0160464283409
28095,0.000278459796119
102323,9.02588375248e-08
205343,0.0
28099,0.000289646250795
206050,0.0010021415343
206994,0.000736394119577
206996,0.00016234969885
203118,0.000343503829859
206991,0.0
207919,0.0
207606,0.0
207917,6.09247153293e-07
102326,0.0
207915,0.0
101412,0.0
206999,1.61646109857e-05
207911,0.0
102327,2.03082384431e-07
201771,0.0
201770,5.92323621257e-07
201773,0.00158394781505
201775,0.0
201774,0.0
26524,0.0
201776,0.0
201779,0.000218178175007
201778,0.0
201983,0.0
102325,0.0
100754,0.0
201399,0.000329105266212
100131,0.0
10,0.00366697273553
13,0.000115892347382
206751,0.000171419654835
102052,0.0
101814,0.0
207600,0.0
202979,0.0
203453,9.05674945656e-06
100637,0.00841310105302
207822,3.45273777476e-05
101816,0.00049433355018
207351,0.0
208830,0.0
207825,0.0
206510,0.0
206511,0.0
206512,0.000956578865276
207359,0.0
101810,7.78820944292e-05
205835,0.0
208389,6.12324157082e-05
101662,0.00116701292213
101663,0.0
101660,0.000426405313177
101661,0.000426405313177
101666,0.000218228945603
207609,0.0
101664,0.000937394439469
101665,0.000830302328746
205209,0.0
101668,0.00100659476196
101669,7.17896228963e-05
204930,0.000115723112062
204931,0.0
204932,0.000415371170289
206777,0.0
204936,5.3083247296e-05
204939,0.0
200379,0.00293379424176
206778,0.0
206779,0.0
207336,0.000279985734591
714201,0.0
208383,6.37361727022e-05
206172,7.18159931618e-07
100599,0.000254462227692
208382,0.0
100597,0.000465267383909
100224,0.0
100595,0.0014686184689
100594,0.000138603727374
100593,0.0048152976996
100220,0.00014325628839
100222,0.00043169662344
201195,0.0
200359,0.00905226328151
208165,0.0
100910,0.000309896733977
201190,4.21226712374e-05
201193,0.0
201192,0.00050377389383
200350,0.0023120014052
205183,0.0
205181,0.000695980254977
200354,0.0
200355,0.0
200356,0.0
208386,0.0
204856,0.0
26187,0.000233477047967
204851,1.39220455057e-05
208799,0.000103323453654
718608,0.0
202902,0.000138494429563
202900,7.61558941616e-06
205678,0.0
200828,6.29698212019e-05
200829,0.0
101064,0.0
200827,0.0
101066,8.46176601795e-07
101067,0.0
200822,0.0
200823,0.00200217676899
200820,0.0
201519,0.0
100048,0.000954506177559
204896,1.59620896156e-05
100823,0.0
100822,7.47916694402e-06
101268,0.0
101269,0.000371507490694
100041,0.0
205077,0.000280432704935
205074,0.000613207873575
101265,0.0
205072,0.0
101263,0.00373078624398
205070,0.0
101261,0.0
101086,0.000231581612379
205697,5.48794671257e-05
101084,0.0
101085,0.000138434492054
101082,0.00011579080619
205693,0.0
101080,0.000434446089546
205691,0.000784973627272
201995,0.0
201991,0.0
101088,6.92003224948e-05
201992,0.0
204582,0.0
205068,0.0
208293,0.0
208144,0.0
204588,9.55653804539e-05
24985,0.0
204611,0.0
203849,8.12692747277e-05
203932,0.0
204615,0.0
203934,0.00125904587299
203937,2.58123256927e-05
102111,0.00197837165444
204619,7.72582602435e-05
204618,0.0
714452,4.48473598952e-07
204538,0.0
201206,0.00313071213658
201201,0.000979841665713
208143,0.0
202998,0.0
201202,0.00097877340458
101402,0.0
205213,0.000126114160732
205210,0.0
205211,0.0
201209,0.000226467926529
101404,0.0
101405,0.0
204038,0.000102665595455
205523,3.31983286771e-06
101888,1.83168980366e-05
205527,0.00269302863687
101886,0.0
205529,0.00361235534432
101884,0.0
204032,0.000139083526602
101883,0.0
101880,0.0
101881,0.0
102216,0.00011581055031
202304,0.0
101341,0.0
208589,0.0
208588,0.0
208414,2.37437154464e-05
100185,0.00133766981918
203186,0.0
714349,1.75440615439e-06
714348,2.30160035688e-06
204654,0.0
205654,0.0
208349,0.0
201600,3.71344523203e-06
714341,0.0
714340,0.0
208344,5.47763961406e-05
201603,2.39880935995e-05
203844,0.0
205326,0.0
205455,1.82108718193e-05
200136,0.0
205325,0.0
205450,0.0
205716,2.03148198167e-06
205320,0.0
200133,0.00608656567366
204105,0.0
201605,0.0
203731,0.000905930664703
203846,0.0
203737,0.0
205459,0.0
204103,0.0
101319,3.4922161665e-05
204325,0.0
204324,0.0
203447,3.00804533162e-06
102329,0.0
203117,5.33388048281e-05
201607,9.58118882633e-05
200531,0.00566679057001
102037,0.0
202460,0.0
202461,0.0
202462,0.0
202463,0.0
202464,0.0
202465,0.0
202466,0.00230109052205
202467,0.0
201609,0.000688002522234
200648,0.000231717000636
200649,0.00119455196629
201608,8.05893737869e-05
200642,6.69620085366e-05
200641,0.000697837859944
200646,0.0
200647,0.0
202883,0.0
205094,0.000115858500318
202868,0.0
202869,0.0
203591,0.000173347738644
100867,0.00030620780818
202864,0.0
202865,0.000831599822294
202866,0.00147304767765
718588,0.0
202860,0.0
205096,0.0
202862,0.0
202863,0.0
203027,0.0
203848,0.00152234540307
203025,0.0
203024,0.0
203022,0.0
102218,0.0
102219,6.96651823708e-06
203841,0.0
102217,0.000115756959126
100817,0.0
102212,0.000431828223729
102213,0.0
102210,2.41106386154e-06
201473,0.000481155986403
202886,0.000234553102546
202887,0.00025719678841
102034,0.000482903114584
102035,0.0
202882,0.0
201579,6.65233135381e-05
102030,0.0
102031,0.0
102133,0.0
205093,0.0
200269,0.0
718582,0.0
102038,2.03082384431e-07
102039,0.000323222538354
200303,0.00274081408581
207039,0.0
203209,2.75102758343e-06
201576,0.004068196218
208754,0.0
208755,0.00016572806609
208756,0.0
202889,0.0
208750,0.0
208751,0.000524733724311
100376,0.0
714118,0.0
714119,0.0
201574,0.0
102036,0.0
205098,0.0
714113,0.0
201515,0.0
205099,0.000704721259273
207576,0.0
200305,0.00182002075223
202891,2.08836385323e-05
203291,8.20932333175e-05
101122,0.0
208759,0.0
201973,0.0
202398,0.0
202089,0.000369982257369
202086,2.76115510853e-05
202087,1.48808969765e-05
202085,0.00183324009259
25799,3.33721357016e-05
201971,0.0
60,0.00115209756584
61,6.92172460269e-05
202242,0.0
201970,0.0
202244,0.0
202245,0.00302370647722
202246,0.0
203206,0.0
202248,0.0
202249,0.0
207036,0.0
205204,0.0
208628,3.4887861292e-05
208629,0.0
202399,0.0
203204,0.000100243721426
101346,0.00129366146191
100668,2.09682561925e-05
201517,0.0
207102,0.000375713937587
208624,3.4887861292e-05
207105,2.7768473193e-05
208626,3.4887861292e-05
208627,0.0
202644,5.03929847624e-05
200112,3.57086525958e-06
202646,0.000863971695731
208869,0.0
202640,0.0
202641,0.00023534159699
202642,0.00023534159699
202643,2.75884128563e-05
208753,0.0
201979,2.15352695075e-05
207690,4.17032797937e-05
200111,0.0
1216,0.000231717000636
207695,0.0
207697,0.0
204686,0.0
205477,0.0
208862,0.0
206189,0.0
714299,0.0
200114,0.000940675351309
208863,0.0
200115,0.000115858500318
208860,0.0
206185,0.0
207743,0.0
206619,0.0
26679,0.00114084067984
207747,0.0
207212,0.0
206613,0.0
206612,0.0
206611,0.0
207749,3.4067283286e-05
206616,3.90859549577e-06
206343,0.000117951657877
206614,0.0
100841,0.000197590468833
205173,0.000231717000636
207580,0.000440887307134
206646,0.0
207583,2.34385795907e-05
28064,0.00144475628873
28066,0.000277105913556
207588,0.0
207589,0.000246295025151
101889,0.0
28062,0.00505328962132
28285,0.0
714298,0.0
207962,0.000977741795812
207960,0.0
207967,0.0
101871,0.0
201748,0.00250727210431
100699,0.0109663167713
26519,0.000496065391625
26517,5.04683935364e-05
100695,0.00123670835768
201746,0.000138434492054
26514,0.0
100690,0.00100996198153
100691,4.90810634928e-05
26511,0.0
100693,0.00290951569889
206505,0.0
207642,0.0
206502,3.1122375414e-05
100458,4.23088300898e-07
102042,0.0
100104,0.0
100457,0.0
100107,6.79651632102e-05
100452,0.0
102041,0.0
100450,0.0
206508,0.0
207362,0.000231446224123
208803,0.0
207364,0.000415269629097
101175,0.0
208806,1.3183431456e-05
208807,0.0
207369,3.52291525214e-06
100241,4.63983702664e-05
202344,0.0017386013831
204677,0.000182244701837
201448,0.000317313465427
102045,0.00104272650286
204676,0.0
202739,0.0
101529,6.84274811985e-06
101671,5.75400089221e-07
101670,0.000701835797061
101673,0.0
101672,0.000469120308035
202757,0.0
101677,0.000234695542274
101679,0.0
101678,0.0
206762,7.2011111394e-05
206760,0.000414871781272
206767,0.0
204928,0.000831967255082
26463,0.0
102112,0.000101849052274
206768,0.000327353757051
101659,0.000426405313177
714313,3.8670270702e-06
201698,0.0
206448,7.6450363619e-05
201340,0.0
100211,0.000429090983691
201343,7.83201375788e-05
100214,0.000219297160876
201697,0.0
208112,0.0
217,0.00819752405718
208110,0.0
200826,0.00113928076667
200238,0.0
208114,0.0
208115,0.0
205191,6.93244683308e-05
205190,0.0
208118,5.07705961077e-08
205195,0.0
205194,0.0
205196,0.000115858500318
207897,0.0
100029,0.0
204824,0.0
101652,0.000373056699022
100998,0.0
100788,0.000208057902849
100180,0.000153895012349
101414,0.000277004372364
100074,0.000524286236265
100075,0.00185609672621
201526,0.0
100789,0.00019007764902
200839,0.0
200838,0.0
201522,0.0
100073,0.000958767392122
101073,0.000273269912961
200834,0.00110913444257
101071,1.86271675942e-05
205985,9.95591880601e-05
100078,0.000798792360955
100079,0.0
200833,0.00224526073442
101074,0.0
100852,0.00589948199742
100853,0.000242319871118
100674,0.000100120779635
100028,0.0
100856,0.00375892893468
101278,0.0
100854,0.00133975784818
101288,0.000159971802011
205065,0.0
200578,0.00206168405598
101277,0.000122483122914
100859,0.0023694204328
27200,0.000660918457383
101270,0.000231717000636
101273,2.18872392394e-05
201882,6.88461015526e-05
101095,0.0
101094,0.0
205092,0.000424450809761
101096,0.0
101091,4.40011832934e-07
101090,0.000237331374194
101093,0.000172243525188
101092,0.000307970252116
201880,0.0
206026,0.0
204776,1.34208615801e-05
200575,0.00101345272961
208026,0.000134362654429
201739,0.000290750006464
25183,0.0
208020,0.00141222297842
201738,0.0
202240,0.0
101342,0.0
203909,9.37634757541e-05
202241,0.0
204624,0.000108341040551
204625,0.0
203900,1.12823546906e-08
204621,0.000136053915214
203902,9.45029303247e-05
204623,0.00034762627155
101419,0.0
201735,0.0
200345,0.000115858500318
200344,0.000115858500318
200343,0.000695151001907
200342,0.0100755546292
200341,0.000231717000636
200340,0.000261546486702
101411,0.0
205200,0.0
208162,4.58332838448e-06
200573,0.00462557361692
101415,0.000153718865559
201737,0.000626318235235
205207,0.000334733268946
205206,0.0
203694,0.0
205506,0.0
203696,1.70702026469e-05
203697,0.0
101899,0.000138502186182
101898,0.0
200027,0.0
101895,0.000343625760584
201731,0.0
101897,0.0
200014,7.55917764271e-07
203698,0.0
200012,0.0
101893,0.0
26563,0.000368361973081
714374,3.7231770479e-07
204665,0.000114681617988
201832,0.0
200127,0.0
714372,0.0
714373,0.0
208161,0.0
205503,0.0
208224,0.00020967127957
205500,0.000382137518409
208402,0.0
205501,0.000863697966939
204486,5.96554504266e-05
204138,0.0
200122,0.000231596755415
205441,0.0
200120,0.000415303476161
101301,0.000174999581143
205446,2.66376394245e-05
101303,0.0
101302,8.39190426981e-05
204130,0.000115824653254
200232,0.0
204132,0.0
204133,0.0
204134,0.0
204137,0.0
203471,0.0
203472,0.0
203475,0.0
204317,0.0
102331,6.76941281436e-08
204319,0.0
102333,0.0
102332,0.0
102334,0.0
102337,0.0
102336,4.91227469665e-05
200659,8.40103874383e-05
200658,0.0106166302914
200028,0.0
24131,0.0
200231,0.0
200651,0.00405871914271
200650,0.000442171613671
717904,0.0
200029,0.0
10031,0.0
200654,0.000678106106208
200657,0.0
200656,0.00146912125775
208246,0.0
208247,0.0
202879,0.0
202878,0.0
208242,0.0
27535,6.42630532734e-05
208240,2.59355322241e-05
100022,3.93711664204e-05
202873,0.0
202872,0.0
202871,0.0
202870,0.0
202877,0.0
202876,0.0
202875,0.0
208249,1.69235320359e-08
204556,6.76941281436e-08
203053,0.0
205009,0.000165872239476
204007,2.58958246036e-05
102209,0.0
102208,0.000409184537865
204550,0.000485791652581
205212,0.0
102205,0.000120768630631
102204,0.000484213408979
102207,0.000172894766514
102206,4.50609207572e-05
102201,0.0
102203,0.000104741865535
102202,0.0
102025,0.000542424587049
102024,0.0
102027,0.0
102026,6.94795607734e-05
102021,0.000439398523336
202890,0.000405230184455
102023,0.000114610221392
102022,0.0
205755,0.000825791365042
200458,0.0
102029,0.0
102028,0.000657343831339
208625,0.0
208749,6.29436691962e-05
208748,0.0
207023,0.0
7017,0.0
208741,0.00143703525236
208740,9.27582564731e-05
207027,0.0
208746,0.000108179564509
207025,0.0
202645,7.61558941616e-08
200452,0.00214522206921
202476,0.0
202474,0.00019555761797
202473,0.000260667631062
202472,0.0
202471,0.0
202470,0.0
101900,0.0
202479,0.0
202478,0.0
101569,0.0
205992,0.0
201688,0.0
202885,3.68932998383e-06
204452,0.000279817511865
202095,0.0
202094,0.0
202097,0.0
202096,9.2606321696e-05
202091,0.000109354436304
202090,3.6731774127e-05
202093,0.00039301518447
200235,0.000319180597082
203306,0.0
208636,6.09247153293e-07
102242,0.0
203303,4.82748765704e-05
208631,0.0
208630,3.4887861292e-05
202257,0.0
102245,0.0
202255,0.0
202254,0.000107563334356
202253,0.0
202252,9.05382109566e-05
203308,0.0
202250,0.0
200113,0.000522025560043
100373,0.0
204455,2.66968717866e-06
100778,0.000277410537133
207396,0.0
200500,0.00107340192522
200234,0.00442013123585
205216,0.0
202653,0.0
202652,0.000231717000636
202657,0.0
202656,0.0
202655,0.0
202654,0.0
200579,0.0
29416,0.0
29414,0.0
207688,6.22058510925e-05
208169,7.4382227416e-05
207683,0.0
207693,0.0
201679,0.0
207694,0.0
714320,0.0
202880,0.0
206379,0.000231717000636
207752,0.0
100776,0.0
200357,0.00274790477305
207204,0.0
206370,0.00064878819017
101149,0.000579292501589
203769,0.0
206373,1.66918408235e-06
206375,7.08838266211e-05
205841,0.0
207593,0.00254960207569
207592,0.000225214445108
207596,0.0
28078,0.000946025440807
207594,0.000173787750477
28076,0.0
207598,0.000173787750477
101076,0.000295423005285
202881,0.0
203714,0.0
201047,0.0
100775,0.0
205575,0.000141011987445
101256,0.0
206976,0.0
206977,0.000164089636026
206974,0.0046923566387
208641,0.0
100689,0.0
201758,4.35176538066e-08
206084,0.0
201753,0.000154511847488
26501,0.0
100687,0.0
201756,0.0
100685,0.000923314060815
100684,0.00157153022544
206262,0.0
100119,0.00285170549841
206576,0.000211696381929
100098,0.0
202364,0.0
206575,0.000211696381929
100113,2.14364739121e-06
100855,0.0
206579,0.000186995137363
100441,0.000361256539096
100116,0.0
100443,0.0
100442,0.0
101343,0.00020623713476
100428,3.17010494008e-05
208819,0.0
208818,0.0
208817,0.0
205718,1.04361780888e-06
207375,0.00326927167498
208812,0.0
207371,0.0
100773,0.000415608099738
203500,0.0002769705253
207729,0.0
202991,0.00072685712969
208647,0.0
200952,0.000656623456332
100255,0.000231717000636
208082,0.0
200953,0.000564593688322
205318,0.0
200938,0.000131701665344
101649,0.0
101644,0.0
201432,1.80803088157e-05
206880,0.0
6728,0.0
206886,0.0
26479,0.000341316028225
101642,2.43698861317e-06
200933,0.000256681065933
100206,0.0
204958,0.0
206180,0.0
201353,0.013206142964
102346,0.0
206798,0.0
100200,0.00566926010621
206796,0.0
204953,0.0
206794,8.05870389663e-06
202997,0.000231717000636
100652,0.0
206790,0.0
28147,0.000138502186182
201689,0.0
202446,0.0
205448,0.0
28103,0.000128483455217
205753,0.000561347093334
28101,0.000289646250795
206407,0.000102583564264
201683,0.0
201685,0.0
206403,0.0
206401,0.0
208100,0.000759697768345
208103,0.0
100858,0.000940829113011
208104,0.0
208107,0.0
208108,0.0
201441,0.0
202443,0.0
100874,0.0
207741,0.0
201430,0.000843652880081
100559,0.0
201420,3.10421453362e-07
204839,0.0
204838,0.0
206394,0.0
101783,0.0
201021,0.000517724465276
100063,0.000780666881868
100062,0.00147982894935
100061,0.0112796702991
100060,0.000369948410305
201537,0.0
100066,0.000860069634759
201535,1.12823546906e-08
100064,0.00101978100755
100870,0.0
200802,0.000397024474208
201538,0.0
200804,0.00798737195977
200805,9.19585360169e-05
200806,0.00065927384062
201424,0.000167055945511
101248,0.0
205059,5.07705961077e-07
101798,0.0
100842,2.11544150449e-07
100660,0.000832028529013
100663,0.00152697644854
100662,0.0
100849,0.0
101793,0.0
101242,2.03082384431e-07
101243,0.000116027735638
101244,0.0
101245,0.0
101246,0.0
101247,0.0
206809,0.000202518630328
200245,0.0
205983,0.000150298388436
200243,0.000143981020698
193,0.00128968761959
202888,0.000279840474274
201245,0.0
200741,0.000333652042181
206615,2.39295217252e-06
208035,4.84737062738e-05
208034,0.0
100608,0.000646467641417
208031,0.00112660093792
206675,0.000159698416912
206989,0.0
208032,0.000691607316343
101424,0.0
205235,0.000216135828209
101426,0.0
205237,6.75788986085e-06
205230,0.0
205231,0.0
101422,0.0
205233,0.0
203913,0.000422270330183
204632,0.0
203911,0.000963013792767
203910,0.0
101428,0.0
101429,0.000121481708834
204635,0.0
204634,0.0
200332,1.18464724251e-07
200333,9.08511611461e-06
200330,3.5720287524e-05
205675,2.69993395463e-05
26258,0.0
200337,0.0692645624145
200334,1.35529285721e-05
200335,0.000217749786909
200339,0.000115858500318
100647,0.0006326774451
203683,0.0
203680,0.0
203685,0.0
203684,0.0
200790,0.00171319268766
200791,9.19585360169e-05
200792,9.19585360169e-05
200144,0.0
200794,6.30614052684e-05
200067,8.93562491496e-07
200796,0.0
200797,0.0
714363,1.38772962694e-06
714362,8.80023665867e-07
204495,0.0
100202,0.00167040655349
204492,0.000114706381813
204491,0.0
25234,0.000138502186182
714368,0.0
207195,0.0
204498,0.0
208329,0.0
204126,0.0
204124,0.000277363785067
208510,0.0
204121,0.0
100357,1.43060257477e-05
201119,0.00382318337661
205300,0.0
101331,0.0
101333,0.0
200488,0.00130186269424
200489,0.0234259425491
205306,0.0
205307,0.00179160337826
200484,1.94690051904e-05
205309,0.0
200486,0.000691467656639
200487,5.59033623448e-06
200480,0.0
200481,0.000917974705262
200482,0.00282111924466
200483,0.000483205225683
200664,8.03429278956e-06
206983,0.0
200666,0.0
200667,0.0
200660,0.000167590635104
200661,0.000283652217806
200662,0.0
203468,0.0
204305,0.0
200668,0.000162473416579
200669,0.0
203460,0.0
200466,0.00333709712745
200467,0.000125532837406
200464,0.0148277750311
200465,0.000615964428156
200462,0.00253935543334
200463,4.058954698e-05
200460,0.000407646537071
101931,0.0
101955,0.0
718552,0.0
205447,0.0
100606,0.000520173856197
101068,0.000173742621058
200468,0.00172775362392
200469,0.0
208254,0.0
208257,0.0
208256,0.0
208251,0.0
203866,0.0
208253,0.0
203864,0.000287643250467
202986,0.0
203869,5.48627346957e-05
208259,0.000463434001271
202439,5.92323621257e-08
203041,0.0
102239,0.000127527275657
204010,0.0
207030,0.0
208006,0.000173749793311
203049,0.0
203048,0.0
204019,0.000157149850534
102233,0.0
204549,0.000463147966717
204548,6.03194640099e-07
102237,0.0
102020,8.16302447798e-05
101433,0.00142509199807
206863,0.0
203432,0.00144868913401
100848,0.000151930854978
102019,8.1912303647e-05
202314,0.0
202315,0.0
101431,0.0011408051008
203268,6.0163434529e-05
714170,5.24629493113e-07
100642,0.0
101957,0.000689904706976
714174,5.41553025149e-07
202924,0.000739829126482
203260,4.48854378422e-06
203263,9.71230368587e-05
27560,0.000284443317737
203265,0.0
203266,0.0
202792,2.66319982472e-05
202793,6.44560923474e-05
202791,2.66319982472e-05
202794,0.0
202795,0.00052832934558
202798,0.0
200540,0.000528920180651
202402,2.77008250673e-07
202403,0.0
102306,0.0
102307,3.21547108682e-07
102300,6.76941281436e-08
202407,0.0
202404,0.0
202405,0.0
100698,0.00949775041854
202408,0.0
202922,0.0
102308,1.15080017844e-06
102309,6.09247153293e-07
202213,0.000161913072165
206320,0.00594609900485
204639,0.00230039193404
101324,0.0
200413,0.000570692800521
200543,0.000650347210618
100640,0.0
101951,0.0
203314,0.000498233813187
725783,6.76941281436e-08
725782,0.0
203311,0.0
203310,0.0
203313,0.0
203732,0.0
202222,0.0
202223,0.0
202221,0.0
202226,0.0
100696,0.000141026510909
202224,0.0
202216,0.0
29404,0.0
100826,0.00127243122502
208480,0.0
101536,0.000347716060289
201740,3.39878409956e-05
202214,1.69235320359e-08
29408,0.0
101538,0.0
201741,0.0
202190,0.0
101065,0.0
100692,0.023718420045
102453,0.0
101119,0.000231547765315
201743,0.0
202660,0.0
202661,0.0
202194,0.0
101025,0.000207607294222
202195,0.000369982257369
26650,6.00785387275e-06
101532,0.000213301690591
202134,0.0
202135,0.0
202132,0.000222723573707
202133,0.0
202130,0.0
200328,0.000231717000636
204022,0.0
202197,0.00319693160605
100554,0.0
101022,0.00023192008302
202138,0.0
101531,0.000144429747297
203439,0.0
26863,0.000483645887152
200544,9.03674197062e-05
207764,4.61196334258e-05
205833,0.0
207766,1.06872104807e-05
205831,0.0
203227,9.28960879338e-05
101537,0.000295032164865
208790,0.0
208792,0.0
207158,0.000228091230749
100768,0.0
102225,0.032004611945
208797,0.0
207566,7.63251294819e-05
207567,1.35388256287e-07
207562,0.0
101589,0.0013015833353
207561,0.0
102071,0.000149315416647
208774,0.0
206967,0.0
101060,0.00210540133007
203736,0.0
100596,0.000441743674379
206093,6.81116760025e-05
200511,6.58343896898e-05
102263,0.0
200403,9.59943196295e-05
200128,0.0
207018,0.0
24,0.000116061582702
27,0.00332256860367
206565,3.29852165004e-05
206564,0.0
22,0.0
100470,0.0
203735,0.0
26786,0.00228749687898
208676,0.0
208868,0.0
207309,0.0
205550,0.0
207302,0.0
208804,5.62136270988e-05
207300,0.0
208861,0.0
207306,0.0
208867,0.0
208864,0.0
24732,0.0
100694,0.0070791597349
205305,0.0
202290,0.0
205445,0.0
101347,0.0
201449,0.0
101872,0.0
100782,0.000277410537133
206898,0.000145274238649
100780,0.0
203063,0.0
100786,0.000208057902849
100787,0.0
100784,1.35388256287e-07
206667,0.0
200923,0.000115858500318
206890,0.0
101651,3.38470640718e-07
28822,0.00172961775716
206895,0.0
206664,0.0
200414,0.0
206896,0.0
100272,2.94714848639e-06
204948,0.00173228144162
206789,0.0
206788,0.0
206785,0.0
204940,0.00012208333183
202468,0.0
204942,0.0
206781,0.00547270502202
204944,0.00336445783832
206783,0.0
206782,0.0
207417,0.0
28131,0.00337656796344
207947,0.0
206912,0.0
207410,0.0
201573,0.0
206870,0.0
206417,0.0
206144,0.0
206411,0.0
207418,4.3307995645e-05
207419,0.0
101959,0.00071554385801
101476,2.94714848639e-06
208138,0.0
208139,0.0
203002,0.0
201889,0.00151252487834
208134,0.0
208136,0.000768224803195
208130,0.0
208132,0.0
200817,0.00174360429234
200816,0.0
200815,0.0
200814,0.00162928422795
204808,0.0
200812,0.000369982257369
200811,0.00530297803081
200810,0.00607150901814
204804,0.0
204806,0.0
100697,0.0183298216331
200819,0.0
200818,1.12823546906e-08
205046,0.0
205045,1.0831060503e-06
205042,0.0
205041,2.20682857748e-05
560,0.00272323323403
101692,0.000231852388892
100094,0.0
100092,0.0
101330,0.000154279007893
205048,7.78482473652e-07
201780,0.0
101788,2.94714848639e-06
201782,0.0
100653,0.00110828826597
100654,0.0
100655,0.00041645427634
100656,0.0
100657,6.76941281436e-08
201788,0.00338455837076
100875,0.0
100304,0.000147805365327
101782,4.06164768862e-07
101785,0.0
101784,0.0
101787,0.0
101786,0.0
714419,0.0
714418,0.0
101980,0.0
200257,0.0
718539,0.0
200251,0.0
200250,0.0
200252,0.0
100896,8.46176601795e-08
100897,0.000116484671003
204945,0.0
207325,4.64638490572e-05
100892,0.000465210972135
100893,0.0
100890,0.000754090022811
100891,0.000588397361824
208001,0.0
100898,0.0
100340,0.0
205223,0.0
101432,0.000133932832532
205221,0.000160813159476
101430,0.000876043128571
101437,0.000116636982791
101436,0.00138894812125
101435,0.000138671421502
101434,0.00068508083913
101439,0.000579867901678
101438,0.0
101581,0.0
102183,0.000167027833644
200325,0.00236854509667
200954,0.00172626118445
200327,0.000231717000636
208096,0.0
200329,0.000115858500318
201253,0.0
202283,6.37743618652e-05
201256,0.0
208095,0.0
201254,0.0
201255,0.0
200079,0.000894643590606
200078,0.000871999904742
203678,0.000245088479311
101156,0.00011596004151
203676,0.0
200070,0.0
203675,0.000739693738225
101580,0.0
201572,0.000231784694764
200077,0.000285479888751
200076,0.000262836202887
201811,0.000764872842332
201812,0.0
201813,0.00348135449304
201814,0.0
208091,0.0
201816,0.0
714399,3.91497707764e-06
201819,0.0
714394,1.28618843473e-06
100899,0.0
204633,0.0
204917,0.0
204152,0.000687397095896
204153,2.36128201715e-05
204151,2.36128201715e-05
204156,0.0
200302,0.000916981089887
205705,0.0
201400,0.0
100829,0.0
101587,0.0
100658,0.0
201652,0.0
204795,0.000101899638766
187,0.0
101329,0.000475043092192
101328,7.22654405355e-06
101327,1.52899724362e-05
205316,0.0
101325,0.0030499174269
200490,0.0
200497,0.0
205312,2.90577045057e-05
101321,3.17010494008e-05
204658,0.0
200673,0.00495398632124
100603,0.0
203418,0.0
200670,0.00109420823942
200677,0.0
200554,0.000388956469562
200675,7.41767932945e-05
200674,0.000733360200185
101586,0.000115858500318
100659,0.0
203410,0.000136696074659
204371,0.0
203414,0.0
101009,0.000542154266244
200475,0.0226710715674
200493,0.000980520185911
200477,0.00214043625899
26583,0.0
101921,0.0
101920,0.00150930828109
101923,0.000174525212413
101326,1.0820091547e-07
203783,0.0
200121,0.0
101929,0.0
101928,0.00171158088627
203785,0.00098084317734
102227,0.0
208261,0.0
208262,0.0
200559,0.0
201067,0.000503683808346
203898,2.57866495332e-05
208267,0.0
203896,0.00115679915575
205313,0.0
203894,6.10681229104e-05
203892,0.0
102229,0.000277342843004
203970,0.0
200787,0.0
204571,0.0
204572,0.000695726401996
204573,0.00323022705889
204574,4.45653010279e-07
205311,0.0
101771,0.00747948185818
206775,0.0
203075,0.0
101320,0.0
203845,0.0
203071,0.0
200789,0.00332198633706
200788,0.00369310622546
203254,0.00107419237554
203527,0.0
203524,5.57577617666e-05
203787,0.000776608358132
203250,0.000287355192954
203523,0.000613007232245
203252,3.41043210511e-05
202305,5.60422763369e-05
202229,0.0
102004,0.0
203258,0.000360291890973
102002,0.0
102001,0.000276902831172
102000,0.000115756959126
714161,8.12329537724e-07
10474,0.00172677002657
200230,0.0
204379,0.0
203090,0.0
101358,0.000491066086242
101178,0.0
101338,0.000634659061773
203753,0.000129349630576
202781,0.0
202780,0.0
202782,0.0
202785,0.0
100009,1.12823546906e-08
202787,0.000115892347382
202786,0.0
202789,0.0
202788,0.0
100616,0.000968669126671
207160,0.000110039452733
206331,0.0
200376,0.0
102312,0.0
102311,0.0
102310,0.0
102317,0.0
102316,0.0
102315,6.09190741519e-05
204373,0.0
202419,0.0
206549,0.0
101339,0.000897483814251
203752,0.0
200679,0.00395859700483
201303,1.7431237997e-06
26791,8.46176601795e-07
26793,0.000138502186182
200678,0.00341484868951
26795,0.000334476687158
203458,0.0
200377,0.0
202239,0.0
202238,0.000129271369188
207172,2.65942997364e-05
207175,0.0
101790,0.000459338812082
203326,0.000236518935326
204401,8.70217580425e-05
202231,0.000191311409763
208658,0.00185937299037
202232,0.0
202235,0.00141914682931
200553,0.00141513031897
202237,0.0
202236,0.000207854796261
101925,0.0
200474,4.879362536e-05
200374,0.0
200778,0.00176217423105
101791,0.000404616839872
27485,0.000696350691869
200404,0.0
208604,0.0
207021,6.09622601417e-05
101204,1.44554197298e-05
201588,0.0001508732881
200473,2.38028876522e-05
205198,0.0
207122,3.79969323869e-05
1261,0.0
101922,0.000813700343818
661,0.0
202125,0.0
202124,3.38470640718e-08
206310,4.33415013283e-06
202121,0.0
202120,2.52265615913e-06
206314,9.02145699526e-06
206315,4.32570304059e-05
207558,0.0
202129,0.0
200770,0.00131640798544
208117,0.000138502186182
205828,0.0
201451,0.0
101364,0.0
200776,0.0203491369807
205823,0.0
200461,0.00353360079493
101359,0.0
200777,0.00110963401267
101542,0.000817771393469
714329,5.12783020688e-06
203571,0.0
207578,0.0
200123,0.000254240441279
200556,0.00144903622263
8,0.0
101845,0.0
205193,0.0
208781,0.0
207572,0.0
204998,0.0
207794,1.48927081916e-06
101650,0.0
207796,0.0
201621,0.00474713240389
102226,3.68684383794e-05
206950,0.0
206952,0.0
207799,0.000468172590241
101794,1.01541192215e-07
100467,0.000115858500318
100276,0.0
102224,7.08943079835e-05
200557,0.000729522858066
100461,0.0
714301,0.0
714300,0.0
101482,7.15865405119e-06
206558,0.0
208266,0.0
206711,0.0
101795,0.0
206551,0.0
206221,0.000333732051748
102409,1.79389439581e-06
207318,0.0
205291,0.0
205379,0.0
206433,0.0
860,0.000927240320247
202711,0.000368974137615
207313,0.0
207315,1.37308468098e-05
200048,1.15587723805e-05
204827,0.0
102467,0.0
319,0.000248939814976
203042,0.0
311,0.000132448126142
200401,0.00103985605189
100790,0.000275363847477
100793,0.0018476364554
100792,0.000996460178709
100795,0.00222449777914
208547,2.21167277377e-05
100799,0.00529343259077
102228,0.0
204978,0.00187171924686
204979,0.000195352463484
206948,3.99095668501e-06
100260,0.0
100263,7.09255293382e-05
201332,4.23088300898e-08
100265,0.00315395971845
100264,7.09255293382e-05
203045,0.0
100269,0.000285991452875
100665,0.0
206131,0.0
200785,0.00982531301953
207953,0.0
207404,0.0
207406,0.0
207401,0.0
28129,0.00191819745967
101818,1.52311788323e-07
201456,0.0
206422,0.0
207958,2.55455800199e-05
206136,0.0
207408,0.0
206426,0.0
201524,0.0
208128,0.0
203367,0.00120227126617
100664,4.40011832934e-07
208123,0.0
208121,0.0
200780,0.0
208127,0.0
101079,3.63386596175e-06
200831,0.000138434492054
205333,0.0
200862,0.0
200863,0.00149320099923
200860,0.0
100077,0.000184702104552
200866,0.0
200867,0.0
200864,0.000115858500318
100070,0.0
200868,0.00241588628308
204810,3.28227098389e-05
204817,1.16185803263e-05
205484,0.0
204002,0.0
101223,0.0
100072,0.00615707785755
100400,0.000252333048363
200558,0.000939339482737
100083,0.0
101696,0.0
6644,0.0
206044,0.00055678267314
100868,0.000555547132964
206042,0.000109317233817
201458,0.0
101072,0.0
201025,0.000737653969421
201796,3.38470640718e-07
100861,0.000256368888178
201794,0.00357597616625
201793,0.000485773063559
100866,0.0
201023,0.000465508972925
201022,0.0016472392196
208017,0.0
201792,0.0
101070,0.0
208012,0.000103324658828
208011,0.0
101077,0.0
100278,4.06164768862e-07
100406,0.0
200264,0.0
101695,0.0
202716,4.5665697921e-05
200830,0.0
100885,1.15080017844e-06
100887,3.65096997788e-05
100886,0.0
100881,0.0
101075,0.000133357432443
100883,0.00120650496104
100882,0.0
716406,0.00100192866212
200858,0.000106025928205
100888,0.0
716402,0.0
202308,0.0
203362,0.000613121713629
203520,0.000333581155641
201596,0.0
101694,0.0
100850,0.0
205782,0.000125939422262
101336,0.0
200795,0.00126905991661
101682,0.0
100851,0.00375439667392
200318,6.98603402442e-05
101685,0.0
101686,0.00335045096002
101139,0.0
101688,0.0
205147,0.000289341627218
101134,1.0791140752e-05
101135,0.00528072083872
101132,0.0
24925,0.0
200312,0.0056159034007
200313,3.77394764401e-06
26755,0.0009288830781
202306,0.00818616983908
100670,0.0
202303,0.0
26754,1.413114925e-06
101693,0.0
100671,0.000138502186182
203660,1.4154739628e-05
205768,0.000110786733863
205769,0.000926464792191
100572,0.0
200542,0.0
26756,0.0
203528,0.000106471886779
101274,0.0
714384,2.03082384431e-07
202302,0.000444120847708
201445,0.00380429414738
201801,0.0
26750,0.0
204141,0.000175823960175
202861,4.87736193275e-05
200408,0.0
201444,0.0
204145,0.0
26753,0.0
204147,0.0
204146,0.000115858500318
201443,0.0
205475,0.000753835123862
205244,0.000115300023761
205509,0.000208677048926
205368,1.59629257187e-05
205369,0.00222901968701
204787,5.8782679703e-06
100995,0.0
204784,3.16821043468e-05
101352,0.000926478526257
101353,0.000725782359843
204789,4.93055017629e-06
101351,0.00113421410969
101356,0.000127011107929
205367,0.0
205364,0.0
205365,0.0
200993,0.000179207813817
208858,0.0
205175,0.000231581612379
101691,0.0
200688,0.0
717930,0.0
200686,1.88487841563e-05
203400,0.00433236875656
200684,0.000301851581008
200601,0.0
200682,0.000530454290519
200683,0.0098385641858
200680,0.0
200440,0.00207371165763
200441,0.00061193607839
101912,8.46176601795e-09
101913,7.27711877544e-07
200444,0.0103432200908
200445,9.13870729939e-07
200446,9.13870729939e-07
200447,0.00736245074986
200448,0.0388054002035
101919,0.000101654015762
203795,0.000771233200078
206041,0.0
102252,0.00147998190219
102253,0.000115858500318
200049,0.000266217352219
102251,0.000539946102484
203889,0.000130322981365
102257,0.0
102254,0.0
208278,0.0
208274,0.0
203880,0.000197704890233
203987,5.3376954355e-05
201365,2.82031836624e-05
200045,0.000201785528722
200046,0.00543021317555
205567,0.0
200608,0.0
200042,0.0
204568,0.000197260283223
204567,0.000197260283223
203061,0.0
204564,0.000469721489928
204563,0.000858165763436
203066,0.000829024602077
714163,1.62465907545e-06
206438,0.0
203535,0.000277004372364
202339,0.0
203537,0.0
10263,0.000111339203043
26686,0.000514508841846
203245,0.000447911002196
203244,0.0
102072,0.000553636427023
102073,0.000392659790297
102070,0.0
203248,0.000488976564399
204219,0.0
202335,0.0
102074,0.0
202337,0.000533480634624
207956,0.000111367478165
101592,8.46176601795e-08
714159,3.91779766631e-06
101232,6.93187872191e-05
202330,2.81475945606e-06
714157,8.12893655458e-06
714162,1.62465907545e-06
203088,0.0
714152,0.0
714153,0.0
200494,0.00600567478001
205240,0.0
101593,0.0
205100,0.000276412048742
202428,0.0
202429,0.0
100565,0.000115858500318
202424,0.0
202425,3.84979013943e-06
202426,0.0
202427,0.0
202932,0.0
202421,0.0
202423,0.0
202204,0.000358628291066
26783,0.00566084659673
202754,0.0
202755,0.0
202752,0.0
202753,1.69235320359e-08
102100,0.0
102101,0.0
208141,0.000156463694849
100743,0.000179478159018
208029,0.0
102108,0.0
202759,0.0
100669,0.0
202469,0.0
208668,0.000149248840109
208669,0.0
203338,0.000231784694764
206418,0.0
203336,0.000347575500953
203335,0.0
208667,0.000333589795524
208660,7.36996456917e-06
201564,2.21134151936e-07
203331,0.0
102313,0.0592372285516
206893,0.0
27411,0.000460011339238
203741,0.0
202413,0.00017518143468
27417,6.69106273726e-05
208023,0.00078441850364
202688,1.04925898623e-06
202689,0.0
101050,0.0
202680,0.0
202681,3.13931519266e-06
202682,0.0
202683,0.0
202684,2.33967830396e-06
202685,0.0
202686,3.7231770479e-07
202687,0.0
101205,2.40845835875e-05
201789,0.000143773729299
100044,0.0
102314,2.35683688506e-05
101680,0.0
206301,0.0
101455,0.000277004372364
202112,0.0
202113,0.0
206304,0.0
206307,0.0
202117,2.10359503206e-05
202118,0.0
200973,4.95553924879e-05
205819,0.0
201762,5.80235384088e-08
102318,0.0
208599,0.0
101398,0.000886081245847
717931,0.000231717000636
27522,0.0
28029,0.000140820710071
203809,0.0
101681,0.000277004372364
101454,0.0
203904,0.00234280322284
207098,1.5472894887e-05
102096,0.0
203905,0.00412962389517
200388,0.000572592981883
207093,3.3773507576e-05
207542,1.10002958233e-07
207091,3.38470640718e-08
202453,9.31480605219e-06
101394,5.44713111963e-05
207546,0.0
207547,0.0
101276,0.00260466884076
100205,0.0207205614275
200331,0.000102111524479
208235,0.0
206049,0.0
100412,0.0
26539,2.78617749084e-05
100411,0.0304626860052
101390,0.0
202452,9.34865311626e-06
201768,0.0
207324,0.0
200347,0.000329874322979
207326,0.0
101720,0.0
206239,0.000221186679176
208841,0.000277207454748
207894,0.0
207323,0.0
101683,0.0
102140,0.0
206231,0.0
207329,0.0
206544,0.0
101647,1.76004733173e-06
201214,0.0
207110,1.54704368708e-05
208685,0.0
204990,0.0
101172,0.0
208688,0.0
208689,0.0
205660,5.79145042905e-05
28804,8.46176601795e-09
101684,0.0
101451,0.0
101049,0.0
202715,0.0
101006,0.00105554081136
204961,0.0
101173,0.000170987548224
204965,0.000241023393032
101410,4.40011832934e-07
27198,0.000414094383817
201495,0.0
101849,0.0
204617,0.00034762627155
201490,0.000158093926826
101413,0.0
201492,0.0
201493,0.0
206437,0.0
206435,0.0
200227,4.87745751936e-05
201308,0.000382319512223
100645,1.30196134567e-05
201658,0.000488571854513
725836,0.0
201656,0.0
205205,0.0
201654,7.78678235937e-05
201655,0.00035158756857
101641,2.43698861317e-06
201653,0.0
201650,0.0
201651,0.0
207430,7.93247351223e-05
207431,0.0
201947,1.93041088756e-05
74,0.0208727102463
207435,0.0
207437,0.0
28151,0.000122255795312
203324,0.000213875249462
206123,6.81116760025e-05
101416,0.0
201647,0.0
208654,4.50731813679e-05
205322,5.75400089221e-07
100536,0.0
207177,0.0
202332,0.00343300529067
203695,6.93864813472e-06
200653,0.000333317333805
203914,0.000648895956278
200871,0.0
200870,0.0
200873,0.0
200407,0.0
101738,0.0
200874,0.001060670419
203329,0.0
203690,0.0
201581,0.0
202317,0.0
205323,0.0
101231,0.000346610859627
207346,0.000439999074439
101233,5.07705961077e-08
27243,0.0
101235,0.0
101234,0.0
101237,0.000196296048084
101236,0.000692510930909
101643,2.53852980539e-06
101238,0.000677400332243
200018,0.00144089960988
206686,0.000611145996349
201945,0.00161182342257
202234,0.0
206055,1.67628122071e-05
100329,0.00133547396393
100638,0.00131602870643
205400,0.000116196970959
5781,0.0
100632,0.00258661537289
100633,0.00171171316493
100630,0.0
100631,0.000337596657487
100636,2.54417098273e-06
206058,2.52100127947e-05
100634,0.0113568378265
100635,0.00145522057394
101896,0.0
200655,0.0114313776316
28107,0.0
203751,0.000595032342671
203699,0.0
203100,0.0
201417,0.000138502186182
200011,0.000115858500318
206296,0.0
101271,0.0
200010,4.67202307738e-05
28140,0.000115799267956
200199,0.0
202212,0.00132728489257
205793,0.0
206688,0.000321513261618
205791,0.000723353532374
101174,0.0
205795,0.0
201327,3.0315778387e-05
207064,0.000240999748782
100747,0.000293453845618
200309,0.0126961532227
100745,0.0
100742,0.0
205158,0.0
201132,0.0
101698,0.0
101697,0.0
101124,0.000120072459795
200301,0.000245850970474
200300,0.000115858500318
205151,5.82338737356e-05
200306,0.0256129125464
205153,5.79461736909e-05
200304,0.000489940826129
203658,0.0
100563,1.33937667827e-05
204689,0.000127592198934
202211,0.0
100748,0.00633291649832
205773,0.000275716472222
101565,0.0
204682,0.0
204683,0.0
204680,6.21297264385e-05
201938,0.0
205779,0.0
205778,0.0
204685,0.0
201879,1.17340602141e-05
102455,0.0
101879,0.0
201871,0.000801933354816
201876,0.0
201877,0.00105563972843
205487,0.000714960231204
202734,1.99172735132e-06
201455,0.00127562418635
100749,0.00013327611346
205483,0.0
205482,0.0
205481,0.0
204174,0.00762026606086
102166,0.0
205489,0.00299309958366
204173,1.7561528375e-05
101349,0.0153498025271
101348,0.00378240764197
200271,0.00042312527096
100831,0.0075157178912
205371,0.000432610608257
202730,0.0
204774,2.3062918285e-05
204775,2.0593117899e-05
101345,0.0
101344,0.000801927661127
205377,0.00041579425859
205376,3.39880935054e-07
101314,2.52588248725e-05
202733,0.000252208050564
200691,0.0
207612,0.00241008217124
201906,0.000890899855789
201907,0.0
201904,0.0
201905,0.0
201902,0.0
201903,0.000729753983743
201900,0.000592605680124
101458,0.0
200457,0.000260077623514
200456,0.0
101905,0.000465913298715
200454,0.00553951890924
200453,0.00479095611401
203941,2.27083140843e-05
200451,0.0602553012188
200450,0.000322646364745
102241,0.00134194583161
102240,0.000111188375914
102243,0.0
208209,0.00027879826676
714442,0.0
102244,0.0
102247,0.0
102246,0.0
102249,0.0
102248,0.0
204941,0.0
100209,2.73602977474e-06
714448,4.48473598952e-07
201791,5.38732436476e-07
205573,0.0
200052,0.0
101978,0.000277004372364
200050,0.0
208593,0.000115858500318
205576,0.0
200055,0.000595032342671
205574,0.00250929874637
204513,0.000126098180355
205579,0.0
204511,0.000129844351215
202215,0.0
101561,0.0
102069,0.0
204221,0.00212630983848
203502,0.000349073233539
203503,0.000371716919403
203505,0.000394394452331
204226,0.0
203507,0.000846804441329
102061,0.0
203509,0.000394582280032
102063,0.0
102062,0.0
201589,0.00137185258281
102064,0.0
102067,0.0
102066,0.0
101594,0.000213628565478
101480,0.000580705335901
205498,1.01541192215e-07
714143,0.0
714142,0.0
714141,0.0
101125,5.13290726649e-05
101560,0.0
101313,2.05057466283e-05
101305,1.18464724251e-06
203765,0.0
100065,0.00597511853568
204139,0.0
200840,0.00415523836326
207081,0.0
205337,0.0
100058,0.00446805279698
204426,0.000303128064771
204427,0.00166621569311
202334,1.69235320359e-08
205336,0.0
203430,0.00256545704768
200270,0.0
204352,0.0
205252,1.9180002974e-06
200190,0.000141293204564
205331,0.0
102124,1.35388256287e-07
202430,0.000388338962899
202921,0.0
202920,0.0
202923,0.0
204429,8.48337323904e-05
202745,0.0
202744,0.0
102117,0.0
202210,0.0
202217,0.0
202740,0.0
102113,0.000378650342253
202742,0.0
200439,0.00438458865074
201426,0.000112408291211
200124,0.0
202749,0.0
102118,5.76923207104e-05
203576,0.0
102450,0.000369829945581
208679,0.0
208678,0.0
204577,0.0
206882,0.0
203342,0.0
207151,2.37910531925e-06
203346,0.0
203347,0.00479641793822
203344,0.00026184088766
201540,0.0
202697,0.0
24498,0.0
202695,0.0
202694,1.70410565639e-06
202693,0.0
202692,1.76286792041e-06
202691,0.0
202690,1.70410565639e-06
205339,0.0
26505,0.0176986436725
102147,0.0
202127,0.0
202699,3.5172740748e-06
202698,0.0
202327,0.0
202326,0.0
202325,2.81475945606e-06
202323,0.0
102456,0.0
202321,0.0
202320,8.05870389663e-06
101206,0.00141299603719
202329,3.49235887485e-06
206317,1.6689060529e-05
203354,0.000144024898803
101755,0.000115926194446
208226,0.000130214199766
202123,0.0
204546,0.0
202370,1.64214442509e-05
201604,0.0
201939,0.0
100568,0.0
202218,0.0
205800,0.0
206338,0.0012282552585
205805,0.000232840023164
202108,0.0
202107,0.0
202106,0.0
206336,0.000415405017353
206337,0.000277004372364
202103,9.2606321696e-05
202102,1.91906372649e-05
202101,0.0
204315,0.0
207556,0.0
207554,0.0
101967,0.0
207476,0.0
714304,0.0
206748,3.3255939294e-05
101211,0.000232123165405
202579,0.0
100569,0.0
202128,0.0
207088,8.1301509747e-06
202328,0.0
718759,0.000115858500318
102330,0.0
100413,0.00628805016428
207085,6.09960900907e-05
4215,0.0
202575,0.0
201606,0.0
203575,0.0
201934,0.000814746879141
204254,0.0001219823509
100401,0.0
100588,0.0
100403,0.0765410269422
100402,3.28316521497e-06
100405,0.0
100404,0.00485250426816
100407,0.00027712988856
201367,1.49123140811e-05
100409,0.0
202157,0.0
202571,1.77697086377e-07
101447,0.0
207881,0.0
207880,7.5327564259e-05
100235,0.0
208857,0.0
207884,0.0
207887,0.0
207334,0.00311208121437
206745,0.000167065542906
208859,0.0
207338,0.00121613474313
26759,0.00494755052794
26758,0.0
35,0.000224013920833
206207,0.00985847397907
208695,0.0
724256,0.00205741586167
100535,0.000115926194446
200713,0.0
206747,0.0
100648,0.000318460914576
101825,0.0
206590,0.000211398069587
28813,0.0
206594,0.0
206595,0.0
206596,0.000104053911582
206846,0.0
206599,0.0
201569,0.0
206840,0.0
200098,1.98343795461e-05
101828,0.0
201489,0.00343621965811
208072,0.0
100865,0.000327972409679
102256,0.0
28441,0.0
204999,0.0
204996,0.0
201481,0.000138502186182
204995,0.0
204993,0.0
203433,6.23409504715e-05
201183,0.000370371498606
206114,1.59622854898e-06
206115,1.81623446545e-06
206441,8.62274882701e-05
201649,0.0
201648,0.0
205164,0.0
201645,0.0
201644,8.2245515333e-05
100537,0.0
201646,0.0
100531,5.24237744686e-06
101318,0.0
201643,0.0
201642,0.000231987777148
206932,0.0
200365,0.000416585507232
206930,2.84086184961e-05
28149,6.266364341e-05
206680,0.0
206937,1.57396643728e-05
200336,0.000730683799753
207428,0.0
203689,0.0
28143,0.0
207425,0.0
207424,0.0
207423,0.0
200367,0.000179576886502
207420,0.000510739587878
200479,0.0
205260,2.26873797673e-05
202973,0.0470247305529
208788,0.0
208244,0.0
100909,5.35747536155e-05
202153,0.0
205667,0.0
200849,0.0
200934,0.000293948434256
208786,0.0
200844,0.0
101595,0.000885339166049
101597,0.0
101590,1.5121457933e-05
101591,0.0
200842,0.0
200843,0.0
100337,0.000380782291397
201006,0.000512374657905
100335,0.00180583919648
201004,0.000369982257369
101209,0.0
205549,0.0
101756,0.0
101757,0.0
201760,5.80235384088e-08
101207,0.0
101200,5.29154187442e-07
101753,0.000371302525958
101750,0.0
208782,0.000231733924168
206060,1.51714763721e-05
100628,0.000415506558546
206064,0.0
3960,0.0
206067,1.75186762458e-05
100621,0.0
100620,3.04623576646e-07
100623,0.000420250301806
100622,0.000281951198008
100625,0.0
100624,0.0
100627,0.0
100626,0.0
208071,0.0
201523,0.000278172096074
208075,7.97214679632e-05
208008,0.000377987208804
208076,1.03402780739e-05
208418,0.000231717000636
208078,0.000138434492054
205604,0.0
101376,6.91833989628e-05
207797,2.79238278592e-06
203879,0.000124092330912
101441,0.0
201470,0.0
202353,0.0
714637,0.0
202874,0.0
101478,0.0
207793,0.0
205054,0.0
200435,0.00965901360034
206456,0.00113067320215
208205,0.000276936678236
201465,0.0
201464,0.0
200998,0.00081696073278
100756,0.000691387776337
100751,0.0
201460,0.000217417928193
100753,0.000277004372364
100752,0.0
200992,0.00018889928934
205161,0.0
200991,8.34894247105e-07
201469,0.0
100758,0.000254211900447
101116,7.87423739744e-05
101117,0.00162572204315
205741,0.000138671421502
205742,0.000284681191611
205744,0.0
205745,0.000929353173723
200519,0.00152523713861
204691,0.000564000223455
205749,0.00366617182799
200512,0.0179219415532
101053,0.000555633403803
200510,0.0
201446,1.18739597333e-05
201869,5.75724456918e-05
201868,0.000594913901029
101052,0.0
202205,0.0
102328,0.0
203192,0.000619389114392
101055,0.0
201863,0.000212611775721
201862,3.84549677254e-05
201865,9.94539565977e-06
202501,0.0
201867,6.49662702411e-05
101506,7.05993344765e-06
101374,1.54139324115e-05
101375,0.0
205346,0.0
203059,0.0
101370,0.000594788640842
205341,0.0
200194,0.00884685514424
200195,0.0
564,0.00108870056542
200198,0.000677179021903
205646,0.000178131799607
101378,0.0
101379,0.0
204165,0.000587088961254
200202,3.40162993922e-06
200203,0.0
202206,0.0
101575,0.0
200206,0.0
200207,0.0
101570,0.0
101571,5.15246334795e-06
200566,0.0
200593,0.00069266290346
204760,1.34208615801e-05
101578,0.0
100549,7.78482473652e-07
202895,5.77092442424e-05
204186,5.07705961077e-08
204181,0.0
6440,0.0
203372,0.00111595383577
101357,0.0
200645,2.78473699199e-05
202897,0.0
202357,0.0
101890,0.0018804863914
201916,0.0
201911,0.000382137518409
200530,0.00514161122306
200875,0.0
100545,0.000243648090721
101972,0.0
101973,0.00011579080619
101970,0.0
101971,0.000434432819468
101976,0.00138054276701
101977,0.0
101975,0.00110534357139
100755,0.0
202805,0.0
102278,0.0
102279,0.000114668859781
205169,0.00329227168697
208211,0.000553467191702
206546,0.0
208215,0.000573391830086
100757,0.00463568121082
202200,0.0
100541,0.00290691278898
101574,0.000217488869492
100059,0.00109094541531
203643,7.6514108923e-05
203641,4.92055956167e-06
202713,0.0
201421,4.78800150394e-05
201461,0.000304153731939
205584,0.00192818340657
208784,0.0
204803,0.0
200349,0.000186077639588
100750,0.00324402746704
102296,0.000288766227129
102297,0.000231852388892
202596,0.0
102295,0.00040448933919
102292,0.00199000444355
205085,1.07203994074e-05
102290,0.000115858500318
102291,0.0
201920,0.0
204236,0.0003263073802
101294,0.00013225637179
203513,0.0
204232,0.00136058577896
102298,0.0
203510,1.09918340573e-05
101806,0.000189436376433
100052,0.00851327040977
101804,0.000193798884628
200735,0.0
101802,0.0
101803,1.73334042373e-05
204640,0.000296964505058
101801,0.000277004372364
200348,0.00768917293616
101808,6.67915397684e-06
101809,5.00203195208e-05
202622,0.0
201921,0.0
208502,0.000112879150111
100759,2.94714848639e-06
101780,2.20005916467e-07
204251,1.50196346819e-06
202488,0.0
201507,0.00285132280991
204435,5.20442063959e-05
202919,0.0
101121,0.000195895040171
204431,1.94056500678e-07
204346,0.0
204345,0.0
206227,0.0
202910,0.0
202911,0.0
203429,0.0
202914,0.0
204438,0.0
26515,0.00201701679907
203526,6.42659156234e-05
102120,0.0
205599,0.0
202772,0.0
204657,0.0
202774,2.5469915714e-05
202775,0.00096208104352
202777,0.00014958850996
202778,5.18938413045e-05
202779,0.0
206362,0.0
203359,0.000115858500318
202482,0.000115892347382
205493,0.00110027624281
205497,0.000765442760528
208742,0.0
203351,0.0
203350,0.0
203352,0.0
205479,0.0
205452,0.0
25272,0.0
208448,0.000558747333698
208449,0.000558747333698
207871,0.000442249746586
203271,0.00017222513495
206388,0.0
208440,0.000186525528922
208442,0.000699111108403
205747,4.90426818435e-05
714288,0.0
714289,0.0
202748,0.000276936678236
202487,0.0
102054,0.000115892347382
102055,0.0
102056,0.000231717000636
102057,0.0
202356,0.0
102051,0.0
202354,0.0
202355,0.000318115874314
202358,8.98614590491e-05
202359,0.00289767476548
102058,0.0
102059,0.0
201924,0.0
205462,0.0
200513,0.00292504481756
206381,0.0
202178,0.0
206328,0.000325693528121
205467,0.0
101667,0.00118650883104
202171,0.0
202176,0.0
202177,0.0
206325,0.0
27503,0.0
207523,0.0
27509,8.9943307672e-05
204497,0.0
202400,0.0
204257,0.000235338636491
714191,2.57237686946e-06
200428,0.0
203988,0.000131459598368
714197,0.0
201462,0.0
203240,0.000136863468848
207156,7.31467858142e-06
205081,0.0
202756,0.0
201109,5.17813041652e-05
203317,0.00171142743449
714393,2.70776512575e-07
204830,1.488744989e-05
204169,0.00144749444756
205491,0.000279782652206
204496,0.000115892347382
101115,0.00191734720763
208391,0.0
204552,0.000156332477874
102347,0.0
100431,0.0
100433,0.000811009502225
26746,0.00044950226764
26747,8.54256585886e-05
200292,0.000420436949448
207759,0.0
202581,0.000545709775551
202406,0.0
205900,0.0
205901,0.00755602510497
205906,0.00067660189245
201864,1.78543262979e-06
207180,0.0
207181,0.000174547500527
205472,0.00070851390507
714160,3.91779766631e-06
207185,0.0
207639,0.0
207189,0.0
7941,0.0
201866,0.000200098229038
202202,0.0
205344,0.0
207854,0.0
207852,0.000466805638951
206858,0.0
206589,0.0
200193,0.000277004372364
714638,0.0
206854,0.0
206857,0.0
206856,0.0
206582,0.000624004473228
207859,0.000504310762101
100644,0.0
101377,0.000300765011342
202375,7.67200118961e-07
200196,0.0016775596237
204987,3.86528770719e-05
100857,3.21403696112e-06
101820,7.4463540958e-07
206413,0.0
200197,0.00231901285228
201678,0.0
100509,0.0
206101,6.42240937058e-05
202377,0.0
204604,0.0
206104,0.0
202802,0.0
100502,0.0
100503,0.0
201674,0.0
201675,0.0
205470,0.0
201677,0.0
207989,0.0
206690,0.000115858500318
100343,0.0
206696,0.000231717000636
201755,0.0
206694,0.0
207980,5.44430025595e-05
207453,0.0
207982,0.000138434492054
206698,0.0
204608,3.38132170077e-05
207454,0.0
100794,0.000462410623612
100290,0.00158796885799
202500,0.0
100292,3.28279636206e-05
200307,0.00334888321684
100294,0.000231717000636
714734,0.0
205348,0.0
201582,0.0
201583,0.000118033917947
201055,2.03082384431e-07
101588,0.00125653289302
201586,0.000695252671482
201587,7.85153963605e-05
201584,0.0
201585,0.0
101583,0.0
200852,0.00545359582095
200851,0.0
200850,0.0
200857,0.000335840304884
200856,0.00191500556469
200855,0.000115858500318
101123,0.00881219149263
100614,0.000416860441108
100615,0.000692341695589
201070,0.0
201071,0.0
100610,0.000277342843004
100611,0.000415912723314
100612,0.0
100613,0.000138637574438
205003,0.0
101212,0.0
205001,0.0
101210,0.0
100618,0.000510729632134
100619,7.4463540958e-07
101743,0.0
26598,0.000205473303429
100184,0.0
102435,1.77933467378e-05
206369,0.0
100187,0.0
326,0.000117855477098
201518,4.3307995645e-05
100182,0.0
100183,0.0
101572,0.000177666160637
201716,0.0
329,0.000414243338321
100188,0.0
100189,8.48151013866e-07
204490,0.0
101573,0.00024199017892
204360,0.0
208855,0.0
201210,3.91782061158e-05
100561,0.0
203758,0.0
207890,0.000115806552702
205268,0.0
101300,0.000598363385389
200563,0.000119505562919
205729,0.0
100425,0.0
202203,0.000933859301666
200562,0.000267838571777
202092,0.0
112,3.68196337852e-06
200561,6.43432688005e-05
204363,0.0
205177,0.0
101106,0.000965977310983
200420,0.000529147866119
200560,1.93689824151e-05
101372,0.000419850265101
101102,0.0
205171,2.98023399152e-05
100643,0.0056165897852
200567,0.0
205334,0.0
101109,0.0
101108,0.00013873911563
200989,0.0
26553,0.000417519573506
100763,0.0
100764,0.0
200565,0.00701060258876
201108,0.000241431108024
100268,0.0
201106,0.000196380665745
100985,0.0
27350,2.36929448503e-07
200564,0.000119505562919
100980,0.0
100981,0.000135238146573
100982,0.0
207112,1.72968910855e-05
200421,3.71133057547e-05
203038,0.0
100864,0.0
200509,9.02588375248e-08
200508,9.02588375248e-08
202917,0.000115926194446
205758,1.46738573734e-05
200505,0.000215507989748
205756,0.000268672654511
200507,6.19702415126e-05
200506,2.91566659039e-05
200501,6.54857834997e-05
200037,0.000241549572749
200150,0.0
200502,0.00048286024269
100966,0.0235803805241
100967,0.0
100964,0.00205103222111
101870,0.0
100962,7.4463540958e-07
100963,0.000232800106686
100960,0.0
100961,0.0
201120,0.00246621549571
100968,0.000536678913334
101876,0.0
101363,9.95160095485e-05
200180,0.00205341574541
101361,0.000847885878531
101360,0.0
101367,0.0
101366,6.51790836564e-05
101365,0.00036405185216
206810,0.0
208192,0.000124557195784
208193,0.000124557195784
205359,0.0
101368,0.000931138230405
205630,8.18188782187e-05
200478,0.0132534945994
204758,1.16185803263e-05
200210,0.0
101567,0.0
205815,0.0
202251,0.0
101563,0.000585938929008
101562,0.000415405017353
202765,0.0
204752,1.68440702466e-05
208638,0.0
204754,0.0
101568,0.0
102142,0.000174058526989
204757,4.51356058505e-05
203033,0.0
203748,0.0
203749,0.0001925568647
203746,0.0
204189,0.0
203745,0.0
203742,0.0
203743,0.0
203740,0.0
205518,0.000276801289979
101969,1.9264731563e-05
101968,0.0
201922,0.0
201923,0.0
208220,0.0
201925,3.38470640718e-08
201928,0.0
101960,0.0
200433,0.0
200432,0.00172410587449
208228,0.0
200434,0.0
200437,0.0
200436,0.0
101264,0.0
4874,0.0
102269,0.0
204537,0.0
4873,0.000232021624212
204836,0.0
102262,6.13520060834e-05
102261,0.013786785125
102260,0.000277004372364
102267,0.0
4878,0.000115858500318
102265,0.0
102264,0.000110654044119
27561,0.00355451850157
203986,0.00120648246708
101979,0.0201546172644
203980,0.0
100146,0.0
204237,0.0
207497,0.0
205594,0.000426811477946
205597,0.00117662548833
102466,0.0
102461,0.0
205593,0.000403727780249
205592,0.000705034344616
102285,0.0
202582,0.0
204248,0.0453817668016
102281,3.13006877942e-05
208598,0.00037064948723
102283,0.000449375312609
102282,0.0
203562,0.0
203563,0.000143646939921
203561,0.0
203294,0.0
102288,0.000414191959191
203564,0.0
203565,0.0
101815,0.000276936678236
200724,5.07705961077e-08
101817,0.0
200726,0.0
101811,0.0
200720,0.000339673263799
101813,0.0
200722,0.0001341823136
206312,0.000143196174034
207503,2.5012954531e-05
101819,1.52311788323e-07
200728,0.00115658238522
202907,0.0
202906,6.92003224948e-05
202905,0.0
208533,0.0
202903,0.0
205634,0.00133078017554
208536,0.000173103563721
204679,0.0
102389,0.0
718605,0.0
718606,0.0
204229,0.0
101171,0.0
202909,0.0
202908,0.0
714644,0.0
204402,2.69430519402e-05
203923,3.11365189473e-05
204404,0.0
203189,0.000160634847723
204406,7.9088016731e-05
714645,6.76941281436e-08
203184,0.0
203185,0.0
200265,0.0
203187,0.0
203182,0.00149830196581
203183,0.000288530958358
203364,2.40796595496e-05
203366,0.00339820330982
208120,0.000138502186182
203360,0.0
203361,0.0
102139,0.000231717000636
102138,0.0
202767,2.85048691258e-05
202766,2.85048691258e-05
102135,0.0
102134,0.000245771378698
202763,0.000149963601243
202762,0.0
202764,0.000172607287107
202760,0.0
203166,4.73707324254e-05
208455,0.0
102060,0.0
714642,0.0
29412,0.0
204031,0.0
714643,0.0
200492,0.00352465463038
203169,0.000107752128473
714293,3.300088747e-07
200711,0.000196460463315
714297,7.0232657949e-07
200083,0.000118165741852
206784,0.0
204562,0.0
100783,0.0
205663,0.0
102043,0.0
202340,0.0
202343,9.21715065997e-06
102040,0.0
102047,0.0
102046,5.80138678191e-05
204030,0.0
102044,0.0
102049,0.0
102048,5.80138678191e-05
208124,0.000605923727514
201472,0.0
206787,0.0
101914,0.00034866706877
200038,0.0
202169,0.00073088071226
100641,0.000115858500318
208217,0.0
100316,0.000138603727374
200705,0.0
202162,0.0
202164,8.99081947009e-06
202167,0.0
207531,7.32866268294e-05
200085,0.0
207533,0.0
207532,7.48802594295e-05
205010,0.0
204544,0.000115824653254
202696,1.70410565639e-06
101915,0.000116349282747
725804,0.0
207491,0.0
27511,0.0
102065,0.0
204241,0.000618252063198
200704,0.000115858500318
200126,4.60602130244e-06
714182,4.5693536497e-07
714181,1.69235320359e-07
203729,0.0
201719,0.0
100724,1.58680677546e-05
205588,0.0
101916,4.40011832934e-07
205589,2.0257467847e-05
201416,0.0
201010,0.0
101452,0.0
201138,0.0
204396,0.0
200837,6.99317951573e-06
203725,0.0
200092,0.0
201410,0.000415130138166
206268,7.36204535724e-06
204378,0.0
100426,0.000889622693238
207429,0.0
101638,0.00579510154082
26820,0.0
26772,3.60904260038e-05
205160,0.0
100722,0.0
26775,0.00244640245247
204505,0.0
205381,0.00023383244214
204320,0.0
201011,0.0101805739955
203851,2.95587693982e-06
101118,0.000369335931227
207629,2.60680894451e-05
204110,0.0
207199,0.00107348531806
101142,0.0
207197,0.000590716616584
207196,0.000276936678236
207627,0.0
207626,0.0
207620,1.96263611315e-05
207191,0.0
207622,1.87616156543e-06
203104,0.0
101918,8.55935838603e-05
201149,0.0
8367,0.0
101023,8.02072556558e-05
206860,0.0
101631,0.0
201012,0.000258825718303
200311,0.000871647739765
102294,0.0
201419,0.0
201667,0.000976312822908
201666,9.76667872912e-05
201665,0.0
201664,0.000810102141954
201663,0.00100441600412
101633,0.000566676008456
201660,0.00140277829946
202590,0.0
200942,0.0
202411,0.000517986607579
204333,0.0
207997,5.24629493113e-06
207995,3.38470640718e-08
203427,0.000175686771691
101024,0.00166415236631
206465,6.6848274067e-06
102358,0.0
714380,0.0
203188,0.00108305353903
207449,0.000388764359227
202455,3.38470640718e-08
206045,0.000162734767064
206918,0.0
206668,0.00023403996919
202454,0.00229121054634
206666,0.0
207440,0.0
206916,0.0
207442,0.000215715801096
207445,4.51519834718e-05
206911,0.0
207447,0.0
207751,0.0
206484,0.0
202456,1.61224672242e-05
206480,0.0
100288,0.0
201013,5.77092442424e-06
100286,0.0
100651,0.0586548563635
201798,0.0
200496,0.00170835385569
100281,0.0
201591,0.0
201590,0.00138577995721
201593,0.0
201592,0.0
202981,0.0
201597,0.0010477205699
201024,0.0
200459,0.0203413625499
200226,0.000634658354126
203978,0.000104861965279
102299,0.00011596004151
201815,0.0
201795,0.0
101778,4.73858897005e-07
100602,0.00968559043391
102068,0.000231717000636
201026,0.000234731661479
100607,0.00492106120584
205849,0.0
100605,0.000639946440406
101807,0.0
201069,0.000231717000636
201068,0.000251715538442
100609,1.35388256287e-07
29670,0.000232055471276
201825,0.0
101775,0.0
101776,0.000217160529334
101777,2.20005916467e-07
100192,0.00235395156096
100190,0.0
100197,0.00210161555674
206048,0.000415658870334
100195,0.00122194448759
205496,0.000115638494401
206002,4.81982192383e-05
100199,0.0
201790,5.38732436476e-07
200062,0.000251467834874
44,0.014569229353
206004,0.0
285,0.00013856988031
203274,0.000115858500318
200013,0.0
101800,0.0
205521,0.0
201899,0.0
207433,0.000115858500318
208051,0.0
200731,0.00155018689981
202592,0.0
208054,0.0
205292,0.0
101483,0.000138806809759
205290,0.0
101481,0.0
101486,0.0
201339,3.43471186265e-05
101484,0.0
101485,0.000277004372364
205403,0.000153115808877
200063,0.000325293671936
205299,2.45391214521e-07
208214,3.32603816279e-05
201919,0.0
102440,2.03082384431e-07
205188,0.0
205103,0.0
101170,0.000170987548224
100076,0.000169235864199
205106,0.00011579080619
101177,0.00511960845605
205104,0.0
205105,0.00136641435162
201827,0.0
205108,0.0
101179,3.08008283054e-05
206731,2.92215885425e-05
101489,9.48159686236e-06
206717,0.000277072066492
100999,0.0
200069,0.000725118587666
206712,0.0
206713,0.0
100779,0.0
208395,0.0
201447,0.0
100992,1.52311788323e-07
100991,0.00046358631306
100990,0.000833010093871
100997,0.0
100996,0.000232055471276
206718,0.0
201440,0.0
200538,0.0
200539,0.0
205728,0.0
201893,0.0
205129,4.25457595383e-06
102141,0.0
205723,0.0
200532,0.0
205721,1.71943085485e-05
200537,0.0
200455,0.00122046997825
100974,0.0
100977,0.0
100976,4.64173484789e-06
100971,0.000115858500318
208392,0.0
100973,0.00290013440217
100972,0.0
101051,0.0
208216,0.0
208018,0.00024618668221
100979,0.000183550265645
100978,0.0
201824,0.0
204747,0.0
204745,1.87993948511e-05
101110,0.0
204741,0.00570558493857
101399,0.0
101396,0.0
101397,0.000565807267145
102136,4.58145084111e-05
101395,0.00061526299314
101392,0.0
101393,0.000932139024634
208187,0.000231717000636
101391,0.00154744551695
101550,0.0
101551,0.0
204698,0.000113057417886
205394,0.00036970074667
200228,0.000920745042797
200229,0.0
101008,0.0
101557,0.0
101558,1.69235320359e-08
101559,0.0
101004,0.00286622971792
205615,0.0027560613126
101002,0.0
101003,0.0
200222,0.0
101001,0.0
205436,0.000125039751496
200157,0.000619502046719
201820,0.0
205435,6.50256518594e-05
101950,0.0
205433,0.0
101952,0.0
101953,0.000115892347382
203755,0.0
203570,0.000115858500318
203037,0.0
101958,0.0
200409,0.00591800595648
27554,0.0
205439,0.0
202761,0.0
202929,0.0
208231,4.02382774078e-05
208230,4.02382774078e-05
201668,0.00626675077398
113,0.0
208234,0.0
201936,0.0
208238,0.0
101000,2.03082384431e-07
201931,2.52325161674e-07
201930,0.0
204523,0.00433135887944
204522,0.0
204521,0.0
208464,3.14546004655e-06
204527,0.00196901903149
207292,0.000899465939936
204525,0.0
200287,0.00493118238919
208152,0.000646450589676
202773,0.000645754509771
206915,0.0
208153,0.000131495843919
102458,0.0
100983,0.0
203991,1.59620896156e-05
205399,0.0
718604,0.0
200080,0.000138502186182
200081,0.00042990440117
203999,0.0
100925,0.0
102454,0.000153033859023
207973,0.0
200086,0.00338484809314
102457,0.0
200786,0.0
208644,0.0
204433,0.000457898748002
202578,0.0
101249,0.0
202576,0.0
202577,0.0
202574,0.0
203424,2.42758539733e-05
202572,0.0
202573,0.0
202570,4.66186895816e-05
204256,0.000144626036764
200710,0.003547500231
207289,0.0
101822,3.55394172754e-07
101034,3.80892294355e-05
200714,0.00455849683369
200715,0.0
101826,0.0
101827,0.0
200718,0.000645047735082
200719,0.00460117681965
207624,0.0
101114,0.00336736141148
202912,0.0
204719,6.78439991154e-05
201612,0.000587381789285
202971,0.0
202976,0.00034105994112
202974,0.0
202975,0.000365725989062
208526,0.0
718610,0.0
204843,0.000112196458196
201759,5.80235384088e-08
102050,0.0
202915,0.0
206883,0.0
200813,0.0
100688,0.000277004372364
205606,1.00890218258e-06
204419,0.000262602446601
203193,0.000169317128736
202499,0.0
203191,0.00010904771887
203855,2.99601809528e-06
204412,2.1785891421e-05
204448,0.0
201111,2.18003220698e-05
203373,0.00248363816871
208849,0.0
102148,0.0
102149,3.79425588245e-05
102121,0.000276982615635
202712,4.06164768862e-07
102194,0.0
202710,0.0
203378,0.00014571796873
26908,0.0
102122,0.0
102144,0.0
102145,0.0
208422,0.000207143327812
203174,0.000231717000636
208420,0.0
202489,0.0
200476,3.6153597101e-05
206834,0.0
202483,0.0
202480,0.0
202481,0.0
202486,0.0
201110,6.10765510088e-05
101924,0.000159570134514
202485,0.0
26500,0.0106358386507
201560,0.00272564644856
206580,0.0
201619,0.0
100880,0.0
201561,0.0
100289,1.5820839441e-05
201757,5.80235384088e-08
101891,0.0
207332,0.000722434869536
202719,8.05560124909e-05
201562,0.000465804533452
102238,0.000145492057662
202393,0.0
205600,0.0
203285,4.17825888317e-05
201563,0.0
202378,0.0
202379,0.0
202808,0.0
102129,3.54586191624e-07
202374,0.0
202807,0.0
202376,0.00110256926191
201113,0.0
101927,0.000283079920365
201468,0.0
203289,0.000247442269237
202373,0.0
202626,0.0
202627,0.0
202624,4.13498299411e-06
202625,0.0
202150,0.0
202151,0.0
202152,0.0
202621,0.000444789101145
203232,0.000172237514126
101687,0.000110499801981
202158,0.0
202159,0.0
202628,0.0
202629,0.0
202396,0.0
201568,0.000234340202152
202394,0.0
202395,0.0
202392,0.0
206797,0.00227025212065
202390,0.0
202391,0.0
201112,3.11237906705e-05
26482,0.000110173837778
202676,2.0731326744e-07
101577,0.0
205893,0.000546274359056
207293,4.16883005818e-06
201491,0.0
200574,0.0
208416,0.000173677747519
207058,0.0
207056,0.0
200310,0.0117754374645
205752,0.0
207053,0.0
200110,0.0
207051,0.0
101417,0.0
201828,0.0
208762,0.0
201511,0.0
720,0.000138942198015
207043,0.000364533289965
201246,0.0
297,0.0
207857,0.0
205366,0.0
207505,8.72556213168e-05
203581,0.000646707391454
202809,0.000115858500318
200427,3.05580234219e-05
100440,9.68364503095e-05
206271,0.000424258260932
206795,8.05870389663e-06
206273,0.000550647617098
205765,1.69235320359e-08
206275,6.1815016635e-05
206274,0.00151680526525
206277,0.0
101240,0.000126591754297
101463,0.0
102076,0.000415303476161
208856,0.0
718589,0.0
81,0.0
200422,0.000329661942293
205185,0.0
205750,0.000133993757247
200116,0.0
200168,2.65548277246e-05
26761,0.0
40,0.0
200358,0.00414742725396
202583,0.0
201718,0.0
27395,0.0
206679,0.0
1290,0.000132285709483
203356,0.0
207614,0.0
205405,0.000138840656823
204026,0.0
100312,3.38470640718e-08
26584,0.000130775334616
207873,0.0
207875,0.0
207876,0.0
207878,0.0
200163,0.00295549178769
200533,0.0
26190,0.0
206793,7.55917764271e-07
201969,0.0
100562,0.0
201613,0.000226391729222
100560,0.011983662751
201611,0.0
201616,2.15309636327e-06
100567,7.03781063049e-05
100564,0.0
101017,0.0
206879,3.08005940477e-05
201618,0.0
203662,0.0
206677,0.0
100300,0.0
207475,0.0
206662,0.0
207477,0.0
208014,0.000293172841207
207472,0.000479451560226
206473,0.0
206471,2.6400709976e-05
200616,0.0
205154,0.0
207277,0.0
206908,0.00134697073218
207272,7.39278868114e-05
206678,0.0
102075,0.0
208363,1.50048695601e-05
204697,0.0
208415,0.0
206904,0.000554685686009
206907,0.0
206670,0.0
201901,6.92172460269e-05
714388,0.0
