28997,inf
28996,inf
28992,inf
28998,inf
19399,inf
19398,inf
5980,inf
5987,inf
19390,inf
22260,inf
61171,inf
61175,inf
25062,inf
25061,inf
25069,inf
120434,inf
120435,inf
6797,inf
6791,inf
6799,inf
61941,inf
119316,inf
25285,inf
25282,inf
25283,inf
25281,inf
119314,inf
16705,inf
124177,inf
64675,inf
116787,inf
17252,inf
17254,inf
17255,inf
17256,inf
63026,inf
9258,inf
9259,inf
9256,inf
9521,inf
24881,inf
24880,inf
24885,inf
24888,inf
26023,inf
26022,inf
26021,inf
64902,inf
26026,inf
64901,inf
124358,inf
62368,inf
61179,inf
125014,inf
122061,inf
14624,inf
14626,inf
14622,inf
14623,inf
14628,inf
14629,inf
62885,inf
62884,inf
105456,inf
62889,inf
30416,inf
13054,inf
13055,inf
61206,inf
112042,inf
18705,inf
62088,inf
122382,inf
122380,inf
29818,inf
29763,inf
29762,inf
1177,inf
1173,inf
23050,inf
23500,inf
29436,inf
31232,inf
29108,inf
31230,inf
29433,inf
31234,inf
7180,inf
7183,inf
29105,inf
29107,inf
8549,inf
12834,inf
8017,inf
65881,inf
8014,inf
65884,inf
65886,inf
8542,inf
66504,inf
66507,inf
126601,inf
126600,inf
65084,inf
65087,inf
65088,inf
10884,inf
60902,inf
60900,inf
60901,inf
60906,inf
6534,inf
107895,inf
24708,inf
24704,inf
24707,inf
4739,inf
65268,inf
65264,inf
65266,inf
65267,inf
15240,inf
13619,inf
13614,inf
13616,inf
13611,inf
4723,inf
11289,inf
11288,inf
5841,inf
11286,inf
28252,inf
28701,inf
13531,inf
4622,inf
13532,inf
11018,inf
29264,inf
16394,inf
63907,inf
63901,inf
17654,inf
11017,inf
62500,inf
62501,inf
62505,inf
62506,inf
62507,inf
64029,inf
64028,inf
13289,inf
64021,inf
13286,inf
64023,inf
13282,inf
113141,inf
118322,inf
10390,inf
10391,inf
16936,inf
16932,inf
16930,inf
7215,inf
16938,inf
6217,inf
6216,inf
6215,inf
6214,inf
12222,inf
12221,inf
15708,inf
15709,inf
29372,inf
29376,inf
29374,inf
10574,inf
10576,inf
63278,inf
21423,inf
24140,inf
21429,inf
8846,inf
30628,inf
119216,inf
119217,inf
119214,inf
30623,inf
30621,inf
30625,inf
7668,inf
7662,inf
7665,inf
1762,inf
1766,inf
29594,inf
29592,inf
29591,inf
108453,inf
1545,inf
1542,inf
14470,inf
11113,inf
11115,inf
11768,inf
14477,inf
15160,inf
30337,inf
8716,inf
8717,inf
31574,inf
13842,inf
31571,inf
63935,inf
31578,inf
63938,inf
5619,inf
122534,inf
110575,inf
110576,inf
19538,inf
11563,inf
11564,inf
11566,inf
17036,inf
63023,inf
25739,inf
25737,inf
25731,inf
6774,inf
6773,inf
9963,inf
9969,inf
65697,inf
65690,inf
19911,inf
16721,inf
16727,inf
65698,inf
64613,inf
64611,inf
64614,inf
64615,inf
63046,inf
63044,inf
9504,inf
65521,inf
65527,inf
65526,inf
2518,inf
2519,inf
64924,inf
64925,inf
64927,inf
26045,inf
26044,inf
125461,inf
22810,inf
3532,inf
22817,inf
22815,inf
5050,inf
64455,inf
14640,inf
18549,inf
14863,inf
18545,inf
1099,inf
62314,inf
62317,inf
122015,inf
62313,inf
4162,inf
13070,inf
13075,inf
30439,inf
4160,inf
109580,inf
10185,inf
61765,inf
29746,inf
1154,inf
23076,inf
30293,inf
30291,inf
30298,inf
15111,inf
15110,inf
15113,inf
29127,inf
25899,inf
29121,inf
25896,inf
25895,inf
25894,inf
31748,inf
31749,inf
31745,inf
31214,inf
31743,inf
8031,inf
8030,inf
12589,inf
12850,inf
8521,inf
12580,inf
12855,inf
12854,inf
66563,inf
127281,inf
22657,inf
61786,inf
65068,inf
65069,inf
65064,inf
127535,inf
65062,inf
22659,inf
65060,inf
65061,inf
22383,inf
22380,inf
60928,inf
110962,inf
13988,inf
19575,inf
60920,inf
60923,inf
4292,inf
23387,inf
24767,inf
61253,inf
61255,inf
61257,inf
61256,inf
4742,inf
13670,inf
4740,inf
6207,inf
5860,inf
5862,inf
28937,inf
25385,inf
25384,inf
4608,inf
2184,inf
4607,inf
13515,inf
4605,inf
4600,inf
13510,inf
121979,inf
6452,inf
30915,inf
64555,inf
64554,inf
64557,inf
64004,inf
64550,inf
64001,inf
64000,inf
15347,inf
64009,inf
64008,inf
118307,inf
118302,inf
6185,inf
27791,inf
6908,inf
9191,inf
9194,inf
10379,inf
10374,inf
7238,inf
63789,inf
63781,inf
63782,inf
16910,inf
6239,inf
12206,inf
9742,inf
121754,inf
29359,inf
63527,inf
121757,inf
9778,inf
63523,inf
9774,inf
9777,inf
29353,inf
9771,inf
121759,inf
29356,inf
63258,inf
8867,inf
8864,inf
14985,inf
62781,inf
62784,inf
26837,inf
1703,inf
1704,inf
1706,inf
14182,inf
15854,inf
15855,inf
15853,inf
13407,inf
14457,inf
14324,inf
11135,inf
14450,inf
63203,inf
17982,inf
62122,inf
62123,inf
3028,inf
28403,inf
3026,inf
3024,inf
62129,inf
30600,inf
111020,inf
30350,inf
30603,inf
30354,inf
30355,inf
30608,inf
8734,inf
31551,inf
31009,inf
31554,inf
13866,inf
31007,inf
13864,inf
110772,inf
4193,inf
110771,inf
5671,inf
111976,inf
111973,inf
126836,inf
66046,inf
66043,inf
66049,inf
6437,inf
8193,inf
30974,inf
12445,inf
6433,inf
8194,inf
12441,inf
8199,inf
64156,inf
30637,inf
6756,inf
9942,inf
9940,inf
19932,inf
16747,inf
27920,inf
16748,inf
12051,inf
12053,inf
28704,inf
62928,inf
117024,inf
64638,inf
64639,inf
25711,inf
64630,inf
64631,inf
64633,inf
25719,inf
64637,inf
62433,inf
21659,inf
121562,inf
121561,inf
121560,inf
63066,inf
65548,inf
127234,inf
65541,inf
62921,inf
26067,inf
26064,inf
64491,inf
26061,inf
2538,inf
61730,inf
64942,inf
2536,inf
2537,inf
17166,inf
17164,inf
5079,inf
17160,inf
5073,inf
5071,inf
5074,inf
22837,inf
113533,inf
9563,inf
9567,inf
10743,inf
10740,inf
18560,inf
11832,inf
62338,inf
62330,inf
62336,inf
62335,inf
13099,inf
13092,inf
112001,inf
112004,inf
112005,inf
27828,inf
20296,inf
27825,inf
27823,inf
29722,inf
9380,inf
29728,inf
65927,inf
15133,inf
66725,inf
31766,inf
31761,inf
31762,inf
31763,inf
7146,inf
7143,inf
18746,inf
12877,inf
30017,inf
30016,inf
12879,inf
2883,inf
2886,inf
2884,inf
31495,inf
2888,inf
2889,inf
24292,inf
24293,inf
126137,inf
126136,inf
66544,inf
24295,inf
61019,inf
26523,inf
26520,inf
24746,inf
24747,inf
24749,inf
28678,inf
28675,inf
28676,inf
14401,inf
4764,inf
4769,inf
4768,inf
29643,inf
11249,inf
30594,inf
11247,inf
65045,inf
65042,inf
5802,inf
19742,inf
65048,inf
116806,inf
64799,inf
29101,inf
110239,inf
25364,inf
25362,inf
11793,inf
11797,inf
11796,inf
65220,inf
65957,inf
65224,inf
65226,inf
65228,inf
65958,inf
61278,inf
11991,inf
25509,inf
25508,inf
16689,inf
16684,inf
16686,inf
16681,inf
16683,inf
10353,inf
4881,inf
4885,inf
7967,inf
7964,inf
9173,inf
9171,inf
9170,inf
61901,inf
61900,inf
61903,inf
16977,inf
16974,inf
17081,inf
17080,inf
6259,inf
17082,inf
10553,inf
12262,inf
12263,inf
105365,inf
12266,inf
10530,inf
113274,inf
10534,inf
113270,inf
10537,inf
65880,inf
63501,inf
9718,inf
63507,inf
63504,inf
63509,inf
125054,inf
9715,inf
24100,inf
24101,inf
24106,inf
8881,inf
24105,inf
8543,inf
65887,inf
26852,inf
30175,inf
1728,inf
1722,inf
13135,inf
125795,inf
62217,inf
28461,inf
28460,inf
3007,inf
28462,inf
18358,inf
28180,inf
14304,inf
28469,inf
121273,inf
14309,inf
63771,inf
62109,inf
62107,inf
62100,inf
1587,inf
62102,inf
1585,inf
30379,inf
7938,nan
111000,inf
111005,inf
110759,inf
66682,inf
66681,inf
66680,inf
31530,inf
31533,inf
31535,inf
31534,inf
31537,inf
66688,inf
4450,inf
66062,inf
28287,inf
66065,inf
23220,inf
23227,inf
23224,inf
61489,inf
61481,inf
15306,inf
127180,inf
30950,inf
6410,inf
15302,inf
61487,inf
7777,inf
7773,inf
7772,inf
3917,inf
3916,inf
3911,inf
3918,inf
6730,inf
6731,inf
6733,inf
6736,inf
6737,inf
115946,inf
110535,inf
110536,inf
110532,inf
110533,inf
9921,inf
9922,inf
19262,inf
16769,inf
16763,inf
22177,inf
12077,inf
12075,inf
12070,inf
119773,inf
25771,inf
25776,inf
25777,inf
25774,inf
25778,inf
24825,inf
21675,inf
21673,inf
65569,inf
3647,inf
3643,inf
3640,inf
64961,inf
2553,inf
64964,inf
2555,inf
2556,inf
64967,inf
2558,inf
64507,inf
5018,inf
111064,inf
116144,inf
17144,inf
17145,inf
17140,inf
17142,inf
25194,inf
63800,inf
4418,inf
4415,inf
4412,inf
125601,inf
9548,inf
9549,inf
9545,inf
62351,inf
14828,inf
62356,inf
14822,inf
14820,inf
14827,inf
14824,inf
64210,inf
20109,inf
21499,inf
27842,inf
27843,inf
27847,inf
27845,inf
29709,inf
29708,inf
29707,inf
29254,inf
29705,inf
29702,inf
29701,inf
29252,inf
11815,inf
11811,inf
11818,inf
11819,inf
15153,inf
15159,inf
109425,inf
109423,inf
29395,inf
31702,inf
31703,inf
31700,inf
31706,inf
31707,inf
7163,inf
7161,inf
24198,inf
8079,inf
115554,inf
12898,inf
12895,inf
8073,inf
109683,inf
123099,inf
123097,inf
1447,inf
1444,inf
1115,inf
28078,inf
1440,inf
23034,inf
127275,inf
1449,inf
22619,inf
22612,inf
22345,inf
6338,inf
27793,inf
28618,inf
28611,inf
28616,inf
31456,inf
8264,inf
8265,inf
4783,inf
23692,inf
5823,inf
23697,inf
5824,inf
5826,inf
118734,inf
11264,inf
61071,inf
65023,inf
65020,inf
65021,inf
65026,inf
65027,inf
61077,inf
65028,inf
31454,inf
64776,inf
116826,inf
116827,inf
25699,inf
25691,inf
25342,inf
25341,inf
25692,inf
25347,inf
25694,inf
13781,inf
10453,inf
121938,inf
23961,inf
23964,inf
65979,inf
11060,inf
127797,inf
61296,inf
65795,inf
65972,inf
65973,inf
25526,inf
25523,inf
29216,inf
64515,inf
64516,inf
12796,inf
10332,inf
10333,inf
10331,inf
31625,inf
16405,inf
16955,inf
16956,inf
16401,inf
9483,inf
16959,inf
9481,inf
63741,inf
63740,inf
7906,inf
63742,inf
61923,inf
61922,inf
61921,inf
6272,inf
61927,inf
61925,inf
29647,inf
122919,inf
122918,inf
31622,inf
122917,inf
122915,inf
121453,inf
21440,inf
114524,inf
63290,inf
63297,inf
63296,inf
22978,inf
22974,inf
22972,inf
19962,inf
14148,inf
13163,inf
14145,inf
5229,inf
13114,inf
13119,inf
14369,inf
14368,inf
14363,inf
11328,inf
62168,inf
62169,inf
62162,inf
122263,inf
62167,inf
64602,inf
2595,inf
118503,inf
118502,inf
118504,inf
66667,inf
66666,inf
66660,inf
111282,inf
111287,inf
29066,inf
29063,inf
29061,inf
29068,inf
29069,inf
23752,inf
23753,inf
1300,inf
9248,inf
66000,inf
28917,inf
28916,inf
66005,inf
66004,inf
107528,inf
123137,inf
123134,inf
30939,inf
30932,inf
15363,inf
6471,inf
9538,inf
105943,inf
12407,inf
15364,inf
110732,inf
31516,inf
31515,inf
31045,inf
7758,inf
113093,inf
7750,inf
31518,inf
117701,inf
3937,inf
3933,inf
8333,inf
20889,inf
8334,inf
6716,inf
6717,inf
6710,inf
29553,inf
9904,inf
61642,inf
25353,inf
24466,inf
24463,inf
24898,inf
24468,inf
19209,inf
119756,inf
119753,inf
22404,inf
13756,inf
4040,inf
13759,inf
13758,inf
24893,inf
25754,inf
25757,inf
24809,inf
3662,inf
65585,inf
65587,inf
24800,inf
65580,inf
122101,inf
12815,inf
64989,inf
2577,inf
2574,inf
64985,inf
64983,inf
11455,inf
11456,inf
11450,inf
5038,inf
17433,inf
5032,inf
64186,inf
124684,inf
17128,inf
124681,inf
4430,inf
124683,inf
13323,inf
116615,inf
13329,inf
116610,inf
118084,inf
118081,inf
13025,inf
26039,inf
62809,inf
62378,inf
62377,inf
62804,inf
124050,inf
65814,inf
61407,inf
124534,inf
64231,inf
63232,inf
121474,inf
29278,inf
63172,inf
63170,inf
29276,inf
63178,inf
29274,inf
112622,inf
112623,inf
112626,inf
11877,inf
112624,inf
18835,inf
14809,inf
109919,inf
30239,inf
30584,inf
30234,inf
30589,inf
15174,inf
15173,inf
30233,inf
7106,inf
7107,inf
5412,inf
31720,inf
31725,inf
28118,inf
18788,inf
1686,inf
30059,inf
30058,inf
111631,inf
30055,inf
29988,inf
29982,inf
29984,inf
66272,inf
66275,inf
66278,inf
28058,inf
1468,inf
1465,inf
28585,inf
24781,inf
24782,inf
24783,inf
13927,inf
13922,inf
114370,inf
4230,inf
28630,inf
28632,inf
5594,inf
5597,inf
28637,inf
13693,inf
66496,inf
12226,inf
13902,inf
65008,inf
27788,inf
22360,inf
61059,inf
61725,inf
6213,inf
61055,inf
61726,inf
61721,inf
27784,inf
61723,inf
27786,inf
25320,inf
25322,inf
60898,inf
60899,inf
60894,inf
120794,inf
120793,inf
60893,inf
23946,inf
23945,inf
23943,inf
23940,inf
23948,inf
65913,inf
65911,inf
65916,inf
65915,inf
2299,inf
2290,inf
2295,inf
19694,inf
10916,inf
10917,inf
17337,inf
7291,inf
7922,inf
7923,inf
10648,inf
7921,inf
10312,inf
10317,inf
63769,inf
63768,inf
63763,inf
16420,inf
63766,inf
63765,inf
6297,inf
61940,inf
6293,inf
64537,inf
64536,inf
64535,inf
64538,inf
63815,inf
63814,inf
63543,inf
63541,inf
63812,inf
3439,inf
22957,inf
126555,inf
2034,inf
2033,inf
4595,inf
4844,inf
4598,inf
4847,inf
4842,inf
4843,inf
21427,inf
30400,inf
14169,inf
60881,inf
14163,inf
14162,inf
62490,inf
62491,inf
62497,inf
62494,inf
62495,inf
13172,inf
13174,inf
11191,inf
14340,inf
3048,inf
62634,inf
122536,inf
62632,inf
3041,inf
13418,inf
115766,inf
1094,inf
1095,inf
1097,inf
66643,inf
66393,inf
66392,inf
66646,inf
109581,inf
119974,inf
109584,inf
111479,inf
29517,inf
29514,inf
29515,inf
29511,inf
28939,inf
28938,inf
1327,inf
1324,inf
28933,inf
28930,inf
23774,inf
28936,inf
23776,inf
23777,inf
12421,inf
8681,inf
15432,inf
8687,inf
15346,inf
6900,inf
6459,inf
109764,inf
109762,inf
8133,inf
31063,inf
31062,inf
2393,inf
8358,inf
111408,inf
8350,inf
8357,inf
66027,inf
66026,inf
24441,inf
24440,inf
24447,inf
126322,inf
24449,inf
61556,inf
61557,inf
61552,inf
61553,inf
61550,inf
65615,inf
65611,inf
62919,inf
61558,inf
22139,inf
119736,inf
4062,inf
4060,inf
4066,inf
13776,inf
4065,inf
5785,inf
5786,inf
5782,inf
5783,inf
5788,inf
27938,inf
25900,inf
3607,inf
22308,inf
11436,inf
17101,inf
17105,inf
17106,inf
17107,inf
13342,inf
13340,inf
13341,inf
4456,inf
65609,inf
16785,inf
62829,inf
62823,inf
62822,inf
62821,inf
62826,inf
25302,inf
153351,inf
16781,inf
64254,inf
16855,inf
125976,inf
16853,inf
16852,inf
125978,inf
6334,inf
6335,inf
6331,inf
6333,inf
12169,inf
27886,inf
27882,inf
29211,inf
10452,inf
10451,inf
10109,inf
29217,inf
9673,inf
10458,inf
21763,inf
63154,inf
63156,inf
63157,inf
63150,inf
11852,inf
11853,inf
8901,inf
11856,inf
8902,inf
65282,inf
30219,inf
30215,inf
30214,inf
113917,inf
7127,inf
7124,inf
7123,inf
7121,inf
1663,inf
1661,inf
115519,inf
115516,inf
2829,inf
24278,inf
24279,inf
3384,inf
5417,inf
28034,inf
1408,inf
13906,inf
4213,inf
18100,inf
114351,inf
5578,inf
5572,inf
111874,inf
111875,inf
30072,inf
30070,inf
5798,inf
62592,inf
31302,inf
31300,inf
28351,inf
11228,inf
11225,inf
11220,inf
19054,inf
61709,inf
25906,inf
22306,inf
62599,inf
61703,inf
61701,inf
61700,inf
61706,inf
61705,inf
25655,inf
25656,inf
25650,inf
65930,inf
65280,inf
65281,inf
65286,inf
65287,inf
65284,inf
65937,inf
13840,inf
16629,inf
16620,inf
6109,inf
105126,inf
12756,inf
12757,inf
6104,inf
6102,inf
6100,inf
64886,inf
64733,inf
64884,inf
10938,inf
64734,inf
64881,inf
124035,inf
64739,inf
64738,inf
124038,inf
64888,inf
63700,inf
16996,inf
63702,inf
63705,inf
16991,inf
16992,inf
63708,inf
9113,inf
9112,inf
9443,inf
9114,inf
9441,inf
65426,inf
65424,inf
65420,inf
61960,inf
7959,inf
16441,inf
105698,inf
105559,inf
64088,inf
63832,inf
21487,inf
63836,inf
21488,inf
3416,inf
3413,inf
3410,inf
21374,inf
3419,inf
116245,inf
15293,inf
10665,inf
2019,inf
13481,inf
13480,inf
4860,inf
2011,inf
13484,inf
4864,inf
13486,inf
18484,inf
14108,inf
64880,inf
17715,inf
13155,inf
13151,inf
13158,inf
10597,inf
10598,inf
127799,inf
102617,inf
112168,inf
17908,inf
20423,inf
122514,inf
62613,inf
30688,inf
30689,inf
63707,inf
30685,inf
9445,inf
12992,inf
12994,inf
29533,inf
29028,inf
29029,inf
30546,inf
29022,inf
29021,inf
21158,inf
65421,inf
8118,inf
15414,inf
15415,inf
15417,inf
15411,inf
6922,inf
7711,inf
26747,inf
7718,inf
8386,inf
66623,inf
66625,inf
114835,inf
66628,inf
61390,inf
61392,inf
61393,inf
61394,inf
61396,inf
61397,inf
61398,inf
61399,inf
28775,inf
28953,inf
28955,inf
28958,inf
28778,inf
22447,inf
61574,inf
61575,inf
127075,inf
65630,inf
61570,inf
61571,inf
61573,inf
119714,inf
13710,inf
13712,inf
4005,inf
13716,inf
3971,inf
19420,inf
19427,inf
19428,inf
3622,inf
3625,inf
110330,inf
29898,inf
26557,inf
13369,inf
25465,inf
25462,inf
25460,inf
13365,inf
4477,inf
4476,inf
113028,inf
118042,inf
113026,inf
24849,inf
24846,inf
24845,inf
24844,inf
24843,inf
24842,inf
24841,inf
24840,inf
64271,inf
64272,inf
2467,inf
64275,inf
64279,inf
24771,inf
5340,inf
16872,inf
16878,inf
12143,inf
12142,inf
12141,inf
6311,inf
6314,inf
6315,inf
10439,inf
10438,inf
9650,inf
10123,inf
9305,inf
10121,inf
29233,inf
9302,inf
10124,inf
21743,inf
63138,inf
121437,inf
121436,inf
62846,inf
5847,inf
8964,inf
25047,inf
1642,inf
112088,inf
29492,inf
29497,inf
29948,inf
119081,inf
29946,inf
29940,inf
29942,inf
24216,inf
2802,inf
2803,inf
24219,inf
2807,inf
5432,inf
112888,inf
62266,inf
62261,inf
3369,inf
62263,inf
62262,inf
28546,inf
3365,inf
3366,inf
5439,inf
28543,inf
3362,inf
30277,inf
13962,inf
13963,inf
4275,inf
4274,inf
4279,inf
5557,inf
5559,inf
13483,inf
106900,inf
30098,inf
30095,inf
30094,inf
8582,inf
30093,inf
114484,inf
110106,inf
110100,inf
5885,inf
5888,inf
61763,inf
30891,inf
27748,inf
6552,inf
61766,inf
61769,inf
27747,inf
30899,inf
25923,inf
25922,inf
25921,inf
108967,inf
25929,inf
22325,inf
28278,inf
25671,inf
25670,inf
25676,inf
23989,inf
23988,inf
109043,inf
7504,inf
7506,inf
9882,inf
7503,inf
16605,inf
16600,inf
16601,inf
16609,inf
127486,inf
12775,inf
61187,inf
61181,inf
14554,inf
127481,inf
61188,inf
120063,inf
64865,inf
64864,inf
10950,inf
64866,inf
64713,inf
64863,inf
63728,inf
16469,inf
63724,inf
24988,inf
61988,inf
24982,inf
24980,inf
61980,inf
61982,inf
16729,inf
120093,inf
2259,inf
2255,inf
5848,inf
2251,inf
4093,inf
63589,inf
24186,inf
24187,inf
24184,inf
24185,inf
121080,inf
63581,inf
121083,inf
63854,inf
63857,inf
4090,inf
22913,inf
2785,inf
4801,inf
2787,inf
4806,inf
4807,inf
4809,inf
116224,inf
9465,inf
9466,inf
11600,inf
2070,inf
11609,inf
14129,inf
27981,inf
27980,inf
62984,inf
122754,inf
62450,inf
27988,inf
10599,inf
14383,inf
14382,inf
14380,inf
112410,inf
14385,inf
14384,inf
62670,inf
62676,inf
66586,inf
12977,inf
12972,inf
29001,inf
29550,inf
7085,inf
7086,inf
6497,inf
8173,inf
8176,inf
6492,inf
6948,inf
15470,inf
8699,inf
66450,inf
126056,inf
66354,inf
28319,inf
66602,inf
66352,inf
61376,inf
61372,inf
61370,inf
119696,inf
24407,inf
24405,inf
24402,inf
4390,inf
25554,inf
24409,inf
28753,inf
28209,inf
1363,inf
1360,inf
28754,inf
28976,inf
28975,inf
28206,inf
28973,inf
28200,inf
28203,inf
28970,inf
61518,inf
61519,inf
61513,inf
61516,inf
22461,inf
4024,inf
13733,inf
13730,inf
13292,inf
4029,inf
19155,inf
19156,inf
19402,inf
19152,inf
118126,inf
118122,inf
118121,inf
65875,inf
65653,inf
65655,inf
65870,inf
65657,inf
65872,inf
65658,inf
118738,inf
119993,inf
106350,inf
25118,inf
25119,inf
25117,inf
25114,inf
25115,inf
25441,inf
25110,inf
25111,inf
126976,inf
64929,inf
124599,inf
124598,inf
2444,inf
64299,inf
124595,inf
124594,inf
64292,inf
61583,inf
7866,inf
7862,inf
61585,inf
7920,inf
61584,inf
61587,inf
16813,inf
15202,inf
64921,inf
6379,inf
6370,inf
12123,inf
12122,inf
12125,inf
12124,inf
6376,inf
12126,inf
10417,inf
10411,inf
63446,inf
63447,inf
63445,inf
63442,inf
121415,inf
121142,inf
9323,inf
9635,inf
9324,inf
9325,inf
8947,inf
62865,inf
62864,inf
62860,inf
3206,inf
1992,inf
1995,inf
5187,inf
1998,inf
2860,inf
29968,inf
29963,inf
29964,inf
28564,inf
28563,inf
24232,inf
24233,inf
24234,inf
62243,inf
62240,inf
3342,inf
3343,inf
5456,inf
30259,inf
30257,inf
30255,inf
30254,inf
30252,inf
31129,inf
13940,inf
13941,inf
13942,inf
31697,inf
31122,inf
31692,inf
31693,inf
28690,inf
5530,inf
28696,inf
28697,inf
5539,inf
28699,inf
111839,inf
23616,inf
6573,inf
6571,inf
6574,inf
6575,inf
61745,inf
27760,inf
27766,inf
27765,inf
7694,inf
7696,inf
29616,inf
7691,inf
29613,inf
29612,inf
29619,inf
25944,inf
25946,inf
3835,inf
3833,inf
3839,inf
7526,inf
7525,inf
16664,inf
16665,inf
16668,inf
6140,inf
12717,inf
6924,inf
12718,inf
14647,inf
10974,inf
10978,inf
64848,inf
60835,inf
21116,inf
16488,inf
21118,inf
16480,inf
65469,inf
65463,inf
65466,inf
65464,inf
65465,inf
2271,inf
2270,inf
64597,inf
17534,inf
2052,inf
2054,inf
4828,inf
30061,inf
4826,inf
2058,inf
13440,inf
13443,inf
29342,inf
9403,inf
9402,inf
7982,inf
9406,inf
10621,inf
62471,inf
62472,inf
62473,inf
8599,inf
11976,inf
11974,inf
64334,inf
124434,inf
124435,inf
27969,inf
64330,inf
64332,inf
27965,inf
17753,inf
27960,inf
13198,inf
13193,inf
13197,inf
120956,inf
63877,inf
63876,inf
63874,inf
63871,inf
63870,inf
125529,inf
125528,inf
62650,inf
62652,inf
62654,inf
62655,inf
62659,inf
9051,inf
64681,inf
10085,inf
10086,inf
7329,inf
13421,inf
12955,inf
12956,inf
12950,inf
7067,inf
7066,inf
7065,inf
7063,inf
107672,inf
107670,inf
30756,inf
30757,inf
12480,inf
12484,inf
30751,inf
15459,inf
8627,inf
8150,inf
30759,inf
24397,inf
24396,inf
24395,inf
24393,inf
110804,inf
31594,inf
31593,inf
110801,inf
110802,inf
31590,inf
66379,inf
66371,inf
61688,inf
61689,inf
127381,inf
61681,inf
61686,inf
127384,inf
61684,inf
61685,inf
9988,inf
64176,inf
124676,inf
11027,inf
14506,inf
66085,inf
14503,inf
28229,inf
28733,inf
28732,inf
28735,inf
28737,inf
124326,inf
64351,inf
11366,inf
27908,inf
11361,inf
61355,inf
61356,inf
61350,inf
61352,inf
61359,inf
116431,inf
121481,inf
110379,inf
64497,inf
65852,inf
61532,inf
65850,inf
61534,inf
65679,inf
65676,inf
65858,inf
65671,inf
65670,inf
25136,inf
25130,inf
25132,inf
25138,inf
64103,inf
65944,inf
25422,inf
118002,inf
118003,inf
8802,inf
6682,inf
61576,inf
16837,inf
121382,inf
7849,inf
16832,inf
63687,inf
16839,inf
16838,inf
6357,inf
12102,inf
61828,inf
12108,inf
9340,inf
9614,inf
9612,inf
9613,inf
9346,inf
9611,inf
9619,inf
63468,inf
63469,inf
63466,inf
63467,inf
63460,inf
63461,inf
63462,inf
14883,inf
14886,inf
113425,inf
14083,inf
14084,inf
3229,inf
1979,inf
1976,inf
1602,inf
3221,inf
1971,inf
1606,inf
4001,inf
2849,inf
2847,inf
2845,inf
13714,inf
5476,inf
5475,inf
14268,inf
14269,inf
28504,inf
14260,inf
14263,inf
20075,inf
62221,inf
62225,inf
115313,inf
115310,inf
115314,inf
28349,inf
5519,inf
5518,inf
5513,inf
106418,inf
62582,inf
29901,inf
14462,inf
29904,inf
29909,inf
28342,inf
66148,inf
66418,inf
66416,inf
118795,inf
126717,inf
118797,inf
66413,inf
118793,inf
27701,inf
29129,inf
25964,inf
25961,inf
17049,inf
15092,inf
15027,inf
30342,inf
31100,inf
29634,inf
29639,inf
29638,inf
1974,inf
23499,inf
3814,inf
8457,inf
8455,inf
109084,inf
119154,inf
13201,inf
13200,inf
7549,inf
31366,inf
31567,inf
19346,inf
16643,inf
12738,inf
12730,inf
65196,inf
65194,inf
120717,inf
64820,inf
64822,inf
60812,inf
10999,inf
10994,inf
60818,inf
10993,inf
10990,inf
10991,inf
24617,inf
24610,inf
25635,inf
25633,inf
25632,inf
24618,inf
65440,inf
65448,inf
65449,inf
24945,inf
21136,inf
116597,inf
22729,inf
116592,inf
2213,inf
2215,inf
31811,inf
12761,inf
116770,inf
116772,inf
116773,inf
12581,inf
25091,inf
25096,inf
25094,inf
12587,inf
25099,inf
25098,inf
4517,inf
4515,inf
11649,inf
11641,inf
11644,inf
11646,inf
62412,inf
62418,inf
5284,inf
27948,inf
64314,inf
64319,inf
27940,inf
20666,inf
9772,inf
63899,inf
63898,inf
63895,inf
63894,inf
63896,inf
63891,inf
63890,inf
63892,inf
63094,inf
7300,inf
9289,inf
9284,inf
63099,inf
29085,inf
11910,inf
10244,inf
11919,inf
30191,inf
30193,inf
30194,inf
7045,inf
123994,inf
123995,inf
10200,inf
123998,inf
24999,inf
63324,inf
63328,inf
30778,inf
30990,inf
30775,inf
30777,inf
30994,inf
8607,inf
24991,inf
61780,inf
24379,inf
24378,inf
24375,inf
2982,inf
24376,inf
2986,inf
127534,inf
1013,inf
61033,inf
4351,inf
4352,inf
28717,inf
11001,inf
28714,inf
28712,inf
14525,inf
14524,inf
28249,inf
28248,inf
14529,inf
106881,inf
11340,inf
11343,inf
110683,inf
110681,inf
110685,inf
5709,inf
61332,inf
61330,inf
61335,inf
61338,inf
61339,inf
111489,inf
111488,inf
6424,inf
30855,inf
28866,inf
118167,inf
124976,inf
124975,inf
23809,inf
65831,inf
65834,inf
25152,inf
25401,inf
25150,inf
4296,inf
25157,inf
25154,inf
6428,inf
16582,inf
2461,inf
12697,inf
12691,inf
12698,inf
116905,inf
10832,inf
10839,inf
1050,inf
7828,inf
19807,inf
63669,inf
63666,inf
63667,inf
63664,inf
63662,inf
7826,inf
63661,inf
61803,inf
64127,inf
17180,inf
119957,inf
119956,inf
17184,inf
9367,inf
21272,inf
8987,inf
63405,inf
1832,inf
1831,inf
3798,inf
3796,inf
3793,inf
2154,inf
2150,inf
2403,inf
4988,inf
1956,inf
1951,inf
14064,inf
3248,inf
3243,inf
3240,inf
3246,inf
13259,inf
12467,inf
62755,inf
62204,inf
1487,inf
62750,inf
62201,inf
62200,inf
5496,inf
14201,inf
62759,inf
5492,inf
30561,inf
30563,inf
30565,inf
6313,inf
6310,inf
113997,inf
12140,inf
12144,inf
112718,inf
24170,inf
10619,inf
10618,inf
29382,inf
29381,inf
29387,inf
29386,inf
29929,inf
29435,inf
29434,inf
29389,inf
29388,inf
29921,inf
28388,inf
24489,inf
23120,inf
1228,inf
30384,inf
8293,inf
6532,inf
109318,inf
6531,inf
8299,inf
30388,inf
25984,inf
25987,inf
25981,inf
25980,inf
31166,inf
31168,inf
62016,inf
3872,inf
8479,inf
8475,inf
8470,inf
7566,inf
7564,inf
7562,inf
7561,inf
119174,inf
119173,inf
66435,inf
110160,inf
31381,inf
127174,inf
10431,inf
22528,inf
22294,inf
120773,inf
120774,inf
64809,inf
60875,inf
64807,inf
10435,inf
24636,inf
65315,inf
65317,inf
65310,inf
65311,inf
65313,inf
2230,inf
2237,inf
31604,inf
3497,inf
8317,inf
4572,inf
120193,inf
13406,inf
13409,inf
4579,inf
63135,inf
2189,inf
2188,inf
11669,inf
24965,inf
27921,inf
62439,inf
27923,inf
27925,inf
27924,inf
27927,inf
62929,inf
17795,inf
27928,inf
62924,inf
62925,inf
62922,inf
62923,inf
122734,inf
25216,inf
25212,inf
64371,inf
64375,inf
113299,inf
5742,inf
122845,inf
7368,inf
7369,inf
7366,inf
12317,inf
11935,inf
11934,inf
11930,inf
30177,inf
12913,inf
12915,inf
30170,inf
7022,inf
107631,inf
9004,inf
10221,inf
24037,inf
24032,inf
21519,inf
62694,inf
62697,inf
62690,inf
62693,inf
112473,inf
62698,inf
30718,inf
115121,inf
30710,inf
124254,inf
30714,inf
7799,inf
7798,inf
24353,inf
24352,inf
24350,inf
24356,inf
1038,inf
1036,inf
1034,inf
23113,inf
4372,inf
4371,inf
4374,inf
14549,inf
28266,inf
28265,inf
11065,inf
28260,inf
15495,inf
15490,inf
8666,inf
8669,inf
4083,inf
114523,inf
13794,inf
4087,inf
13799,inf
13798,inf
31449,inf
31448,inf
126694,inf
66599,inf
19137,inf
5723,inf
5721,inf
5726,inf
61444,inf
127414,inf
61646,inf
61647,inf
61644,inf
61314,inf
61446,inf
61640,inf
61641,inf
110400,inf
60990,inf
60993,inf
60992,inf
60994,inf
61113,inf
23820,inf
11499,inf
28848,inf
8084,inf
8087,inf
65812,inf
65810,inf
63062,inf
25173,inf
22823,inf
16563,inf
29496,inf
28822,inf
12679,inf
6649,inf
12674,inf
12677,inf
10813,inf
10810,inf
10816,inf
10819,inf
63644,inf
63640,inf
63641,inf
63643,inf
7809,inf
63648,inf
64483,inf
65768,inf
12533,inf
61868,inf
64480,inf
61860,inf
61866,inf
26247,inf
26246,inf
2390,inf
64145,inf
63422,inf
21218,inf
21217,inf
63410,inf
2176,inf
2175,inf
4961,inf
28018,inf
3265,inf
5129,inf
62591,inf
62590,inf
5125,inf
61880,inf
5122,inf
120835,inf
29011,inf
120839,inf
112880,inf
113609,inf
13235,inf
14221,inf
14954,inf
120302,inf
14225,inf
14227,inf
62268,inf
122474,inf
28016,inf
17179,inf
20036,inf
30540,inf
113460,inf
6886,inf
4273,inf
1209,inf
109338,inf
30818,inf
8272,inf
29677,inf
29675,inf
114958,inf
31636,inf
114957,inf
31634,inf
31143,inf
31144,inf
31147,inf
6669,inf
111723,inf
111721,inf
8414,inf
107325,inf
7585,inf
9804,inf
7582,inf
66452,inf
66101,inf
66102,inf
66451,inf
66454,inf
66455,inf
66108,inf
66459,inf
22507,inf
65158,inf
65156,inf
61102,inf
4145,inf
3855,inf
3851,inf
28109,inf
22765,inf
65376,inf
63939,inf
63525,inf
31858,inf
121755,inf
114777,inf
31854,inf
10519,inf
5918,inf
63252,inf
64689,inf
4556,inf
64680,inf
64682,inf
4553,inf
64687,inf
14219,inf
11684,inf
11687,inf
65484,inf
24900,inf
65482,inf
24908,inf
24909,inf
65488,inf
65489,inf
64357,inf
64356,inf
124324,inf
124322,inf
124320,inf
124321,inf
27906,inf
27903,inf
25236,inf
25234,inf
125583,inf
16795,inf
16790,inf
16791,inf
6078,inf
2616,inf
2615,inf
20488,inf
30836,inf
7346,inf
7343,inf
10795,inf
64690,inf
10793,inf
21686,inf
21685,inf
12338,inf
12334,inf
12337,inf
12331,inf
29823,inf
29088,inf
121662,inf
29081,inf
29082,inf
10247,inf
29086,inf
18680,inf
22882,inf
29883,inf
29886,inf
24334,inf
24338,inf
2942,inf
2940,inf
5357,inf
1056,inf
30151,inf
30152,inf
31285,inf
5420,inf
31289,inf
14565,inf
14563,inf
14561,inf
11040,inf
27749,inf
24484,inf
24483,inf
14569,inf
15060,inf
106847,inf
106846,inf
122316,inf
3116,inf
3114,inf
62018,inf
62019,inf
30732,inf
8648,inf
30738,inf
31462,inf
31460,inf
31467,inf
31464,inf
110645,inf
124441,inf
23592,inf
11300,inf
11301,inf
11302,inf
11304,inf
64433,inf
61664,inf
28942,inf
61661,inf
61662,inf
61669,inf
25823,inf
25828,inf
66716,inf
66713,inf
25924,inf
28828,inf
29757,inf
21238,inf
61592,inf
12537,inf
61590,inf
61591,inf
61596,inf
127094,inf
16453,inf
117018,inf
117019,inf
12658,inf
6661,inf
12655,inf
10877,inf
63990,inf
16890,inf
63621,inf
63996,inf
16896,inf
63998,inf
63628,inf
61840,inf
65740,inf
65749,inf
65748,inf
64168,inf
64160,inf
64161,inf
64162,inf
64163,inf
64165,inf
64166,inf
21237,inf
63199,inf
21233,inf
21232,inf
121493,inf
63192,inf
63194,inf
63195,inf
63196,inf
63197,inf
1878,inf
4941,inf
2111,inf
2113,inf
14022,inf
14027,inf
1919,inf
5109,inf
17052,inf
3288,inf
62575,inf
1913,inf
122675,inf
62571,inf
3282,inf
120816,inf
120818,inf
13219,inf
10499,inf
10498,inf
18238,inf
14978,inf
14790,inf
14791,inf
14793,inf
14794,inf
18234,inf
11399,inf
62710,inf
62712,inf
62715,inf
20548,inf
62716,inf
113489,inf
15101,inf
112759,inf
112752,inf
9880,inf
6865,inf
6867,inf
1043,inf
29357,inf
8257,inf
8250,inf
8253,inf
1266,inf
8789,inf
30833,inf
30832,inf
8787,inf
122674,inf
30835,inf
31614,inf
30352,inf
10010,inf
29698,inf
7617,inf
29690,inf
29693,inf
29692,inf
114979,inf
8431,inf
8434,inf
8439,inf
30358,inf
6127,inf
126773,inf
6121,inf
66476,inf
66477,inf
61439,inf
61129,inf
61430,inf
61121,inf
61435,inf
8515,inf
24670,inf
24671,inf
4128,inf
24675,inf
24678,inf
4121,inf
12593,inf
4127,inf
4124,inf
28125,inf
5686,inf
28120,inf
5680,inf
4191,inf
11514,inf
11511,inf
11513,inf
65175,inf
65177,inf
65170,inf
5973,inf
5977,inf
65179,inf
17209,inf
17208,inf
17202,inf
25783,inf
25781,inf
25786,inf
25789,inf
25031,inf
25030,inf
25033,inf
65350,inf
65355,inf
24920,inf
24922,inf
24923,inf
24925,inf
24926,inf
64402,inf
2581,inf
64404,inf
64409,inf
64408,inf
2589,inf
64867,inf
9058,inf
64861,inf
64711,inf
6054,inf
6053,inf
10004,inf
10005,inf
10000,inf
10002,inf
10008,inf
9599,inf
20019,inf
9225,inf
9224,inf
9590,inf
62962,inf
62960,inf
62966,inf
62967,inf
62965,inf
12352,inf
118875,inf
118876,inf
113832,inf
123937,inf
9048,inf
63388,inf
63385,inf
63384,inf
63386,inf
63381,inf
2965,inf
2960,inf
29868,inf
29864,inf
65404,inf
64552,inf
24318,inf
24316,inf
24315,inf
24313,inf
24312,inf
62382,inf
1078,inf
1076,inf
5374,inf
5377,inf
1075,inf
1072,inf
30130,inf
30131,inf
30137,inf
13003,inf
61795,inf
30138,inf
65051,inf
31267,inf
4335,inf
4331,inf
3130,inf
14581,inf
3138,inf
14583,inf
20204,inf
20202,inf
62036,inf
62037,inf
115163,inf
31403,inf
23577,inf
5764,inf
5763,inf
61600,inf
61601,inf
61608,inf
25808,inf
25804,inf
25806,inf
25807,inf
66731,inf
126434,inf
1627,inf
6435,inf
5408,inf
12518,inf
12519,inf
12515,inf
12516,inf
8195,inf
7422,inf
7420,inf
12631,inf
12635,inf
12634,inf
12637,inf
6608,inf
117032,inf
117034,inf
117035,inf
117036,inf
10857,inf
110442,inf
60955,inf
60950,inf
60953,inf
60952,inf
122096,inf
19537,inf
63600,inf
63601,inf
63602,inf
63975,inf
63604,inf
63605,inf
63606,inf
63607,inf
12189,inf
65725,inf
65724,inf
12181,inf
12180,inf
28884,inf
2351,inf
61987,inf
17694,inf
3735,inf
3734,inf
1891,inf
2136,inf
4690,inf
4926,inf
4699,inf
2138,inf
11727,inf
11722,inf
11720,inf
11721,inf
11729,inf
4800,inf
5165,inf
5166,inf
5169,inf
14002,inf
14003,inf
14005,inf
14007,inf
62559,inf
20783,inf
17079,inf
17074,inf
17076,inf
62550,inf
17070,inf
62555,inf
17073,inf
2783,inf
120877,inf
9698,inf
9699,inf
9693,inf
62737,inf
122435,inf
14918,inf
122437,inf
62733,inf
62732,inf
62730,inf
14913,inf
62739,inf
62738,inf
63029,inf
1794,inf
6848,inf
6841,inf
6307,inf
6845,inf
10609,inf
29459,inf
29457,inf
29453,inf
29323,inf
8233,inf
30674,inf
30676,inf
30671,inf
30857,inf
8234,inf
31672,inf
31673,inf
31674,inf
31675,inf
7632,inf
30837,inf
31679,inf
7636,inf
7637,inf
7635,inf
112774,inf
112775,inf
112778,inf
9841,inf
9846,inf
9849,inf
63454,inf
13514,inf
1240,inf
1533,inf
1244,inf
1246,inf
23146,inf
28496,inf
28325,inf
28490,inf
28323,inf
1539,inf
22543,inf
22544,inf
22546,inf
31097,inf
4103,inf
31095,inf
31093,inf
4108,inf
31099,inf
24699,inf
10426,inf
24691,inf
28149,inf
9643,inf
3892,inf
28146,inf
28147,inf
28145,inf
31894,inf
31895,inf
117298,inf
11538,inf
5959,inf
11531,inf
11537,inf
11535,inf
61140,inf
61142,inf
61413,inf
61147,inf
61410,inf
61419,inf
61418,inf
111873,inf
64645,inf
64644,inf
64640,inf
25399,inf
25013,inf
25017,inf
121844,inf
121840,inf
121842,inf
25276,inf
25274,inf
64392,inf
124361,inf
64397,inf
25279,inf
119894,inf
6039,inf
119893,inf
17269,inf
6036,inf
6035,inf
6034,inf
10063,inf
9203,inf
63018,inf
121513,inf
63013,inf
12377,inf
12378,inf
12379,inf
62948,inf
9061,inf
113361,inf
9063,inf
113367,inf
10286,inf
13353,inf
14386,inf
3562,inf
112187,inf
112186,inf
112185,inf
112184,inf
13397,inf
20993,inf
2903,inf
64547,inf
2909,inf
2908,inf
64542,inf
14616,inf
20194,inf
20197,inf
20191,inf
5313,inf
13027,inf
30448,inf
30445,inf
30442,inf
30115,inf
30117,inf
31791,inf
31794,inf
3153,inf
1633,inf
3157,inf
3156,inf
1634,inf
28795,inf
3158,inf
28791,inf
11084,inf
122358,inf
64663,inf
62056,inf
62057,inf
3031,inf
25528,inf
66281,inf
66286,inf
66285,inf
23553,inf
66289,inf
66288,inf
66530,inf
23088,inf
23080,inf
23084,inf
61624,inf
61627,inf
29156,inf
29152,inf
29150,inf
29151,inf
25860,inf
61433,inf
25864,inf
16454,inf
21569,inf
8577,inf
8571,inf
8579,inf
12578,inf
15253,inf
12570,inf
12571,inf
12576,inf
12575,inf
31427,inf
7409,inf
7406,inf
7401,inf
61088,inf
22681,inf
61084,inf
12615,inf
60979,inf
24731,inf
60973,inf
60970,inf
12460,inf
60975,inf
65706,inf
65705,inf
29955,inf
65703,inf
65702,inf
65701,inf
65700,inf
19552,inf
65124,inf
19557,inf
65708,inf
13625,inf
13623,inf
2337,inf
4719,inf
25480,inf
25481,inf
3711,inf
3713,inf
4678,inf
4900,inf
2484,inf
4674,inf
13562,inf
13561,inf
63955,inf
63956,inf
63951,inf
63952,inf
63953,inf
11700,inf
63959,inf
62535,inf
5149,inf
62539,inf
5142,inf
17016,inf
64079,inf
65149,inf
63483,inf
63486,inf
28577,inf
62285,inf
62284,inf
62280,inf
5422,inf
7241,inf
17168,inf
6821,inf
6825,inf
6829,inf
10541,inf
10540,inf
10543,inf
10549,inf
63225,inf
121720,inf
121722,inf
29300,inf
29304,inf
14282,inf
8816,inf
14934,inf
8811,inf
8810,inf
14938,inf
18276,inf
8819,inf
8818,inf
8219,inf
30651,inf
15089,inf
30877,inf
8210,inf
8745,inf
15084,inf
8215,inf
109825,inf
109826,inf
30870,inf
7658,inf
9867,inf
11147,inf
14424,inf
14425,inf
28300,inf
28303,inf
24503,inf
24500,inf
28165,inf
28168,inf
5978,inf
64341,inf
110039,inf
11550,inf
11555,inf
11558,inf
127464,inf
61166,inf
65133,inf
65134,inf
65135,inf
64669,inf
25075,inf
25076,inf
25079,inf
120444,inf
120441,inf
65399,inf
63966,inf
25296,inf
14990,inf
122737,inf
30087,inf
6010,inf
6019,inf
117260,inf
117263,inf
64769,inf
116791,inf
17248,inf
17245,inf
17243,inf
17240,inf
10734,inf
10735,inf
10044,inf
10733,inf
63038,inf
63030,inf
12396,inf
12397,inf
12395,inf
12392,inf
12390,inf
26016,inf
64914,inf
26015,inf
26012,inf
26013,inf
26010,inf
26011,inf
64919,inf
64918,inf
26018,inf
26019,inf
8390,inf
113301,inf
9083,inf
21598,inf
65024,inf
3502,inf
5087,inf
3505,inf
2677,inf
2929,inf
5330,inf
14639,inf
14638,inf
112968,inf
5336,inf
112965,inf
5338,inf
112966,inf
30467,inf
30461,inf
30463,inf
13049,inf
13041,inf
13046,inf
18040,inf
18044,inf
18049,inf
3178,inf
62073,inf
122377,inf
3171,inf
61776,inf
122378,inf
127274,inf
30797,inf
29822,inf
127279,inf
29826,inf
29824,inf
29829,inf
1164,inf
66519,inf
66518,inf
1161,inf
126616,inf
25844,inf
25848,inf
31223,inf
31224,inf
29174,inf
29176,inf
29173,inf
28979,inf
1712,inf
27199,inf
12804,inf
12805,inf
15274,inf
8009,inf
65899,inf
12801,inf
65897,inf
12559,inf
65895,inf
8559,inf
8000,inf
8001,inf
8003,inf
28758,inf
7469,inf
110624,inf
110621,inf
19713,inf
22668,inf
2917,inf
111534,inf
111532,inf
111530,inf
60911,inf
10899,inf
60914,inf
60916,inf
10894,inf
110488,inf
24712,inf
24710,inf
24716,inf
65273,inf
65270,inf
65275,inf
13602,inf
13600,inf
4736,inf
4737,inf
13608,inf
2312,inf
5851,inf
5852,inf
3773,inf
3776,inf
13542,inf
63930,inf
63934,inf
19570,inf
7881,inf
7883,inf
7882,inf
17030,inf
17035,inf
62519,inf
62517,inf
62516,inf
62515,inf
62513,inf
62511,inf
64054,inf
64055,inf
64056,inf
64051,inf
28414,inf
113178,inf
21291,inf
28410,inf
10386,inf
5116,inf
10382,inf
10380,inf
16924,inf
7268,inf
7267,inf
16929,inf
7260,inf
12234,inf
6206,inf
12236,inf
12233,inf
12238,inf
66526,inf
6809,inf
6802,inf
6803,inf
15711,inf
29360,inf
10567,inf
10565,inf
29366,inf
9748,inf
21435,inf
24157,inf
63200,inf
63201,inf
19150,inf
18928,inf
112557,inf
112552,inf
8832,inf
30639,inf
30328,inf
17065,inf
30326,inf
30325,inf
7672,inf
62564,inf
17120,inf
24522,inf
1281,inf
11169,inf
1283,inf
14405,inf
11161,inf
11162,inf
14403,inf
109842,inf
8762,inf
1573,inf
1577,inf
13831,inf
2818,inf
13839,inf
12874,inf
5626,inf
28184,inf
28185,inf
28182,inf
5621,inf
8493,inf
31016,inf
8497,inf
111940,inf
110766,inf
28987,inf
23276,inf
28983,inf
28981,inf
11573,inf
28989,inf
25056,inf
25726,inf
25053,inf
25720,inf
6781,inf
10266,inf
6788,inf
4675,inf
16718,inf
16716,inf
19965,inf
16714,inf
16710,inf
16243,inf
22496,inf
120134,inf
64606,inf
63051,inf
121553,inf
63053,inf
63052,inf
63054,inf
63057,inf
121555,inf
63059,inf
9240,inf
9245,inf
65515,inf
65512,inf
24890,inf
65519,inf
3691,inf
63730,inf
64931,inf
64930,inf
26038,inf
64936,inf
64934,inf
26034,inf
64939,inf
26037,inf
24096,inf
24099,inf
29338,inf
24291,inf
3594,inf
14650,inf
14652,inf
62897,inf
62895,inf
62898,inf
13067,inf
30403,inf
13065,inf
13062,inf
27816,inf
27810,inf
27540,inf
122394,inf
122396,inf
29806,inf
1148,inf
23045,inf
29112,inf
7192,inf
31757,inf
31204,inf
31203,inf
29114,inf
31752,inf
109186,inf
109185,inf
12472,inf
109189,inf
8539,inf
8028,inf
12828,inf
8530,inf
12825,inf
15294,inf
12827,inf
12821,inf
8536,inf
15291,inf
15315,inf
7447,inf
7448,inf
119034,inf
61496,inf
30948,inf
65074,inf
65072,inf
63680,inf
22398,inf
118528,inf
61490,inf
13990,inf
60939,inf
60938,inf
120634,inf
60936,inf
60935,inf
60933,inf
60931,inf
120633,inf
24779,inf
28641,inf
126498,inf
126496,inf
126495,inf
28648,inf
24776,inf
61229,inf
61227,inf
65215,inf
65217,inf
5379,inf
4758,inf
4759,inf
5870,inf
208467,inf
5878,inf
11291,inf
11296,inf
11297,inf
3756,inf
2193,inf
13526,inf
13525,inf
11747,inf
11748,inf
63918,inf
63919,inf
63915,inf
63917,inf
20893,inf
64038,inf
60798,inf
64030,inf
60797,inf
60796,inf
6194,inf
6196,inf
6193,inf
2735,inf
2731,inf
20097,inf
9186,inf
9180,inf
10364,inf
10361,inf
7208,inf
7203,inf
7205,inf
6223,inf
11615,inf
6226,inf
12216,inf
12215,inf
12214,inf
12218,inf
15848,inf
9761,inf
29347,inf
29346,inf
29345,inf
29344,inf
10504,inf
10507,inf
29340,inf
63268,inf
63269,inf
63262,inf
121760,inf
24179,inf
121762,inf
6375,inf
8859,inf
8858,inf
10631,inf
62797,inf
8852,inf
8850,inf
14418,inf
1773,inf
106820,inf
11942,inf
24543,inf
108111,inf
24547,inf
24544,inf
24545,inf
62135,inf
62134,inf
62137,inf
122233,inf
62133,inf
1559,inf
14463,inf
3036,inf
28435,inf
14466,inf
28433,inf
3033,inf
30617,inf
30614,inf
30612,inf
13853,inf
31564,inf
31563,inf
31560,inf
5606,inf
5600,inf
24381,inf
5608,inf
111960,inf
111961,inf
110568,inf
110566,inf
110562,inf
110560,inf
23252,inf
23701,inf
109240,inf
15337,inf
15331,inf
12450,inf
109247,inf
30969,inf
22250,inf
6768,inf
6765,inf
115918,inf
118443,inf
16736,inf
16733,inf
63593,inf
16739,inf
65680,inf
65681,inf
16227,inf
65689,inf
119836,inf
119834,inf
120154,inf
120156,inf
64626,inf
64621,inf
64620,inf
63077,inf
63070,inf
61276,inf
66414,inf
120178,inf
2508,inf
2507,inf
64950,inf
26050,inf
2504,inf
64486,inf
64485,inf
64956,inf
22829,inf
5047,inf
5046,inf
5043,inf
10777,inf
116609,inf
14853,inf
62304,inf
62302,inf
30420,inf
30423,inf
3203,inf
28489,inf
29755,inf
29756,inf
10195,inf
29751,inf
10190,inf
10198,inf
29288,inf
29282,inf
1259,inf
29287,inf
29284,inf
1121,inf
25880,inf
15106,inf
30281,inf
30283,inf
29131,inf
29133,inf
29134,inf
3650,inf
31778,inf
31775,inf
12597,inf
8512,inf
12592,inf
8047,inf
8049,inf
12598,inf
119016,inf
12840,inf
12845,inf
31483,inf
31484,inf
31489,inf
31488,inf
23067,inf
23062,inf
24283,inf
24287,inf
61798,inf
61028,inf
61027,inf
111579,inf
61791,inf
61793,inf
24757,inf
24755,inf
24752,inf
24751,inf
24750,inf
24758,inf
28668,inf
28881,inf
61242,inf
61246,inf
61247,inf
13646,inf
13645,inf
4771,inf
13649,inf
5818,inf
19024,inf
17348,inf
17341,inf
25390,inf
13509,inf
25396,inf
4611,inf
13501,inf
13503,inf
13505,inf
23934,inf
65945,inf
65236,inf
65949,inf
65948,inf
64546,inf
5458,inf
64544,inf
120215,inf
64014,inf
64015,inf
64016,inf
64017,inf
64019,inf
120218,inf
10359,inf
25579,inf
25570,inf
25572,inf
25573,inf
117161,inf
16698,inf
122149,inf
2710,inf
10349,inf
7951,inf
7228,inf
10692,inf
9161,inf
10345,inf
63799,inf
63791,inf
63797,inf
122921,inf
6241,inf
6242,inf
10685,inf
12274,inf
12277,inf
10520,inf
121742,inf
63244,inf
63246,inf
63531,inf
63538,inf
13318,inf
8873,inf
8872,inf
24110,inf
24113,inf
24114,inf
23528,inf
31888,inf
15446,inf
30740,inf
5252,inf
5253,inf
5250,inf
5254,inf
14192,inf
4251,inf
15824,inf
14336,inf
11124,inf
14446,inf
62117,inf
11508,inf
3011,inf
3015,inf
28691,inf
30361,inf
4189,inf
31549,inf
13870,inf
4182,inf
110760,inf
4186,inf
118579,inf
5667,inf
113272,inf
118574,inf
118577,inf
127436,inf
66056,inf
66050,inf
66059,inf
14836,inf
23724,inf
6403,inf
12471,inf
15316,inf
30945,inf
61498,inf
8184,inf
61494,inf
9719,inf
120301,inf
63500,inf
7761,inf
7762,inf
64200,inf
3905,inf
6745,inf
6744,inf
6742,inf
4199,inf
121257,inf
63976,inf
63977,inf
9954,inf
63974,inf
9952,inf
16752,inf
16750,inf
16751,inf
12046,inf
12047,inf
12044,inf
25761,inf
25762,inf
4194,inf
65552,inf
65553,inf
65550,inf
65556,inf
65554,inf
2521,inf
26077,inf
26078,inf
12183,inf
64979,inf
11465,inf
8387,inf
11462,inf
5066,inf
17151,inf
17150,inf
17157,inf
17405,inf
25186,inf
25181,inf
4409,inf
13316,inf
13311,inf
9573,inf
10757,inf
62327,inf
62320,inf
5395,inf
11803,inf
14830,inf
14832,inf
11807,inf
14834,inf
11805,inf
11804,inf
64205,inf
64206,inf
20118,inf
64209,inf
27855,inf
9397,inf
29733,inf
9393,inf
29734,inf
9398,inf
15126,inf
61744,inf
31716,inf
7154,inf
7152,inf
30006,inf
30007,inf
30005,inf
7692,inf
8068,inf
12868,inf
8067,inf
8060,inf
30009,inf
28216,inf
7486,inf
7481,inf
29736,inf
123080,inf
2891,inf
23002,inf
1104,inf
23006,inf
28742,inf
28064,inf
1109,inf
22601,inf
118266,inf
118267,inf
13873,inf
28608,inf
28600,inf
28603,inf
28602,inf
13580,inf
114418,inf
4790,inf
5831,inf
11257,inf
65031,inf
65034,inf
65036,inf
64780,inf
64782,inf
64784,inf
64786,inf
112971,inf
25376,inf
25375,inf
65961,inf
61263,inf
61264,inf
65788,inf
65787,inf
65785,inf
64568,inf
64567,inf
64560,inf
64561,inf
25514,inf
12789,inf
12788,inf
17366,inf
17367,inf
12785,inf
10321,inf
2771,inf
3002,inf
4894,inf
9142,inf
7974,inf
7977,inf
7970,inf
16948,inf
6266,inf
12256,inf
12253,inf
12252,inf
12250,inf
6268,inf
21186,inf
119595,inf
119594,inf
119597,inf
17095,inf
9724,inf
123500,inf
113269,inf
63518,inf
63511,inf
22980,inf
3465,inf
8898,inf
8892,inf
1581,inf
20338,inf
62553,inf
5234,inf
5237,inf
13124,inf
13125,inf
17072,inf
13128,inf
18329,inf
1594,inf
28471,inf
28476,inf
28477,inf
28474,inf
3078,inf
14310,inf
14311,inf
62170,inf
122277,inf
12711,inf
66690,inf
66691,inf
31528,inf
126597,inf
66695,inf
66696,inf
66697,inf
31522,inf
126599,inf
31521,inf
31525,inf
5643,inf
29075,inf
29074,inf
29070,inf
31022,inf
28296,inf
28295,inf
28291,inf
31027,inf
66077,inf
66070,inf
66073,inf
30008,inf
105951,inf
6461,inf
30925,inf
6465,inf
31037,inf
7745,inf
6722,inf
8304,inf
65866,inf
120048,inf
110529,inf
9937,inf
16778,inf
16775,inf
16777,inf
6091,inf
12065,inf
6097,inf
6096,inf
64840,inf
25749,inf
25748,inf
25747,inf
25745,inf
65570,inf
65574,inf
65576,inf
65577,inf
65578,inf
24837,inf
21663,inf
24832,inf
3673,inf
64999,inf
64994,inf
2549,inf
64996,inf
64991,inf
64993,inf
116680,inf
11440,inf
11446,inf
3580,inf
3581,inf
3584,inf
3556,inf
64194,inf
64197,inf
64192,inf
17131,inf
17130,inf
17132,inf
64199,inf
64198,inf
17136,inf
13339,inf
13332,inf
4424,inf
12212,inf
64182,inf
9555,inf
62346,inf
66061,inf
64223,inf
20134,inf
27875,inf
27873,inf
63161,inf
63162,inf
29246,inf
29241,inf
11861,inf
14815,inf
11867,inf
15142,inf
109929,inf
109925,inf
109926,inf
109920,inf
7179,inf
31739,inf
31738,inf
31737,inf
31734,inf
112033,inf
112030,inf
1690,inf
112034,inf
30029,inf
115566,inf
30025,inf
12884,inf
30027,inf
30023,inf
66263,inf
66265,inf
66269,inf
28590,inf
1478,inf
12466,inf
28597,inf
6416,inf
22373,inf
61484,inf
31193,inf
4228,inf
31195,inf
31194,inf
4225,inf
4222,inf
13932,inf
28624,inf
28623,inf
28622,inf
5581,inf
24792,inf
28629,inf
5589,inf
66484,inf
66487,inf
11271,inf
13680,inf
13686,inf
19069,inf
28340,inf
61062,inf
61060,inf
61061,inf
61065,inf
65016,inf
61068,inf
61069,inf
65012,inf
65011,inf
60883,inf
25355,inf
25356,inf
25357,inf
60887,inf
30946,inf
19486,inf
64766,inf
60888,inf
25359,inf
64760,inf
25688,inf
25683,inf
25680,inf
25681,inf
23973,inf
23976,inf
22086,inf
65901,inf
61285,inf
65905,inf
65904,inf
65907,inf
64508,inf
64509,inf
25536,inf
124201,inf
2282,inf
2285,inf
117768,inf
10905,inf
10906,inf
10903,inf
10902,inf
10909,inf
30675,inf
9125,inf
10306,inf
10305,inf
10304,inf
10301,inf
16437,inf
63758,inf
7912,inf
7911,inf
13442,inf
7917,inf
6282,inf
4321,inf
63281,inf
63283,inf
63288,inf
121078,inf
21300,inf
63572,inf
121077,inf
11259,inf
2025,inf
2751,inf
2028,inf
5216,inf
5215,inf
5210,inf
5211,inf
14150,inf
61004,inf
62481,inf
9332,inf
62487,inf
13102,inf
18307,inf
18654,inf
14489,inf
122255,inf
62627,inf
62626,inf
62152,inf
122520,inf
28450,inf
14370,inf
62041,inf
4802,inf
66675,inf
66672,inf
66673,inf
109599,inf
29052,inf
29055,inf
29507,inf
126318,inf
23769,inf
23768,inf
23767,inf
28907,inf
28904,inf
66016,inf
126314,inf
28900,inf
1318,inf
15424,inf
12434,inf
12433,inf
15350,inf
15359,inf
105936,inf
110721,inf
31501,inf
31051,inf
31504,inf
110724,inf
110729,inf
110728,inf
7723,inf
3949,inf
120955,inf
3946,inf
6707,inf
9916,inf
9919,inf
24474,inf
24475,inf
24473,inf
6081,inf
61544,inf
61547,inf
61546,inf
61541,inf
125525,inf
125524,inf
22144,inf
22140,inf
4052,inf
4051,inf
4058,inf
3612,inf
3618,inf
3619,inf
65592,inf
65593,inf
65590,inf
114628,inf
2562,inf
65967,inf
11424,inf
17115,inf
17114,inf
17110,inf
5020,inf
61414,inf
13351,inf
116668,inf
13354,inf
4448,inf
24810,inf
20151,inf
20158,inf
62814,inf
62363,inf
62366,inf
62811,inf
3093,inf
10466,inf
29265,inf
29266,inf
29268,inf
121440,inf
63140,inf
63147,inf
28322,inf
8912,inf
28320,inf
18533,inf
11842,inf
30598,inf
30599,inf
30229,inf
30226,inf
30595,inf
30225,inf
30222,inf
30220,inf
30593,inf
7117,inf
7116,inf
18797,inf
1678,inf
28819,inf
1677,inf
29992,inf
29993,inf
126420,inf
29996,inf
29997,inf
28020,inf
28022,inf
126140,inf
66242,inf
1418,inf
1410,inf
2999,inf
13913,inf
4201,inf
4205,inf
5568,inf
5569,inf
5564,inf
5567,inf
5560,inf
7759,inf
111627,inf
66423,inf
15248,inf
11213,inf
11218,inf
19049,inf
61048,inf
61739,inf
27792,inf
61737,inf
27790,inf
61735,inf
61732,inf
61733,inf
27794,inf
61047,inf
25334,inf
25338,inf
25339,inf
23950,inf
23953,inf
23955,inf
28518,inf
65291,inf
65290,inf
65923,inf
65922,inf
65921,inf
28497,inf
16637,inf
16188,inf
16630,inf
105132,inf
6115,inf
6116,inf
6110,inf
3897,inf
124046,inf
10921,inf
10920,inf
64741,inf
116857,inf
124040,inf
17322,inf
3895,inf
64748,inf
63775,inf
7281,inf
7932,inf
7935,inf
9459,inf
7936,inf
9455,inf
63779,inf
65434,inf
16989,inf
65436,inf
65430,inf
21144,inf
16981,inf
16986,inf
16985,inf
16456,inf
64526,inf
64528,inf
28756,inf
120278,inf
121053,inf
63551,inf
63804,inf
63803,inf
63556,inf
63559,inf
113224,inf
63809,inf
30536,inf
22946,inf
24486,inf
21496,inf
3429,inf
3422,inf
3424,inf
2002,inf
2006,inf
2007,inf
2005,inf
4585,inf
2008,inf
12482,inf
14170,inf
12624,inf
14172,inf
12625,inf
6963,inf
11982,inf
11985,inf
30750,inf
12485,inf
10581,inf
10580,inf
118284,inf
13169,inf
10585,inf
10588,inf
13166,inf
11183,inf
125604,inf
11185,inf
14359,inf
112178,inf
112179,inf
62602,inf
62601,inf
8151,inf
30697,inf
30692,inf
1082,inf
66381,inf
66386,inf
66648,inf
29038,inf
29528,inf
29033,inf
29032,inf
29526,inf
1334,inf
1331,inf
6932,inf
6936,inf
1902,inf
8694,inf
8123,inf
8692,inf
7700,inf
123100,inf
66654,inf
31597,inf
66656,inf
66657,inf
66658,inf
61381,inf
61380,inf
61389,inf
61388,inf
8348,inf
31591,inf
8341,inf
28924,inf
66031,inf
66032,inf
66034,inf
63942,inf
61562,inf
61560,inf
61567,inf
61566,inf
61564,inf
117841,inf
65607,inf
65604,inf
61568,inf
22122,inf
4078,inf
13765,inf
4077,inf
13760,inf
4072,inf
3964,inf
3962,inf
5792,inf
5791,inf
3969,inf
3639,inf
26000,inf
11407,inf
114648,inf
11403,inf
3054,inf
31015,inf
61122,inf
127382,inf
106368,inf
25475,inf
13379,inf
13378,inf
4467,inf
13375,inf
4462,inf
4460,inf
24870,inf
24877,inf
24878,inf
24879,inf
64267,inf
64262,inf
16847,inf
16845,inf
16843,inf
6326,inf
12171,inf
12178,inf
29206,inf
10115,inf
10441,inf
10443,inf
21776,inf
21777,inf
63120,inf
63123,inf
63122,inf
63126,inf
62836,inf
62832,inf
62833,inf
8972,inf
8974,inf
8975,inf
26008,inf
7139,inf
7138,inf
64398,inf
7133,inf
7132,inf
7137,inf
1659,inf
1650,inf
1651,inf
1655,inf
119095,inf
24203,inf
24205,inf
24204,inf
3391,inf
3393,inf
5404,inf
3394,inf
3399,inf
1380,inf
28556,inf
28003,inf
1439,inf
30205,inf
1382,inf
29706,inf
114346,inf
13976,inf
29250,inf
18110,inf
23466,inf
5543,inf
111864,inf
30067,inf
30068,inf
8595,inf
111869,inf
111868,inf
11238,inf
11234,inf
11236,inf
61717,inf
109380,inf
61712,inf
61718,inf
61719,inf
25915,inf
22338,inf
25918,inf
25318,inf
25312,inf
25313,inf
25314,inf
25640,inf
4911,inf
23420,inf
115831,inf
9890,inf
9898,inf
9899,inf
17266,inf
3071,inf
12762,inf
6130,inf
6136,inf
64891,inf
64726,inf
64896,inf
64898,inf
64899,inf
10946,inf
16477,inf
63716,inf
1593,inf
9472,inf
9473,inf
16478,inf
65413,inf
61971,inf
65417,inf
61976,inf
21163,inf
24997,inf
24996,inf
5174,inf
64099,inf
120296,inf
120297,inf
2246,inf
64096,inf
124794,inf
24191,inf
24190,inf
24197,inf
63825,inf
63826,inf
63821,inf
63822,inf
31150,inf
3407,inf
7536,inf
4878,inf
13498,inf
10615,inf
10614,inf
2060,inf
2061,inf
2797,inf
14112,inf
14113,inf
14111,inf
14114,inf
108970,inf
62990,inf
62996,inf
62447,inf
62446,inf
122742,inf
122741,inf
13142,inf
9783,inf
9786,inf
112402,inf
112401,inf
14292,inf
62662,inf
62667,inf
62666,inf
30032,inf
65180,inf
12964,inf
29015,inf
29542,inf
7092,inf
107643,inf
29547,inf
12722,inf
66698,inf
31520,inf
8105,inf
1359,inf
8109,inf
1356,inf
66630,inf
66631,inf
66636,inf
66634,inf
8363,inf
8365,inf
61364,inf
113362,inf
61531,inf
110588,inf
3184,inf
28940,inf
28765,inf
28947,inf
28944,inf
24432,inf
24430,inf
24436,inf
28769,inf
61508,inf
61500,inf
61507,inf
122315,inf
13709,inf
13700,inf
4016,inf
13704,inf
19433,inf
19431,inf
19438,inf
19439,inf
3980,inf
110326,inf
110320,inf
1111,inf
23852,inf
65624,inf
117862,inf
117861,inf
65621,inf
65622,inf
16284,inf
1117,inf
64102,inf
25108,inf
24858,inf
24852,inf
24853,inf
24856,inf
24857,inf
64284,inf
64280,inf
64283,inf
64282,inf
7875,inf
7873,inf
8051,inf
7878,inf
16860,inf
6308,inf
8050,inf
6304,inf
12156,inf
6301,inf
63455,inf
63106,inf
63456,inf
63451,inf
63450,inf
9319,inf
63100,inf
10422,inf
10420,inf
9313,inf
63109,inf
3216,inf
112366,inf
112362,inf
21757,inf
8958,inf
62852,inf
62854,inf
62855,inf
62859,inf
26905,inf
26900,inf
113419,inf
125237,inf
125234,inf
112090,inf
1632,inf
112092,inf
112095,inf
1635,inf
1981,inf
1988,inf
2817,inf
2811,inf
2812,inf
29954,inf
29487,inf
29952,inf
29953,inf
14257,inf
14256,inf
14250,inf
14253,inf
14252,inf
24225,inf
24224,inf
24220,inf
122175,inf
28579,inf
122173,inf
122172,inf
28573,inf
3376,inf
3373,inf
1183,inf
3370,inf
30263,inf
30260,inf
30261,inf
30265,inf
31683,inf
31687,inf
31686,inf
31135,inf
31689,inf
31136,inf
4242,inf
4241,inf
5520,inf
5523,inf
5526,inf
7741,inf
30088,inf
30086,inf
111662,inf
30084,inf
31354,inf
23195,inf
23196,inf
23197,inf
23622,inf
6547,inf
121383,inf
30884,inf
6543,inf
61777,inf
16836,inf
27756,inf
27755,inf
30888,inf
6548,inf
25937,inf
115812,inf
14926,inf
7515,inf
18241,inf
7510,inf
16671,inf
16675,inf
16674,inf
16679,inf
6152,inf
61192,inf
6158,inf
2991,inf
64708,inf
25665,inf
120059,inf
60825,inf
120723,inf
60823,inf
60822,inf
63739,inf
15521,inf
121233,inf
121893,inf
13453,inf
22717,inf
61999,inf
61996,inf
65472,inf
65474,inf
65477,inf
8759,inf
30660,inf
2269,inf
2267,inf
63848,inf
30849,inf
8750,inf
63847,inf
2044,inf
4819,inf
2049,inf
9411,inf
9413,inf
10639,inf
11618,inf
11948,inf
14130,inf
14131,inf
11944,inf
14133,inf
14134,inf
11940,inf
27991,inf
27996,inf
27997,inf
17724,inf
62465,inf
65022,inf
63594,inf
63596,inf
125533,inf
62646,inf
62642,inf
62640,inf
62649,inf
62648,inf
20417,inf
10092,inf
10097,inf
10096,inf
117805,inf
122355,inf
64321,inf
122354,inf
12947,inf
12945,inf
12944,inf
7070,inf
29561,inf
13189,inf
14395,inf
14398,inf
14399,inf
8163,inf
8162,inf
15443,inf
15442,inf
12497,inf
66610,inf
6475,inf
66616,inf
66617,inf
61349,inf
127399,inf
8388,inf
61691,inf
61690,inf
61340,inf
61694,inf
25340,inf
24414,inf
24415,inf
4383,inf
24419,inf
4381,inf
1372,inf
28749,inf
28744,inf
28217,inf
28214,inf
28740,inf
23291,inf
28967,inf
4036,inf
26360,inf
11376,inf
11371,inf
11372,inf
121934,inf
19415,inf
23871,inf
23877,inf
61527,inf
65643,inf
65640,inf
61523,inf
65861,inf
120557,inf
124616,inf
124614,inf
124615,inf
25431,inf
25430,inf
25433,inf
25434,inf
25124,inf
65971,inf
7852,inf
7853,inf
7850,inf
63693,inf
63690,inf
63699,inf
61836,inf
61831,inf
61832,inf
16802,inf
61839,inf
61838,inf
12138,inf
12139,inf
6362,inf
12136,inf
10150,inf
10156,inf
10405,inf
10407,inf
10159,inf
9338,inf
63470,inf
63474,inf
63478,inf
14898,inf
14897,inf
14895,inf
21731,inf
62870,inf
3082,inf
62874,inf
3226,inf
113439,inf
3230,inf
3231,inf
1968,inf
1969,inf
1618,inf
1619,inf
3238,inf
1613,inf
2870,inf
3354,inf
28513,inf
28512,inf
2547,inf
3358,inf
20064,inf
122159,inf
5442,inf
62257,inf
30539,inf
30240,inf
30534,inf
64997,inf
30247,inf
114303,inf
5508,inf
18152,inf
5505,inf
5503,inf
23605,inf
66151,inf
66155,inf
66404,inf
66403,inf
27776,inf
27771,inf
27773,inf
61758,inf
61759,inf
6565,inf
61752,inf
61753,inf
61755,inf
29606,inf
29607,inf
7685,inf
28501,inf
7683,inf
7682,inf
29600,inf
29601,inf
25950,inf
25956,inf
29608,inf
29609,inf
9155,inf
3824,inf
3821,inf
3820,inf
65980,inf
8440,inf
109079,inf
115872,inf
115873,inf
115876,inf
5134,inf
7537,inf
5479,inf
31379,inf
19355,inf
16650,inf
6178,inf
12726,inf
65184,inf
6171,inf
64857,inf
64850,inf
64851,inf
64853,inf
10984,inf
10981,inf
64859,inf
10983,inf
24607,inf
60802,inf
60801,inf
60800,inf
24608,inf
65456,inf
65322,inf
24954,inf
65459,inf
119536,inf
119535,inf
119533,inf
63744,inf
64583,inf
64584,inf
7904,inf
64589,inf
11584,inf
11580,inf
116210,inf
4839,inf
4830,inf
4523,inf
4834,inf
4520,inf
7993,inf
7991,inf
7995,inf
4423,inf
11636,inf
62401,inf
62406,inf
11117,inf
13184,inf
64327,inf
13187,inf
64322,inf
64323,inf
13183,inf
20653,inf
8638,inf
6994,inf
63862,inf
63863,inf
63866,inf
122835,inf
122837,inf
9293,inf
7331,inf
9298,inf
9299,inf
18439,inf
30185,inf
12924,inf
30181,inf
12926,inf
30188,inf
10215,inf
10211,inf
10213,inf
121615,inf
63313,inf
121613,inf
61401,inf
63318,inf
61151,inf
112111,inf
61404,inf
8148,inf
30760,inf
30989,inf
30764,inf
8637,inf
6995,inf
65128,inf
8633,inf
66366,inf
65126,inf
66360,inf
31588,inf
66365,inf
24382,inf
66367,inf
24384,inf
24386,inf
60977,inf
66368,inf
31587,inf
24389,inf
61885,inf
111490,inf
111491,inf
111492,inf
111493,inf
9999,inf
9023,inf
65251,inf
66091,inf
66096,inf
28231,inf
65252,inf
11038,inf
125034,inf
1397,inf
1393,inf
65709,inf
12418,inf
11351,inf
61321,inf
61322,inf
61325,inf
61326,inf
64821,inf
23819,inf
23810,inf
23812,inf
65669,inf
126714,inf
65664,inf
65841,inf
124638,inf
25140,inf
64130,inf
64136,inf
124636,inf
2437,inf
2436,inf
2435,inf
16821,inf
16824,inf
63678,inf
16827,inf
16828,inf
16829,inf
121374,inf
63676,inf
7835,inf
63672,inf
12110,inf
117358,inf
6343,inf
6347,inf
6346,inf
6349,inf
119493,inf
17198,inf
17197,inf
17195,inf
9351,inf
9602,inf
9355,inf
9359,inf
9358,inf
10174,inf
63419,inf
63418,inf
21244,inf
11035,inf
14512,inf
63413,inf
63415,inf
63417,inf
3782,inf
3781,inf
3786,inf
3785,inf
8990,inf
4993,inf
4990,inf
113459,inf
125276,inf
125274,inf
125279,inf
116004,inf
1949,inf
106073,inf
1943,inf
1940,inf
3255,inf
13241,inf
2859,inf
2856,inf
3333,inf
5465,inf
5464,inf
28532,inf
62239,inf
20047,inf
20046,inf
62236,inf
62237,inf
122137,inf
122136,inf
29710,inf
106404,inf
29717,inf
29910,inf
29916,inf
29918,inf
1234,inf
66428,inf
1230,inf
28395,inf
126720,inf
126721,inf
28398,inf
1239,inf
66425,inf
66424,inf
8288,inf
25970,inf
25972,inf
25976,inf
25978,inf
25979,inf
2489,inf
31170,inf
29624,inf
29626,inf
4903,inf
23486,inf
2482,inf
3807,inf
23485,inf
8463,inf
8465,inf
111779,inf
110179,inf
31394,inf
31392,inf
22536,inf
22532,inf
3063,inf
64830,inf
4173,inf
60868,inf
64839,inf
25628,inf
24621,inf
24620,inf
25623,inf
25627,inf
65303,inf
24978,inf
24971,inf
24976,inf
24975,inf
119553,inf
116586,inf
22751,inf
116588,inf
31821,inf
2226,inf
2222,inf
2220,inf
10724,inf
8113,inf
4503,inf
13479,inf
25088,inf
2080,inf
25080,inf
25081,inf
25082,inf
2085,inf
11656,inf
125860,inf
17761,inf
17762,inf
27957,inf
11178,inf
62932,inf
64308,inf
64304,inf
64306,inf
64307,inf
64301,inf
64302,inf
64303,inf
63886,inf
16642,inf
63881,inf
20907,inf
62689,inf
62688,inf
20900,inf
20901,inf
62683,inf
62686,inf
20909,inf
6169,inf
63084,inf
63085,inf
63082,inf
63083,inf
63080,inf
63081,inf
7315,inf
7316,inf
11902,inf
12304,inf
11032,inf
11907,inf
12309,inf
30169,inf
30168,inf
12909,inf
30165,inf
12904,inf
30161,inf
30163,inf
10232,inf
9016,inf
7034,inf
10236,inf
10235,inf
9013,inf
10238,inf
21505,inf
21504,inf
21507,inf
63338,inf
63339,inf
21503,inf
12734,inf
24029,inf
21508,inf
64387,inf
64381,inf
30709,inf
60814,inf
6431,inf
120716,inf
30703,inf
120714,inf
7781,inf
66300,inf
66301,inf
126005,inf
66305,inf
24360,inf
24361,inf
1004,inf
120719,inf
4340,inf
28700,inf
28253,inf
28250,inf
28256,inf
28706,inf
28707,inf
14535,inf
28258,inf
14537,inf
11010,inf
11012,inf
8611,inf
212340,inf
19103,inf
5711,inf
65665,inf
25631,inf
61655,inf
61656,inf
61302,inf
61653,inf
61300,inf
107830,inf
3062,inf
28877,inf
11482,inf
11480,inf
65829,inf
65825,inf
25168,inf
25167,inf
25166,inf
25164,inf
120517,inf
64135,inf
32280,inf
16597,inf
12681,inf
12688,inf
12689,inf
10827,inf
63659,inf
19818,inf
28919,inf
63651,inf
63650,inf
63657,inf
13387,inf
61871,inf
61873,inf
61872,inf
61877,inf
64153,inf
64154,inf
12476,inf
66003,inf
121134,inf
63435,inf
121137,inf
20988,inf
63430,inf
9371,inf
9372,inf
121139,inf
116395,inf
1820,inf
1823,inf
2146,inf
29934,inf
4972,inf
4973,inf
1920,inf
3277,inf
3275,inf
3273,inf
1926,inf
3278,inf
116029,inf
13228,inf
4223,inf
13227,inf
112876,inf
112874,inf
14233,inf
112878,inf
122447,inf
62745,inf
62742,inf
62215,inf
62740,inf
122114,inf
3311,inf
3310,inf
5485,inf
62748,inf
20029,inf
20028,inf
30576,inf
30577,inf
20021,inf
30578,inf
28620,inf
12403,inf
15360,inf
123138,inf
29939,inf
1982,inf
29427,inf
29396,inf
29397,inf
29390,inf
29423,inf
29392,inf
1213,inf
1210,inf
23137,inf
23135,inf
6522,inf
6527,inf
6529,inf
6528,inf
8266,inf
30398,inf
30399,inf
25995,inf
25993,inf
25991,inf
29649,inf
31629,inf
31159,inf
29642,inf
63679,inf
31627,inf
31626,inf
31620,inf
29645,inf
3863,inf
3862,inf
63674,inf
8402,inf
7572,inf
7575,inf
7574,inf
7576,inf
9815,inf
9812,inf
66441,inf
66114,inf
66445,inf
66447,inf
66446,inf
117359,inf
61464,inf
61462,inf
65148,inf
12111,inf
65145,inf
65144,inf
14285,inf
61811,inf
65142,inf
4156,inf
61815,inf
60848,inf
60847,inf
60846,inf
60845,inf
64813,inf
61086,inf
24648,inf
28119,inf
4510,inf
24646,inf
65368,inf
22772,inf
65491,inf
65365,inf
11096,inf
65494,inf
119574,inf
31849,inf
31843,inf
31846,inf
5902,inf
15087,inf
5901,inf
19311,inf
8213,inf
19318,inf
30306,inf
3480,inf
8214,inf
13412,inf
13410,inf
4560,inf
13417,inf
4569,inf
4568,inf
11670,inf
11672,inf
62709,inf
24912,inf
121839,inf
24914,inf
121835,inf
121834,inf
121833,inf
27932,inf
27933,inf
27930,inf
62918,inf
27936,inf
27937,inf
62913,inf
62911,inf
17780,inf
62914,inf
64369,inf
25202,inf
25203,inf
25201,inf
64363,inf
64360,inf
64367,inf
64364,inf
64365,inf
118228,inf
16784,inf
125596,inf
125595,inf
125598,inf
118223,inf
12094,inf
6066,inf
12091,inf
12090,inf
6062,inf
2606,inf
2602,inf
10787,inf
10035,inf
10789,inf
10030,inf
10033,inf
65014,inf
7370,inf
11929,inf
12321,inf
11923,inf
11925,inf
60882,inf
30490,inf
30495,inf
30146,inf
30496,inf
29099,inf
29098,inf
7017,inf
29095,inf
10252,inf
121659,inf
64768,inf
24005,inf
18699,inf
24008,inf
121656,inf
29895,inf
29894,inf
29899,inf
64763,inf
24344,inf
2955,inf
2950,inf
2951,inf
2953,inf
1021,inf
5342,inf
126020,inf
4367,inf
62005,inf
3105,inf
3107,inf
11074,inf
3103,inf
111102,inf
111103,inf
8675,inf
30720,inf
106853,inf
13782,inf
4091,inf
31455,inf
13786,inf
31453,inf
4094,inf
66290,inf
13789,inf
31459,inf
5735,inf
66588,inf
126623,inf
11319,inf
11318,inf
11315,inf
61046,inf
11313,inf
66582,inf
11310,inf
19124,inf
127378,inf
61679,inf
61671,inf
61676,inf
127376,inf
127377,inf
60984,inf
28858,inf
28851,inf
28853,inf
61581,inf
8096,inf
8095,inf
65803,inf
8093,inf
8092,inf
15203,inf
61586,inf
61589,inf
8099,inf
22181,inf
8046,inf
11142,inf
16573,inf
12669,inf
6653,inf
10801,inf
120359,inf
120358,inf
63986,inf
63984,inf
63635,inf
63637,inf
63639,inf
65776,inf
65777,inf
19878,inf
6386,inf
65772,inf
65773,inf
65771,inf
21066,inf
19873,inf
61859,inf
21061,inf
24803,inf
124678,inf
124679,inf
64177,inf
124675,inf
64175,inf
124677,inf
64173,inf
64171,inf
65586,inf
63188,inf
63182,inf
63181,inf
63180,inf
21204,inf
1848,inf
124394,inf
2169,inf
2163,inf
14036,inf
62581,inf
17047,inf
122680,inf
1906,inf
3297,inf
5133,inf
3291,inf
120825,inf
120824,inf
13204,inf
120823,inf
120822,inf
13208,inf
11914,inf
14960,inf
20005,inf
20556,inf
62761,inf
30558,inf
30559,inf
30550,inf
12545,inf
30557,inf
12816,inf
113498,inf
113494,inf
113490,inf
113491,inf
112721,inf
112720,inf
29406,inf
29402,inf
4546,inf
1279,inf
116831,inf
1274,inf
8792,inf
8247,inf
8245,inf
29661,inf
29662,inf
29663,inf
12459,inf
29668,inf
29669,inf
26898,inf
31600,inf
31607,inf
3336,inf
8423,inf
111731,inf
111732,inf
10658,inf
9831,inf
9837,inf
9835,inf
23111,inf
66468,inf
66465,inf
23118,inf
65169,inf
10656,inf
61448,inf
65163,inf
61445,inf
61114,inf
61112,inf
61441,inf
61442,inf
61443,inf
24662,inf
4434,inf
4132,inf
64184,inf
24669,inf
24668,inf
3840,inf
5690,inf
28130,inf
5697,inf
28135,inf
3848,inf
28139,inf
28138,inf
22794,inf
22797,inf
22791,inf
124995,inf
63757,inf
16439,inf
63755,inf
118653,inf
62437,inf
5968,inf
5961,inf
64189,inf
5965,inf
17549,inf
17239,inf
17237,inf
17232,inf
17233,inf
13439,inf
64699,inf
13431,inf
13432,inf
124195,inf
124196,inf
121817,inf
121816,inf
121815,inf
11694,inf
121819,inf
121818,inf
65345,inf
65343,inf
65342,inf
24934,inf
24931,inf
64436,inf
124442,inf
2596,inf
124440,inf
64344,inf
64345,inf
64346,inf
2593,inf
27913,inf
27914,inf
25224,inf
25225,inf
25227,inf
25223,inf
6044,inf
2620,inf
2625,inf
8606,inf
2628,inf
7350,inf
10013,inf
9589,inf
9230,inf
10016,inf
62975,inf
62976,inf
62979,inf
12346,inf
10277,inf
10271,inf
121673,inf
7336,inf
63374,inf
125315,inf
63377,inf
122078,inf
9052,inf
24069,inf
24068,inf
21543,inf
21542,inf
24066,inf
122075,inf
122894,inf
122895,inf
29878,inf
29875,inf
29874,inf
29870,inf
29873,inf
61167,inf
2975,inf
62395,inf
122094,inf
62396,inf
62391,inf
1045,inf
62399,inf
122099,inf
30121,inf
30127,inf
30128,inf
31291,inf
65247,inf
11051,inf
11056,inf
14578,inf
24491,inf
24495,inf
3129,inf
3121,inf
3126,inf
8658,inf
115404,inf
8655,inf
8657,inf
31479,inf
31477,inf
9317,inf
5750,inf
5757,inf
23561,inf
61610,inf
15197,inf
127316,inf
15199,inf
66708,inf
64549,inf
28397,inf
28836,inf
28834,inf
7435,inf
7437,inf
7430,inf
64423,inf
16550,inf
120593,inf
66426,inf
117006,inf
12648,inf
6678,inf
117003,inf
110387,inf
10868,inf
110384,inf
110382,inf
10860,inf
10867,inf
9311,inf
16887,inf
16885,inf
63617,inf
121315,inf
63967,inf
16889,inf
19508,inf
63962,inf
13639,inf
65753,inf
119436,inf
6509,inf
21959,inf
1860,inf
1864,inf
1866,inf
13597,inf
4932,inf
4685,inf
4682,inf
4936,inf
13590,inf
13599,inf
2101,inf
2100,inf
6500,inf
5111,inf
14017,inf
14016,inf
14011,inf
17061,inf
20791,inf
17069,inf
62562,inf
5218,inf
10482,inf
10484,inf
113652,inf
14908,inf
62488,inf
63175,inf
62702,inf
62700,inf
62707,inf
62705,inf
29621,inf
1781,inf
1783,inf
1786,inf
6873,inf
15761,inf
29463,inf
29461,inf
29466,inf
18221,inf
23487,inf
29341,inf
3806,inf
30822,inf
8229,inf
14808,inf
31661,inf
31660,inf
31663,inf
31662,inf
31666,inf
31669,inf
7602,inf
13552,inf
4640,inf
13550,inf
9850,inf
9857,inf
9859,inf
13554,inf
28483,inf
1257,inf
1254,inf
1523,inf
28337,inf
63520,inf
28333,inf
28332,inf
30236,inf
30231,inf
61420,inf
61421,inf
22221,inf
61427,inf
61425,inf
4115,inf
11770,inf
24689,inf
24685,inf
14378,inf
122257,inf
28152,inf
28155,inf
28157,inf
28156,inf
62982,inf
116526,inf
110045,inf
31887,inf
31881,inf
31880,inf
5944,inf
23793,inf
23790,inf
23791,inf
11506,inf
11502,inf
23799,inf
65100,inf
65105,inf
61131,inf
65107,inf
65106,inf
65108,inf
127439,inf
127438,inf
106228,inf
25799,inf
13427,inf
25025,inf
25020,inf
25021,inf
7554,inf
64418,inf
64045,inf
124319,inf
124318,inf
64415,inf
124315,inf
124314,inf
64410,inf
64412,inf
118264,inf
25240,inf
25241,inf
1682,inf
6020,inf
6025,inf
10071,inf
2646,inf
9216,inf
9217,inf
12365,inf
12364,inf
62957,inf
62955,inf
62954,inf
21159,inf
9071,inf
10297,inf
10296,inf
123435,inf
10292,inf
125379,inf
63398,inf
24040,inf
63394,inf
121693,inf
64915,inf
3555,inf
30906,inf
63770,inf
2916,inf
64833,inf
29852,inf
4176,inf
29854,inf
24302,inf
24304,inf
5301,inf
5306,inf
13016,inf
13013,inf
13011,inf
30451,inf
30100,inf
4328,inf
31276,inf
4322,inf
3144,inf
14597,inf
14592,inf
14593,inf
14590,inf
62049,inf
17863,inf
17861,inf
106760,inf
62046,inf
31418,inf
4623,inf
5772,inf
5774,inf
23544,inf
61635,inf
25878,inf
29143,inf
25870,inf
25874,inf
25877,inf
66728,inf
28817,inf
23898,inf
66726,inf
126424,inf
126423,inf
66723,inf
109158,inf
25405,inf
12568,inf
21595,inf
25406,inf
12560,inf
15242,inf
15247,inf
7416,inf
16531,inf
117020,inf
61093,inf
12620,inf
12621,inf
6617,inf
61095,inf
61094,inf
61098,inf
10840,inf
10841,inf
13891,inf
60949,inf
60942,inf
60943,inf
120315,inf
120314,inf
63056,inf
63943,inf
3504,inf
63941,inf
63945,inf
22057,inf
61899,inf
65739,inf
65732,inf
12192,inf
65731,inf
65737,inf
65734,inf
22059,inf
2345,inf
119419,inf
2346,inf
2340,inf
2342,inf
119414,inf
119417,inf
66013,inf
3708,inf
65056,inf
3700,inf
1884,inf
3707,inf
13579,inf
2124,inf
4918,inf
12436,inf
4666,inf
13570,inf
13572,inf
15354,inf
15343,inf
105670,inf
62543,inf
5179,inf
12430,inf
62549,inf
64064,inf
64066,inf
64061,inf
64060,inf
64063,inf
64062,inf
29367,inf
9689,inf
63490,inf
63493,inf
63495,inf
121194,inf
63498,inf
62723,inf
62724,inf
62728,inf
7257,inf
7250,inf
7251,inf
7253,inf
5334,inf
10550,inf
14633,inf
7007,inf
29448,inf
29449,inf
63233,inf
29339,inf
29443,inf
29332,inf
29446,inf
8804,inf
14290,inf
8807,inf
14923,inf
14297,inf
14296,inf
110725,inf
8808,inf
30666,inf
30843,inf
30662,inf
30847,inf
30844,inf
8755,inf
6588,inf
8202,inf
109366,inf
109364,inf
121713,inf
7620,inf
119256,inf
31643,inf
118873,inf
28502,inf
9872,inf
24511,inf
24510,inf
63663,inf
1500,inf
28313,inf
3087,inf
7824,inf
28317,inf
28316,inf
28315,inf
28314,inf
22207,inf
22205,inf
13800,inf
28176,inf
3886,inf
117904,inf
117905,inf
117902,inf
117903,inf
116503,inf
2086,inf
25180,inf
116505,inf
116504,inf
18732,inf
61153,inf
61402,inf
61403,inf
127455,inf
61405,inf
61406,inf
61155,inf
61408,inf
61409,inf
61159,inf
30862,inf
25004,inf
25000,inf
120455,inf
120456,inf
120458,inf
30640,inf
64652,inf
64650,inf
119955,inf
30310,inf
66185,inf
64128,inf
65389,inf
24795,inf
65387,inf
124374,inf
19954,inf
19950,inf
19953,inf
3170,inf
64753,inf
7648,inf
6003,inf
65009,inf
6008,inf
17272,inf
9273,inf
10056,inf
10726,inf
27780,inf
63004,inf
27783,inf
63000,inf
2573,inf
12389,inf
12381,inf
12380,inf
12382,inf
26004,inf
26006,inf
65006,inf
64382,inf
64383,inf
26009,inf
64389,inf
113371,inf
113370,inf
29791,inf
3574,inf
3570,inf
4497,inf
4496,inf
4494,inf
2662,inf
2663,inf
13380,inf
13381,inf
13326,inf
20982,inf
20983,inf
4498,inf
2938,inf
5327,inf
11898,inf
14606,inf
11896,inf
14603,inf
112970,inf
1837,inf
20185,inf
30479,inf
30477,inf
13031,inf
13032,inf
11094,inf
31788,inf
31789,inf
11091,inf
18051,inf
11099,inf
31784,inf
18058,inf
62065,inf
62064,inf
122360,inf
122361,inf
28781,inf
3164,inf
28785,inf
62069,inf
28787,inf
30781,inf
30783,inf
30782,inf
30789,inf
20237,inf
29830,inf
29784,inf
29837,inf
2402,inf
23526,inf
118444,inf
118445,inf
118446,inf
126621,inf
126620,inf
66292,inf
66293,inf
25852,inf
25859,inf
63883,inf
31254,inf
29161,inf
29167,inf
64174,inf
29165,inf
29164,inf
29169,inf
20904,inf
15267,inf
15265,inf
12544,inf
8562,inf
15261,inf
12540,inf
12548,inf
123015,inf
123014,inf
123017,inf
123016,inf
123019,inf
105805,inf
31430,inf
19094,inf
6639,inf
6638,inf
22695,inf
14417,inf
12603,inf
12604,inf
12606,inf
60964,inf
26582,inf
14414,inf
60969,inf
24725,inf
24720,inf
24728,inf
65710,inf
65711,inf
65244,inf
65245,inf
65242,inf
65243,inf
65716,inf
61212,inf
65718,inf
21828,inf
119477,inf
2322,inf
13634,inf
120595,inf
13630,inf
2328,inf
20779,inf
4708,inf
3761,inf
11509,inf
63652,inf
7319,inf
17641,inf
17640,inf
2498,inf
2490,inf
13551,inf
4641,inf
13557,inf
2497,inf
4645,inf
63920,inf
19891,inf
63927,inf
63928,inf
7892,inf
61483,inf
17027,inf
62520,inf
62521,inf
62526,inf
62527,inf
62525,inf
5152,inf
64115,inf
64041,inf
120845,inf
64049,inf
64048,inf
11903,inf
62290,inf
62295,inf
62296,inf
7277,inf
7275,inf
7278,inf
7279,inf
2561,inf
64011,inf
8551,inf
6831,inf
6830,inf
6836,inf
6839,inf
29316,inf
29317,inf
10552,inf
29311,inf
29312,inf
65896,inf
8007,inf
121717,inf
121718,inf
65893,inf
8823,inf
8826,inf
11872,inf
30649,inf
30644,inf
30861,inf
30646,inf
30647,inf
30312,inf
30865,inf
30866,inf
7647,inf
7646,inf
119273,inf
119275,inf
119277,inf
28528,inf
114920,inf
62756,inf
10237,inf
112780,inf
1743,inf
9132,inf
111205,inf
11172,inf
24539,inf
24538,inf
126298,inf
28374,inf
11174,inf
24533,inf
28524,inf
24531,inf
126297,inf
24537,inf
109831,inf
1562,inf
1297,inf
1567,inf
29689,inf
13828,inf
24021,inf
13824,inf
5639,inf
28195,inf
28194,inf
28190,inf
7466,inf
8484,inf
8486,inf
8487,inf
8488,inf
