28997,911
28996,1508
28992,581
28998,2105
19399,434
19398,911
5980,1508
5987,1508
19390,177
22260,581
61171,911
61175,2105
25062,581
25061,412
25069,1508
120434,2105
120435,2105
6797,1508
6791,581
6799,1508
61941,581
119316,1508
25285,911
25282,412
25283,911
25281,434
119314,2105
16705,434
124177,2105
64675,671
116787,2105
17252,177
17254,177
17255,412
17256,434
63026,2105
9258,1508
9259,911
9256,581
9521,1508
24881,671
24880,2105
24885,412
24888,671
26023,911
26022,412
26021,1508
64902,1508
26026,581
64901,2105
124358,2105
62368,2105
61179,2105
125014,2105
122061,2105
14624,911
14626,2105
14622,671
14623,2105
14628,1508
14629,911
62885,671
62884,2105
105456,2105
62889,581
30416,412
13054,434
13055,434
61206,434
112042,2105
18705,1508
62088,2105
122382,177
122380,1508
29818,911
29763,2105
29762,1508
1177,177
1173,1508
23050,911
23500,434
29436,2105
31232,72
29108,1508
31230,581
29433,2105
31234,2105
7180,1508
7183,2105
29105,911
29107,911
8549,1508
12834,581
8017,2105
65881,1508
8014,671
65884,434
65886,89
8542,1508
66504,434
66507,2105
126601,671
126600,2105
65084,581
65087,434
65088,911
10884,911
60902,1508
60900,2105
60901,2105
60906,671
6534,434
107895,2105
24708,2105
24704,911
24707,581
4739,434
65268,911
65264,671
65266,434
65267,2105
15240,1508
13619,671
13614,89
13616,1508
13611,1508
4723,2
11289,177
11288,671
5841,671
11286,2105
28252,581
28701,911
13531,911
4622,1508
13532,177
11018,1508
29264,911
16394,911
63907,20
63901,671
62450,2105
17654,434
11017,1508
62500,911
62501,1508
62505,1508
62506,412
62507,2105
64029,2105
64028,671
13289,2105
64021,2105
13286,2105
64023,412
13282,671
113141,911
118322,412
6936,1508
10390,1508
10391,2105
16936,177
16932,1508
16930,434
7215,671
16938,434
6217,911
6216,1508
6215,2105
6214,911
12222,2105
12221,911
15708,671
15709,1508
29372,1508
29376,581
29374,2105
10574,2105
10576,2105
63278,581
21423,434
24140,2105
21429,581
8846,2105
30628,412
119216,671
119217,2105
119214,2105
30623,412
30621,671
30625,2105
7668,1508
7662,2105
7665,412
63258,412
1762,1508
1766,1508
29594,911
29592,581
29591,581
108453,2105
1545,581
1542,1508
14470,911
11113,1508
11115,671
11768,2105
14477,1508
15160,2105
30337,581
8716,581
8717,1508
31574,89
13842,911
31571,2105
63935,581
31578,2105
63938,2105
5619,434
122534,2105
110575,2105
110576,2105
19538,412
11563,911
11564,911
11566,911
17036,177
63023,2105
25739,412
25737,911
25731,911
6774,1508
6773,2105
9963,911
9969,671
65697,1508
65690,581
19911,1508
16721,2105
16727,412
65698,581
64613,581
64611,671
64614,434
64615,412
63046,2105
63044,911
9504,1508
65521,2105
65527,2105
65526,412
2518,911
2519,1508
64924,2105
64925,581
64927,2105
26045,1508
26044,2105
125461,2105
22810,911
3532,1508
22817,671
22815,2105
5050,911
64455,1508
14640,1508
18549,2105
14863,581
18545,1508
1099,1508
62314,2105
62317,2105
122015,412
62313,2105
4162,671
13070,2105
13075,434
30439,412
4160,1508
10185,581
61765,581
29746,2105
1154,1508
23076,2105
30293,581
30291,581
30298,581
15111,581
15110,1508
15113,671
29127,671
25899,2105
29121,581
25896,911
25895,412
25894,177
31748,2105
31749,434
31745,2105
31214,1508
31743,2105
8031,177
8030,1508
12589,581
12850,2105
8521,1508
12580,671
12855,20
12854,581
66563,89
127281,2105
22657,2105
61786,412
65068,2105
65069,434
65064,412
127535,2105
65062,911
22659,2105
65060,412
65061,412
22383,911
22380,911
60928,2105
110962,2105
13988,89
19575,2105
60920,2105
60923,911
4292,2105
23387,671
24767,2105
61253,2105
61255,72
61257,2105
61256,2105
4742,434
13670,2105
4740,581
6207,1508
5860,1508
5862,1508
28937,671
25385,2105
25384,2105
4608,1508
2184,911
4607,1508
13515,2105
4605,581
4600,1508
13510,581
121979,2105
6452,2105
30915,1508
64555,412
64554,412
64557,1508
64004,671
64550,1508
64001,911
64000,412
15347,1508
64009,2105
64008,2105
118307,2105
118302,412
6185,2105
27791,671
6908,1508
9191,2105
9194,1508
10379,2105
10374,1508
7238,434
63789,671
63781,434
63782,412
16910,434
6239,89
12206,1508
9742,1508
121754,2105
29359,1508
63527,1508
121757,2105
9778,1508
63523,434
9774,911
9777,911
29353,1508
9771,1508
121759,2105
29356,2105
29357,671
8867,2105
8864,2105
14985,671
62781,412
62784,671
26837,2105
1703,2105
1704,2105
1706,1508
14182,1508
15854,911
15855,2105
15853,581
13407,1508
14457,911
14324,2105
11135,2105
14450,1508
63203,2105
17982,412
62122,671
62123,412
3028,72
28403,911
3026,1508
3024,177
62129,434
30600,911
111020,1508
30350,911
30603,412
30354,581
30355,581
30608,2105
8734,581
31551,2105
31009,581
31554,2105
13866,911
31007,581
13864,911
110772,2105
4193,581
110771,434
5671,72
111976,434
111973,89
126836,2105
66046,2105
66043,89
66049,1508
6437,1508
8193,911
30974,911
12445,1508
6433,911
8194,911
12441,2105
8199,1508
64156,2105
30637,581
6756,1508
9942,911
9940,911
19932,434
16747,177
27920,671
16748,434
12051,1508
12053,2105
28704,72
62928,581
117024,412
64638,2105
64639,2105
25711,671
64630,2105
64631,2105
64633,581
124442,2105
25719,412
64637,2105
62433,671
21659,671
121562,434
121561,2105
121560,2105
63066,2105
65548,434
127234,671
65541,412
62921,671
26067,412
26064,2105
64491,72
26061,2105
2538,2105
61730,911
64942,2105
2536,2105
2537,2105
17166,412
17164,1508
5079,1508
17160,434
5073,1508
5071,911
5074,1508
22837,671
113533,671
9563,911
9567,911
10743,1508
10740,2105
18560,2105
11832,581
62338,2105
62330,911
62336,671
62335,177
13099,911
13092,911
112001,671
112004,2105
112005,412
27828,2105
20296,671
27825,2105
27823,671
29722,2105
9380,177
29728,2105
65927,412
15133,671
66725,911
31766,2105
31761,671
31762,2105
31763,911
7146,911
7143,1508
18746,412
12877,1508
30017,434
30016,911
12879,671
2883,581
2886,581
2884,2105
31495,412
2888,1508
2889,3
24292,434
24293,1508
126137,2105
126136,2105
66544,1508
24295,2105
61019,434
26523,2105
26520,2105
24746,412
24747,2105
24749,2105
28678,2105
28675,911
28676,911
14401,911
4764,434
4769,911
4768,911
29643,671
11249,581
30594,2105
11247,434
65045,2105
65042,671
5802,911
19742,434
65048,581
116806,2105
64799,1508
29101,434
110239,2105
25364,2105
25362,911
11793,671
11797,1508
11796,1508
65220,1508
65957,412
65224,581
65226,2105
65228,434
65958,434
61278,911
11991,2105
25509,1508
25508,412
16689,412
16684,412
16686,434
16681,412
16683,434
10353,1508
4881,1508
4885,89
7967,1508
7964,2105
9173,1508
9171,1508
9170,1508
61901,671
61900,581
61903,2105
16977,412
16974,412
17081,434
17080,2105
6259,1508
17082,434
10553,2105
12262,1508
12263,2105
105365,2105
12266,1508
10530,671
113274,1508
10534,2105
113270,2105
10537,671
65880,2105
63501,89
9718,2105
63507,581
63504,2105
63509,2105
125054,412
9715,2105
24100,2105
24101,911
24106,671
8881,1508
24105,1508
8543,911
65887,2105
26852,2105
30175,581
1728,911
1722,911
13135,1508
125795,2105
62217,2105
28461,2105
28460,1508
3007,911
28462,911
18358,434
28180,911
14304,671
28469,671
63770,1508
14309,911
63771,2105
62109,581
62107,72
62100,2105
1587,1508
62102,89
1585,1508
30379,2105
7938,1
111000,2105
111005,2105
110759,1508
66682,911
66681,177
66680,911
31530,2105
31533,412
31535,412
31534,1508
31537,911
66688,412
4450,2105
66062,911
28287,911
66065,1508
23220,1508
23227,2105
23224,1508
61489,2105
61481,911
15306,1508
127180,2105
30950,2105
6410,911
15302,1508
61487,412
7777,1508
7773,1508
7772,2105
3917,671
19486,434
3911,1508
3918,2105
6730,671
6731,1508
6733,911
6736,412
6737,1508
115946,2105
110535,2105
110536,2105
110532,671
110533,1508
9921,1508
9922,1508
19262,434
16769,434
16763,412
22177,1508
12077,581
12075,72
12070,581
119773,2105
25771,2105
25776,1508
25777,1508
25774,2105
25778,2105
24825,581
21675,911
21673,911
65569,911
3647,911
3643,434
3640,911
64961,671
2553,1508
64964,1508
2555,911
2556,911
64967,2105
2558,177
64507,2105
5018,1508
111064,2105
116144,434
17144,412
17145,412
17140,434
17142,434
25194,2105
63800,2105
4418,671
4415,2105
4412,1508
125601,911
9548,1508
9549,1508
9545,2105
62351,911
14828,177
62356,2105
14822,177
14820,177
14827,177
14824,177
64210,412
20109,434
21499,89
27842,72
27843,911
27847,911
27845,671
29709,2105
29708,671
29707,581
29254,911
29705,9
29702,1508
29701,581
29252,671
11815,911
11811,2105
11818,89
11819,89
15153,412
15159,2105
109425,671
109423,671
29395,1508
31702,412
31703,412
31700,911
31706,671
31707,412
7163,1508
7161,911
24198,671
8079,1508
115554,2105
12898,2105
12895,1508
8073,911
109683,412
123099,2105
123097,89
1447,89
1444,911
1115,671
28078,2105
1440,1508
23034,2105
127275,2105
1449,177
22619,1508
22612,911
22345,1508
6338,1508
27793,671
28618,2105
28611,2105
28616,581
31456,911
8264,1508
8265,1508
4783,2105
23692,89
5823,911
23697,911
5824,911
5826,1508
118734,911
11264,911
61071,1508
65023,2105
65020,581
65021,2105
65026,2105
65027,581
61077,2105
65028,2105
31454,1508
64776,2105
116826,2105
116827,2105
25699,581
25691,1508
25342,2105
25341,2105
25692,2105
25347,72
25694,581
13781,1508
29211,434
121938,2105
23961,1508
23964,2
65979,1508
11060,911
127797,412
61296,1508
65795,1508
65972,1508
65973,1508
25526,412
25523,671
29216,911
64515,671
64516,581
12796,412
10332,911
10333,911
10331,911
31625,1508
16405,2105
16955,177
16956,434
16401,2105
9483,2105
16959,412
9481,2105
63741,2105
63740,1508
7906,911
63742,1508
61923,2105
61922,2105
61921,1508
6272,911
61927,2105
61925,581
29647,2105
122919,2105
122918,2105
31622,2105
122917,2105
122915,1508
121453,2105
21440,1508
114524,2105
63290,2105
63297,671
63296,2105
22978,911
22974,1508
22972,2105
19962,1508
30671,1508
14148,1508
13163,911
14145,2105
5229,1508
13114,412
13119,911
14369,2105
14368,89
14363,1508
11328,581
62168,671
62169,1508
62162,2105
122263,2105
62167,2105
64602,1508
118503,20
118502,2105
118504,2105
66667,2105
66666,581
66660,581
111282,1508
111287,911
29066,2105
29063,2105
29061,412
29068,911
29069,72
23752,412
23753,911
1300,1508
9248,911
66000,581
28917,911
28916,2105
66005,1508
66004,911
107528,581
123137,2105
123134,1508
30939,2105
30932,412
15363,434
6471,911
9538,911
105943,434
12407,581
15364,177
110732,1508
31516,1508
31515,2105
31045,2105
7758,2105
113093,434
7750,581
31518,911
117701,2105
3937,1508
3933,2105
8333,671
20889,2105
8334,2105
6716,581
6717,2105
6710,911
29553,412
9904,1508
61642,2105
25353,911
24466,412
24463,911
24898,671
24468,671
19209,1508
119756,177
119753,581
22404,2105
13756,2105
4040,2105
13759,911
13758,2105
24893,911
25754,412
25757,581
24809,2105
3662,1508
65585,911
65587,2105
24800,2105
65580,581
12815,911
64989,911
2577,2105
2574,1508
64985,1508
64983,581
11455,911
11456,1508
11450,2105
5038,2105
17433,434
5032,1508
64186,2105
124684,2105
17128,434
124681,2105
4430,1508
124683,2105
13323,911
116615,434
13329,2105
116610,2105
118084,2105
118081,671
13025,2105
26039,2105
62809,671
62378,1508
62377,2105
62804,2105
124050,2105
8087,2105
61407,2105
124534,581
64231,412
63232,412
121474,581
29278,671
63172,2105
63170,911
29276,911
63178,412
29274,2105
112622,2105
112623,911
112626,434
11877,581
112624,2105
18835,434
14809,581
109919,2105
30239,2105
30584,1508
30234,1508
30589,2105
15174,581
15173,1508
30233,2105
7106,2105
7107,1508
5412,412
31720,2105
31725,412
28118,911
18788,581
1686,1508
30059,911
30058,911
111631,2105
30055,412
29988,412
29982,412
29984,581
66272,412
66275,1508
66278,911
28058,412
1468,911
1465,177
28585,2105
24781,671
24782,671
24783,1508
13927,1508
13922,1508
114370,2105
4230,89
28630,1508
28632,1508
5594,2105
5597,911
28637,2105
13693,911
66496,671
12226,2105
13902,2105
65008,434
27788,2105
22360,1508
61059,671
61725,2105
6213,72
61055,434
61726,2105
61721,2105
27784,671
61723,671
27786,1508
25320,2105
25322,412
60898,1508
60899,2105
60894,1508
120794,1508
120793,412
60893,2105
23946,581
23945,671
23943,2105
23940,581
23948,1508
65913,911
65911,72
65916,911
65915,1508
2299,671
2290,1508
2295,1508
19694,434
10916,434
10917,581
17337,177
7291,2105
7922,911
7923,1508
10648,911
7921,1508
10312,2105
10317,911
63769,1508
63768,2105
63763,911
16420,2105
63766,2105
63765,581
8638,2105
6297,9
61940,1508
6293,1508
64537,581
64536,2105
64535,1508
64538,1508
63815,581
63814,434
63543,434
63541,581
63812,2105
28351,581
3439,1508
22957,671
126555,2105
2034,2105
2033,1508
4595,1508
4844,1508
4598,1508
4847,911
4842,581
4843,671
21427,9
30400,1508
14169,1508
60881,2105
14163,2105
14162,1508
62490,2105
62491,911
62497,671
62494,2105
62495,911
13172,2105
13174,1508
11191,2105
14340,2105
3048,2105
62634,2105
122536,2105
62632,671
3041,1508
13418,911
115766,177
1094,1508
1095,2105
1097,177
66643,911
66393,2105
66392,581
66646,911
109581,2105
109580,581
109584,434
111479,2105
29517,671
29514,1508
29515,412
29511,1508
28939,1508
28938,2105
1327,2105
1324,671
28933,1508
28930,581
23774,1508
28936,911
23776,671
23777,2105
12421,911
8681,2105
15432,1508
8687,671
15346,911
6900,1508
6459,89
109764,1508
109762,2105
8133,581
31063,2105
31062,434
2393,1508
8358,1508
111408,911
8350,1508
8357,1508
66027,671
66026,2105
24441,911
24440,177
24447,434
126322,2105
24449,671
61556,2105
61557,2105
61552,2105
61553,2105
61550,2105
65615,581
65611,412
62919,412
61558,2105
22139,2105
119736,2105
4062,2105
4060,1508
4066,1508
13776,581
4065,412
5785,671
5786,434
5782,1508
5783,1508
5788,2105
27938,911
25900,581
3607,1508
22308,671
11436,2105
17101,671
17105,412
17106,434
17107,671
13342,177
13340,581
13341,177
4456,2105
65609,1508
16785,412
62829,72
62823,2105
62822,2105
62821,671
62826,671
25302,2105
153351,671
16781,434
64254,1508
16855,412
125976,2105
16853,434
16852,412
125978,2105
6334,1508
6335,1508
6331,1508
6333,177
12169,1508
27886,434
27882,911
10453,2105
10452,1508
10451,2105
10109,911
29217,1508
9673,911
10458,2105
21763,2105
63154,2105
63156,412
63157,1508
63150,2105
11852,434
11853,434
8901,1508
11856,434
8902,1508
65930,671
30219,1508
30215,412
30214,434
113917,581
7127,911
7124,2105
7123,2105
7121,911
1663,911
1661,1508
115519,2105
115516,412
2829,2105
24278,434
24279,434
3384,2105
5417,434
28034,177
1408,1508
13906,1508
4213,1508
18100,671
114351,177
5578,2105
5572,911
111874,911
111875,1508
30072,581
30070,2105
5798,671
62592,581
31302,412
31300,671
11117,1508
11228,1508
11225,911
11220,581
19054,581
61709,2105
25906,671
22306,412
62599,2105
61703,671
61701,581
61700,2105
61706,671
61705,89
25655,1508
25656,2105
25650,911
65282,2105
65280,671
65281,72
65286,2105
65287,2105
65284,671
65937,1508
13840,2105
16629,177
16620,671
6109,2105
105126,177
12756,911
12757,671
6104,1508
6102,911
6100,2105
64886,2105
64733,412
64884,2105
10938,1508
64734,2105
64881,2105
124035,2105
64739,2105
64738,581
124038,2105
64888,2105
63700,671
16996,177
63702,412
63705,581
16991,434
16992,412
63708,72
9113,911
9112,2105
9443,2105
9114,1508
9441,911
65426,434
65424,581
65420,671
61960,20
7959,1508
16441,2105
105698,434
105559,412
64088,2105
63832,1508
21487,1508
63836,2105
21488,2105
3416,1508
3413,1508
3410,581
21374,434
3419,1508
116245,2105
15293,2105
10665,1508
2019,434
13481,2105
13480,2105
4860,1508
2011,1508
13484,671
4864,1508
13486,72
18484,2105
14108,2105
64880,2105
17715,434
13155,671
13151,581
13158,1508
10597,1508
10598,911
127799,434
102617,2105
112168,1508
17908,434
20423,72
122514,911
62613,911
30688,2105
30689,911
63707,581
30685,434
9445,1508
12992,2105
12994,1508
29533,412
29028,911
29029,581
30546,671
29022,911
29021,911
21158,1508
65421,2105
8118,434
15414,671
15415,911
15417,177
15411,89
6922,2105
7711,434
26747,671
7718,2105
8386,911
66623,581
66625,2105
114835,412
66628,177
61390,412
61392,2105
61393,412
61394,412
61396,2105
61397,911
61398,2105
61399,671
28775,2105
28953,412
28955,911
28958,1508
28778,1508
22447,1508
61574,671
61575,1508
127075,2105
65630,581
61570,2105
61571,1508
61573,2105
119714,412
13710,911
13712,1508
4005,1508
13716,581
3971,671
19420,434
19427,1508
19428,412
3622,911
3625,1508
110330,911
29898,581
26557,2105
13369,2105
25465,412
25462,581
25460,2105
13365,671
4477,2105
4476,2105
113028,2105
118042,434
113026,2105
24849,581
24846,1508
24845,671
24844,2105
24843,671
24842,671
24841,1508
24840,2105
64271,671
64272,2105
2467,89
64275,911
64279,2105
24771,671
5340,911
16872,434
16878,177
12143,2105
12142,2105
12141,2105
6311,1508
6314,1508
6315,671
10439,581
10438,1508
9650,2105
10123,911
9305,911
10121,412
29233,581
9302,581
10124,1508
21743,2105
63138,2105
121437,2105
121436,2105
62846,671
5847,1508
8964,1508
25047,671
1642,1508
112088,911
29492,177
29497,1508
29948,581
119081,2105
29946,412
29940,412
29942,911
24216,1508
2802,1508
2803,1508
24219,581
2807,911
5432,2105
112888,2
62266,2105
62261,2105
3369,911
62263,671
62262,911
28546,20
3365,2105
3366,2105
5439,1508
28543,581
3362,911
30277,911
13962,1508
13963,911
4275,2105
4274,2105
4279,2105
5557,671
5559,911
13483,671
106900,2105
30098,1508
30095,671
30094,2105
8582,911
30093,911
114484,2105
110106,1508
110100,2105
5885,671
5888,671
61763,911
30891,581
15060,1508
6552,1508
61766,1508
61769,1508
27747,671
30899,1508
25923,911
25922,671
25921,1508
108967,911
25929,2105
22325,2105
28278,434
25671,2105
25670,911
25676,2105
23989,581
23988,581
109043,1508
7504,671
7506,1508
9882,1508
7503,671
16605,412
16600,2105
16601,412
16609,177
127486,2105
12775,412
61187,1508
61181,671
14554,2105
127481,671
61188,581
120063,2105
64865,671
64864,2105
10950,581
64866,89
64713,1508
64863,2105
63728,581
16469,2105
63724,2105
24988,671
61988,2105
24982,671
24980,1508
61980,671
61982,581
16729,2105
120093,1508
2259,1508
2255,1508
5848,911
2251,1508
4093,1508
63589,2105
24186,911
24187,581
24184,581
24185,671
121080,2105
63581,434
121083,89
63854,671
63857,2105
4090,911
22913,2105
2785,2105
4801,1508
2787,1508
4806,2105
4807,2105
4809,911
116224,177
9465,1508
9466,2105
11600,1508
2070,2105
11609,911
14129,412
27981,911
27980,1508
62984,1508
122754,1508
62982,2105
27988,671
10599,581
14383,1508
14382,911
14380,1508
112410,412
14385,671
14384,1508
62670,412
62676,911
66586,2105
12977,2105
12972,911
29001,1508
29550,412
7085,1508
7086,1508
6497,911
8173,177
8176,2105
6492,2105
6948,2105
15470,671
66450,2105
126056,2105
66354,581
28319,581
66602,1508
66352,1508
61376,1508
61372,911
61370,2105
119696,2105
24407,2105
24405,2105
24402,671
4390,1508
25554,2105
24409,2105
28753,177
28209,671
1363,911
1360,2105
28754,581
28976,412
28975,911
28206,2105
28973,2105
28200,434
28203,2105
28970,434
61518,434
61519,1508
61513,2105
61516,1508
22461,1508
4024,1508
13733,671
13730,581
13292,911
4029,1508
19155,1508
19156,434
19402,911
19152,1508
118126,412
118122,1508
118121,20
65875,2105
65653,1508
65655,911
65870,911
65657,434
65872,671
65658,2105
118738,2105
119993,1508
106350,581
25118,2105
25119,911
25117,2105
25114,1508
25115,2105
25441,2105
25110,671
25111,911
126976,412
64929,2105
124599,2105
124598,2105
2444,1508
64299,671
124595,2105
124594,2105
64292,1508
61583,1508
7866,2105
7862,1508
61585,412
7920,1508
61584,581
61587,2105
16813,434
15202,434
64921,2105
6379,1508
6370,2105
12123,911
12122,911
12125,581
12124,89
6376,911
12126,581
10417,2105
10411,2105
63446,671
63447,911
63445,2105
63442,671
121415,2105
121142,911
9323,2105
9635,2105
9324,1508
9325,1508
8947,1508
62865,1508
62864,581
62860,671
3206,1508
1992,1508
1995,1508
5187,1508
1998,434
2860,1508
29968,1508
29963,2105
29964,72
28564,1508
28563,671
24232,434
24233,177
24234,2105
62243,434
62240,1508
3342,2105
3343,2105
5456,911
30259,72
30257,671
30255,671
30254,911
30252,1508
31129,2105
13940,2105
13941,2105
13942,911
31697,2105
31122,20
31692,434
31693,911
28690,2105
5530,1508
28696,434
28697,911
5539,581
28699,2105
111839,1508
23616,2105
6573,911
6571,1508
6574,911
6575,2105
61745,671
27760,911
27766,581
27765,671
7694,671
7696,911
29616,1508
7691,911
29613,434
29612,1508
29619,412
25944,2105
25946,911
3835,1508
3833,911
3839,671
7526,671
7525,581
16664,434
16665,911
16668,434
6140,911
12717,2105
6924,671
12718,2105
14647,1508
10974,911
10978,434
64848,1508
60835,581
21116,671
16488,671
21118,2105
16480,671
65469,2105
65463,581
65466,2105
65464,2105
65465,20
2271,1508
2270,1508
64597,2105
17534,434
2052,1508
2054,1508
4828,911
30061,72
4826,581
2058,671
13440,2105
13443,2105
29342,911
9403,581
9402,911
7982,434
9406,1508
10621,1508
62471,671
62472,434
62473,1508
8599,2105
11976,911
11974,911
64334,671
124434,434
124435,2105
27969,2105
64330,2105
64332,177
27965,2105
17753,434
27960,1508
13198,671
13193,2105
13197,671
120956,2105
63877,581
63876,1508
63874,911
63871,2105
63870,412
125529,2105
125528,581
62650,2105
62652,2105
62654,434
62655,911
62659,412
9051,671
64681,2105
10085,1508
10086,177
7329,2105
13421,2105
12955,581
12956,581
12950,1508
7067,434
7066,911
7065,89
7063,581
107672,412
107670,671
30756,412
30757,412
12480,671
12484,2105
30751,1508
15459,1508
8627,1508
8150,911
30759,412
24397,434
24396,581
24395,2105
24393,177
110804,1508
31594,1508
31593,434
110801,2105
31591,2105
31590,911
66379,20
66371,2105
61688,412
61689,2105
127381,2105
61681,412
61686,434
127384,671
61684,2105
61685,2105
9988,1508
64176,2105
124676,412
11027,911
14506,1508
66085,89
14503,1508
28229,1508
28733,581
28732,581
28735,581
28737,911
64357,2105
64351,2105
11366,911
27908,1508
11361,2105
61355,2105
61356,2105
61350,2105
61352,581
61359,2105
116431,2105
121481,2105
110379,1508
64497,671
65852,1508
61532,2105
65850,2105
61534,2105
65679,2105
65676,2105
65858,2105
65671,1508
65670,2105
25136,581
25130,1508
25132,2105
25138,2105
64103,2105
65944,671
25422,1508
118002,2105
118003,2105
8802,1508
6682,177
61576,1508
16837,412
121382,2105
7849,1508
16832,434
63687,434
16839,412
16838,412
6357,1508
12102,2105
61828,177
12108,412
9340,671
9614,581
9612,911
9613,1508
9346,1508
9611,1508
9619,1508
63468,1508
63469,581
63466,1508
63467,412
63460,1508
63461,434
63462,2105
14883,911
14886,671
113425,2105
14083,911
14084,911
3229,2105
1979,581
1976,1508
1602,671
3221,177
1971,1508
1606,2105
4001,911
2849,434
2847,1508
2845,911
13714,2105
5476,2105
5475,1508
14268,2105
14269,671
28504,72
14260,581
14263,1508
20075,434
62221,1508
62225,911
115313,2105
115310,581
115314,581
28349,177
5519,1508
5518,2105
5513,911
106418,1508
62582,2105
29901,911
1559,581
29904,1508
29909,911
28342,434
66148,434
66418,1508
66416,671
118795,1508
126717,2105
118797,911
66413,2105
118793,911
27701,2105
29129,72
25964,1508
25961,911
17049,434
15092,911
15027,1508
30342,412
31100,2105
29634,2105
29639,581
29638,911
1974,1508
23499,1508
3814,1508
8457,581
8455,1508
109084,1508
119154,412
13201,1508
13200,2105
7549,1508
31366,1508
31567,1508
19346,434
16643,434
12738,434
12730,2105
65196,911
65194,2105
120717,2105
64820,911
64822,581
60812,412
10999,1508
10994,1508
60818,89
10993,1508
10990,2105
10991,72
24617,1508
24610,2105
25635,412
25633,581
25632,581
24618,177
65440,2105
65448,2105
65449,1508
24945,581
21136,581
116597,2105
22729,2105
116592,72
2213,581
2215,1508
31811,911
12761,1508
116770,2105
116772,2105
116773,911
12581,1508
25091,2105
25096,2105
25094,412
12587,2105
25099,2105
25098,2105
4517,1508
4515,581
11649,1508
11641,1508
11644,1508
11646,2105
62412,671
62418,2105
5284,2105
27948,412
64314,671
64319,2105
27940,2105
20666,177
9772,1508
63899,671
63898,2105
63895,2105
63894,2105
63896,581
63891,412
63890,2105
63892,1508
63094,1508
7300,581
9289,911
9284,911
63099,2105
29085,2105
11910,2105
10244,671
11919,177
30191,911
30193,911
30194,671
7045,1508
123994,2105
123995,2105
10200,2105
123998,2105
24999,1508
63324,2105
63328,2105
30778,2105
30990,412
30775,671
30777,911
30994,911
8607,1508
24991,911
61780,581
24379,177
24378,2105
24375,1508
2982,1508
24376,2105
2986,1508
127534,2105
1013,2105
61033,2105
4351,1508
4352,2105
28717,2105
11001,2105
28714,581
28712,2105
14525,20
14524,2105
28249,2105
28248,1508
14529,1508
106881,2105
11340,581
11343,911
110683,434
110681,434
110685,2105
5709,911
61332,671
61330,2105
61335,2105
61338,1508
61339,1508
111489,1508
111488,2105
6424,1508
28866,412
118167,2105
124976,2105
124975,2105
23809,911
65831,581
65834,412
25152,1508
25401,581
25150,2105
4296,2105
25157,2105
25154,911
6428,581
16582,1508
2461,911
12697,2105
12691,671
12698,1508
116905,412
10832,177
10839,911
1050,1508
7828,671
19807,911
63669,2105
63666,1508
63667,2105
63664,581
63662,2105
7826,671
63661,2105
61803,1508
64127,2105
17180,177
119957,2105
119956,2105
17184,434
9367,72
21272,434
8987,581
63405,671
1832,1508
1831,434
3798,2105
3796,2105
3793,2105
2154,1508
2150,2105
2403,671
4988,2105
1956,581
1951,671
14064,1508
3248,1508
3243,434
3240,1508
3246,1508
13259,1508
12467,1508
62755,412
62204,1508
1487,177
122101,2105
62201,2105
62200,671
5496,1508
14201,434
62759,2105
5492,2105
30561,581
30563,911
30565,2105
6313,2105
6310,1508
113997,2105
12140,581
12144,2105
112718,911
24170,1508
10619,2105
10618,671
29382,911
29381,2105
29387,671
29386,2105
29929,581
29435,2105
29434,911
29389,581
29388,434
29921,9
28388,1508
24489,2105
14113,2105
23120,911
1228,1508
30384,581
8293,1508
6532,2105
109318,434
6531,1508
8299,89
30388,581
25984,2105
25987,911
25981,911
25980,72
31166,671
31168,2105
62016,2105
3872,671
8479,911
8475,911
8470,1508
7566,911
7564,89
7562,434
7561,1508
119174,2105
119173,2105
66435,581
110160,2105
31381,2105
127174,2105
10431,2105
22528,2105
22294,1508
120773,2105
120774,2105
64809,2105
60875,671
64807,581
10435,581
24636,1508
65315,2105
65317,671
65310,581
65311,1508
65313,911
2230,671
2237,671
31604,434
3497,671
8317,911
4572,2105
120193,434
13406,1508
13409,1508
4579,1508
63135,434
2189,1508
2188,1508
11669,911
24965,1508
27921,2105
62439,2105
27923,911
27925,2105
27924,1508
27927,671
62929,2105
17795,434
27928,2105
62924,2105
62925,2105
62922,911
62923,671
122734,2105
25216,2105
25212,2105
64371,2105
64375,671
113299,434
5742,1508
122845,1508
7368,1508
7369,177
7366,1508
12317,412
11935,671
11934,2105
11930,911
30177,1508
12913,2105
12915,671
30170,2105
7022,581
107631,412
9004,911
10221,1508
24037,581
24032,911
21519,911
62694,911
62697,2105
62690,2105
62693,2105
112473,1508
62698,911
30718,2105
115121,412
30710,2105
124254,1508
30714,2105
7799,671
7798,671
24353,581
24352,2105
24350,911
24356,911
1038,911
1036,1508
1034,671
23113,911
4372,1508
4371,1508
4374,1508
14549,1508
28266,2105
28265,581
11065,2105
28260,72
15495,2105
15490,1508
8666,671
8669,1508
4083,911
114523,911
13794,671
4087,1508
13799,2105
13798,911
31449,412
31448,2105
126694,2105
66599,89
19137,434
5723,581
5721,1508
5726,2105
61444,412
127414,2105
61646,2105
61647,434
61644,581
61314,1508
61446,911
61640,1508
61641,2105
110400,412
60990,434
60993,1508
60992,2105
60994,911
61113,581
23820,2105
11499,2105
28848,2105
8084,2105
65814,581
65812,2105
65810,2105
63062,1508
25173,434
22823,2105
16563,2105
29496,581
28822,2105
12679,2105
6649,911
12674,1508
12677,2105
10813,1508
10810,2105
10816,1508
10819,581
63644,2105
63640,2105
63641,2105
63643,911
7809,2105
63648,2105
64483,1508
65768,1508
12533,911
61868,911
119974,412
61860,2105
61866,434
26247,2105
26246,671
2390,911
64145,2105
63422,911
21218,1508
21217,1508
63410,72
2176,177
2175,1508
4961,2105
28018,911
3265,2105
5129,1508
62591,2105
62590,911
5125,911
61880,671
5122,2105
120835,1508
120301,2105
120839,2105
112880,2105
113609,2105
13235,671
14221,1508
14954,1508
120302,581
14225,911
14227,581
62268,1508
122474,2105
28016,2105
17179,434
20036,1508
30540,2105
113460,671
6886,2105
4273,2105
1209,1508
109338,177
30818,911
8272,1508
29677,671
29675,1508
114958,2105
31636,911
114957,412
31634,72
31143,2105
31144,2105
31147,2105
6669,581
111723,2105
111721,434
8414,1508
107325,434
7585,2105
9804,2105
7582,911
66452,581
66101,671
66102,412
66451,581
66454,581
66455,2105
66108,911
66459,671
22507,671
65158,911
65156,581
61102,2105
4145,2105
3855,1508
3851,1508
28109,671
22765,2105
65376,671
63939,177
63525,2105
31858,581
121755,2105
114777,1508
31854,2105
10519,1508
5918,1508
63252,911
64689,1508
4556,1508
64680,671
64682,2105
4553,911
64687,177
14219,434
11684,434
11687,434
65484,911
24900,671
65482,911
24908,671
24909,2105
65488,2105
65489,2105
124326,2105
64356,2105
124324,2105
124322,2105
124320,2105
124321,2105
27906,671
27903,2105
25236,434
25234,911
125583,2105
16795,581
16790,434
16791,434
6078,911
2616,671
2615,2105
20488,1508
30836,2105
7346,2105
7343,2105
10795,1508
64690,1508
10793,911
21686,911
21685,671
12338,581
12334,89
12337,2105
12331,1508
29823,2105
29088,177
121662,2105
29081,581
29082,581
10247,911
29086,671
18680,2105
22882,2105
29883,2105
29886,2105
24334,911
24338,671
2942,671
2940,581
5357,581
1056,2105
30151,911
30152,2105
31285,2105
5420,2105
31289,412
14565,2105
14563,1508
14561,2105
11040,671
27749,177
24484,671
24483,911
14569,1508
27748,911
106847,1508
106846,412
122316,2105
3116,671
3114,2105
62018,434
62019,2105
30732,2105
8648,1508
30738,581
31462,412
31460,911
31467,2105
31464,911
110645,1508
124441,2105
23592,434
11300,2105
11301,581
11302,1508
11304,1508
64433,1508
61664,2105
3184,1508
61661,2105
61662,2105
61669,2105
25823,177
25828,911
66716,2105
66713,2105
25924,671
28828,1508
29757,1508
21238,2105
61592,2105
12537,2105
61590,2105
61591,2105
61596,1508
127094,2105
117018,412
117019,412
12658,2105
6661,2105
12655,911
10877,1508
63990,671
16890,434
63621,911
63996,671
16896,434
63998,434
63628,2105
61840,89
65740,581
65749,1508
65748,2105
64168,1508
64160,1508
64161,911
64162,671
64163,2105
64165,2105
64166,581
21237,1508
63199,911
21233,1508
21232,2105
121493,2105
63192,911
63194,2105
63195,2105
63196,2105
63197,412
1878,2105
4941,1508
2111,671
2113,911
14022,2105
14027,1508
1919,2105
5109,911
17052,177
3288,581
62575,412
1913,1508
122675,2105
62571,2105
3282,2105
120816,2105
120818,2105
13219,1508
10499,2105
10498,1508
18238,434
14978,1508
14790,581
14791,581
14793,1508
14794,1508
18234,434
11399,2105
62710,911
62712,2105
62715,2105
20548,1508
62716,2105
113489,89
15101,412
112759,1508
112752,2105
9880,434
6865,581
6867,1508
1043,434
8257,1508
8250,1508
8253,1508
1266,1508
8789,177
30833,2105
30832,1508
8787,581
122674,2105
30835,2105
31614,581
30352,671
10010,2105
29698,2105
7617,911
29690,1508
29693,581
29692,1508
114979,412
8431,177
8434,1508
8439,911
30358,911
6127,1508
126773,2105
6121,1508
66476,412
66477,2105
61439,911
61129,412
61430,581
61121,2105
61435,2105
8515,1508
24670,2105
24671,911
4128,2105
24675,911
24678,177
4121,911
12593,671
4127,2105
4124,671
28125,2105
5686,1508
28120,412
5680,911
4191,1508
11514,1508
11511,911
11513,434
65175,2105
65177,911
65170,434
5973,2105
5977,3
65179,2105
17209,2105
17208,434
17202,1508
25783,2105
25781,177
25786,2105
25789,581
25031,911
25030,89
25033,671
65350,1508
65355,1508
24920,177
24922,2105
24923,2105
24925,1508
24926,1508
64402,2105
2581,2105
64404,581
64409,1508
64408,2105
2589,671
64867,581
9058,1508
64861,1508
64711,581
6054,671
6053,1508
10004,1508
10005,2105
10000,1508
10002,581
10008,1508
9599,2105
20019,434
9225,1508
9224,1508
9590,1508
62962,911
62960,671
62966,2105
62967,581
62965,2105
12352,2105
118875,2105
118876,412
113832,434
123937,2105
9048,2105
63388,2105
63385,671
63384,2105
63386,2105
63381,2105
2965,1508
2960,581
29868,581
29864,581
65404,671
64552,89
24318,177
24316,911
24315,2105
24313,412
24312,911
62382,671
1078,671
1076,911
5374,911
5377,911
1075,1508
1072,2105
30130,2105
30131,2105
30137,671
13003,1508
61795,1508
30138,911
65051,911
31267,434
4335,2105
4331,1508
3130,1508
14581,671
3138,911
14583,581
106820,434
20202,2105
62036,581
62037,911
115163,911
31403,671
23577,911
5764,1508
5763,581
61600,671
61601,671
61608,412
25808,2105
25804,1508
25806,911
25807,72
66731,89
126434,2105
1627,2105
6435,1508
5408,581
12518,1508
12519,2105
12515,2105
12516,1508
8195,1508
7422,1508
7420,1508
12631,911
12635,89
12634,2105
12637,911
6608,2105
117032,412
117034,412
117035,412
117036,72
10857,1508
110442,581
60955,2105
60950,2105
60953,412
60952,412
122096,2105
19537,434
63600,2105
63601,2105
63602,2105
63975,1508
63604,671
63605,1508
63606,2105
63607,1508
12189,1508
65725,2105
65724,1508
12181,671
12180,671
28884,2105
2351,581
61987,581
17694,434
3735,1508
3734,1508
1891,2105
2136,2105
4690,434
4926,1508
4699,434
2138,2105
11727,911
11722,671
11720,2105
11721,1508
11729,177
4800,1508
5165,2105
5166,2105
5169,911
14002,911
14003,89
14005,2105
14007,911
62559,2105
20783,2105
17079,2105
17074,177
17076,412
62550,2105
17070,434
62555,2105
17073,177
2783,1508
120877,911
9698,1508
9699,1508
9693,581
62737,1508
122435,177
14918,671
122437,2105
62733,2105
62732,2105
62730,2105
14913,2105
62739,89
62738,2105
63029,671
1794,1508
6848,1508
6841,1508
6307,911
6845,1508
10609,911
29459,671
29457,2105
29453,1508
29323,2105
8233,911
30674,671
30676,911
30855,412
30857,412
8234,2105
31672,412
31673,581
31674,2105
31675,412
7632,581
30837,581
31679,2105
7636,1508
7637,671
7635,1508
112774,2105
112775,911
112778,1508
9841,1508
9846,1508
9849,1508
63454,2105
13514,581
1240,911
1533,1508
1244,671
1246,2105
23146,1508
28496,412
28325,2105
28490,412
28323,581
1539,89
22543,911
22544,581
22546,1508
31097,671
4103,1508
31095,581
31093,1508
4108,1508
31099,72
24699,671
10426,434
24691,581
28149,1508
9643,911
3892,2105
28146,2105
28147,2105
28145,2105
31894,434
31895,434
117298,671
11538,911
5959,1508
11531,911
11537,911
11535,911
61140,671
61142,911
61413,1508
61147,412
61410,2105
61419,2105
61418,911
111873,911
64645,2105
64644,2105
64640,911
25399,911
25013,671
25017,2105
121844,911
121840,2105
121842,2105
25276,911
25274,2105
64392,671
124361,1508
64397,2105
25279,671
119894,2105
6039,2105
119893,911
17269,434
6036,2105
6035,2105
6034,911
10063,434
9203,1508
63018,671
121513,89
63013,671
12377,2105
12378,911
12379,911
62948,671
9061,434
113361,2105
9063,581
113367,434
10286,2105
14386,2105
3562,581
112187,412
112186,412
112185,911
112184,2105
13397,581
20993,1508
2903,671
64547,434
2909,911
2908,2105
64542,671
14616,1508
20194,671
20197,2105
20191,434
5313,1508
13027,1508
30448,911
30445,434
30442,581
30115,434
30117,581
31791,1508
31794,581
3153,1508
1633,2105
3157,671
3156,2105
1634,911
28795,671
3158,2105
28791,1508
11084,1508
122358,2105
64663,2105
122355,2105
62057,2105
3031,2105
25528,412
66281,412
66286,412
66285,412
23553,434
66289,412
66288,434
66530,2105
23088,671
23080,1508
23084,2105
61624,1508
61627,2105
29156,1508
29152,2105
29150,911
29151,72
25860,434
61433,671
25864,2105
16454,911
21569,412
8577,1508
8571,911
8579,911
12578,1508
15253,72
12570,671
12571,89
12576,581
12575,671
31427,911
7409,671
7406,2105
7401,1508
61088,2105
22681,671
61084,1508
12615,581
60979,1508
24731,581
60973,2105
60970,2105
60977,412
60975,412
65706,2105
65705,2105
29487,412
65703,671
65702,1508
65701,911
65700,412
19552,434
65124,581
19557,2105
65708,911
13625,581
13623,671
2337,1508
4719,1508
25480,1508
25481,434
3711,2105
3713,911
4678,434
4900,2105
2484,911
4674,434
13562,581
13561,177
63955,2105
63956,2105
63951,2105
63952,2105
63953,911
11700,2105
63959,2105
62535,671
5149,581
62539,412
5142,1508
17016,434
64079,1508
65149,2105
63483,1508
63486,434
28577,434
62285,2105
62284,2105
62280,2105
5422,2105
7241,911
17168,434
6821,1508
6825,1508
6829,911
10541,1508
10540,1508
10543,911
10549,911
63225,2105
121720,2105
121722,671
29300,412
29304,2105
14282,2105
8816,1508
14934,1508
8811,2105
8810,1508
14938,2105
18276,581
8819,911
8818,1508
8219,911
30651,911
15089,1508
30877,1508
8210,1508
8745,2105
15084,1508
8215,1508
109825,412
109826,2105
30870,2105
7658,1508
9867,1508
11147,911
14424,2105
14425,581
28300,1508
28303,911
24503,177
24500,434
28165,2105
28168,1508
5978,3
64341,2105
110039,2105
11550,1508
11555,1508
11558,1508
127464,2105
61166,671
65133,434
65134,911
65135,1508
64669,2105
25075,412
25076,671
25079,72
120444,1508
120441,2105
65399,1508
63966,2105
25296,89
14990,2105
122737,2105
30087,2105
6010,2105
6019,89
117260,581
117263,911
64769,412
116791,434
17248,434
17245,434
17243,177
17240,434
10734,671
10735,1508
10044,1508
10733,911
63038,671
63030,671
12396,2105
12397,671
12395,581
12392,1508
12390,671
26016,177
64914,2105
26015,2105
26012,2105
26013,1508
26010,911
26011,2105
64919,2105
64918,2105
26018,2105
26019,1508
8390,911
113301,2105
9083,412
21598,1508
65024,2105
3502,1508
5087,1508
3505,911
2677,1508
2929,1508
5330,1508
14639,581
14638,1508
112968,671
5336,671
112965,434
5338,1508
112966,2105
30467,412
30461,412
30463,1508
13049,911
13041,434
13046,911
18040,434
18044,434
18049,434
3178,911
62073,581
122377,2105
3171,671
61776,2105
122378,2105
61777,412
30797,1508
29822,2105
27756,671
29826,671
29824,177
29829,581
1164,2105
66519,2105
66518,2105
1161,2105
126616,2105
25844,2105
25848,2105
31223,911
31224,20
29174,2105
29176,581
29173,1508
28979,581
1712,1508
27199,1508
12804,1508
12805,1508
15274,1508
8009,2105
65899,2105
12801,2105
65897,2105
12559,1508
65895,434
8559,1508
8000,177
8001,1508
8003,1508
28758,2105
7469,2105
110624,412
110621,911
19713,434
22668,1508
2917,1508
111534,2105
111532,911
111530,911
60911,671
10899,911
60914,581
60916,2105
10894,581
110488,434
24712,671
24710,671
24716,89
65273,1508
65270,2105
65275,20
13602,412
13600,671
4736,434
4737,434
13608,2105
2312,2105
5851,581
5852,581
3773,2105
3776,2105
13542,1508
63930,911
63934,671
19570,434
7881,1508
7883,2105
7882,1508
17030,434
17035,177
62519,2105
62517,412
62516,1508
62515,2105
62513,671
62511,2105
64054,2105
64055,2105
64056,434
64051,911
28414,911
113178,671
21291,911
28410,2105
10386,1508
5116,1508
10382,2105
10380,1508
16924,434
7268,2105
7267,89
16929,434
7260,2105
12234,2105
6206,911
12236,2105
12233,671
12238,2105
66526,911
6809,2105
6802,911
6803,1508
15711,1508
29360,1508
10567,911
10565,1508
29366,2105
9748,2105
21435,1508
24157,911
63200,2105
63201,2105
19150,434
18928,434
112557,412
112552,911
8832,1508
30639,2105
30328,434
17065,434
30326,2105
30325,671
7672,1508
62564,1508
17120,434
24522,911
1281,2105
11169,2105
1283,2105
14405,911
11161,2105
11162,911
14403,412
109842,581
8762,1508
1573,911
1577,2105
13831,2105
2818,911
13839,1508
12874,2105
5626,1508
28184,2105
28185,434
28182,72
5621,1508
8493,1508
31016,911
8497,2105
111940,434
110766,2105
28987,911
23276,1508
28983,2105
28981,1508
11573,1508
28989,1508
25056,2105
25726,1508
25053,2105
25720,911
6781,177
10266,911
6788,1508
4675,671
16718,412
16716,177
19965,1508
16714,177
16710,2105
16243,412
22496,911
120134,2105
64606,2105
63051,671
121553,1508
63053,2105
63052,2105
63054,2105
63057,2105
121555,412
63059,671
9240,434
9245,911
65515,1508
65512,2105
24890,1508
65519,1508
3691,671
63730,412
64931,671
64930,434
26038,671
64936,2105
64934,581
26034,671
64939,2105
26037,581
24096,911
24099,911
29338,2105
24291,911
3594,1508
14650,2105
14652,581
62897,911
62895,434
62898,911
13067,911
30403,581
13065,1508
13062,1508
27816,1508
27810,671
27540,2105
122394,2105
122396,2105
29806,911
1148,89
23045,671
29112,434
7192,2105
31757,2105
31204,2105
31203,1508
29114,581
31752,177
109186,2105
109185,671
12472,2105
109189,911
8539,1508
8028,911
12828,671
8530,671
12825,911
15294,1508
12827,2105
12821,1508
8536,1508
15291,1508
15315,671
7447,581
7448,1508
119034,2105
61496,671
30948,2105
65074,1508
65072,2105
63680,2105
22398,1508
118528,2105
13990,911
60939,2105
60938,412
120634,2105
60936,412
60935,2105
60933,2105
60931,2105
120633,2105
24779,2105
28641,2105
126498,89
126496,2105
126495,2105
28648,911
24776,911
61229,434
61227,412
65215,2105
65217,671
5379,1508
4758,1508
4759,911
5870,1508
208467,1508
5878,1508
11291,2105
11296,1508
11297,581
3756,2105
2193,581
13526,1508
13525,2105
11747,1508
11748,1508
63918,581
63919,2105
63915,2105
63917,412
20893,911
64038,2105
60798,1508
64030,1508
60797,2105
60796,671
6194,1508
6196,2105
6193,1508
2735,1508
2731,434
20097,434
9186,2105
9180,911
10364,2105
10361,2105
7208,671
7203,2105
7205,671
6223,1508
11615,1508
6226,1508
12216,2105
12215,2105
12214,911
12218,2105
15848,911
9761,911
29347,1508
29346,911
29345,2105
29344,671
10504,581
10507,1508
29340,412
63268,671
63269,2105
63262,671
121760,2105
24179,671
121762,671
6375,911
8859,1508
8858,2105
10631,434
62797,2105
8852,911
8850,1508
14418,72
1773,2105
13318,911
20204,911
11942,911
24543,2105
108111,177
24547,89
24544,581
24545,911
62135,2105
62134,671
62137,2105
122233,2105
62133,2105
28340,581
14463,2105
3036,2105
28435,2105
14466,177
28433,2105
3033,1508
30617,581
30614,9
30612,581
13853,72
31564,2105
31563,2105
31560,72
5606,2105
5600,581
5608,1508
111960,434
111961,911
110568,412
110566,1508
110562,2105
110560,2105
23252,911
23701,2105
109240,2105
15337,2105
15331,2105
12450,911
109247,581
30969,412
22250,671
6768,911
6765,2105
115918,911
16736,177
16733,434
63593,911
16739,434
65680,177
65681,581
16227,412
65689,434
119836,2105
119834,89
120154,2105
120156,2105
64626,1508
64621,177
64620,2105
63077,412
63070,2105
61276,671
66414,2105
25762,911
2508,911
2507,1508
64950,2105
26050,2105
2504,2105
64486,2105
64485,2105
64956,1508
22829,911
5047,434
5046,1508
5043,2105
10777,1508
116609,2105
14853,581
62304,2105
62302,2105
30420,911
30423,2105
3203,1508
28489,911
29755,581
29756,581
10195,1508
29751,1508
10190,911
10198,911
29288,671
29282,412
1259,671
29287,2105
29284,911
1121,1508
25880,911
15106,671
30281,671
30283,581
29131,1508
29133,2105
29134,2105
3650,1508
31778,434
31775,2105
12597,1508
8512,1508
12592,671
8047,671
8049,1508
12598,1508
119016,2105
12840,1508
12845,911
31483,2105
31484,671
31489,412
31488,2105
23067,2105
23062,911
24283,911
24287,412
61798,177
61028,2105
61027,2105
111579,2105
61791,434
61793,72
24757,2105
24755,911
24752,581
24751,911
24750,2105
24758,581
28668,911
28881,2105
61242,1508
61246,2105
61247,2105
13646,1508
13645,2105
4771,911
13649,89
29011,72
5818,2105
19024,434
17348,434
17341,1508
25390,671
13509,581
25396,671
4611,911
13501,2105
13503,911
13505,911
23934,2105
65945,412
65236,2105
65949,911
65948,1508
64546,412
5458,2105
64544,2105
120215,2105
64014,671
64015,911
64016,911
64017,2105
64019,911
120218,2105
10359,2105
25579,671
25570,412
25572,911
25573,412
117161,412
16698,434
122149,2105
2710,911
10349,1508
7951,911
7228,671
10692,1508
9161,911
10345,911
63799,434
63791,581
63797,2105
122921,2105
6241,177
6242,1508
10685,1508
12274,671
12277,911
10520,581
121742,671
63244,434
63246,671
63531,2105
63538,434
25180,1508
8873,1508
8872,671
24110,671
24113,911
24114,581
23528,2105
31888,2105
15446,671
30740,1508
5252,1508
5253,2105
5250,1508
5254,1508
14192,177
4251,1508
15824,2105
14336,2105
11124,2105
14446,671
62117,671
11508,1508
3011,671
3015,2105
28691,671
30361,671
4189,1508
31549,581
13870,581
4182,1508
110760,2105
4186,1508
118579,2105
5667,1508
113272,2105
118574,1508
118577,671
127436,2105
66056,2105
66050,1508
66059,2105
14836,671
23724,581
6403,1508
12471,1508
15316,1508
30945,2105
61498,2105
8184,581
61494,911
9719,2105
61490,671
63500,1508
7761,911
7762,1508
64200,1508
3905,20
6745,1508
6744,1508
6742,177
4199,1508
121257,2105
63976,581
63977,2105
9954,2105
63974,2105
9952,911
16752,412
16750,177
16751,434
12046,1508
12047,911
12044,1508
25761,911
120178,2105
4194,1508
65552,2105
65553,671
65550,2105
65556,412
65554,2105
2521,581
26077,412
26078,434
12183,2105
64979,412
11465,1508
8387,1508
11462,1508
5066,1508
17151,434
17150,412
17157,412
17405,2105
25186,911
25181,911
4409,671
13316,671
13311,1508
9573,911
10757,1508
62327,671
62320,671
5395,581
11803,2105
14830,177
14832,911
11807,1508
14834,2105
11805,671
11804,2105
64205,434
64206,434
20118,911
64209,581
27855,1508
9397,72
29733,1508
9393,1508
29734,1508
9398,581
15126,1508
61744,2105
31716,412
7154,911
7152,1508
30006,2105
30007,671
30005,2105
7692,1508
8068,1508
12868,911
8067,911
8060,1508
30009,2105
28216,177
7486,1508
7481,671
29736,911
123080,2105
2891,2105
23002,1508
1104,671
23006,177
28742,1508
28064,72
1109,911
22601,2105
118266,2105
118267,2105
13873,1508
28608,581
28600,911
28603,2105
28602,1508
13580,581
114418,1508
4790,1508
5831,2105
11257,1508
65031,2105
65034,671
65036,2105
64780,2105
64782,581
64784,434
64786,581
112971,2105
25376,434
25375,2105
65961,2105
61263,1508
61264,412
65788,671
65787,911
65785,412
64568,1508
64567,412
64560,2105
64561,412
25514,671
12789,911
12788,2105
17366,1508
17367,434
12785,911
10321,671
2771,1508
3002,1508
4894,1508
9142,434
7974,1508
7977,1508
7970,1508
16948,434
6266,671
12256,2105
12253,581
12252,671
12250,671
6268,1508
21186,671
119595,911
119594,1508
119597,2105
17095,434
9724,2105
123500,2105
113269,2105
63518,412
63511,412
22980,581
3465,1508
8898,89
8892,2105
1581,2105
20338,911
62553,2105
5234,1508
5237,1508
13124,581
13125,581
17072,177
13128,1508
18329,434
1594,911
28471,412
28476,2105
28477,2105
28474,412
3078,2105
14310,2105
14311,1508
62170,671
122277,2105
12711,671
66690,581
66691,911
31528,2105
126597,2105
66695,89
66696,2105
66697,671
31522,412
31520,2105
31521,89
31525,2105
5643,581
29075,2105
29074,2105
29070,581
31022,911
28296,1508
28295,1508
28291,911
31027,581
66077,2105
66070,2105
66073,671
30008,1508
105951,434
6461,1508
30925,1508
6465,911
31037,581
7745,911
6722,581
8304,1508
65866,2105
120048,2105
110529,2105
9937,2105
16778,434
16775,177
16777,434
6091,911
12065,581
6097,72
6096,671
64840,671
25749,911
25748,2105
25747,2105
25745,1508
65570,911
65574,2105
65576,581
65577,2105
65578,671
24837,671
21663,2105
24832,2105
3673,671
64999,2105
64994,581
2549,412
64996,2105
64991,412
64993,2105
116680,434
11440,1508
11446,1508
3580,1508
3581,177
3584,2105
3556,2105
64194,434
64197,581
64192,412
17131,177
17130,434
17132,412
64199,412
64198,1508
17136,434
13339,911
13332,671
4424,89
12212,2105
64182,671
9555,1508
62346,911
66061,581
64223,1508
20134,1508
27875,581
27873,2105
63161,1508
63162,2105
29246,412
29241,2105
11861,434
14815,911
11867,2105
15142,581
109929,2105
109925,671
109926,581
109920,2105
7179,1508
31739,412
31738,2105
31737,177
31734,2105
112033,671
112030,2105
1690,2105
112034,1508
30029,2105
115566,434
30025,1508
12884,2105
30027,1508
30023,1508
66263,412
66265,911
66269,581
28590,1508
1478,671
12466,2105
28597,1508
6416,2105
22373,2105
12460,1508
31193,2
4228,671
31195,1508
31194,2105
4225,911
4222,2105
13932,911
28624,911
28623,2105
28622,1508
5581,1508
24792,2105
28629,581
5589,1508
66484,434
66487,412
11271,1508
13680,1508
13686,581
19069,671
61062,2105
61060,911
61061,581
61065,2105
65016,671
61068,2105
61069,2105
65012,412
65011,671
60883,2105
25355,671
25356,581
25357,911
60887,911
30946,2105
3916,671
64766,2105
60888,2105
25359,581
64760,911
25688,911
25683,2105
25680,1508
25681,671
23973,911
23976,1508
22086,434
65901,2105
61285,2105
65905,671
65904,2105
65907,2105
64508,2105
64509,911
25536,1508
124201,2105
2282,911
2285,1508
117768,2105
10905,1508
10906,1508
10903,581
10902,671
10909,434
30675,2105
9125,2105
10306,1508
10305,2105
10304,671
10301,1508
16437,671
63758,2105
7912,1508
7911,911
13442,2105
7917,1508
6282,2105
4321,1508
63281,2105
63283,581
63288,177
121078,2105
21300,911
63572,911
121077,2105
11259,911
2025,581
2751,581
2028,2105
5216,412
5215,1508
5210,911
5211,72
5218,1508
61004,2105
62481,412
9332,1508
62487,412
13102,1508
18307,434
18654,2105
14489,2105
122255,581
62627,1508
122257,671
62152,1508
122520,2105
28450,911
14370,2105
62041,911
4802,1508
66675,911
66672,412
66673,412
109599,434
29052,581
29055,177
29507,434
126318,2105
23769,911
23768,581
23767,2105
28907,911
28904,412
66016,911
126314,2105
28900,581
1318,2105
15424,911
12434,1508
12433,671
15350,1508
15359,412
105936,911
110721,2105
31501,412
31051,1508
31504,911
110724,412
29390,671
110729,581
110728,581
7723,2105
3949,1508
120955,2105
3946,1508
6707,2105
9916,671
9919,911
24474,2105
24475,2105
24473,671
6081,1508
61544,412
61547,20
61546,2105
61541,2105
125525,2105
125524,2105
22144,671
22140,1508
4052,1508
4051,2105
4058,1508
3612,911
3618,1508
3619,1508
65592,911
65593,2105
65590,1508
114628,89
2562,911
65967,581
11424,911
17115,177
17114,177
17110,2105
5020,671
61414,671
13351,1508
116668,2105
13354,2105
4448,911
24810,1508
20151,2105
20158,581
62814,2105
62363,2105
62366,2105
62811,2105
3093,1508
10466,1508
29265,1508
29266,2105
29268,911
121440,671
63140,671
63147,1508
28322,581
8912,1508
28320,2105
18533,434
11842,434
30598,1508
30599,1508
30229,434
30226,2105
30595,412
30225,72
30222,434
30220,1508
30593,911
7117,581
7116,2105
18797,177
1678,1508
28819,1508
1677,911
29992,671
29993,434
126420,2105
29996,412
29997,911
28020,581
28022,434
126140,412
66242,671
1418,1508
1410,911
2999,1508
13913,72
4201,89
4205,1508
5568,911
5569,1508
5564,911
5567,1508
5560,1508
7759,2105
111627,581
66423,2105
15248,2105
11213,2105
11218,2105
19049,434
61048,2105
61739,177
27792,581
61737,2105
27790,2105
61735,1508
61732,2105
61733,911
27794,2105
61047,1508
25334,911
25338,911
25339,412
23950,911
23953,20
23955,2105
28518,1508
65291,581
65290,581
65923,1508
65922,177
65921,1508
28497,177
16637,412
16188,2105
16630,177
105132,1508
6115,1508
6116,72
6110,671
3897,1508
124046,581
10921,1508
10920,1508
64741,1508
116857,72
124040,2105
17322,412
3895,1508
64748,434
63775,911
7281,1508
7932,2105
7935,1508
9459,671
7936,671
9455,1508
63779,2105
65434,911
16989,434
65436,1508
65430,911
21144,2105
16981,434
16986,177
16985,412
16456,581
64526,911
64528,1508
28756,2105
120278,2105
121053,2105
63551,434
63804,671
63803,2105
63556,2105
63559,1508
113224,2105
63809,581
30240,2105
22946,1508
24486,2105
21496,2105
3429,581
3422,1508
3424,911
2002,434
2006,2105
2007,434
2005,434
4585,1508
2008,1508
12482,2105
14170,1508
12624,1508
14172,434
12625,1508
6963,1508
11982,581
11985,1508
30750,2105
12485,2105
10581,1508
10580,2105
118284,2105
13169,1508
10585,1508
10588,2105
13166,412
11183,671
125604,1508
11185,911
14359,1508
112178,671
112179,2105
62602,2105
62601,2105
8151,1508
30697,2105
30692,581
1082,1508
66381,1508
66386,2105
66648,434
29038,2105
29528,412
29033,2105
29032,671
29526,412
1334,2105
1331,1508
6932,1508
8699,1508
1902,671
8694,1508
8123,1508
8692,1508
7700,434
123100,2105
66654,412
31597,2105
66656,2105
66657,2105
66658,671
61381,1508
61380,177
61389,412
61388,177
8348,2105
110802,1508
8341,1508
28924,911
66031,581
66032,2105
66034,2105
63942,2105
61562,2105
61560,2105
61567,911
61566,2105
61564,671
117841,2105
65607,671
65604,2105
61568,2105
22122,434
4078,911
13765,671
4077,2105
13760,1508
4072,911
3964,1508
3962,911
5792,1508
5791,2105
3969,2105
3639,2105
26000,2105
11407,2105
114648,434
11403,581
3054,911
31015,671
61122,911
127382,2105
106368,2105
25475,2105
13379,671
13378,2105
4467,2105
13375,2105
4462,1508
4460,1508
24870,2105
24877,671
24878,671
24879,1508
64267,412
64262,412
16847,412
16845,434
16843,412
6326,1508
12171,2105
12178,581
29206,1508
10115,671
10441,1508
10443,1508
21776,671
21777,671
63120,412
63123,1508
63122,671
63126,412
62836,911
62832,2105
62833,671
8972,2105
8974,1508
8975,911
26008,1508
7139,1508
7138,581
64398,89
7133,581
7132,911
7137,1508
1659,1508
1650,2105
1651,2105
1655,911
119095,2105
24203,581
24205,1508
24204,2105
3391,1508
3393,1508
5404,1508
3394,1508
3399,2105
1380,1508
28556,911
28003,1508
1439,1508
30205,671
1382,1508
29706,581
114346,581
13976,2105
29250,72
18110,434
23466,581
5543,581
111864,2105
30067,581
30068,2105
8595,89
111869,1508
111868,671
11238,2105
11234,1508
11236,1508
61717,671
109380,412
61712,2105
61718,2105
61719,911
25915,2105
22338,177
25918,1508
25318,581
25312,581
25313,671
25314,72
25640,1508
4911,911
23420,1508
115831,2105
9890,1508
9898,1508
9899,2105
17266,177
3071,434
12762,1508
6130,2105
6136,1508
64891,911
64726,911
64896,2105
64898,2105
64899,2105
10946,1508
16477,1508
63716,2105
1593,1508
9472,1508
9473,911
16478,1508
65413,2105
61971,2105
65417,911
61976,671
21163,2105
24997,1508
24996,671
5174,671
64099,2105
120296,2105
120297,581
2246,671
64096,1508
124794,2105
24191,671
24190,2105
24197,671
63825,2105
63826,2105
63821,2105
63822,2105
31150,89
3407,581
7536,911
4878,1508
13498,581
10615,1508
10614,177
2060,2105
2061,911
2797,1508
14112,2105
61046,2105
14111,911
14114,1508
108970,412
62990,671
62996,412
62447,2105
62446,2105
122742,2105
122741,2105
13142,581
9783,434
9786,2105
112402,2105
112401,1508
14292,911
62662,581
62667,911
62666,2105
30032,1508
65180,2105
12964,911
29015,911
29542,412
7092,2105
107643,434
29547,412
12722,1508
66698,671
126599,2105
8105,1508
1359,671
8109,1508
1356,1508
66630,2105
66631,1508
66636,2105
66634,412
8363,581
8365,2105
61364,434
113362,2105
61531,2105
110588,2105
28942,1508
28940,2105
28765,911
28947,911
28944,1508
24432,911
24430,911
24436,2105
28769,581
61508,671
61500,671
61507,2105
122315,671
13709,581
13700,671
4016,911
13704,671
19433,1508
19431,1508
19438,2105
19439,1508
3980,2105
110326,2105
110320,412
1111,2105
23852,671
65624,2105
117862,1508
117861,1508
65621,581
65622,2105
16284,911
1117,1508
64102,911
25108,911
24858,581
24852,671
24853,671
24856,671
24857,1508
64284,2105
64280,911
64283,2105
64282,2105
7875,911
7873,1508
8051,1508
7878,581
16860,434
6308,2105
8050,412
6304,2105
12156,1508
6301,1508
63455,412
63106,2105
63456,1508
63451,2105
63450,2105
9319,1508
63100,671
10422,2105
10420,2105
9313,1508
63109,1508
3216,1508
112366,89
112362,412
21757,671
8958,1508
62852,434
62854,2105
62855,911
62859,2105
26905,671
26900,1508
113419,581
125237,911
125234,434
112090,412
1632,2105
112092,2105
112095,2105
1635,2105
1981,1508
1988,1508
2817,1508
2811,1508
2812,1508
29954,1508
29955,671
29952,1508
29953,2105
14257,671
14256,2105
14250,2105
14253,434
14252,2105
24225,581
24224,581
24220,671
122175,2105
28579,911
122173,2105
122172,2105
28573,434
3376,2105
3373,434
1183,412
3370,2105
30263,911
30260,1508
30261,581
30265,2105
31683,911
31687,2105
31686,911
31135,434
31689,671
31136,434
4242,1508
4241,1508
5520,1508
5523,911
5526,412
7741,581
30088,1508
30086,2105
111662,911
30084,2105
31354,911
23195,1508
23196,671
23197,2105
23622,671
6547,1508
121383,911
30884,911
6543,911
127274,2105
16836,412
127279,2105
27755,911
30888,434
6548,1508
25937,671
115812,2105
14926,1508
7515,1508
18241,434
7510,2105
16671,177
16675,434
16674,412
16679,434
6152,2105
61192,911
6158,581
64708,671
25665,581
120059,2105
60825,1508
120723,2105
60823,434
60822,2105
63739,911
15521,911
121233,1508
121893,89
13453,89
22717,434
61999,434
61996,671
65472,911
65474,2105
65477,581
8759,2105
30660,1508
2269,434
2267,671
63848,911
30849,2105
8750,581
63847,581
2044,671
4819,1508
2049,1508
9411,911
9413,671
10639,911
11618,1508
11948,1508
14130,581
14131,412
11944,911
14133,89
14134,434
11940,1508
27991,911
27996,412
27997,2105
17724,434
62465,581
65022,434
63594,671
63596,1508
125533,1508
62646,434
62642,412
62640,2105
62649,2105
62648,177
20417,1508
10092,1508
10097,2105
10096,581
117805,2105
62056,671
64321,2105
122354,1508
12947,671
12945,2105
12944,2105
7070,2105
29561,412
13189,581
14395,671
14398,1508
14399,2105
8163,2105
8162,2105
15443,1508
15442,581
12497,1508
66610,581
6475,2105
66616,671
66617,72
61349,2105
127399,2105
8388,2105
61691,671
61690,9
61340,2105
61694,2105
25340,581
24414,412
24415,1508
4383,1508
24419,911
4381,1508
1372,1508
28749,72
28744,2105
28217,2105
28214,1508
28740,671
23291,671
28967,434
4036,1508
26360,2105
11376,671
11371,177
11372,581
121934,1508
19415,434
23871,434
23877,581
61527,671
65643,2105
65640,581
61523,2105
65861,1508
120557,911
124616,2105
124614,89
124615,412
25431,911
25430,1508
25433,671
25434,911
25124,1508
65971,434
7852,581
7853,911
7850,581
63693,581
63690,911
63699,434
61836,671
61831,671
61832,434
16802,177
61839,1508
61838,412
12138,89
12139,1508
6362,2105
12136,2105
10150,1508
10156,1508
10405,1508
10407,1508
10159,2105
9338,1508
63470,2105
63474,2105
63478,671
14898,1508
14897,671
14895,2105
21731,177
62870,1508
3082,434
62874,671
3226,2105
113439,581
3230,2105
3231,434
1968,1508
1969,1508
1618,581
1619,434
3238,434
1613,1508
2870,1508
3354,2105
28513,412
28512,911
2547,177
3358,2105
20064,1508
122159,2105
5442,581
62257,72
30539,581
30536,581
30534,2105
64997,1508
30247,2105
114303,1508
5508,1508
18152,177
5505,911
5503,177
23605,671
66151,412
66155,434
66404,1508
66403,2105
27776,911
27771,2105
27773,911
61758,911
61759,1508
6565,2105
61752,2105
61753,2105
61755,2105
29606,581
29607,581
7685,2105
28501,911
7683,911
7682,2105
29600,1508
29601,89
25950,581
25956,1508
29608,1508
29609,911
9155,911
3824,911
3821,911
3820,1508
65980,412
8440,1508
109079,581
115872,2105
115873,177
115876,434
5134,1508
7537,1508
5479,911
31379,2105
19355,434
16650,1508
6178,1508
12726,177
65184,2105
6171,1508
64857,671
64850,581
64851,2105
64853,2105
10984,2105
10981,911
64859,911
10983,1508
24607,581
60802,72
60801,2105
60800,2105
24608,2105
65456,412
65322,911
24954,581
65459,911
119536,2105
119535,412
119533,2105
63744,2105
64583,581
64584,412
7904,1508
64589,2105
11584,911
11580,1508
116210,412
4839,1508
4830,911
4523,911
4834,1508
4520,911
7993,1508
7991,1508
7995,2105
4423,434
11636,2105
62401,2105
62406,911
13184,671
64327,671
13187,911
64322,412
64323,177
13183,1508
20653,1508
30764,412
6994,1508
63862,72
63863,671
63866,671
122835,2105
122837,2105
9293,911
7331,2105
9298,911
9299,1508
18439,434
30185,671
12924,2105
30181,2105
12926,1508
30188,412
10215,911
10211,671
10213,2105
121615,2105
63313,177
121613,2105
61401,2105
63318,434
61151,911
112111,2105
61404,581
8148,581
30760,2105
30989,1508
24381,581
8637,2105
6995,2105
65128,911
8633,2105
66366,671
65126,911
66360,911
31588,2105
66365,581
24382,911
66367,911
24384,1508
24386,671
2991,1508
66368,2105
31587,911
24389,581
61885,434
111490,2105
111491,2105
111492,671
111493,2105
9999,2105
9023,911
65251,581
66091,412
66096,412
28231,177
65252,671
11038,1508
125034,412
1397,1508
1393,177
65709,671
12418,2105
11351,1508
61321,2105
61322,72
61325,581
61326,911
64821,581
23819,581
23810,1508
23812,671
65669,581
126714,2105
65664,2105
65841,2105
124638,2105
25140,412
64130,1508
64136,1508
124636,671
2437,1508
2436,911
2435,911
16821,434
16824,412
63678,2105
16827,412
16828,434
16829,412
121374,2105
63676,671
7835,911
63672,412
12110,581
117358,2105
6343,911
6347,1508
6346,911
6349,1508
119493,2105
17198,2105
17197,412
17195,434
9351,177
9602,2105
9355,2105
9359,911
9358,1508
10174,1508
63419,911
63418,671
21244,581
11035,671
14512,671
63413,434
63415,177
63417,2105
3782,2105
3781,2105
3786,671
3785,2105
8990,2105
4993,911
4990,911
113459,2105
125276,2105
125274,2105
125279,2105
116004,412
1949,412
106073,434
1943,1508
1940,2105
3255,1508
13241,1508
2859,1508
2856,1508
3333,2105
5465,911
5464,1508
28532,1508
62239,2105
20047,2105
20046,177
62236,671
62237,671
122137,2105
122136,2105
29710,581
106404,434
29717,2105
29910,2105
29916,1508
29918,2105
1234,671
66428,911
1230,1508
28395,911
126720,2105
126721,2105
28398,911
1239,911
66425,671
66424,412
8288,1508
25970,412
25972,581
25976,2105
25978,2105
25979,1508
2489,911
31170,1508
29624,434
29626,911
4903,1508
13552,581
23486,2105
2482,1508
3807,671
23485,177
8463,1508
8465,1508
111779,434
110179,581
31394,89
31392,911
22536,2105
22532,1508
3063,72
64830,2105
4173,911
60868,2105
64839,581
25628,1508
24621,911
24620,2105
25623,671
25627,1508
65303,581
24978,1508
24971,671
24976,412
24975,2105
119553,2105
116586,434
22751,434
116588,2105
31821,581
2226,671
2222,671
2220,671
10724,2105
8113,1508
4503,1508
13479,911
25088,671
2080,911
25080,89
25081,581
25082,581
2085,671
11656,1508
125860,2105
17761,412
17762,434
27957,911
11178,911
62932,2105
64308,671
64304,911
64306,581
64307,2105
64301,434
64302,581
64303,177
64480,2105
63886,20
16642,581
63881,911
20907,671
62689,177
62688,671
20900,2105
20901,911
62683,671
62686,1508
20909,1508
6169,2105
63084,671
63085,1508
63082,671
63083,671
63080,2105
63081,671
7315,89
7316,911
11902,911
12304,581
11032,581
11907,2105
12309,911
30169,1508
30168,911
12909,177
30165,412
12904,911
30161,581
30163,1508
10232,2105
9016,1508
7034,1508
10236,1508
10235,911
9013,2105
10238,581
21505,671
21504,911
21507,2105
63338,20
63339,2105
21503,177
12734,581
24029,2105
21508,2105
64387,2105
64381,2105
30709,72
60814,2105
6431,911
120716,911
30703,2105
120714,2105
7781,2105
66300,1508
66301,1508
126005,2105
66305,2105
24360,581
24361,2105
1004,1508
120719,2105
4340,2105
28700,2105
28253,2105
28250,2105
28256,1508
28706,581
28707,2105
14535,2105
28258,2105
14537,2105
11010,1508
11012,911
8611,581
212340,671
19103,2105
5711,911
65665,2105
25631,2105
61655,671
61656,671
61302,177
61653,581
61300,1508
107830,1508
3062,911
28877,911
11482,434
11480,20
65829,581
65825,2105
25168,581
25167,911
25166,2105
25164,1508
120517,2105
64135,1508
32280,2105
16597,2105
12681,911
12688,1508
12689,581
10827,2105
63659,1508
19818,2105
28919,1508
63651,2105
63650,671
63657,2105
13387,177
61871,671
61873,2105
61872,581
61877,2105
64153,2105
64154,911
12476,89
66003,412
121134,2105
63435,434
121137,2105
20988,581
63430,581
9371,1508
9372,671
121139,2105
116395,2105
1820,1508
1823,1508
2146,2105
4972,2105
4973,177
1920,911
3277,2105
3275,2105
3273,2105
1926,1508
3278,581
116029,1508
13228,2105
4223,2105
13227,1508
112876,1508
112874,2105
14233,2105
112878,581
122447,2105
62745,2105
62742,1508
62215,671
62740,412
122114,671
3311,671
3310,2105
5485,1508
62748,911
20029,89
20028,434
30576,2105
30577,2105
20021,72
30578,2105
28620,412
12403,911
15360,911
123138,2105
29939,671
1982,177
29427,2105
29396,2105
29397,2105
29934,1508
29423,434
29392,1508
1213,1508
1210,1508
23137,1508
23135,671
6522,1508
6527,1508
6529,2105
6528,1508
8266,72
30398,2105
30399,1508
25995,581
25993,671
25991,72
29649,581
31629,911
31159,89
29642,72
63679,2105
31627,434
31626,911
31620,2105
29645,412
3863,2105
3862,581
63674,671
8402,2105
7572,581
7575,911
7574,1508
7576,2105
9815,1508
9812,911
66441,2105
66114,581
66445,581
66447,2105
66446,2105
117359,2105
61464,2105
61462,671
65148,1508
12111,2105
65145,1508
65144,2105
14285,671
61811,1508
65142,2105
4156,911
61815,434
60848,1508
60847,1508
60846,2105
60845,412
64813,177
61086,671
24648,671
28119,581
4510,581
24646,89
65368,671
22772,1508
65491,2105
65365,412
11096,1508
65494,2105
119574,2105
31849,911
31843,2105
31846,911
5902,671
15087,911
5901,671
19311,1508
8213,1508
19318,434
30306,911
3480,2105
8214,1508
13412,2105
13410,9
4560,911
13417,412
4569,581
4568,1508
11670,1508
11672,911
62709,2105
24912,2105
121839,177
24914,671
121835,2105
121834,2105
121833,412
27932,177
27933,2105
27930,911
62918,911
27936,911
27937,911
62913,671
62911,671
17780,434
62914,911
64369,2105
25202,911
25203,2105
25201,434
64363,72
64360,581
64367,581
64364,1508
64365,581
118228,2105
16784,434
125596,2105
125595,2105
125598,2105
118223,2105
12094,1508
6066,911
12091,671
12090,1508
6062,1508
2606,911
2602,2105
10787,1508
10035,434
10789,2105
10030,1508
10033,911
65014,671
7370,1508
11929,671
12321,1508
11923,1508
11925,1508
60882,9
30490,581
30495,581
30146,89
30496,177
29099,581
29098,1508
7017,1508
29095,2105
10252,2105
121659,412
64768,2105
24005,1508
18699,2105
24008,671
121656,2105
29895,581
29894,1508
29899,434
64763,911
24344,671
2955,911
2950,671
2951,2105
2953,2105
1021,2105
5342,1508
126020,2105
4367,1508
62005,2105
3105,2105
3107,1508
11074,911
3103,911
111102,2105
111103,581
8675,1508
30720,2105
106853,412
13782,911
4091,1508
31455,2105
13786,671
31453,2105
4094,2105
66290,1508
13789,1508
31459,671
5735,434
66588,671
126623,2105
11319,911
11318,911
11315,1508
118443,434
11313,911
66582,2105
11310,2105
19124,412
127378,2105
61679,434
61671,2105
61676,2105
127376,2105
127377,2105
60984,412
28858,177
28851,2105
28853,2105
61581,911
8096,911
8095,1508
65803,581
8093,1508
8092,1508
15203,2105
61586,412
61589,177
8099,1508
22181,1508
8046,1508
11142,2105
16573,434
12669,911
6653,89
10801,1508
120359,2105
120358,2105
63986,412
63984,2105
63635,2105
63637,1508
63639,412
65776,581
65777,434
19878,434
6386,1508
65772,2105
65773,581
65771,671
21066,671
19873,434
61859,2105
21061,177
24803,2105
124678,2105
124679,2105
64177,2105
124675,2105
64175,581
124677,2105
64173,2105
64171,2105
65586,2105
63188,1508
63182,671
63181,2105
63180,2105
21204,2105
1848,1508
124394,2105
2169,581
2163,911
14036,2105
62581,2105
17047,434
122680,2105
1906,581
3297,581
5133,911
3291,2105
120825,2105
120824,1508
13204,1508
120823,2105
120822,2105
13208,581
11914,671
14960,581
20005,1508
20556,2105
62761,581
30558,1508
30559,911
30550,412
12545,2105
30557,1508
12816,2105
113498,2105
113494,2105
113490,2105
113491,2105
112721,434
112720,671
29406,1508
29402,911
4546,581
1279,1508
116831,434
1274,177
8792,1508
8247,1508
8245,434
29661,2105
29662,2105
29663,911
12459,581
29668,2105
29669,581
26898,671
31600,1508
31607,2105
3336,2105
8423,1508
111731,2105
111732,2105
10658,9
9831,1508
9837,1508
9835,1508
23111,434
66468,2105
66465,911
23118,177
65169,671
10656,1508
61448,671
65163,2105
61445,911
61114,581
61112,412
61441,2105
61442,412
61443,2105
24662,671
4434,1508
4132,2105
64184,911
24669,581
24668,581
3840,911
5690,911
28130,2105
5697,581
28135,434
3848,1508
28139,2105
28138,911
22794,1508
22797,581
22791,412
124995,2105
63757,2105
16439,1508
63755,1508
118653,671
62437,2105
5968,1508
5961,2105
64189,412
5965,911
17549,2105
17239,581
17237,434
17232,671
17233,434
13439,581
64699,434
13431,1508
13432,1508
124195,2105
124196,2105
121817,2105
121816,434
121815,2
11694,2105
121819,671
121818,434
65345,89
65343,911
65342,2105
24934,2105
24931,581
64436,1508
2595,911
2596,2105
124440,2105
64344,581
64345,1508
64346,2105
2593,1508
27913,2105
27914,581
25224,1508
25225,2105
25227,911
25223,2105
6044,1508
2620,434
2625,2105
8606,2105
2628,1508
7350,2105
10013,911
9589,1508
9230,581
10016,911
62975,2105
62976,434
62979,434
12346,911
10277,1508
10271,911
121673,2105
7336,2105
63374,671
125315,2105
63377,177
122078,2105
9052,581
24069,1508
24068,671
21543,2105
21542,1508
24066,2105
122075,2105
122894,2105
122895,2105
29878,911
29875,581
29874,671
29870,1508
29873,1508
61167,671
2975,1508
62395,671
122094,2105
62396,2105
62391,2105
1045,1508
62399,2105
122099,2105
30121,911
30127,412
30128,89
31291,412
65247,2105
11051,671
11056,1508
14578,1508
24491,2105
24495,581
3129,2105
3121,1508
3126,911
8658,2105
115404,2105
8655,1508
8657,1508
31479,1508
31477,2105
9317,89
5750,581
5757,1508
23561,1508
61610,911
15197,434
127316,2105
15199,434
66708,2105
64549,1508
28397,911
28836,581
28834,911
7435,1508
7437,1508
7430,1508
64423,2105
16550,434
120593,2105
66426,581
117006,412
12648,1508
6678,671
117003,581
110387,2105
10868,434
110384,2105
110382,581
10860,1508
10867,1508
9311,2105
16887,412
16885,412
63617,671
121315,2105
63967,2105
16889,412
19508,434
63962,412
13639,2105
65753,2105
119436,412
6509,2105
21959,2105
1860,1508
1864,911
1866,2105
13597,177
4932,2105
4685,434
4682,2
4936,911
13590,581
13599,671
2101,1508
2100,1508
6500,1508
5111,911
14017,1508
14016,911
14011,1508
17061,177
20791,412
17069,434
62562,1508
14150,2105
10482,412
10484,1508
113652,581
14908,1508
62488,671
63175,1508
62702,2105
62700,671
62707,1508
62705,671
29621,2105
1781,2105
1783,1508
1786,1508
6873,1508
15761,1508
29463,412
29461,671
29466,412
18221,177
23487,671
29341,1508
3806,1508
30822,581
8229,1508
14808,911
31661,2105
31660,2105
31663,412
31662,412
31666,2105
31669,412
7602,1508
2490,1508
4640,434
13550,1508
9850,1508
9857,1508
9859,1508
13554,911
28483,1508
1257,581
1254,1508
1523,581
28337,2105
63520,2105
28333,72
28332,72
30236,671
30231,1508
61420,1508
61421,911
22221,581
61427,2105
61425,581
4115,2105
11770,89
24689,671
24685,2105
14378,671
62626,1508
28152,434
28155,434
28157,1508
28156,2105
116526,2105
110045,2105
31887,671
31881,2105
31880,20
5944,2105
23793,581
23790,671
23791,1508
11506,1508
11502,1508
23799,671
65100,2105
65105,911
61131,671
65107,911
65106,434
65108,581
127439,2105
127438,2105
106228,671
25799,911
13427,1508
25025,911
25020,911
25021,2105
7554,2105
64418,2105
64045,581
124319,2105
124318,2105
64415,671
124315,412
124314,2105
64410,911
64412,671
118264,89
25240,1508
25241,2105
64048,911
1682,1508
6020,2105
6025,911
10071,2105
2646,671
9216,1508
9217,1508
12365,2105
12364,911
62957,1508
62955,581
62954,671
21159,434
9071,2105
10297,1508
10296,1508
123435,1508
10292,1508
125379,2105
63398,2105
24040,671
63394,89
121693,2105
64915,2105
3555,412
30906,911
2916,911
64833,2105
29852,2105
4176,1508
29854,911
24302,671
24304,671
5301,911
5306,1508
13016,2105
13013,671
13011,2105
30451,671
30100,2105
4328,1508
31276,412
4322,911
3144,911
14597,671
14592,89
14593,1508
14590,1508
62049,911
17863,434
17861,412
106760,434
62046,2105
31418,671
62296,2105
4623,2105
5772,911
5774,1508
23544,434
61635,1508
25878,911
29143,72
25870,1508
25874,1508
25877,177
66728,671
28817,2105
23898,1508
66726,671
126424,2105
126423,2105
66723,2105
109158,412
25405,1508
12568,2105
21595,434
25406,1508
12560,671
15242,1508
15247,1508
7416,2105
121273,2105
16531,2105
117020,412
61093,2105
12620,2105
12621,2105
6617,911
61095,911
61094,911
61098,412
10840,911
10841,1508
13891,2105
60949,412
60942,2105
60943,412
120315,2105
120314,2105
63056,2105
63943,581
3504,671
63941,671
63945,671
22057,1508
61899,671
65739,2105
65732,581
12192,89
65731,1508
65737,412
65734,412
22059,2105
2345,2105
119419,412
2346,2105
2340,1508
2342,581
119414,412
119417,911
66013,1508
3708,911
65056,581
3700,911
1884,581
3707,2105
13579,412
2124,2105
4918,1508
12436,1508
4666,2105
13570,1508
13572,1508
15354,2105
15343,1508
105670,412
62543,412
5179,1508
12430,89
62549,2105
64064,412
64066,2105
64061,2105
64060,2105
64063,1508
64062,412
29367,1508
9689,581
63490,581
63493,581
63495,1508
121194,1508
63498,2105
62723,2105
62724,2105
62728,671
7257,671
7250,671
7251,2105
7253,434
5334,911
10550,671
14633,1508
7007,1508
29448,412
29449,1508
63233,2105
29339,2105
29443,581
29332,2105
29446,434
8804,1508
14290,671
8807,1508
14923,1508
14297,1508
14296,671
110725,581
8808,1508
30666,911
30843,671
30662,2105
30847,1508
30844,2105
8755,1508
6588,671
8202,1508
109366,412
109364,412
121713,434
7620,1508
119256,2105
31643,177
118873,20
28502,2105
9872,911
24511,581
24510,2105
63663,2105
1500,2105
28313,412
3087,911
7824,1508
28317,72
28316,2105
28315,434
28314,412
22207,911
22205,911
13800,581
28176,1508
3886,911
117904,2105
117905,2105
117902,2105
117903,89
116503,911
2086,671
116505,2105
116504,911
18732,434
61153,1508
61402,2105
61403,1508
127455,671
61405,2105
61406,177
61155,1508
61408,177
61409,1508
61159,2105
30862,581
25004,2105
25000,671
120455,2105
120456,2105
120458,2105
30640,434
64652,911
64650,581
119955,671
30310,911
66185,434
64128,671
65389,581
24795,2105
65387,911
124374,2105
19954,581
19950,2105
19953,671
3170,911
64753,2105
7648,2105
6003,2105
65009,1508
6008,2105
17272,434
9273,1508
10056,1508
10726,2105
27780,581
63004,671
27783,177
63000,1508
2573,2105
12389,1508
12381,671
12380,2105
12382,671
26004,581
26006,671
65006,1508
64382,581
64383,2105
26009,911
64389,1508
113371,2105
113370,2105
29791,2105
3574,911
3570,911
4497,1508
4496,1508
4494,1508
2662,1508
2663,911
13380,911
13381,911
13326,911
20982,2105
20983,671
4498,1508
2938,911
5327,911
11898,581
14606,581
11896,434
14603,671
112970,2105
1837,1508
20185,671
30479,911
1743,1508
30477,1508
13031,911
13032,911
11094,1508
31788,2105
31789,412
11091,1508
18051,434
11099,89
31784,911
18058,434
62065,1508
62064,2105
122360,2105
122361,2105
28781,72
3164,911
28785,911
62069,412
28787,911
30781,2105
30783,72
30782,911
30789,2105
20237,581
29830,1508
29784,1508
29837,671
2402,2105
23526,581
118444,1508
118445,2105
118446,2105
126621,2105
126620,2105
66292,911
66293,1508
25852,412
25859,2105
63883,671
31254,434
29161,177
29167,1508
64174,2105
29165,2105
29164,581
29169,1508
20904,671
15267,1508
15265,911
12544,1508
8562,2105
15261,412
12540,2105
12548,671
123015,2105
123014,2105
123017,581
123016,2105
123019,2105
105805,412
31430,911
19094,434
6639,2105
6638,2105
22695,911
14417,2105
12603,177
12604,177
12606,177
60964,2105
26582,911
14414,177
60969,2105
24725,177
24720,1508
24728,671
65710,581
65711,1508
65244,412
65245,1508
65242,2105
65243,671
65716,2105
61212,2105
65718,581
21828,911
119477,2105
2322,581
13634,1508
120595,2105
13630,2105
2328,1508
20779,2105
4708,434
3761,2105
11509,72
63652,2105
7319,1508
17641,434
17640,434
2498,2105
14462,1508
13551,1508
4641,1508
13557,177
2497,2105
4645,2105
63920,911
19891,434
63927,911
63928,2105
7892,1508
61483,581
17027,412
62520,412
62521,2105
62526,671
62527,412
62525,671
5152,911
64115,581
64041,2105
120845,2105
64049,2105
61484,1508
11903,1508
62290,911
62295,2105
16453,671
7277,1508
7275,671
7278,1508
7279,1508
2561,1508
64011,434
8551,911
6831,911
6830,1508
6836,1508
6839,2105
29316,581
29317,2105
10552,911
29311,1508
29312,671
65896,1508
8007,434
121717,2105
121718,2105
65893,671
8823,581
8826,1508
11872,911
30649,2105
30644,1508
30861,1508
30646,412
30647,434
30312,2105
30865,1508
30866,1508
7647,434
7646,1508
119273,2105
119275,2105
119277,2105
28528,1508
114920,2105
62756,1508
10237,671
112780,412
62750,2105
9132,2105
111205,2105
28190,2105
11172,911
24539,581
24538,1508
126298,2105
28374,2105
11174,177
24533,581
28524,671
24531,581
126297,2105
24537,911
109831,412
1562,2105
1297,1508
1567,1508
29689,2105
13828,2105
24021,671
13824,2105
5639,1508
28195,2105
28194,1508
13353,1508
7466,1508
8484,2105
8486,581
8487,581
8488,671
