61518,408
61519,4
19713,410
61513,61
150398,223
150399,1
22461,4
4448,2
13733,7
165284,410
111537,395
111534,57
111532,32
166555,105
4029,56
60911,6
60914,31
19398,39
161075,4
5980,47
165779,239
161071,213
5987,14
161073,189
161072,16
22260,54
18241,403
19159,410
160891,201
160892,7
7510,4
61171,36
15267,11
19156,410
19150,410
19152,3
61206,410
65270,21
277918,11
65275,2
16679,329
150179,223
25069,21
165914,22
142814,71
22008,86
6152,56
149337,15
61192,4
142811,9
142812,52
6158,1
164086,47
62559,71
13602,6
4737,410
6791,105
118126,2
118125,223
4739,410
2312,3
118121,7
6799,56
64708,33
25665,124
65876,239
65655,4
155701,308
64879,49
165358,3
140541,46
166482,2
166485,17
120051,239
60823,410
63739,39
138210,71
111169,3
161853,223
25283,46
22717,403
13599,239
25119,4
16705,410
7121,5
65474,14
25110,39
25111,39
6194,18
140897,4
10917,35
141236,44
7991,4
28998,17
63930,39
2269,301
63936,277
116787,49
19570,410
7881,9
17252,96
166554,3
17254,89
17030,382
163929,88
63848,22
20747,20
124599,71
17035,223
9258,26
12379,7
62516,8
2448,12
63029,101
109366,227
7866,11
7862,48
64054,39
64055,19
24888,26
61584,51
138608,239
138609,11
2044,63
146659,86
265008,51
148414,223
4818,6
163036,27
148410,11
2049,12
6379,12
26021,47
64902,16
64455,4
10639,44
64901,13
6370,46
3157,45
12123,46
12122,46
6375,9
10631,24
3156,34
134164,60
10411,37
135945,71
162742,11
11944,46
9614,23
105538,410
63447,46
175465,38
135969,77
8099,53
121142,34
17724,410
160375,14
160254,71
160255,60
135966,68
9324,10
9325,5
16924,410
7268,42
163721,200
61179,11
29449,9
7267,310
63812,13
16929,410
164411,179
12234,71
63596,8
6207,3
125531,239
162106,25
125533,10
139025,410
6266,118
1655,3
14624,9
62646,72
14626,57
14622,239
6809,16
264510,320
160893,1
6802,30
6803,8
152049,410
10567,16
10565,27
31227,3
125240,19
110529,60
116224,223
24157,16
1995,56
5187,19
30416,310
157679,43
22810,4
19402,28
65896,5
18928,410
8838,65
138466,239
138467,63
147303,187
112552,31
8832,2
16671,99
30328,410
61608,120
5835,34
30637,43
29964,10
28564,89
160670,58
62088,12
24731,43
28563,239
12942,239
24232,410
24233,105
151630,239
9225,2
151632,89
5458,28
122143,54
62245,410
175085,89
10361,9
157494,6
141577,1
123495,410
157493,21
175083,206
13189,43
108481,410
14395,215
137642,239
137861,60
63462,60
30259,18
30257,225
175646,206
156383,105
175644,20
156384,41
29762,11
1177,46
15446,239
1173,11
30740,68
5788,10
4251,3
65376,239
31122,7
31692,410
23500,410
160719,16
5530,9
129467,45
5539,7
162925,223
147453,20
147452,60
147451,54
151708,16
11178,27
11169,12
145367,54
65467,410
14401,98
14403,214
29108,89
111839,21
29433,9
31234,1
8762,2
29101,410
23088,43
126046,60
1577,30
7185,8
7186,54
125000,145
12877,1
66164,410
66161,410
8387,89
8386,7
61693,410
127644,1
13839,35
12874,19
8549,49
14886,1
8017,17
65881,6
61408,104
65884,410
23616,22
65886,25
8542,7
6573,10
6571,8
24414,410
24415,3
6574,14
12212,60
155133,27
28184,7
28185,410
28180,43
12065,1
66504,410
144435,10
7696,39
29616,2
7691,23
29613,410
29612,22
28216,78
28214,12
138707,87
23291,60
25946,42
3835,4
65084,2
63866,239
6797,12
65088,39
4973,38
10884,4
155394,4
155393,89
4036,8
1228,1
161048,38
60900,23
154714,223
11376,5
11371,16
160449,60
11372,6
24747,38
7526,148
141178,65
7525,46
6532,71
160889,3
160888,71
16885,410
16665,39
25056,26
65266,410
25726,10
12713,239
12711,239
141339,19
145109,89
12719,7
16957,410
6781,18
12757,239
12964,9
23877,45
13619,170
64383,8
6788,85
164432,20
4723,390
61527,36
65643,71
65640,43
64848,9
61523,13
16847,410
5841,239
118577,104
165610,410
5849,406
19305,7
24907,34
120557,39
16488,93
21118,94
124615,223
16480,239
13531,42
4622,11
13532,206
16716,105
25430,11
25433,139
25434,18
65464,1
25124,13
22496,3
10466,46
2271,4
2270,13
127234,108
130298,2
10801,56
122536,4
166581,2
166582,223
64602,4
166585,1
64606,3
16889,410
120358,14
63901,42
9248,46
63053,63
107528,39
63054,7
9538,10
141846,239
113093,410
9242,37
65739,71
7852,43
176070,89
153128,11
65515,310
24898,235
138612,71
13289,382
13288,3
17534,343
24890,1
62317,26
63699,410
24893,5
61836,239
146648,85
63483,6
4826,44
61839,44
13440,38
13443,28
10504,9
7980,56
9402,16
12138,36
64930,410
26038,9
7985,16
64934,11
127279,17
166051,83
12136,60
10150,10
10156,44
10405,12
62472,410
10407,10
10159,2
11976,17
161852,35
10390,8
64334,239
124434,49
63470,60
147849,29
63474,3
27965,71
63479,410
27960,2
149683,2
66235,410
1979,4
14898,4
13193,3
150477,7
14891,10
111868,2
3594,85
63876,12
6215,19
63874,46
6213,32
62870,26
15708,235
15709,8
9299,19
62654,221
62655,4
113439,18
16245,410
163893,3
61996,87
62895,410
175533,239
21427,2
3231,410
1968,8
164572,98
1618,4
10085,3
3238,410
157865,239
1613,11
24148,410
21429,5
61398,71
3650,7
12956,43
2870,45
119216,17
62797,9
162809,239
157803,28
18439,410
164541,74
27816,21
160667,223
27810,218
7883,29
28518,10
160668,239
62093,4
164756,72
164755,14
7067,410
7066,23
7065,23
62257,5
7063,30
13174,11
264507,4
264506,53
147200,239
147201,239
147204,49
30539,43
30536,2
147208,87
133044,60
64997,2
264509,61
30247,28
12482,41
6963,6
30751,22
15459,8
132482,47
8151,57
61871,174
18152,118
61586,226
117026,227
5505,29
24396,54
1545,43
61560,56
2849,410
11115,26
14477,64
8579,22
66379,7
166639,19
175742,11
144640,6
29112,410
165857,239
148950,11
31203,19
31752,2
31574,18
61688,410
31576,410
165855,54
66155,410
66404,50
127383,4
65483,410
61685,59
8539,56
27776,34
12828,209
27771,32
160474,11
8530,219
12825,10
160479,43
12821,89
8536,9
15291,5
151403,42
61759,15
11027,4
7882,76
66085,333
14503,4
6565,45
162254,10
61752,60
61753,7
28206,71
29607,31
7685,1
5475,32
7682,59
145911,101
28733,43
1380,8
1382,20
29609,10
9155,21
160988,54
3824,46
10213,8
3820,8
12576,54
160987,223
65072,34
161056,17
161055,39
10331,46
8440,89
155934,3
109079,17
12575,1
11566,24
13990,29
3639,16
2444,2
11366,32
29015,36
160504,37
160505,71
160502,109
160503,3
60931,9
11361,2
29323,6
61355,11
61356,37
121493,59
61350,35
11811,32
139804,27
24771,239
7409,105
3218,45
28648,7
24776,46
65218,153
60846,71
61229,410
19355,410
19605,119
25737,39
156633,7
16650,12
114698,47
62335,223
65180,3
24005,89
155735,71
150284,54
163976,1
4759,22
64857,239
64850,44
64851,23
64853,71
6774,16
10984,38
140529,15
10981,21
10983,12
129849,11
5870,56
65850,1
61534,3
117902,26
65679,37
60802,18
60801,60
60800,26
11296,56
9969,45
65671,20
25236,410
65325,410
150024,128
25130,11
25132,42
127177,28
154056,22
25234,46
64102,9
64103,13
65459,2
158563,239
260778,54
119436,224
120093,83
13526,78
145003,153
17130,410
19911,10
16721,19
118003,31
149268,89
118228,43
22447,89
64584,410
135165,3
11748,7
64199,277
63919,45
11584,11
161909,84
28195,14
11580,11
165933,16
63742,89
166593,57
127075,4
166591,239
63917,193
25313,1
141859,8
161040,10
125583,36
162386,3
138662,239
16836,410
65521,15
7849,53
65526,240
260893,32
63687,410
153130,126
64030,11
16838,410
4839,3
6357,9
61925,4
60950,22
162584,43
162585,239
4523,46
13453,262
12108,391
7993,56
163069,223
6196,10
64929,14
162349,410
139225,89
64925,43
11636,24
140983,223
26045,5
26044,11
9289,5
9340,239
2735,23
105512,71
9346,66
9611,43
134144,4
9619,6
13184,239
64327,239
135784,410
3532,7
63468,16
175404,9
22815,16
160272,239
63467,287
5050,7
20653,89
135788,71
151928,14
26022,203
7203,26
148509,7
7205,10
30870,11
6223,2
63863,7
12216,71
12215,71
162160,54
66393,59
160183,1
160181,155
18549,19
14863,2
113425,44
143153,410
148930,54
4476,71
116503,39
9761,7
14084,3
148390,65
29346,39
29345,15
122015,223
29342,9
62313,18
120774,60
24171,46
124358,40
164506,4
7331,8
5518,4
1976,18
24179,239
3226,37
3221,69
1971,8
12124,68
62575,288
8859,11
8858,32
6376,23
122494,410
140044,239
138402,42
8850,7
30185,98
123720,410
12926,22
2845,22
30188,310
5476,6
137722,24
28501,39
14268,60
14269,7
28504,10
14260,10
10187,410
20075,333
149477,5
1773,27
136825,410
63986,32
15111,43
62224,410
63318,410
3138,8
61403,20
112111,4
112112,410
10507,53
9890,53
14582,22
143754,38
29746,60
8148,43
1230,20
61406,223
8638,19
6994,2
6995,11
61155,20
8633,35
160607,74
30293,43
18364,26
26557,30
24547,126
24544,13
19428,406
5513,14
30298,43
108449,410
15110,26
162906,2
162907,64
106418,86
28349,118
66366,222
66360,15
1554,2
10386,9
28340,39
2991,45
28342,410
28435,45
14466,37
25896,38
25895,242
31587,46
29901,1
1559,15
30614,4
30612,54
31748,46
29909,42
8341,89
31744,410
174114,410
174115,255
174116,20
30618,3
31567,2
31564,59
163988,46
66148,410
126718,5
31560,6
61885,410
163983,9
126714,49
143240,410
27997,18
163987,38
144567,410
9999,71
12589,54
5606,38
9023,3
29129,18
64254,6
12850,17
12581,3
28347,23
12855,2
5608,10
174118,170
25964,5
11032,54
25961,18
174119,4
15092,39
151161,7
15027,5
161120,2
111960,231
111961,1
111965,117
29634,34
1397,2
135965,63
1393,1
1974,4
3813,28
127282,49
22650,9
3814,56
65069,410
160991,42
160990,44
160995,89
7163,11
8457,43
23252,18
8455,53
7585,56
24409,21
29517,3
109084,7
23700,33
30964,7
15337,26
15331,40
8947,89
165743,21
165742,239
11351,2
60923,38
12459,28
165746,16
31743,71
61321,60
7549,12
30847,12
61325,54
156291,18
23387,12
31368,410
151832,4
160867,11
65872,239
164416,11
135990,56
157074,89
16642,43
16643,410
10086,8
6169,38
30473,9
154595,410
130305,31
8031,105
12620,24
8030,11
64821,43
64820,46
148217,38
166458,89
6768,39
23810,6
4740,88
166450,239
10991,16
24617,22
12236,8
24610,24
118795,89
150562,36
25633,52
111492,239
5862,8
124638,46
25140,319
126716,55
12233,239
25146,4
65448,38
165816,14
21132,239
64130,8
64135,8
65686,49
1239,4
22729,3
2184,42
4605,43
19907,410
25389,9
4601,349
162221,39
138126,239
158354,227
14311,4
9689,95
153728,49
165924,18
29127,239
140194,89
121974,410
12761,6
64621,168
5600,2
64554,256
124254,10
64004,239
64550,3
64552,12
6136,4
15347,12
8599,5
2436,40
2435,5
13709,18
116770,71
16821,410
116772,4
118304,38
63679,38
3761,71
16829,410
63676,210
13200,53
65532,410
12110,9
61811,11
10999,4
141469,44
61815,290
6346,36
6349,1
4510,10
14623,53
141460,239
141462,22
4515,16
11649,21
12621,54
6185,22
119493,71
6180,11
17197,38
162354,41
17195,403
2504,10
64955,45
64486,28
64485,71
141913,11
9351,64
162576,223
9355,5
160260,3
9359,18
5284,26
64356,58
21244,56
22829,39
63938,54
5047,4
212340,239
10374,61
63415,84
2536,8
7238,410
5569,11
63789,239
66368,55
3786,63
3785,5
63781,410
16910,403
163771,59
163772,71
129120,60
6239,35
63898,13
4990,46
63895,60
12206,8
141001,2
12200,5
141007,64
66690,40
63892,20
134044,17
125275,46
65527,53
63525,39
29359,45
63527,9
10519,14
9778,5
3087,39
9774,4
9777,10
29353,7
9771,9
121759,15
9772,20
164510,14
116004,71
1949,223
142106,200
106073,410
176235,13
9284,22
61711,239
7309,89
63099,60
29085,71
11910,60
13241,20
146119,43
11914,19
62784,239
146114,192
65703,8
2859,56
264414,239
264416,18
162826,98
2856,44
14219,410
108695,239
2295,3
3336,8
1496,2
108693,8
3203,4
162385,6
10096,43
29755,22
29756,31
10195,10
1704,54
29751,9
10190,23
13369,31
174744,29
14182,10
62236,164
10198,5
14186,208
15855,60
112101,410
111629,23
29282,410
65417,39
174470,218
147220,410
15859,3
26015,71
30778,6
120193,410
28806,198
30990,288
1121,89
8606,3
66731,35
162919,223
8605,32
14324,71
106404,410
25880,3
14450,10
15106,79
160912,10
30281,239
14459,60
30283,54
29131,10
66313,410
28408,9
24379,98
143526,2
3028,4
2982,8
3024,113
2986,22
157355,54
157354,8
29910,7
31778,410
137230,174
137943,26
157353,192
110566,4
30608,11
144998,17
4001,3
31775,7
175983,2
1234,57
8515,11
8512,89
4199,11
126721,14
4194,9
13864,8
12598,22
4193,35
66425,7
61427,45
119014,410
5671,18
28139,64
12840,22
4351,38
4352,10
28717,18
23253,215
31483,62
145977,44
25976,63
31489,307
31488,71
21828,46
145979,10
156176,15
31170,11
174567,3
106887,410
147305,20
23062,29
111976,410
24283,7
29627,8
29621,20
24287,223
163887,3
144375,20
163888,239
23485,15
130421,12
25312,54
8463,1
143689,21
11340,43
61877,37
161037,239
8465,2
136307,11
136306,26
23714,54
111779,410
110685,18
108306,410
24755,4
12445,2
6433,2
5709,7
12441,25
153793,239
8199,56
110179,70
127637,410
145809,71
61338,3
61339,20
155073,223
28881,60
31392,18
156953,114
155736,410
119154,223
25314,18
13646,8
166689,71
28866,310
4771,6
13988,85
137704,71
22532,22
62640,11
23809,43
166449,71
14368,2
24843,239
174316,72
165649,89
140050,59
166303,71
65838,88
117260,21
24620,16
65831,6
19024,410
65832,239
62288,224
25627,83
154039,60
24191,239
25150,59
24978,5
19932,410
25406,1
16748,410
24975,65
17341,20
12053,51
145024,118
116586,410
141277,79
141276,145
4611,35
141278,71
158587,410
13505,19
161927,410
161924,410
162219,99
12691,66
24234,22
160206,15
2222,239
2220,31
166208,53
109580,6
116906,227
65235,17
165264,59
122380,6
65231,410
10832,200
64630,12
10839,5
25719,410
64637,63
64547,410
10726,26
121562,410
155614,239
7420,1
64549,13
13474,13
65548,410
7828,4
146616,239
25579,39
4503,33
63669,26
65540,5
25570,317
13479,42
25572,5
7824,56
26067,317
117868,410
166061,89
124394,41
25088,3
1056,28
26061,19
117161,227
61732,11
2080,6
16698,410
2086,76
26069,89
2085,8
161813,1
3342,7
2538,11
161810,1
161816,43
161814,15
17180,47
31593,410
17184,410
11657,12
153028,42
17762,410
160211,25
160216,37
174147,5
107446,2
140821,13
105574,239
8987,21
120048,12
17160,410
149070,13
64304,46
5073,7
64306,43
5071,10
5074,8
63405,239
137641,60
63798,6
63799,410
1837,2
63928,3
63790,239
139665,8
113533,239
122921,60
2150,26
2403,237
139662,60
174390,164
4988,26
6242,7
12274,239
12277,1
10740,33
62689,112
161067,26
163781,12
1690,49
164668,89
11832,28
62686,6
20909,89
63244,410
6557,11
24449,39
175510,89
152248,52
152249,98
62330,39
122034,26
62336,128
63538,410
61900,16
161064,48
8873,85
63085,3
63083,101
63080,35
63081,239
3243,317
24113,39
7316,46
29968,11
3246,10
64223,7
11903,9
264388,25
114747,21
136648,10
12909,98
8162,14
163610,11
30161,11
112007,410
30163,5
112005,90
62755,288
9016,11
62204,74
7034,15
10236,10
10235,46
145160,239
20296,78
60916,6
5496,7
14201,410
28524,1
5492,29
27823,148
1712,5
5250,9
156618,410
63338,7
21503,99
26004,51
14192,105
31881,35
63337,7
157218,39
12141,60
156615,32
156614,9
13940,21
6311,89
63769,6
63172,2
24844,34
119316,3
119314,7
115245,53
6315,215
2259,48
137310,71
28414,2
28410,11
10618,4
144135,60
7781,1
122211,6
66300,10
66301,8
11508,2
31763,29
7146,13
154605,239
24363,28
65404,239
29382,44
21496,16
175886,5
164652,47
29386,71
29435,12
29389,43
1004,12
129632,20
143640,12
114880,410
30016,5
28388,1
31549,53
30012,239
28380,71
110760,34
4186,7
30384,43
8293,4
160448,19
5667,88
109318,295
147708,3
175979,410
175978,170
4341,2
4340,10
28699,21
28704,18
113270,32
2884,38
127436,47
14535,26
2888,12
133871,239
11010,41
25980,16
11012,9
174551,223
8611,10
66239,12
24293,1
138641,239
24291,38
62285,59
22632,118
122315,239
61019,410
163892,19
66050,11
145701,35
5783,22
66059,3
26523,15
26520,35
8479,10
8475,44
161000,223
25340,23
7566,39
12472,7
12471,3
63122,39
150838,6
30945,26
61498,59
61496,48
150837,83
12478,26
119173,9
61490,5
126734,41
28678,71
127439,54
7762,1
61655,239
28675,3
145817,3
61656,40
66438,7
61302,262
31381,44
3905,7
145636,223
24980,50
25062,54
165785,32
127179,5
66723,59
28877,4
13657,54
4768,7
11482,410
165651,43
165650,239
165652,57
4162,133
6588,54
163948,7
163946,47
121257,60
163941,24
140042,218
65045,53
9715,45
65042,113
64132,133
9954,2
122741,11
65827,89
16752,410
146137,27
64794,410
116895,3
25168,116
25167,46
25166,68
120513,4
65317,8
7245,12
25921,12
174136,239
12046,89
12047,6
32280,6
16597,71
17168,410
166789,14
141241,9
161952,141
161953,6
7183,15
116894,410
7241,19
162560,203
2230,28
11796,1
2237,16
119813,410
65220,89
10827,2
174130,38
65226,27
158737,1
65228,410
28629,35
175111,60
65958,410
7817,2
133769,60
4093,53
14616,22
23753,7
3497,87
148531,26
20847,22
30007,239
3570,39
25509,89
1633,2
146607,223
13406,6
65552,56
65553,239
65550,40
63650,239
63657,26
65554,15
26071,410
148281,89
2521,10
16689,410
162127,38
16684,396
61870,52
30651,3
8388,34
16681,395
64979,410
162378,26
11465,25
24965,28
4494,10
64154,28
64156,2
166304,43
13510,43
175835,59
141397,5
2663,9
134932,71
27920,239
160203,6
160202,3
27925,49
160204,239
162559,34
10353,1
162557,410
4881,11
135425,410
9372,63
4885,183
62921,239
66029,89
17151,410
17150,410
17157,410
7964,46
158742,13
158740,71
64375,239
158746,239
9171,43
158744,410
25186,46
61901,239
116393,2
61903,60
154756,16
146734,17
13311,8
1820,1
16974,382
3054,46
65948,1
17080,52
10345,10
105369,410
12262,4
105365,9
12266,22
10757,56
10530,22
5395,26
5218,6
122841,60
14830,84
6308,3
11805,26
157117,44
63501,30
3275,35
160338,39
1926,4
4225,3
160336,19
160331,14
3278,5
157118,55
7368,10
7369,91
64745,3
164533,12
116029,88
8881,3
7366,17
137874,11
154757,223
134447,59
11935,25
11934,9
13227,6
11930,2
112876,89
112874,60
161798,223
147391,27
22053,67
4801,33
30175,53
133468,239
12916,12
12915,120
7022,18
62745,11
30170,64
64626,18
3310,59
10221,36
62748,21
9397,18
29733,22
166213,16
9393,12
29734,22
157758,239
142382,89
28620,310
1722,10
65607,8
21519,29
4383,56
12403,46
112473,3
149620,43
5860,4
62698,39
175163,235
138321,39
163977,29
147175,18
26900,1
141982,89
115121,227
30710,68
62217,9
63959,4
30714,24
160811,13
7799,7
28460,31
3007,39
28462,1
18358,254
27765,239
14304,139
121273,60
14309,20
9835,48
11896,410
9459,181
7694,239
174162,14
124319,64
174169,72
31718,410
156578,4
7154,32
7152,11
4409,239
29939,164
144437,62
153813,60
118445,49
142251,20
29930,3
25296,49
111000,28
29934,15
29392,10
113299,410
30006,29
66686,59
1210,19
25929,9
7692,2
66681,124
143892,239
12868,29
145552,45
143421,101
10840,2
30008,1
66688,223
62865,6
28744,12
6522,89
7481,8
11514,30
132518,49
10200,38
8264,43
24032,40
8266,17
150937,59
30398,60
30399,20
133869,60
133868,239
174389,12
1728,28
121717,5
11060,39
145956,18
11065,7
133866,45
23002,89
1104,3
29649,39
23006,112
28742,10
156156,9
156157,6
16824,387
17890,5
28967,307
29647,11
111179,410
1109,3
28285,1
66061,4
114524,16
129823,26
4087,9
3863,1
144396,17
13041,410
160541,223
66597,410
161013,43
8402,1
160549,4
23226,6
3735,1
23224,3
161014,223
61489,38
118267,21
160781,223
19137,410
5723,12
160838,56
6416,4
30950,26
6410,8
9812,7
61487,410
28608,38
165698,25
7772,71
66446,3
61646,56
66448,4
144559,30
61645,88
144809,84
61640,15
3916,164
65148,22
140043,410
60990,410
29955,239
60992,38
25554,5
65142,42
117768,71
176268,43
62465,30
166460,12
4790,12
162457,223
155234,275
8087,3
4156,5
65812,215
3607,10
11259,44
163933,7
163930,21
140073,2
11094,5
163935,75
61004,14
24648,239
160492,15
110533,8
160498,60
9921,5
9922,5
165465,223
61008,10
25099,3
19262,389
141467,8
64784,410
22772,9
16769,410
65491,60
25173,410
65365,43
164364,410
22177,9
145049,44
25376,410
12075,17
145041,43
145046,54
6081,8
140672,239
25181,6
161942,410
140676,50
6649,8
31843,35
140679,57
31846,39
5902,239
5903,54
65967,53
25777,8
25774,29
150481,22
25180,2
60902,20
110164,410
64568,27
6310,78
106261,161
63643,46
24825,43
3480,6
65569,46
11099,11
65765,4
162355,60
4560,46
6639,10
109826,42
155758,16
3647,5
148475,9
148476,38
29942,12
148470,39
26050,15
25514,215
11670,3
117141,410
117142,176
64480,49
2555,7
2556,22
174490,37
2558,164
140445,239
126601,7
6900,9
62709,47
11644,71
64142,222
165845,38
165846,83
17367,410
26246,39
2390,4
165843,239
138921,60
12785,4
141384,9
121833,58
27932,146
62919,382
27936,46
27937,46
62913,219
2771,9
62911,239
160237,239
160231,71
17780,410
160233,40
2802,7
24021,37
25201,19
17145,371
64360,54
7970,17
64365,13
16785,410
12256,66
116387,24
176237,239
16781,410
12252,239
4418,239
64323,157
66286,410
4415,2
118223,19
5690,3
6268,7
118227,7
119594,11
6066,40
125601,17
2176,7
125604,5
17095,410
24708,37
122902,60
7277,89
5432,9
2606,10
24463,10
2602,2
174160,239
14822,154
14820,223
113269,58
14827,105
14824,89
62826,239
149738,15
162356,34
175575,23
62592,239
62590,46
10035,410
5125,6
10789,6
160343,8
63511,410
62599,63
3369,39
3465,3
120835,16
148650,16
154760,410
148652,16
8898,241
8892,20
125595,60
11929,233
12321,8
24352,60
4331,56
11923,85
11925,21
113609,21
141720,89
132988,410
14954,3
24350,10
158055,14
14225,7
66519,71
30490,38
64314,239
30495,18
30146,15
24356,33
62553,8
63847,6
14253,410
28016,53
29099,43
5046,16
29097,105
7017,83
1585,4
64319,9
27845,161
137803,145
29921,5
29709,37
164255,38
18699,59
9216,7
29705,6
19361,151
20036,7
29250,16
5237,9
164494,8
13124,43
13125,59
146564,7
137024,89
22794,31
28884,47
11818,183
16668,410
13128,17
15153,400
29894,7
118321,59
29837,239
148870,72
109425,54
137373,11
175399,5
164075,58
18329,410
3071,410
24346,4
28471,286
28477,29
1593,9
2950,38
1598,19
2953,2
31702,410
31703,410
65689,410
160163,1
174158,239
174159,227
10002,16
175607,410
62170,239
126020,6
66325,6
143668,64
1034,121
24198,71
62107,13
143664,5
137573,41
30032,35
4367,20
24029,37
1209,10
66697,239
66698,239
7315,34
8073,1
31521,33
23107,410
20237,16
144010,5
164109,89
18037,193
142748,3
61483,54
123094,53
5643,18
175953,29
8272,56
132502,60
28278,410
143073,165
162892,239
3105,26
3107,6
106524,203
162897,36
11074,21
14555,72
1111,12
29074,59
175007,20
175006,89
20338,8
28078,59
1440,56
114956,410
174022,13
31143,60
174024,67
1449,53
10777,10
28296,89
4091,12
4090,46
13786,239
31453,59
4094,8
22612,46
6333,8
62957,12
6669,16
66588,108
10974,2
66586,49
30009,35
11313,30
2008,5
11310,1
160797,71
23793,43
107325,410
6461,47
160798,12
19124,344
61679,410
7741,51
27783,47
66455,35
61673,143
143285,13
28616,40
61676,60
127377,15
64404,54
22507,74
31456,35
6527,3
65156,4
60983,410
60984,410
161966,195
6529,71
8304,11
140063,80
166414,239
6528,5
14170,4
25805,23
28853,59
61581,4
166142,14
61585,292
5824,8
61587,53
5826,8
4145,34
118733,239
163923,19
163922,239
163924,94
165675,19
163926,410
65022,410
65021,38
65026,2
21423,410
61077,2
163921,89
160957,117
9937,24
160950,4
16778,410
22761,8
1487,91
126010,2
25979,5
165699,89
16775,255
16777,410
158314,203
128978,12
163920,410
62263,239
25691,56
110250,410
25341,27
130764,10
130762,71
6097,17
10453,71
1567,10
12669,19
121934,89
161977,23
6653,35
65242,60
107817,410
5918,37
25749,11
25747,21
127797,223
61296,23
165215,239
65971,410
120359,49
65973,31
161996,223
161997,5
161994,12
63635,18
161993,89
65576,16
63639,215
24837,21
64515,239
25528,319
266214,50
148469,112
266216,219
65772,4
65771,4
21066,108
19873,410
61694,11
13421,61
21061,223
12804,6
11669,31
2547,85
25536,2
64994,3
11687,410
153895,410
114608,35
65484,46
11440,57
165501,197
11446,7
65482,39
165854,167
3556,5
31629,2
64175,6
12796,141
65587,10
156155,22
10332,27
3581,2
160228,43
3584,34
8666,47
124320,19
124321,32
27906,7
175913,85
176275,211
121381,410
140938,410
160225,9
2285,14
64194,410
260774,12
16955,221
16956,410
16401,71
17131,99
14985,210
16453,4
17132,372
7904,43
7906,23
17136,410
125580,410
61921,12
16790,348
16791,410
176144,44
128759,14
163927,68
61592,71
148313,22
166747,213
65469,3
174541,6
62110,44
148391,46
162404,54
9555,9
122916,15
162403,239
6078,8
2615,22
176238,52
8493,16
160312,112
137370,410
7346,41
150761,101
7343,71
19965,8
1906,16
10795,20
63291,5
64228,410
1902,210
16714,167
10793,7
21686,2
120824,8
143912,2
143910,410
146156,26
163685,21
163680,223
163681,223
112254,410
147101,4
12338,53
16710,66
161797,10
163049,223
138124,3
16243,382
146738,9
27875,39
14960,54
30098,11
163668,7
163669,20
174700,25
62768,5
7260,26
121662,19
14145,18
29082,31
10247,10
10244,15
30558,1
30559,19
5229,12
63166,410
63161,12
144097,89
29710,53
13166,356
132644,60
143870,164
29241,60
11861,6
14815,72
155282,410
113498,32
138341,239
13639,18
175490,1
176369,2
163595,25
113490,9
138346,71
15142,223
162958,239
135484,37
29886,40
29887,12
109925,213
109926,39
162957,10
162956,239
112721,36
112720,8
14369,26
3062,3
7171,13
133724,239
14490,9
2942,7
138901,54
2940,54
5357,18
62168,120
62169,1
31739,294
31738,33
31737,46
174637,5
160173,219
7278,20
128663,58
112033,235
2951,6
112030,26
133288,71
30152,11
112034,10
164665,89
164664,73
164663,43
164661,16
164660,15
1279,56
118502,8
147750,12
30029,58
115566,410
62730,60
12886,26
1274,96
162175,12
28940,8
62243,410
14563,2
14561,17
133844,59
8240,116
133246,239
24483,46
8247,12
8245,410
62016,44
29661,60
64163,18
111064,53
29668,1
3116,237
162887,164
119295,410
29066,44
160933,70
29063,9
157955,242
29061,310
157959,239
31607,68
165411,410
23752,323
31462,305
31460,43
1300,11
8423,9
121553,3
22373,3
66000,43
28917,3
28970,410
1308,28
66004,39
144139,7
23697,44
5742,68
136186,239
122917,22
160684,18
11300,26
11301,26
11302,10
11304,53
7124,14
4222,18
9125,33
61664,7
30939,1
61662,19
5581,27
30932,310
15363,410
9831,45
12407,41
24795,7
5589,10
110732,36
174454,73
163594,81
129850,60
7759,1
25823,197
63058,410
108752,410
7750,46
109699,410
126417,66
141845,71
61444,410
63194,25
3937,1
61441,26
66484,410
163916,33
166402,9
3265,38
8334,12
6717,45
13680,10
163919,239
148009,223
9904,89
61591,60
61596,5
127094,19
7853,22
19069,239
19817,399
7850,239
24669,45
13962,19
61060,34
61061,54
5697,1
28135,410
29900,42
138613,60
165442,1
61069,60
24468,239
65011,139
25355,63
25356,54
25357,46
60887,1
153668,26
64768,19
64766,71
64767,44
138610,11
25359,21
64760,4
119756,72
110065,91
29086,239
174743,195
117018,227
120134,60
25680,31
160207,6
7911,6
4045,85
23978,11
165991,26
4040,3
230796,35
161961,17
6661,12
4049,9
161965,17
5968,9
65908,38
22086,410
158414,223
65905,40
65904,71
10877,89
1602,239
16890,410
63621,46
63996,239
3662,15
24803,71
16898,410
2282,39
24800,63
161989,410
17233,410
25676,16
124198,51
2052,65
64692,275
13431,89
64690,1
3918,15
124196,60
121817,26
121816,410
121815,5
162329,49
11499,6
2577,19
2574,22
2573,55
10905,35
65345,62
10906,16
65343,18
141497,112
10903,43
10902,3
64160,3
11455,17
11456,8
24934,10
11450,15
166624,66
64166,68
21237,66
2595,46
2596,16
140904,10
64433,10
2593,8
13794,222
113140,22
10305,8
27913,42
27914,53
63195,10
63196,20
21238,64
11315,5
13326,5
4430,56
163720,170
13323,10
6347,6
7912,89
17120,410
63755,20
13328,1
13329,59
1878,47
64189,277
163121,239
29722,63
4941,12
118081,113
138205,66
62501,47
138201,60
2393,8
136646,6
12139,14
158734,239
2111,61
2113,36
152931,410
2620,410
4322,2
122078,8
14027,17
160364,31
62378,22
2628,7
117019,227
1919,45
7350,24
124050,10
163939,45
31270,410
122678,5
63572,25
122674,13
62571,60
10016,7
121077,63
174471,41
26037,32
120815,410
120816,38
1913,10
2025,26
162055,46
62977,239
62976,410
62979,410
163051,46
165666,59
10277,64
108645,89
154739,88
13480,13
163673,410
163672,138
14790,16
133430,31
14793,69
14794,10
24096,19
164585,9
121673,9
21136,7
63374,18
125315,7
5210,22
63698,6
20019,410
29246,310
62712,50
63593,1
63281,60
175157,53
163586,13
29278,140
175153,239
142644,288
27938,46
264265,239
14592,34
149618,223
64891,46
174148,215
63178,288
29274,37
11872,36
112623,29
8925,35
19431,5
112626,410
11877,10
112624,59
133726,51
175483,239
142088,410
164471,31
18307,301
133547,32
14487,55
164293,151
164290,39
30584,4
29875,43
142460,28
65036,71
30231,20
14489,15
30233,53
24099,7
165466,89
29133,2
7106,28
7107,4
6865,16
14370,11
122778,46
165464,7
24378,17
122094,28
62396,38
62391,46
31674,11
1045,20
143605,54
31720,58
28119,26
175739,5
62399,59
165463,14
30121,1
143356,242
1686,7
12458,2
160488,133
140071,6
164611,14
13484,239
142260,64
30059,46
10439,9
132525,63
149721,13
8253,8
166622,211
61589,107
111631,3
30055,410
1266,8
140443,239
7228,105
143357,11
8789,167
11056,53
24491,28
62046,3
8787,9
109599,410
31614,54
136884,239
24216,27
3129,2
8867,41
66275,6
66278,46
174049,1
3126,7
114979,227
137351,410
1468,4
29055,223
115404,32
144727,39
164058,39
1823,7
6509,45
115077,23
8431,96
126318,8
8864,45
31479,2
23768,3
23767,71
16763,410
31477,60
66016,9
6338,56
28900,31
1318,37
164708,53
5750,16
12433,33
24781,239
24782,58
147638,37
165053,23
165052,36
160571,46
160570,10
23561,89
114370,71
4230,112
61610,12
160809,239
133949,58
5594,24
5597,9
13765,8
162988,46
105936,34
127484,19
133944,56
133945,31
31500,2
6742,99
110728,18
1013,46
64699,269
151016,45
61439,24
3949,9
61129,116
14386,18
119474,12
7977,56
61122,3
61121,4
135844,12
4807,13
66708,71
66496,6
145042,5
28397,39
62382,239
166433,24
12503,1
4128,8
162401,10
6216,6
24678,165
62055,51
31554,12
4127,16
155795,239
155794,239
65009,18
24474,9
6214,4
7430,2
24473,235
61725,51
27780,43
61055,410
119574,62
150306,410
65006,89
27786,89
144235,4
31849,43
25322,1
6386,1
10499,71
60894,13
2751,14
60893,3
2697,60
23945,239
23943,71
176256,252
137232,34
23940,22
22144,3
12679,14
22140,12
6678,2
135004,5
175966,239
4052,89
163879,36
163878,7
163877,3
148109,223
15364,118
11513,410
4058,11
150277,89
145186,16
65176,410
5978,2
110382,43
128098,45
5973,56
8699,3
29729,239
65911,16
12677,71
150279,410
150278,46
17110,9
3612,2
17208,410
150699,89
14650,59
17202,3
2290,8
19508,410
65399,10
141198,11
25789,2
141197,239
148249,39
10813,7
162338,22
29736,46
111491,2
141359,4
13432,89
162336,37
162335,4
10916,410
133432,59
19433,85
135044,68
24922,1
8692,8
24925,6
10816,4
7291,20
17115,96
7922,29
7923,10
2581,33
7921,5
163679,71
11694,45
64408,45
28749,18
2589,32
112533,410
1860,38
13353,56
28785,5
1864,46
63763,46
10278,89
4423,4
63766,13
28712,62
13597,121
166623,32
4685,410
163118,11
4936,3
62897,2
138747,239
163117,410
138741,87
138743,56
163113,11
64536,9
64535,89
24810,89
6502,28
2101,3
19318,410
61635,53
6053,9
13013,66
10005,6
160373,11
6500,9
63543,410
160374,239
63541,152
160376,43
63288,70
160378,223
122061,55
175263,3
62811,41
17061,112
5256,5
9599,71
20791,63
28256,50
157153,16
63640,66
17069,410
3439,56
112095,71
3093,10
126555,38
158473,60
7809,6
2033,10
14150,19
4595,8
4844,89
4598,8
10484,20
4842,34
4843,239
14908,36
108631,13
163644,10
160657,223
12689,16
112295,410
164592,14
133424,239
5254,7
29264,46
29265,23
174729,10
20570,3
25870,9
14163,10
63384,44
62700,8
29268,44
63383,5
13062,51
121440,239
1478,209
111974,26
164571,54
111721,410
28490,410
27825,39
164266,239
62494,3
164264,26
138122,239
134026,26
165656,54
27928,29
18533,410
133731,239
11842,410
133732,59
11191,41
21542,8
108188,4
2960,54
29868,28
14340,4
30594,15
29864,9
1783,4
30222,410
2968,410
30220,7
137611,19
3048,66
62634,46
24466,410
7117,4
7116,3
24318,118
3041,4
24316,9
1611,2
6873,8
17641,372
108740,10
137292,64
29461,1
29466,410
61028,9
1078,73
1076,5
3643,20
1072,6
62388,9
164609,67
149578,54
1678,83
30137,239
13003,6
23898,56
29846,31
30138,46
1677,4
164605,239
3807,72
164607,41
164606,1
1094,4
175004,12
66649,5
3806,7
30822,44
8229,7
31267,410
264709,7
264708,34
118525,410
148932,123
29151,18
65590,8
1050,5
119417,8
109584,410
29992,239
138601,11
29996,310
29997,29
14583,114
117145,26
174050,164
174053,223
28022,410
23220,16
160600,13
20202,13
1246,5
156933,5
8348,27
2490,11
165993,162
29040,34
142459,48
122263,23
164296,14
28938,51
116531,410
1327,68
18654,1
28930,18
23776,151
9850,45
12421,32
137434,40
15343,10
137432,5
8687,115
2999,6
12428,56
23577,36
5764,8
4201,34
5763,43
147644,230
6908,10
165844,32
61600,32
5568,10
175130,223
12788,10
160742,4
5567,14
5560,8
1257,34
1254,10
61418,2
28338,27
30234,89
7733,32
5109,42
25807,2
63520,6
31062,410
145512,239
1259,239
6437,4
174871,59
142462,36
126434,49
174876,18
63026,63
61420,1
122257,239
22221,54
6435,5
4864,12
61425,5
8358,11
11213,8
4115,4
6730,167
112754,239
162264,7
8350,12
125014,44
140030,35
163678,13
140033,56
163891,39
62139,410
164116,2
24689,237
12519,1
19049,410
122255,44
17239,70
24440,105
24447,410
7422,89
126322,60
61739,99
162833,239
61737,71
27790,26
28152,410
28155,410
27794,67
61047,1
61557,17
25331,17
61552,33
122520,7
25334,39
116526,71
65615,8
160597,53
25338,46
25339,37
63422,20
145080,35
138607,63
12635,7
122394,55
63424,1
31887,67
114748,11
117034,227
117035,227
117036,17
4062,11
65290,43
4060,10
6867,84
4066,5
13776,43
65921,9
11509,15
11506,88
122519,17
6733,46
3358,38
26013,88
5786,410
150201,86
65105,43
65106,410
65108,12
165734,35
165732,410
120301,26
120302,54
165731,26
19537,410
63600,61
162489,410
19538,410
15383,19
63606,60
63971,5
8068,18
115876,410
160232,71
12189,1
138483,31
16637,410
16188,28
9465,18
157755,16
12181,239
12180,239
28668,9
122159,59
6115,22
6116,7
163628,184
6110,162
106853,246
3897,53
124046,182
10920,7
166197,221
64741,89
2352,12
166199,10
106589,239
109621,410
141983,11
3855,50
7281,7
164758,15
64418,15
17105,410
17106,410
7936,239
10894,31
124315,227
64410,46
134384,66
13342,118
1539,35
16989,410
4450,6
254096,215
65430,46
7974,56
118264,35
21144,34
16981,410
3734,10
16986,115
16985,410
16456,54
13580,24
4690,410
130049,59
4926,5
6737,12
148349,12
4699,410
163102,108
130040,59
130041,11
2138,7
154434,71
1682,69
154433,127
11721,4
6020,60
154439,6
6025,7
11729,98
121053,35
63551,410
155754,43
5165,6
63800,11
16784,410
62823,4
160837,18
160340,239
160341,89
14007,46
164612,133
21499,33
20783,11
1441,3
17074,238
141037,99
63803,6
138489,410
17070,410
9217,10
17072,98
17073,83
3429,9
20488,10
61494,10
12250,239
176022,239
120877,3
151257,39
3424,39
6334,45
6335,22
144436,50
113139,12
6331,4
9698,12
2005,410
162078,410
62955,43
62954,106
13341,91
113646,87
113491,47
14918,239
62733,10
62732,28
14172,410
162701,4
27886,404
10297,2
264391,16
27882,10
123434,2
29211,410
10451,82
10109,29
163022,8
29217,8
24040,239
3026,4
152170,1
21186,230
264713,11
26016,95
3555,410
166569,239
63154,44
160293,176
12485,28
125600,36
20134,88
13169,13
7951,23
13163,2
4065,406
8901,27
1706,9
11856,368
8902,7
62078,1
11183,239
30219,5
17245,363
2916,7
157217,11
14359,89
137602,45
62602,43
6848,4
64831,89
4579,5
17919,410
6304,62
113917,16
24302,239
24304,32
6845,7
164633,410
30697,5
5301,18
111940,410
29453,89
30692,23
21440,22
28758,59
176247,6
12096,1
1669,7
13011,63
63531,37
157634,68
157635,71
1663,6
28249,71
1661,28
127958,2
157856,117
30674,239
157855,60
30671,10
30857,310
4321,11
156857,239
156584,410
66386,5
14828,197
157858,71
157859,131
66648,410
12091,71
3144,8
2829,17
14597,235
2820,5
62123,290
14590,6
31673,54
28034,99
61140,239
7632,14
17861,351
7636,10
7637,207
29984,16
112774,35
1408,3
9699,8
157452,103
29032,239
142339,89
152149,53
31418,212
31214,5
25020,46
4213,3
16582,47
162733,60
6932,56
147658,14
9841,21
6936,24
9846,56
160598,3
8694,56
9849,10
8123,8
2497,3
147657,18
30255,239
25021,3
25623,90
151078,410
15101,223
5572,1
25108,46
115766,105
66654,292
1240,22
1243,8
126554,42
1533,2
111873,46
29143,18
114829,223
10787,5
174401,255
28322,112
28323,43
25877,117
5129,86
136265,410
3121,2
66728,39
9319,11
17795,162
61380,95
28819,25
22542,3
22543,39
126423,56
65556,235
61388,96
9317,23
157020,10
31095,18
31093,7
63645,239
11228,23
140023,239
4108,2
17694,410
140027,32
10420,60
25157,13
12568,3
160913,24
155174,39
24699,239
10426,8
15242,8
19054,39
1523,3
15247,51
19057,372
28924,44
174317,59
66032,71
25906,235
22306,410
64218,410
174310,7
61703,164
22308,15
61706,53
28145,60
61562,58
109919,4
16531,21
61567,6
117020,410
25655,26
126136,37
8717,12
25302,18
166562,56
166563,35
166560,38
145729,89
6617,10
1635,29
166564,89
12625,22
22122,410
31895,410
62626,85
112362,410
65930,180
121656,60
10030,3
148169,239
65286,62
65287,1
5959,5
156125,71
3833,2
11537,7
61899,239
4072,46
154758,51
154759,410
3964,39
61414,239
3962,4
5792,5
5791,19
7092,49
130200,34
145658,85
60942,7
154755,33
165723,410
266315,43
8079,21
266316,239
165943,200
109186,49
151222,60
5087,5
175127,223
66151,255
25013,182
148223,9
10498,13
148224,46
117115,11
266319,239
65732,11
162076,5
65737,239
266257,138
30354,38
2345,37
2346,6
11051,39
144519,2
6109,71
2342,11
12756,8
166365,54
166366,23
6104,7
119414,224
20109,410
140902,13
10938,9
124355,60
63290,46
8807,53
25495,56
22059,22
66646,44
140979,60
63700,239
16996,118
63702,410
16991,410
63707,2
63708,6
2154,9
31099,17
64397,10
140977,33
260779,19
63814,410
3708,21
118042,410
65421,19
166368,1
7959,8
163993,9
4462,2
3707,8
4460,6
17101,239
25241,4
13579,223
22817,3
4918,22
162449,10
162448,64
4666,10
13570,1
13963,3
4911,39
162283,69
140759,65
6039,3
12434,11
13139,19
17266,114
17269,410
24878,239
13235,118
64082,410
166704,165
6034,2
11343,42
10063,410
163884,43
21487,9
147639,20
9203,9
15803,239
5179,3
24783,6
21488,22
62549,29
3416,18
12824,11
123474,3
64061,16
63018,5
64063,88
63059,7
121713,410
1117,13
135805,71
165051,6
21374,410
10000,7
120822,21
146354,410
25047,239
66610,29
12377,8
176035,16
149177,26
115555,410
15293,32
62948,28
63490,54
8333,121
2019,152
15290,11
65609,18
12171,12
62302,2
4860,9
121199,410
147262,9
141400,56
25711,18
133825,60
9063,6
163629,40
18484,4
7938,25
113367,410
10286,46
14108,64
264385,116
15197,410
264387,126
264386,23
17715,400
64739,10
3365,7
9664,37
29206,22
125360,56
10115,39
62967,49
124038,60
145854,115
3562,43
21777,47
164444,101
7250,92
7447,43
7253,410
63120,235
63123,22
160282,4
30236,239
150139,39
4485,11
1439,8
112618,410
10597,10
149082,34
5379,19
10598,7
30261,28
124374,26
102617,19
112759,2
112968,7
138943,68
10550,148
64011,410
7798,7
15199,410
5336,239
121200,4
17908,410
7138,14
25274,21
62618,1
20423,21
108664,410
163889,183
175741,83
122515,410
7132,39
62613,12
29448,223
110721,12
142230,83
3036,47
164624,13
5313,1
29332,38
30685,410
29446,349
176255,39
30540,50
1659,10
13025,1
14296,5
63607,89
157195,7
1651,31
140905,89
30117,30
30666,1
15521,17
133885,239
30662,11
8759,33
107481,20
156860,239
31242,410
147792,223
25000,43
164155,128
28919,89
176118,17
133888,60
3153,9
12992,4
175271,89
12994,47
7620,54
1634,12
28795,239
3158,33
25950,29
28791,85
14285,239
65426,410
174079,36
5404,19
3394,7
64663,12
3399,8
64162,32
1981,11
122355,12
62057,16
5408,24
29028,31
136725,87
126775,58
129469,60
129466,239
19807,2
30209,10
162662,410
66281,227
24008,239
147660,16
147661,46
66285,410
23553,410
5234,8
66288,410
66530,59
175376,20
64639,11
24278,410
160989,27
18110,410
4467,4
15414,108
8113,64
15416,1
15417,46
13375,38
23084,40
6922,52
7711,390
1884,21
63667,36
8823,23
5543,169
141847,54
14581,36
63663,21
29156,6
111864,19
25033,126
11124,65
14808,2
29150,46
30067,43
4273,3
175674,251
25860,410
266163,88
28317,18
28316,68
3082,410
61390,410
147579,32
28118,42
66599,35
31336,410
61396,71
140757,89
158053,252
61399,239
65050,410
22207,7
22205,35
29870,10
7506,71
8577,43
3946,1
5899,2
13800,48
160706,43
2124,36
28885,1
28176,4
12578,8
139201,128
61712,38
65980,255
15253,12
11538,39
61718,12
61719,6
11819,35
28775,6
24428,33
156714,43
25915,15
174301,410
174300,14
134308,72
7401,5
117901,410
25918,2
117903,34
25318,54
125054,223
28320,28
13554,27
150258,49
164615,68
61574,15
25080,30
61576,20
65630,14
61570,60
61572,66
2484,46
160725,223
166570,239
145228,239
12945,12
166576,10
2811,10
12615,16
10391,22
119714,12
65014,24
13710,21
25279,92
13712,4
13714,26
3971,19
24204,4
60979,7
61151,10
61404,6
19427,45
61407,3
155616,14
61409,21
31276,410
155615,4
9898,7
9899,45
150222,38
159125,15
156293,239
30647,410
61880,8
65702,15
64088,60
120458,11
30312,9
3622,17
124678,59
162459,89
19557,41
157862,6
64942,15
154708,239
141363,69
148219,239
158235,237
66185,410
151932,53
144398,54
24344,239
149318,18
13623,39
2337,5
137662,13
6130,66
156153,71
140760,9
14083,46
2537,56
25874,89
9919,4
64896,5
140569,58
25480,6
25481,410
13407,3
140565,410
111723,19
16477,10
161877,6
174313,410
9472,10
150221,239
63718,7
14252,41
154255,178
2710,4
31300,26
16478,89
65413,60
61971,1
141496,239
25462,15
166583,5
61976,239
62723,27
13365,236
4477,57
105670,246
118528,53
142945,88
6003,71
4678,410
4900,43
4903,9
4674,410
13562,43
6008,71
13561,255
63952,38
120297,52
15798,70
162272,89
24842,16
24841,84
264395,29
162497,239
9273,9
65610,410
64275,9
24197,45
5149,26
10056,10
1920,1
22248,59
5142,4
124775,11
126496,23
156617,239
149089,26
3407,28
64165,12
63000,6
31707,255
61726,49
12389,5
10581,11
7435,4
5018,7
16878,410
12381,239
10349,1
5680,6
166005,210
12142,60
13498,13
12140,43
10615,89
10614,41
6314,4
152809,3
16813,2
148770,89
64389,9
16441,10
3413,53
30843,15
7161,1
3410,43
61544,7
133366,83
133367,2
163633,223
125358,60
113371,6
147817,12
175689,4
175688,99
143283,2
28770,3
166435,239
10121,78
9302,16
10124,1
21743,63
164433,10
63138,17
10692,3
133766,12
157058,8
29823,9
158736,89
157057,37
133768,112
175110,10
158733,45
121437,57
63135,288
4497,12
4496,88
9783,410
162122,89
64302,3
13380,46
13381,46
146037,89
20983,239
162129,19
6821,8
120794,56
2938,46
119893,38
65717,41
6829,23
13332,18
133506,223
133504,45
108778,8
122915,69
5327,24
16845,410
174648,239
10540,8
175307,43
14606,10
122212,23
15350,58
25731,4
10549,7
14603,239
62667,46
16843,410
20204,19
63224,410
20185,2
1641,38
62666,44
65718,6
8655,89
29300,410
115757,1
29304,18
14282,47
14934,86
8810,56
14938,67
18276,152
137131,45
7982,410
30477,8
164543,89
13032,21
8818,56
8219,36
29492,95
11096,8
164365,223
63385,100
164363,8
18051,410
115554,60
15087,8
8210,22
8213,11
29946,410
8215,9
29940,310
164368,410
164369,59
8357,26
62065,7
62064,37
122360,6
12726,124
7658,5
2803,47
31147,71
24219,54
132361,42
2807,31
135986,239
28787,18
28018,35
31659,410
160658,8
62266,17
62261,20
107643,410
29011,18
6326,3
5116,6
124442,19
5439,14
28543,54
3362,10
29830,7
175842,14
10658,3
175660,239
30277,34
149437,9
63495,15
136864,410
31689,239
8105,1
9815,9
61253,49
8101,3
4275,1
4274,71
66526,46
23528,8
4279,18
66290,3
1356,4
126297,48
2163,39
111579,60
143527,39
133985,55
5559,5
9867,58
114628,34
11147,4
12895,11
163587,21
11142,15
25852,17
28303,46
65944,239
24503,223
25859,60
146500,54
140024,2
156154,410
66630,44
8214,5
1518,1
29165,9
29164,43
6534,4
8582,2
61163,30
110802,1
8363,39
64363,14
145308,2
144520,11
113361,60
114484,26
11511,42
20904,24
65710,39
12815,9
155280,20
12545,1
153070,43
113362,59
163978,2
15261,362
12540,60
5888,4
175955,53
110387,8
123017,54
123016,59
15060,89
61766,7
28168,62
27747,239
15359,4
24607,21
29052,43
25923,6
25922,4
129851,50
28765,39
28762,30
28947,7
145416,80
24432,2
24430,22
24436,19
22325,71
28769,43
155738,3
18560,12
14412,1
19094,410
25972,3
3969,71
23111,410
163627,13
110039,71
11550,56
23988,54
11555,56
11554,56
119217,63
65676,10
23450,82
12603,223
5878,1
28858,146
25845,3
9667,1
11291,37
165702,4
25396,72
161066,43
109043,27
13700,4
161065,131
16629,166
4016,46
11399,42
10867,47
7504,239
25848,10
151544,410
24725,17
9882,20
24720,8
61167,239
1951,122
65133,410
3980,21
2136,38
165458,95
65247,30
65244,56
65713,410
25075,320
65243,164
61212,2
25079,18
11264,15
120444,5
2299,135
144009,13
20029,6
61763,6
61181,101
162894,60
64344,10
127481,239
61188,96
1447,9
13634,3
30576,60
13630,9
23852,1
1891,3
7486,5
2328,29
157414,239
20779,63
10441,10
117862,10
117861,10
157415,10
65621,64
3619,8
64867,14
10443,10
9916,5
25399,20
21776,239
161843,4
161844,18
8675,8
127455,95
148772,2
25138,3
63725,410
63724,5
63723,397
63084,239
141957,60
166363,69
25320,59
7257,181
61988,7
264668,239
111662,46
24982,200
61984,5
65406,16
17640,410
31634,18
17076,378
7251,71
141459,11
142956,12
142953,10
31144,57
4640,410
13550,2
13557,55
4077,2
61546,54
4645,5
150616,223
63651,26
116791,410
63927,20
17248,410
11770,84
2255,2
24853,210
25978,56
24856,239
17240,410
13782,9
62520,288
25224,6
24186,43
62525,239
121080,22
13092,39
10735,22
10044,9
63857,8
64282,58
143974,10
7875,3
28295,3
66660,16
63030,239
8133,59
9728,9
61153,11
4802,22
2783,56
12304,6
4809,10
11017,6
12395,23
12392,20
12390,59
4124,9
64915,45
9466,11
26012,6
11600,10
20217,89
26011,59
3580,9
6307,29
10609,9
11609,9
119736,8
26019,10
10380,54
13789,7
14129,400
140736,63
62290,4
64341,17
21232,7
9083,61
162732,239
62296,4
63454,71
63456,3
8047,4
121153,60
27981,46
63100,47
62984,11
147868,12
21595,410
63157,22
21593,410
9311,63
27988,239
112366,35
164422,3
30877,22
162234,7
7275,7
25405,6
176325,4
3502,7
7279,13
3504,87
3505,4
8958,2
160447,19
2561,1
141044,51
13828,5
11672,46
157954,239
109683,410
142546,2
264270,239
124934,3
2903,16
6831,33
6830,10
122514,32
6836,11
22861,26
22718,13
1794,10
14380,81
112410,406
14385,26
113419,11
155933,5
5330,50
14639,22
14638,10
10553,60
29312,239
12559,5
125237,32
5338,8
125234,410
23197,50
174656,89
175272,410
1632,71
30467,310
1982,118
30461,410
30463,22
121718,61
144066,18
12544,9
165244,59
1988,6
8001,56
20548,89
63758,44
61095,22
8826,14
163601,46
176279,59
164555,410
164557,11
133170,23
147312,223
18040,410
6547,43
2817,4
18732,410
30649,58
17982,223
18049,410
30646,310
9411,10
30640,410
2818,46
30310,6
112168,31
62070,54
62072,1
14256,68
7647,410
6100,61
160887,7
151606,410
3171,239
3170,4
24225,32
7648,20
12972,33
119275,53
5639,1
122175,9
29001,10
7085,3
122172,26
163863,223
3376,38
114920,47
175092,164
123097,15
29791,71
30260,3
122455,345
175654,1
161903,7
30265,3
165912,28
27828,46
129442,38
29829,53
1743,22
31683,43
6497,2
1161,6
8176,17
64402,20
8446,14
160414,10
160329,32
62200,162
4242,43
126615,59
66515,85
4241,56
5520,9
5523,10
30888,410
5526,59
20297,339
28502,67
8543,9
29511,10
11172,2
24539,32
24538,3
14417,33
28374,60
23812,239
24533,54
28378,11
126296,6
14418,18
24537,2
31037,21
11220,38
31224,7
109831,105
5020,239
126056,16
66354,43
1562,44
66602,4
29173,46
30688,32
11257,46
1360,38
2990,239
61376,10
63417,14
63102,4
8972,17
27199,89
162198,8
8551,46
175523,18
65899,47
12801,15
141196,113
23195,15
8007,410
65893,239
8092,18
156613,42
13824,45
174135,54
165179,28
24405,21
25937,239
6543,6
155856,410
161110,64
121382,10
4390,1
28194,10
63232,288
28191,5
160415,59
160416,118
160417,16
136804,108
13142,29
28209,235
8486,5
2787,12
8488,204
176048,9
151423,120
145935,239
16832,410
