61519,8
19713,8
61513,8
150398,7
150399,9
22461,8
63763,7
177795,8
13733,9
165284,8
111537,7
111534,8
28998,8
166555,8
4029,8
177227,8
177225,8
177224,10
60914,8
19398,7
5980,8
165779,8
161071,8
5987,9
132644,8
177228,8
61179,8
176256,8
19159,7
160891,8
160892,7
160893,10
19156,8
19402,7
28118,7
19152,9
16671,7
65270,8
277918,9
65275,10
16679,8
150179,7
177005,7
25069,8
165914,7
142814,8
22008,8
6152,8
149337,8
61192,8
142811,9
142812,8
6158,8
12708,7
164086,8
13602,8
1651,8
4737,8
6791,7
118126,9
118125,7
4739,7
2312,8
118121,9
64708,9
25665,7
65876,8
177640,8
177315,8
65872,8
165358,8
140541,7
166482,9
166485,8
120051,8
23220,9
63739,7
111169,9
161853,7
25283,6
28940,8
155616,7
22717,7
138743,8
25119,8
61996,8
65474,8
25110,8
8759,8
166733,8
6194,7
140897,7
141236,8
7991,9
111532,7
63930,7
2269,8
63936,8
116787,7
19570,8
7881,8
63938,8
7882,8
162254,9
17030,7
60911,9
20747,8
124599,8
17035,7
2444,9
139804,9
2448,9
63029,8
6768,7
177570,7
7866,8
176066,8
7862,8
61585,8
24888,8
29939,8
61584,8
138608,8
138609,9
2044,8
146659,7
138601,9
16813,9
197855,7
163036,7
148410,8
2049,8
6379,7
26021,8
66602,8
64902,8
124355,8
166028,9
6370,8
28410,8
12123,6
124358,8
6375,8
10631,7
7620,8
176782,8
10411,8
10005,8
162742,9
105512,8
105538,7
10386,9
175465,7
5116,8
10382,10
27997,9
160256,8
9323,11
160254,8
161072,8
62465,8
135965,8
176781,8
16924,8
16926,8
7268,8
163721,8
163720,8
164416,9
125014,8
16929,8
7260,8
27980,8
176663,8
12234,8
63596,8
12236,9
125531,8
12233,8
125533,7
151078,8
139025,8
14624,7
62646,7
14626,8
14622,8
62640,8
264510,8
160488,8
6802,7
66300,8
152049,8
10567,7
10565,8
31227,8
125240,7
110529,8
116224,8
175263,8
3203,9
10096,7
30416,8
157679,7
22810,7
19150,8
66648,8
163610,8
8838,8
138466,8
138467,8
147303,8
147305,9
8832,8
25062,8
30328,8
138861,8
5835,8
123434,8
174077,8
30637,7
29964,7
28564,7
62088,8
24731,7
28563,8
117142,8
12942,8
24232,8
24233,7
24234,8
17069,8
151632,7
5458,7
122143,7
62245,8
3342,7
175084,8
157494,9
123495,8
157493,7
175083,8
20653,7
137641,8
14395,8
137642,8
137861,8
135788,8
30259,7
30257,8
175646,8
30255,8
175644,7
156384,7
29762,9
1177,7
8162,8
1173,9
30740,7
176760,8
13940,8
65376,8
160415,8
178073,7
31692,8
23500,8
160719,8
175886,8
129467,9
178855,8
5539,8
28699,8
178851,7
178850,8
147451,8
151708,8
11178,7
11169,9
145367,8
66185,8
14403,7
29108,7
178453,8
29433,7
31234,8
8762,7
174136,8
7183,9
1577,8
7185,9
174130,8
114880,8
66164,8
66161,8
8387,7
8386,7
61693,8
127644,9
61694,8
12874,9
8549,8
158473,8
8017,7
65881,9
65884,8
23616,9
8543,8
8542,8
6573,7
130764,8
24414,8
24415,9
6574,7
6223,9
4383,8
28184,8
27765,8
130762,8
66504,8
144435,8
7696,7
144437,9
7691,7
126601,9
143421,8
28216,7
2033,8
23291,8
25946,7
3835,9
65084,9
63866,8
3833,8
65088,7
178722,8
10884,9
155394,9
155393,7
4036,8
161048,8
60900,8
177256,8
177257,9
177255,8
161040,8
11376,9
11371,8
160449,8
11372,8
24708,8
141178,7
7525,6
6532,8
160888,8
19361,8
25056,8
16668,7
25726,9
112366,7
12711,8
141339,8
145109,7
109584,8
12719,9
14150,7
6781,8
23877,8
13619,7
64383,9
160447,8
164432,8
65643,9
65640,7
120048,7
61523,8
5841,8
177677,8
118577,8
5849,8
155701,7
120557,7
16488,9
165832,8
21118,8
124615,8
16480,8
177109,9
4622,9
65469,9
150761,8
25430,9
25433,8
25434,7
16710,8
16243,8
22496,8
29264,7
2271,9
2270,8
66654,7
65971,7
166581,9
166582,7
120134,8
166585,9
64606,8
16889,8
112095,8
120358,8
63901,9
9248,7
65467,8
11017,8
63054,8
161997,8
141846,8
141847,7
9242,8
25980,8
162198,9
64028,9
153128,8
65515,8
138613,8
174390,8
13289,7
13288,9
6830,9
17534,8
24890,10
64027,8
158414,8
61836,8
146648,8
4826,8
61839,7
13440,8
13443,8
29342,7
7980,8
9402,8
12138,8
64930,8
26038,9
7985,9
64934,8
264386,8
26037,8
12136,8
24096,8
10156,8
10405,9
62472,7
10407,9
4740,7
10159,9
11976,8
161852,8
10390,8
64334,8
124434,8
63470,8
147849,8
109831,7
27965,9
63479,7
27960,10
149683,9
126136,8
1979,9
14898,9
176670,8
150477,8
14891,8
176674,7
63876,9
6215,8
63874,7
176479,8
148531,8
3082,8
15708,8
14650,8
1602,8
62654,7
62655,8
113439,8
176698,9
16705,8
62895,8
21427,8
3231,7
1968,8
13062,8
164571,8
3238,8
175522,7
175523,8
24148,8
1611,8
61398,8
2999,8
62170,8
12956,7
2870,8
119216,9
119217,9
142748,9
157803,8
178662,7
62870,8
8818,8
18439,8
160661,10
27816,8
160667,8
27810,8
122394,8
160668,8
3358,8
164555,7
64282,8
164756,8
122159,7
7067,7
7065,8
164758,8
7063,7
11842,7
264507,8
264506,8
147204,8
30539,7
30536,10
147208,8
29804,8
11687,8
264509,8
30247,9
12482,8
6963,8
12485,8
15459,9
132482,7
8151,7
178868,8
11096,8
61586,7
178862,7
178863,7
178864,7
178865,9
24396,8
1545,7
176833,7
160417,7
11115,8
14477,8
13800,8
66379,8
11440,8
175743,8
144640,8
29112,8
165857,8
66371,9
148950,9
31203,8
178461,7
31752,8
109186,8
66151,8
31576,8
165855,7
66155,7
28176,8
66404,8
127383,8
65483,8
61685,8
8539,7
27776,7
12828,8
27771,8
160474,8
12824,8
12825,7
160479,7
7883,9
15291,8
133825,8
61759,8
11027,9
66085,7
7447,8
6565,9
153070,8
28206,8
29607,7
7685,9
122536,9
7682,9
25950,7
1380,7
1382,9
29609,7
10332,6
3824,7
3820,8
25870,9
119173,8
160987,7
65072,8
161056,8
161055,7
160228,7
8440,7
109079,8
11566,7
13990,7
9258,8
11366,7
175092,7
160504,9
160505,9
115876,8
160503,8
60931,7
11361,8
29323,8
61355,8
61356,9
121493,8
61350,8
62516,8
126496,8
7409,8
28648,7
24776,7
65218,8
9899,7
61229,8
19355,8
19605,8
25737,7
156633,9
25047,8
114698,9
12726,7
150284,8
163977,7
64857,8
64850,7
64851,7
64853,8
6774,9
10984,8
140529,8
10981,7
10983,9
129849,8
5870,8
117902,8
65676,8
60801,8
60800,8
11296,8
9969,8
65671,8
25236,7
65325,8
177111,8
177110,8
25132,7
177112,8
9466,7
154056,8
16401,8
25138,9
64103,8
65459,10
164557,9
158563,8
4632,9
120093,8
13526,7
17130,8
19911,8
16721,7
118003,8
149268,7
177780,8
64584,8
124934,9
11748,8
64199,7
165934,8
63919,7
165244,8
161909,7
28195,8
11580,9
165933,8
6682,9
166593,8
127075,9
166591,8
65630,7
141859,9
61570,8
6008,8
162386,8
138662,8
121382,8
65521,8
160502,7
65527,7
65526,7
260893,8
63687,8
153130,7
64030,8
127179,9
16838,7
4839,8
6357,8
4045,7
141497,7
16790,8
141459,8
162585,8
4523,6
13453,8
12108,7
7993,8
6196,8
64929,9
162349,8
139225,7
64925,8
11636,8
140983,7
26045,10
148414,7
9289,8
9340,8
135945,8
9614,7
4818,9
9613,9
162560,8
9611,6
13657,7
9619,8
13184,8
64327,8
135784,8
175402,8
63468,8
64323,7
22815,8
10498,8
160272,8
63467,8
5050,7
13189,7
63462,7
151928,9
9411,7
7203,7
16531,8
116104,7
7205,9
30870,8
12212,8
63863,9
12216,8
12215,8
162160,8
160183,8
160181,7
18549,8
10439,8
64901,8
143153,8
264708,7
9761,7
14084,11
148390,9
29346,7
62317,8
122015,7
10504,8
62313,9
120774,8
13071,8
24171,7
12122,7
164506,8
7331,8
5518,7
1976,8
24179,8
3226,8
3221,7
176229,8
175533,8
12124,8
147988,9
8859,8
8858,7
6376,7
62797,8
4001,8
138402,8
133328,8
8850,8
21542,7
30185,8
123720,7
12926,7
2845,7
178906,7
178673,8
30188,7
28502,9
137722,9
5475,8
14268,8
14269,8
10213,9
14260,8
165731,7
10187,7
149477,9
29940,7
1773,7
136825,8
15111,7
63543,8
62224,7
63318,8
3138,8
112111,9
112112,8
10507,8
137662,8
178971,8
29746,8
5142,9
8148,8
23079,9
8638,8
6994,9
6995,8
61407,7
8633,8
30293,8
18364,8
178081,8
24547,8
19428,8
30298,7
108449,8
155614,8
162906,9
162907,8
29127,8
64223,9
66366,8
12677,8
66360,8
1554,8
63541,8
135844,9
1559,8
2991,8
3036,7
28435,8
66368,8
25896,7
29129,8
31587,7
174118,8
174119,9
30614,9
30612,7
31748,7
64741,7
8341,7
31744,7
31214,8
174115,7
174116,8
30618,10
31567,9
31564,7
178706,7
8031,7
126718,9
31560,8
163983,8
126714,8
111492,8
10380,8
163987,8
144567,8
3031,8
177872,8
17724,8
177870,8
5606,8
25895,7
178493,8
178492,7
146500,8
12850,8
12581,9
28347,8
12855,9
5608,9
160255,8
11032,8
29900,8
66098,8
25860,8
15092,7
151161,8
15027,9
161120,8
5336,8
111961,10
111965,8
29634,8
1397,9
9325,8
1393,9
174579,8
3813,7
127282,7
3622,7
22650,8
3814,8
160991,7
110566,10
8457,7
23252,7
8455,8
24409,8
174470,8
109084,9
23700,9
119154,8
15337,8
13988,7
8947,8
165742,8
122263,8
60923,7
12459,7
165746,8
178848,8
165744,7
61321,7
7549,9
61325,8
31368,8
20237,8
160867,8
177475,8
7267,8
157074,7
61253,8
16643,8
164411,8
6169,8
31242,8
154595,8
130305,9
145160,8
12620,8
8030,8
64821,7
64820,6
178703,8
166458,8
10999,9
23810,8
114421,9
166450,8
166451,7
24617,7
24610,8
118795,8
150562,8
25633,7
143240,8
5862,8
124638,7
25140,8
126716,8
65444,7
177125,8
177126,8
65448,8
64132,8
21132,8
63593,9
21136,8
3369,7
26044,9
4608,9
2184,7
4605,8
19907,8
25389,8
13510,7
162221,8
165101,8
158354,7
14311,9
12589,8
9689,7
153728,8
177051,7
165924,8
137611,8
64626,8
166213,8
121974,8
6130,8
64621,7
5600,9
64554,8
124254,9
64004,8
65406,7
64550,9
64552,8
6136,9
6900,8
8599,9
2436,7
2435,9
29511,9
116770,8
16821,8
25405,10
63679,8
3761,8
23577,7
63676,8
65532,8
12110,8
61811,9
141469,9
61815,8
6346,7
6349,8
4510,9
6809,8
141460,8
4517,8
141462,8
4515,7
11649,8
6185,9
119493,8
140977,8
17197,8
162354,8
26050,8
2504,8
140445,8
11644,8
64485,8
141913,7
9351,8
162576,8
9355,8
160260,8
121142,7
9359,7
5284,8
64356,8
21244,7
25964,8
22829,7
64314,8
5047,10
5046,9
64319,8
63415,7
63417,8
63789,8
140565,7
3786,8
3785,8
63781,8
16910,8
163771,8
163772,9
6239,7
63898,7
4990,7
63895,8
12206,9
141001,8
12200,8
61608,8
63892,8
125275,7
63525,8
29359,8
63527,8
10519,9
9778,8
140904,9
176591,7
9774,8
9777,7
29353,8
62302,8
121759,8
9772,8
151423,8
175509,8
8864,9
1949,7
142106,8
106073,8
176235,7
2942,9
9284,7
176239,8
7309,8
1254,9
29085,8
11910,8
13241,8
162770,8
146119,7
11914,9
62784,8
146114,8
2859,8
30198,9
264414,8
264416,9
178645,7
133246,8
14219,7
3336,8
10200,9
108693,8
7228,8
1995,8
162385,8
29755,7
10195,7
1704,8
29751,9
10190,7
116894,7
174744,8
14182,8
62236,8
10198,8
14186,8
15855,8
112101,8
145512,8
29282,8
65417,7
176524,8
176523,7
15859,8
176521,8
178803,8
178801,7
30778,8
146607,8
178804,7
178805,9
30990,8
1121,8
164510,8
8606,8
66731,8
162919,7
8605,8
14324,8
106404,8
25880,8
25882,8
65553,8
15106,8
160912,8
30281,8
14459,8
15101,7
29131,8
66313,8
28408,8
143527,7
24378,8
3028,8
63657,8
3024,7
2986,8
2968,7
157354,8
29910,8
18928,7
137230,8
137943,8
30354,7
160990,7
30608,8
8734,7
144998,8
31775,9
1013,8
1234,8
8515,8
1230,9
65413,8
31554,8
178738,8
126721,9
4194,8
13864,7
12598,8
1239,7
175966,8
5671,8
137874,8
21686,8
12840,8
61425,8
4351,7
4352,10
28717,8
23253,8
31483,9
28712,9
25976,8
31489,7
31488,8
21828,7
6500,9
156176,8
61871,8
174567,9
178027,8
106887,7
23062,7
111976,8
24283,8
179132,8
29621,9
24287,7
163887,9
61028,8
111579,8
163889,7
8463,9
179459,8
11340,7
11669,7
11343,6
136307,8
23717,9
23714,7
111779,8
110685,9
108306,8
24755,8
12445,10
6433,9
5709,7
12441,8
64690,8
177260,7
177267,8
177264,8
110179,7
145809,9
61338,8
28884,9
155073,7
28881,8
31392,7
177285,8
177284,8
177287,8
177286,8
30964,7
177288,9
13646,7
166689,8
28866,8
8219,7
4771,8
15331,9
137704,8
165640,9
64831,7
166449,8
3062,8
24843,8
174316,7
165649,8
117026,7
65838,8
24620,8
148224,7
65831,7
19024,8
25623,9
25627,8
154039,9
24978,8
25157,7
25406,8
16748,8
24975,8
17341,8
12053,8
130200,8
266315,7
141277,8
141276,8
4611,6
141278,8
158587,7
13505,7
161927,8
28769,7
161924,7
162559,8
12691,9
166200,8
151630,8
160206,8
2222,8
2220,8
166208,8
116906,7
65235,8
165264,8
12945,8
65231,8
27928,7
64630,7
177739,8
150139,7
10441,8
64637,8
62243,8
121562,8
157856,7
61739,7
66697,8
63927,7
64549,9
65548,8
146616,8
25579,8
4503,8
63669,8
117145,8
63667,8
25570,8
13479,6
25572,9
26067,8
166061,8
124394,7
25088,8
26061,7
117161,7
134308,8
2080,7
16698,7
2086,8
26069,8
161813,9
175085,8
2538,8
24005,7
161816,8
161814,8
64942,8
148932,7
177314,7
2536,8
11657,8
5256,7
153028,7
160213,8
17762,7
160211,7
160216,9
61557,7
174147,7
107446,9
25978,8
140821,8
105574,8
8987,7
17160,8
149070,8
64304,7
5073,9
64306,8
10692,8
12576,7
5074,9
175424,8
108481,8
63798,9
63799,8
66198,9
1837,8
11770,8
63790,8
139665,8
113533,8
122921,7
2150,8
2403,8
139662,8
4988,7
6242,8
12274,8
10740,9
20904,8
163781,8
1690,7
18560,8
11832,8
62686,8
20909,8
63244,8
175511,7
160329,8
152249,7
62330,7
122034,9
156383,7
62335,7
4409,8
63084,8
63085,9
63083,8
63080,8
3243,8
178600,7
24113,7
7316,7
29968,9
3246,7
11903,8
212340,8
149177,8
12635,7
136648,8
179077,8
176955,8
160623,8
12909,7
15446,8
65021,8
119736,9
30161,8
112007,7
112005,7
62755,8
9016,8
62204,8
7034,7
10236,9
10235,7
62200,8
20296,8
20297,8
5496,8
14201,8
5492,8
27823,8
1712,9
5250,7
29722,8
24021,8
21503,7
12142,8
156613,8
117034,8
63337,9
24029,9
6310,8
156615,7
156614,7
176558,9
12140,7
3157,9
176556,8
25234,7
10614,7
119316,9
119314,9
178814,8
31122,8
30647,8
152809,7
137310,8
28414,8
11124,9
63651,8
10618,10
64302,8
144135,8
13776,8
31764,8
122212,8
66301,8
11508,8
9346,7
7146,7
154605,8
24363,8
29382,7
5530,7
164652,8
29386,8
29435,8
29389,7
1004,9
129632,8
29921,10
12877,10
163049,8
30016,8
28388,8
14592,7
28380,8
110760,9
4186,8
30384,7
6534,9
160448,8
5667,8
109318,8
147708,8
165123,9
10991,7
175979,8
175978,8
4341,10
4340,8
162925,8
28704,8
113270,8
2884,8
14535,8
2888,9
133871,8
11010,8
174393,8
11012,8
177996,8
8611,7
66239,8
26022,8
24293,7
24291,7
22632,9
62016,8
61019,8
31778,8
66050,8
145701,8
139201,8
65106,8
66059,8
26523,7
26520,9
8479,7
8475,6
161000,7
7566,7
12472,8
12471,8
150838,7
24747,8
5788,9
150837,8
12478,8
177924,8
177925,8
61490,8
1794,8
126734,8
28678,8
7762,8
66268,8
61655,8
28675,8
61656,8
66438,7
61302,7
31381,8
127177,8
145636,7
25180,9
165785,8
11161,10
28877,8
140938,8
6742,7
4768,7
11482,8
165650,8
165653,9
160336,8
177630,8
4162,8
165656,8
163946,8
121257,8
163941,7
140042,8
65045,8
3278,8
65042,7
25979,9
9954,9
24771,8
29063,7
14938,9
7368,7
64794,8
25167,7
25166,9
120513,8
65317,8
155615,9
66610,8
12046,7
12047,7
32280,8
16597,8
166789,7
157959,8
161952,7
161953,8
174135,7
157058,8
12689,7
11796,9
2237,9
119813,7
65220,7
10827,9
7186,7
65226,8
65228,8
175111,8
65958,8
22729,9
7817,7
133769,8
4093,8
148234,8
14616,8
31462,8
3497,8
20847,7
158733,7
25509,7
120193,8
13406,9
65552,8
4579,8
65550,8
19817,7
65556,8
65554,9
26071,8
148281,7
16689,8
5313,8
162127,8
16684,7
61870,8
16681,8
64979,8
11465,10
24965,8
4494,8
64154,7
64156,9
166304,8
65689,8
166303,9
2663,8
134932,8
27920,8
160202,7
27925,8
160204,8
160207,7
10353,10
162557,7
4881,8
135425,8
9372,8
62922,7
4885,8
62921,8
17151,7
17150,8
17157,8
158743,8
158742,8
158740,8
158746,8
260758,8
144139,8
25186,7
61901,8
61900,8
61903,8
154756,7
65944,8
13311,10
1820,9
16974,8
17080,8
10553,8
105369,8
12262,9
105365,8
4498,10
12266,8
4973,8
10530,9
5395,7
122841,8
6308,9
11805,8
157117,7
63501,8
3275,8
160338,7
1926,8
4225,7
178958,9
125054,7
160331,8
9715,8
157118,7
146137,8
7369,7
179065,7
124046,7
62123,8
116029,8
8881,10
7366,8
66148,8
154757,8
65886,8
6829,7
176725,8
11935,8
24844,8
11930,8
112876,8
30175,8
161798,8
147391,8
161797,9
133468,8
30170,8
12915,8
7022,7
62745,8
12916,8
62217,9
3310,8
147453,8
10221,8
20029,7
143892,8
157200,11
9393,7
29734,7
157758,8
142382,7
28620,7
1722,7
176899,7
21519,7
177429,8
62213,8
12403,7
112473,8
176540,8
149620,8
13139,7
175163,8
138321,7
141983,8
178828,7
147175,8
178539,7
115121,7
30710,8
270989,8
30714,8
178531,8
174490,8
3007,7
28462,8
138921,8
28180,7
14304,9
64418,8
14309,8
9835,7
17105,8
7694,8
124319,8
174169,7
24352,8
156578,9
7154,7
144436,8
1585,9
140044,8
143357,9
153813,8
142251,8
29930,8
111000,8
29934,9
1034,8
28749,8
30006,7
30007,8
1210,8
7692,8
143073,7
29733,8
12868,7
66235,8
145552,7
29612,8
8060,9
66688,7
62865,9
7486,9
7481,8
11514,8
132518,9
6529,8
24032,7
8266,7
150937,8
163933,9
30398,8
30399,8
133869,8
133868,8
174389,9
1728,7
121717,8
11060,7
145956,8
11065,9
133866,8
22718,9
1104,7
156153,8
23006,7
156155,8
8666,8
156157,8
16824,8
17890,8
28967,7
29647,8
174541,8
1109,9
28285,10
66061,8
114524,8
129823,8
66065,10
4087,8
3863,8
144396,8
3171,8
160541,8
66597,8
177930,8
161013,8
66599,8
160549,8
23226,8
3735,9
23224,9
161014,8
61489,7
25241,8
160781,7
19137,8
5723,8
160838,8
6416,9
30950,7
6410,8
9812,8
61487,8
28608,7
27828,7
7772,8
66446,9
61646,8
144559,9
61645,7
144809,8
3916,8
65148,8
140043,8
60990,8
8810,8
3918,9
6730,8
30473,9
6733,7
166460,9
4926,8
155234,7
8087,10
4156,8
65812,8
11259,6
2230,9
60846,8
165666,9
140073,9
9299,8
61004,9
24648,8
160492,7
65036,8
160498,8
9921,8
165464,7
165465,7
28119,7
151222,7
165686,8
19262,8
130041,8
64784,8
22772,9
29492,7
65491,8
25173,8
65365,7
164364,7
64254,9
22177,8
145049,7
145042,9
12075,8
145041,7
145046,7
119574,8
140672,8
25181,7
161942,8
12679,8
6649,9
31843,8
140679,9
31846,7
10813,9
5903,8
165209,8
65967,8
10816,8
25774,8
140194,7
150481,8
19318,8
60902,9
28641,10
110164,8
63640,8
106261,8
63643,7
24825,7
3480,9
21673,8
65569,7
11099,8
162355,8
4560,7
109826,8
7526,8
3647,8
148476,8
29942,7
148470,7
140443,8
11670,8
117141,7
14623,9
64480,8
2555,7
2556,7
7798,8
2558,7
64955,9
141389,9
12788,8
165846,8
24912,9
2393,8
2390,7
165843,8
18358,8
12785,7
141384,9
121833,7
27932,7
63422,7
157218,7
27936,7
27937,7
5018,8
2771,8
62911,8
160237,8
176144,8
160231,8
160232,8
160233,7
7658,8
158734,8
25201,8
7974,8
64360,7
7970,8
64365,8
6266,9
12256,8
116387,8
176237,8
16781,7
12252,8
4418,8
176404,8
4415,9
118223,8
61060,7
6268,9
21186,8
119594,7
125600,8
125601,7
2176,8
162876,8
125604,9
17095,8
160887,7
14256,9
28787,7
122902,8
28018,7
2606,7
24463,8
174160,8
14822,7
14820,7
113269,8
29015,7
14824,7
160341,8
61574,9
162356,8
175575,7
62592,8
62590,7
10035,8
5125,7
10789,7
61880,9
63511,7
64218,8
31743,8
3465,8
120835,9
148650,8
120301,8
148652,9
8898,8
3980,7
147639,8
62262,8
8892,8
3469,7
125595,8
11929,8
12321,9
65011,8
31718,7
64891,7
11923,7
11925,8
113609,8
13235,8
132988,8
14954,9
24350,7
14225,7
66519,8
30490,8
30495,8
30146,8
61576,8
20338,8
62553,9
63847,7
25357,7
29099,7
29097,7
108664,7
10374,8
27845,8
137803,8
107481,8
117035,7
29101,8
176572,8
164255,7
18699,8
17070,8
164258,9
5234,8
29250,7
175375,7
121656,8
164494,9
158791,8
13124,7
13125,8
146564,9
11811,7
64767,8
11818,7
11819,8
176378,8
175395,8
15153,7
29894,9
178529,8
30277,7
148870,8
109425,9
137373,9
175399,7
178835,7
178834,7
18329,8
3071,8
28471,7
28477,8
1593,8
177300,8
2950,8
1598,9
15798,7
31702,8
31703,8
29397,7
174158,8
31707,7
7163,7
126020,9
143689,8
66325,8
143668,8
178633,8
178632,7
29392,9
24198,8
62107,8
143664,8
66690,8
115554,8
4367,8
1209,9
66686,8
66698,8
29466,7
8073,7
109683,8
23107,8
24157,7
144010,9
164109,7
18037,8
7982,8
123097,7
175953,8
8272,8
132502,7
28278,8
160933,8
8068,7
22817,9
3105,7
3107,8
106524,8
162897,8
162894,8
14555,8
1111,7
178752,8
175007,9
175006,7
28078,8
30720,9
114956,7
174022,7
31143,8
174024,7
175008,8
1449,7
31147,7
31456,7
11446,9
4091,8
4090,7
13786,8
31453,8
4094,8
22612,7
2005,8
25823,7
1562,8
23587,9
177943,8
6669,7
66588,8
30008,9
177944,7
177945,8
10974,10
66586,7
30009,8
11313,7
11310,9
160797,8
107325,7
7585,8
160798,8
19124,7
7741,8
6788,7
61673,8
143285,7
28616,8
61676,8
127377,7
177108,7
4145,9
22507,9
13782,9
150258,8
65156,9
60983,8
60984,8
4049,9
28806,8
8264,8
8304,9
140063,8
166414,8
175949,8
6081,8
62733,8
28853,8
163929,8
23697,7
8092,8
61587,9
5826,9
163921,8
118733,8
163923,8
163922,8
163927,9
11264,7
114368,8
64848,8
65026,7
177896,8
3851,9
145729,7
9937,9
16778,8
22761,9
165691,9
61732,8
122360,8
65540,7
165699,8
16775,7
65374,8
16777,8
128978,8
13498,8
163920,7
158313,7
25691,8
110250,8
25340,7
12065,9
6097,7
10453,9
1567,8
12669,7
121934,7
161977,7
6653,8
177099,8
107817,7
19305,9
25749,8
25747,8
127797,7
165215,8
10801,8
120359,8
177765,7
161996,8
63986,8
161994,8
63635,8
161993,7
65576,8
63639,8
24837,9
64515,8
25528,8
266214,8
148469,7
266216,7
65772,9
162087,8
65771,9
21066,9
19873,8
13421,8
21061,7
23002,8
2547,7
63996,8
10426,8
139526,7
64994,8
64997,8
153895,8
66630,9
114608,7
65484,6
166639,7
165501,7
165856,10
65482,7
165854,7
3556,8
31629,8
64175,8
12796,8
65587,8
177764,8
30098,9
3580,9
3581,8
10331,6
3584,8
64420,8
64423,8
8867,8
27906,9
177697,8
121381,8
116004,8
160225,8
17233,7
64194,8
175162,7
260774,8
16955,7
16956,8
16957,8
17131,7
260779,8
17132,7
7904,8
7906,7
17136,8
125580,8
61925,9
13332,9
128759,8
148313,8
176143,7
166747,8
64699,7
111179,8
62110,9
148391,7
162404,7
64879,8
162401,9
122916,7
162403,8
6078,7
175374,8
2615,7
176238,8
8493,7
160312,7
163926,7
7346,9
16716,7
7343,8
16245,8
1906,8
10795,9
63291,9
64228,8
1902,8
16714,7
10793,8
149738,8
120824,9
179003,8
176703,7
143910,8
146156,8
163685,7
163680,7
163681,8
112254,7
147101,8
13169,9
12338,8
65464,9
163048,8
135990,8
138124,8
138126,8
146738,10
27875,7
14960,7
176963,8
163668,9
163669,8
174700,7
62768,9
121662,8
14145,8
29082,8
10839,8
10247,7
9023,8
30558,9
30559,7
5229,9
63166,8
176567,8
176565,8
155280,8
29710,8
13166,8
29649,8
29241,8
11861,8
14815,8
155282,8
176360,8
176363,8
176362,9
138341,8
113299,8
163594,8
163595,7
113490,8
113491,8
15142,7
162958,8
164363,9
15261,8
29887,8
61206,8
238157,8
109926,8
162957,9
162956,8
112721,8
14369,8
14368,8
7171,7
28349,7
14490,8
272699,10
138901,8
2940,8
5357,8
62168,8
174148,8
63338,8
31739,7
31738,8
174637,9
14401,7
160173,8
112033,8
112030,8
178608,8
147579,7
30152,8
112034,9
164665,7
164664,8
164663,7
164661,8
164660,7
1279,8
118502,9
147750,8
30029,8
115566,8
177446,9
12886,8
1274,7
162175,8
162826,7
14563,9
14561,9
133844,8
8240,8
2856,8
24483,7
8247,8
8245,8
122315,8
64163,9
138346,8
111064,7
62602,8
29668,9
3116,8
165675,7
162887,8
119295,8
29066,8
28543,8
62698,7
157955,7
29061,8
28590,10
1478,8
31607,8
27747,8
23752,7
23753,7
31460,6
28919,8
8423,8
64341,8
22373,8
66000,8
28917,8
1308,8
140902,8
31193,9
177953,8
136186,8
122917,8
160684,8
11300,8
11301,7
11302,7
11304,8
7124,9
64433,8
61662,8
5581,8
30932,7
15363,7
9831,8
12407,8
28629,7
5589,8
110732,8
174454,8
7759,9
23111,7
63058,7
7300,10
178779,8
109699,8
126417,8
61444,8
27914,7
3937,9
61112,7
61441,8
66484,8
163916,8
166402,8
163911,9
8334,8
6717,8
163919,8
175347,8
61592,8
9904,7
61591,8
61596,9
127094,8
176070,7
19069,8
28340,7
7850,8
24669,8
24725,7
2593,9
5690,9
61061,8
5697,9
28135,8
24898,8
28139,8
61069,8
177883,8
24468,8
177881,8
177880,9
25356,7
177376,8
153668,8
64768,8
64766,8
22794,8
1300,9
25359,8
119756,7
9324,8
110065,7
29086,8
174743,8
117018,7
117019,7
23485,8
25680,8
9999,8
17120,8
165993,7
23978,9
163863,8
4040,9
230796,8
6661,8
161966,8
161965,9
177088,8
5968,8
65908,8
22086,8
24893,8
65905,9
65904,8
10877,7
16890,7
60992,9
65589,8
25536,11
3662,8
16898,8
2282,7
24800,8
161989,8
2285,9
124198,8
12815,7
2052,7
23528,8
13431,7
153793,8
65142,8
28819,8
124196,8
121817,7
121816,8
121815,8
162329,8
11499,8
2577,8
11694,9
2573,8
10905,8
65345,8
29709,8
65343,7
1661,8
10903,7
10902,8
64160,8
11455,8
11456,9
24934,8
11450,8
166624,7
64166,8
21237,8
124442,8
2596,9
11609,8
64344,8
9125,8
64346,9
3594,7
13794,8
113140,8
10305,8
27913,8
63194,8
63195,8
63196,8
21238,8
11315,7
13326,8
10086,8
4430,7
63758,8
13323,8
25224,9
7912,7
7911,7
13328,10
1878,8
64189,8
12603,7
4941,8
118081,8
138205,9
62501,8
138201,8
136646,8
2111,8
2113,7
152931,8
2620,8
122078,7
63281,8
160364,8
62378,8
2628,9
63288,7
142956,8
1919,8
7350,9
163939,8
122678,8
63572,7
5237,8
122674,8
176289,9
62571,9
10016,8
121077,8
165702,8
166051,8
120816,8
7278,9
29705,8
143909,8
2025,8
147220,8
10499,8
62976,8
62979,8
3144,8
163051,7
163930,8
10277,8
108645,8
163673,7
14790,7
133430,8
14450,8
14794,9
163678,8
176914,8
10278,7
121673,8
125315,8
5210,7
63698,9
125000,8
29246,8
62712,8
61581,8
5218,8
14027,8
163587,8
163586,8
29278,8
63172,8
142644,7
27938,7
264265,8
2820,7
176594,8
176595,8
164270,8
176593,7
63178,8
29274,9
11872,7
176351,8
8925,8
176353,8
112626,8
11877,8
112624,8
133726,9
175483,8
142088,8
176602,7
164471,7
164296,8
18654,8
14487,9
164293,8
164290,7
31673,7
29875,7
142460,9
110533,9
30231,8
126010,9
30233,9
24099,7
165466,8
29133,8
122520,8
7107,9
66681,7
24379,7
3054,6
122778,7
156953,7
9922,9
143526,9
176282,7
122094,8
62396,8
62391,8
31674,8
1045,8
10391,9
31720,8
166623,8
175739,8
62399,7
165463,8
178847,8
178619,8
143356,7
2982,9
164612,8
30128,7
140071,10
178610,8
174066,7
142260,8
30059,6
132525,8
149721,8
8253,8
166622,8
61589,7
111631,9
30055,7
1266,8
62575,7
8789,7
65713,8
11056,8
24491,8
21593,8
8787,8
109599,8
143640,8
31616,7
3129,8
29698,9
66275,9
9230,10
3121,9
3126,7
178507,8
29052,7
137351,7
178504,8
1468,8
174282,7
115404,7
16763,7
144727,7
164058,7
1823,8
115077,8
8431,7
126318,8
120444,9
31479,9
23768,9
23767,8
63161,8
31477,9
66016,8
6338,8
28900,7
157452,8
5750,7
12433,9
24781,8
24782,9
147638,7
165053,7
165052,7
160571,6
160570,9
23561,7
114370,8
4230,8
61610,9
15197,8
133949,8
5594,9
5597,8
13765,9
162988,7
105936,7
133944,9
133945,9
31500,9
178767,7
63621,7
110728,8
175983,9
126775,8
61439,6
61129,8
14386,7
119474,7
61122,7
61121,9
61435,9
4807,9
66708,8
156293,8
127958,9
25376,8
12304,8
166434,8
28397,7
166436,7
166437,9
166433,9
4128,8
6216,10
24678,7
4199,9
4127,9
155795,8
155794,8
65009,8
24474,8
6214,7
7430,8
24473,8
61725,8
6213,7
61055,8
61726,8
5680,7
266165,7
27786,7
31849,6
25322,8
6386,9
62977,8
124050,8
2751,7
1050,9
60893,8
2697,8
23945,8
23943,8
137232,8
23940,8
22144,9
140676,8
1447,7
22140,8
175490,8
177744,8
177740,8
4052,7
163879,7
163878,8
163877,9
148109,7
15364,7
11513,8
4058,8
110387,8
145186,8
65176,7
5978,8
177983,9
5973,9
8699,8
10860,8
65911,8
10867,8
150279,8
150278,7
3612,8
17208,8
150699,7
9815,8
16885,7
17202,10
2290,7
19508,8
65399,8
25783,8
142953,8
141198,9
63384,7
25789,8
141197,8
148249,7
5902,8
162338,8
29736,7
16832,8
141359,9
114628,8
162336,8
162335,9
10916,7
10917,7
177606,8
135044,8
24922,9
136306,8
24925,9
25124,8
25777,9
175319,7
7291,9
17115,7
14793,8
8512,7
7923,7
2581,9
64404,8
163679,8
61544,8
64408,8
6509,9
2589,8
112533,8
1860,8
13353,8
7245,9
28785,8
13354,7
4448,10
164585,9
63538,8
64867,8
145977,6
13597,7
162584,7
4601,8
4685,7
163118,8
4936,8
62897,8
138747,8
163117,8
138741,8
13599,8
163113,9
64536,8
64535,7
24810,8
6502,7
2101,8
155758,8
165652,8
63814,8
160373,7
145979,8
160375,8
10002,8
160376,6
160378,7
122061,8
10008,9
62811,8
176291,8
17061,7
5109,7
9599,8
20791,8
28256,7
157153,8
64568,8
9225,8
9590,9
3439,8
176762,8
176764,7
176766,7
176768,8
136804,9
179027,7
179026,8
3650,9
163069,8
162517,8
62967,7
4844,7
4598,8
13011,8
10484,8
4842,7
4843,8
14908,7
108631,8
163644,8
112295,8
1246,8
133424,8
10466,8
29265,7
174729,7
20570,9
17252,7
14163,7
175153,8
10345,7
141957,8
29268,7
63383,8
164572,7
121440,8
264270,8
29627,8
175127,7
179110,7
19932,8
28490,8
16785,8
164266,8
62494,8
164264,8
138122,8
134026,8
25877,7
176343,8
13174,8
133044,8
11191,9
176834,7
149618,7
108188,8
2960,8
29868,8
14340,8
30594,8
176592,8
29864,8
1783,9
30222,8
175835,8
30220,9
1613,8
3048,8
62634,8
24466,7
7117,9
7116,8
24318,7
3041,9
24316,8
21429,9
6873,8
17641,8
108740,8
137292,8
176350,7
29461,10
62382,8
144375,9
1078,8
1076,7
3643,8
1913,8
62388,8
164609,8
149578,8
24430,7
1678,7
30137,8
13003,9
60894,9
29846,7
30138,6
164605,8
3807,8
21423,8
164606,8
1094,9
175004,8
66649,8
3806,8
175900,7
30822,7
8229,8
66393,8
264709,7
178403,7
118525,8
4331,8
29151,8
65590,8
109580,8
143870,7
29992,8
28742,8
14581,8
29997,7
14583,8
14582,9
178083,8
174053,7
28022,8
174507,8
160600,9
20202,8
20209,8
174292,7
31095,7
117260,7
29517,9
29040,8
3532,9
175055,9
18307,8
28938,9
116531,8
1327,8
133547,8
28930,7
23776,8
9850,8
12421,7
63448,9
15343,9
137432,7
8687,8
15347,9
12428,8
8717,9
5764,9
4201,8
5763,7
8133,7
165844,8
61600,9
5568,7
165845,8
11509,8
160742,8
5567,9
5560,9
177405,9
1257,7
1487,7
17367,8
28338,8
178798,7
1523,8
7733,8
25805,8
31099,8
63520,8
16650,9
111629,7
1259,8
6437,8
174871,8
142462,8
126434,7
174876,9
133288,8
61420,8
122257,8
22221,7
6435,8
14489,8
8358,9
11213,9
5408,7
4115,9
112754,8
162264,8
8350,8
140030,9
2255,9
176325,8
8357,8
163891,7
62139,8
164116,10
12519,10
19049,8
122255,8
17239,7
24440,7
24447,7
7422,7
126322,8
7420,10
178672,8
61737,8
27790,8
61735,7
28155,8
12821,7
66029,7
174471,8
146171,9
9155,7
25331,7
61552,8
7106,8
25334,7
116526,8
65615,8
25338,7
25339,8
62919,8
145080,8
17195,8
29616,10
114747,8
15247,7
174050,8
176369,10
31887,8
114748,8
31881,9
14370,8
117036,8
65290,7
4060,8
6867,8
4066,8
23793,7
65921,9
62261,8
11506,8
12180,8
122519,7
26246,9
26013,7
5786,7
150201,8
65105,7
62520,8
5783,8
120656,9
65108,8
165734,7
165732,8
154760,7
127439,7
5918,8
3607,9
16453,8
63600,8
19538,7
63971,9
17780,8
12189,8
16637,8
16188,9
157755,8
25020,7
25021,7
176017,8
28668,7
164755,8
6115,8
6116,7
143605,7
6110,8
13700,8
29729,8
64745,8
10920,8
166197,8
156618,7
165880,7
166199,8
28145,8
109621,8
3905,8
3855,8
7281,8
62257,8
163948,9
9459,9
17106,7
7936,8
10894,8
64410,6
134384,8
13342,7
7250,8
16989,8
4450,8
254096,8
65430,7
17145,7
118264,8
16981,8
118267,8
13839,8
7977,8
16985,8
16456,7
13580,8
4690,7
162457,8
6737,8
148349,9
4699,8
163102,8
130040,8
162459,7
2138,8
154434,8
3969,8
154433,8
11721,10
154439,8
6025,7
11729,7
121053,7
63551,7
155754,7
5165,9
63800,8
16784,8
62823,8
160837,8
1686,9
160340,8
62826,8
125237,7
138483,9
21499,8
20783,7
17074,7
141037,8
17076,8
138489,7
9216,9
21496,9
17072,7
17073,7
3429,8
164611,7
20488,8
61494,8
12250,8
176022,8
120877,9
3424,7
6334,8
6335,8
175476,7
113139,8
6331,8
9698,8
6333,8
62957,9
2951,9
62954,8
13341,7
113646,8
163629,8
14918,8
176701,8
14170,8
62732,8
14172,8
62730,8
27886,8
10297,9
264391,7
27882,8
264397,9
264395,8
29211,8
10451,7
9555,7
29217,8
24040,8
3026,8
152170,10
129120,8
264713,8
175131,8
175130,8
3555,7
166569,8
62990,8
63154,7
160293,8
6066,8
10581,8
12096,9
7951,8
13163,7
4065,8
8901,8
1706,8
11856,7
8902,9
65930,8
30219,8
2916,7
157217,9
14359,8
137602,9
174663,8
6848,9
23809,6
110039,8
7750,8
113917,8
24302,8
178569,8
24304,8
6845,9
162106,8
107755,7
164633,8
30697,8
5301,7
9217,9
111940,8
29453,8
21440,8
28758,8
176247,9
13013,8
147340,8
106418,8
157634,8
157635,8
28249,8
176248,7
176249,7
175913,8
30674,8
157855,7
30671,8
1082,7
30857,8
4321,9
156857,8
4322,8
66386,9
14828,7
31270,8
133432,8
12091,8
162809,8
2829,9
14597,8
147262,8
24278,8
14590,8
20217,7
5505,7
20134,8
28034,7
154759,8
7632,8
17861,7
7636,8
7637,8
62046,9
136884,8
1408,8
9699,8
164708,8
178568,7
29032,8
142339,7
152149,8
28152,8
31418,8
31419,7
4213,8
16582,8
162733,7
179084,8
6932,8
147658,8
6936,8
164607,8
137434,8
8694,8
9849,8
8123,8
147657,8
8692,8
178899,7
166491,7
13200,9
65832,8
61635,8
178892,8
5572,11
25108,7
115766,7
9538,8
3093,9
126555,8
126554,9
1533,10
111873,7
29143,8
114829,7
10787,9
174401,7
28322,7
25874,7
1539,8
121153,8
136265,8
5179,8
66728,8
27981,7
17795,8
61380,7
23898,8
22543,7
126423,9
61388,7
9317,7
2352,8
8348,9
110802,9
63645,8
11228,8
140023,8
4108,9
17694,8
177699,7
10420,8
17640,8
11220,8
19433,7
12568,9
160913,8
155174,7
24699,8
15240,8
3639,9
178505,7
111721,8
19057,8
28924,6
174317,8
66032,8
25906,8
22306,8
174313,7
174310,9
61703,8
260778,8
22308,8
3897,8
106589,8
9171,8
61562,8
109919,7
61560,8
61567,8
29055,7
117020,8
25655,8
65607,9
10757,8
166562,7
166563,8
9846,8
12621,9
6617,7
166564,7
12625,8
13962,8
31895,7
13381,7
62626,7
112362,8
10840,9
10030,9
148169,8
65286,9
5860,9
65937,10
5959,8
156125,8
4077,9
11537,8
61899,8
11535,7
4072,7
154758,8
61140,8
3964,7
61414,8
3962,8
5792,8
5791,9
177216,8
145024,8
177124,8
145658,8
60942,8
154755,7
165723,8
61418,8
7152,8
8079,8
25396,8
165943,8
31574,8
3504,8
16629,7
64011,8
65732,8
148223,9
65739,8
22053,8
117115,8
266319,8
25013,8
65737,7
266257,8
22059,9
2345,9
2346,8
11051,9
144519,9
6109,8
2342,7
121844,7
12757,8
166366,7
6104,8
119414,7
20109,7
119417,7
17919,8
10938,8
63290,8
8807,8
25495,8
66646,7
264629,10
140979,8
63700,8
260737,9
63707,10
155133,8
63708,8
2154,8
64397,7
25279,8
161869,8
65426,8
3708,7
118042,8
162078,7
65421,8
111974,8
4467,8
7959,8
1884,8
4462,11
3707,7
4460,9
162219,7
17101,8
13579,7
2124,9
4918,8
162449,8
162448,8
4666,8
13570,8
4911,7
162283,8
12756,8
12434,8
159125,8
17266,7
17269,8
24878,8
141720,8
5439,8
64082,8
166704,7
10063,8
163884,7
21487,9
105670,8
9203,7
64130,8
24783,9
62549,8
3416,8
8530,8
176973,7
20779,8
63018,9
3410,7
63059,8
166363,8
135805,8
165051,9
21374,8
6836,9
10000,7
120822,7
16845,7
12377,9
176035,8
12379,7
115555,8
15293,9
62948,8
63490,8
30234,7
1072,8
65609,8
12171,8
13480,9
63650,8
8099,7
176873,8
4864,9
25711,9
151403,7
9063,8
62723,8
7938,8
10286,8
14108,8
10832,7
264385,8
160809,8
264387,8
112410,7
9667,8
64739,8
9664,8
29206,7
125360,8
7672,9
10115,8
124038,8
10443,8
3562,7
21777,8
164444,8
64135,9
14503,9
20019,8
63120,7
63123,8
63122,9
14639,7
30236,8
25719,7
4485,8
1439,8
112618,8
10597,9
160957,7
149082,8
5379,8
8972,9
124374,8
102617,8
126046,8
138943,8
11291,8
10550,8
64547,8
15199,7
155934,9
112168,8
17908,8
7138,8
25274,9
20423,7
7017,8
175741,8
122515,8
7132,7
157353,7
29448,8
29449,8
178310,8
142230,8
164624,8
175404,9
178319,7
29332,8
29446,8
176255,8
30540,8
18241,8
176251,8
14296,8
157195,8
176928,7
9445,8
1655,9
30666,9
15521,7
133885,8
30662,8
30847,8
178799,8
156860,8
156861,8
147792,7
6588,8
142546,9
109366,8
176118,8
133888,8
3153,9
12992,8
164155,7
12994,8
3156,9
1634,7
28795,8
3158,9
28733,7
28791,8
1635,8
5404,9
3394,8
64663,8
3399,9
64162,9
1981,8
122355,7
62057,8
28323,7
62055,8
29028,7
136725,8
129469,8
129466,8
19807,8
30209,9
116586,8
156156,8
66281,7
147660,8
147661,6
66285,8
23553,8
20036,9
178806,9
175376,7
23088,8
160989,8
18110,7
150643,7
15414,8
8113,8
15416,10
15417,7
13375,8
23084,8
6922,8
7711,7
20548,7
16441,8
5543,8
6522,7
138641,8
29156,8
111864,8
25033,8
14808,10
29150,7
30067,7
4273,7
175674,8
3087,7
28316,7
137024,8
61390,7
8402,8
64165,8
31336,8
61396,8
140757,7
158053,7
61399,8
65050,8
22207,8
145313,8
22205,7
29870,8
7506,8
8577,8
3946,8
5899,8
8007,7
8579,7
163022,9
66496,9
12578,8
175157,8
61711,8
61712,8
65980,8
15252,9
15253,8
11538,7
61718,8
61719,8
12575,9
28775,8
24428,8
25915,8
174301,8
13128,8
64915,8
7401,8
117901,8
25918,9
117903,8
25318,7
18040,8
140759,8
6527,11
22447,7
164615,8
116503,7
25312,8
25313,10
25314,7
178839,8
61572,8
116504,7
166570,8
145228,8
166572,7
163822,7
166576,7
2595,6
18732,7
12615,8
2831,9
119714,9
13710,7
13714,8
3971,9
24204,7
60979,9
9890,8
61406,7
61155,9
61408,7
61409,8
31276,7
177206,7
9898,9
157865,8
150221,8
29613,8
61885,8
29955,8
25000,8
65702,9
120456,8
164680,9
120458,8
30312,7
64088,8
124678,8
31659,8
19557,7
2818,7
17180,7
154708,8
141363,8
148219,8
158235,8
148217,8
151932,8
6528,8
24344,8
149318,8
13623,9
2337,8
17184,8
12761,8
127234,8
140760,8
14083,7
2537,8
9919,9
178797,8
10361,9
64896,8
140569,8
25481,7
13407,10
24795,9
24533,8
16477,8
177884,7
11172,7
112774,8
9472,8
2574,8
14252,8
29984,8
2710,9
162384,9
16478,7
116895,9
61971,8
141496,8
25462,8
166583,9
61976,8
3170,8
165458,7
13365,8
4477,8
4476,8
118528,8
142945,8
6003,8
4678,8
4900,8
4903,8
4674,7
13562,7
140905,8
118046,8
13561,7
7437,8
177487,8
2953,8
162272,8
63959,9
24841,8
24191,8
162497,8
9273,8
65610,7
64275,7
24197,9
5149,7
10056,8
1920,8
10726,8
63769,9
124775,7
266163,7
156617,8
149089,8
129840,9
3407,8
27780,7
63000,7
174159,8
266160,7
12389,8
26016,7
7435,9
16878,7
28460,8
10349,9
25731,8
150306,7
166005,7
26004,7
12141,7
6311,7
10615,7
65006,8
6314,9
6315,8
2061,7
64389,8
3413,8
7161,8
64063,8
62288,8
133366,8
133367,9
163633,8
125358,8
113371,8
147817,9
175689,8
175688,7
30576,8
28770,9
166435,8
10121,8
65404,8
9302,8
10124,9
21743,9
164433,9
63138,9
5071,8
133766,8
133767,7
7241,7
158736,7
157057,8
133768,7
175110,8
3570,7
63135,8
4497,9
4496,7
9783,8
162122,8
17168,8
13380,7
116924,8
146037,7
63405,8
20983,8
162129,8
6821,8
120794,8
122380,7
2938,7
119893,7
176862,7
176863,8
176861,8
133506,7
114920,8
133504,9
108778,7
5327,7
146354,7
174648,8
10540,8
164679,9
14606,8
11896,8
174647,7
10549,8
14603,8
62667,6
62666,8
20204,8
63224,8
20185,10
65718,8
29300,7
115757,10
29304,9
14282,8
157619,8
14934,8
14285,8
176268,7
18276,7
137131,8
10777,9
30477,8
164543,8
13032,8
164541,8
11094,9
137573,9
30651,8
164365,7
178943,8
164668,8
30032,8
30877,8
8210,8
8213,8
29946,8
150049,9
8214,9
164368,7
164369,8
163978,8
6865,8
62064,8
24216,8
2802,9
12964,9
24219,7
2807,7
135986,8
27794,8
5432,8
128098,8
160658,8
62266,8
175067,8
122163,8
62263,8
6326,9
3365,9
175068,7
113093,8
160657,7
3362,7
29830,9
178548,8
10658,9
175660,8
29837,8
149437,9
63495,8
136864,8
178547,8
178545,7
8105,9
13963,10
31521,8
8101,8
4275,8
4759,7
66526,7
118445,8
4279,8
66290,8
1356,9
126615,8
2163,7
175842,7
8215,8
135484,8
5559,8
4860,9
9867,8
121199,7
11142,9
25852,7
15709,7
28303,7
3502,8
24503,7
25859,8
133724,8
140024,10
12559,8
122741,9
141400,8
113361,8
29164,7
8582,9
8363,7
64363,8
145308,9
144520,8
264388,8
114484,8
11511,7
163628,8
175955,8
15267,9
144097,8
12545,9
12544,8
113362,8
120297,7
5824,7
12540,8
5888,8
12818,8
150277,8
123017,8
123016,8
177528,10
15060,7
177838,8
61766,10
28168,8
165411,7
1974,10
25923,7
25922,10
25921,8
28765,7
28762,7
15474,9
25929,9
24436,7
22325,8
110382,7
155738,9
130298,10
2735,8
160961,8
19094,8
25972,9
176048,8
155735,7
25676,9
163627,7
6639,8
11550,8
23988,7
11555,7
11554,8
65717,8
60802,8
23450,8
177782,8
4423,9
28858,7
1440,8
141982,7
17715,8
13709,8
29165,8
161066,7
161067,7
161064,8
154739,7
4016,7
11399,8
160598,9
162892,8
151544,7
19431,9
9882,9
24720,9
61167,8
1951,8
65133,8
61163,8
2136,8
65710,7
65247,8
65244,8
14418,8
65242,7
65243,8
61212,9
25079,8
13432,7
62093,7
63531,8
2299,8
144009,8
61763,7
61181,8
8333,8
127481,8
25130,8
61188,7
148350,7
30727,8
61153,9
135004,9
13630,9
29074,7
1891,9
2328,8
157414,8
154714,8
13639,8
175513,7
117862,9
117861,8
157415,8
165361,7
65621,8
177650,8
3619,8
166142,8
117868,7
9916,9
7257,9
25399,8
21776,8
161843,10
161844,8
1117,9
127455,9
148772,9
178153,8
64102,7
63725,8
63724,8
63723,7
8873,8
31593,8
25320,8
148770,8
2295,9
138707,8
111662,7
24982,8
61984,9
24980,7
166560,7
31634,8
6013,9
106853,7
164408,8
174449,7
2490,7
4640,8
13550,9
2497,10
13554,7
7315,8
12895,9
116791,8
2259,8
17248,8
63928,9
17245,8
24853,8
61483,7
24856,8
17240,7
28296,7
111491,8
160282,11
62525,8
121080,7
13092,7
175510,7
10735,8
162489,8
162909,8
143974,8
7875,8
28518,8
28295,8
176639,9
64142,8
66660,8
63030,8
61047,8
9728,9
4801,8
4802,7
2783,8
179079,8
4809,7
12395,7
12392,9
12390,8
4124,9
9465,8
26015,8
26012,8
11600,7
26011,8
6304,9
6307,7
10609,7
128663,9
26019,8
13789,9
117768,7
14129,8
140736,8
62290,8
21232,7
179082,8
9083,8
162732,8
62296,8
63454,8
63456,7
8047,9
63102,8
9319,9
63100,8
62984,9
147868,7
21595,8
65703,9
10598,7
27988,8
14466,7
164422,8
7277,7
7275,9
176659,8
176658,8
22861,8
7279,7
5087,8
3505,9
8958,9
163935,8
119436,7
141044,8
13828,7
11672,6
162644,8
157954,8
2903,8
6831,7
162234,8
122514,7
64061,8
15087,8
176309,7
6839,10
176872,9
176874,8
14385,8
113419,9
155933,8
4645,9
14638,9
62689,8
112968,9
29312,8
65896,9
15350,7
5338,8
125234,8
174656,7
162662,7
1632,8
175271,7
1982,7
30461,7
30463,8
121718,8
144066,9
3218,8
11584,7
1988,8
8823,7
61095,7
8826,8
163601,6
176279,8
13041,7
166229,8
176275,8
133170,8
147312,7
122494,8
178684,7
29011,7
2817,9
266316,8
2811,8
30649,8
17982,8
12181,8
18049,8
30646,7
178939,11
30640,8
157862,8
30310,9
4274,8
264668,8
7647,8
6100,8
14253,8
151606,7
62078,9
8199,8
24225,7
7648,8
12972,7
119275,9
5639,9
122175,9
29001,9
7092,8
7085,8
61774,9
122172,8
9771,8
65973,8
20245,8
122915,8
29791,8
30260,8
66286,8
175654,9
161903,8
175308,8
6461,8
165912,8
175307,8
129442,8
29829,8
1743,8
31683,7
6497,7
1161,7
8176,8
15803,8
8446,7
160414,8
19965,8
31170,9
4242,8
175607,8
66515,7
4241,8
5520,9
5523,7
160416,7
5526,7
27825,9
178846,8
7922,7
160706,8
165177,9
178840,7
14412,11
24539,7
24538,7
14417,8
25845,8
23812,8
25848,9
28378,8
126296,8
7921,8
24537,9
164075,8
178443,10
5742,7
31037,8
31224,8
178444,7
5020,8
66354,8
141196,8
62613,7
4193,7
29173,8
11257,8
2990,8
61376,8
27199,8
12804,9
8551,7
15274,8
1659,8
65899,8
12801,7
23195,9
23197,8
65893,8
8001,8
140033,8
13824,8
6547,8
165179,9
24405,7
25937,8
6543,7
5254,9
161110,8
16836,7
4390,8
28194,8
63232,8
28191,8
25554,9
30888,8
143283,9
14192,7
13142,7
28209,8
8486,9
2787,9
8488,8
7849,8
148170,8
145935,8
1864,6
