180167,3835.30194599
61519,2206.64076812
19713,843.883481886
61513,11173.3125347
23999,1331.94451381
22461,1349.95161251
180169,2444.34053882
185569,286.743394058
13733,113.542214047
165284,17660.6510409
111537,2551.87127809
111534,1657.638851
111532,16301.5068625
166555,4492.81054972
4029,12556.4062926
177227,3143.70043332
177225,6456.24351031
177224,467.292898345
60914,967.14437003
19398,530.982975091
161071,608.241263151
5987,0.0
132644,7858.53443514
177228,948.830071756
61179,184.908286958
24710,387.643480266
19159,1663.72831309
160891,8169.63830044
160892,12.4604953881
160893,0.0
180562,2018.8589197
19402,972.590557798
127475,5806.24380525
25062,12991.9480852
65270,2289.72261018
277918,5847.59055312
150179,14455.8887059
183850,3.66429289386
165914,4116.18688631
142814,4861.64577027
22008,1521.83684403
149337,601.786130831
61192,329.643154602
142811,10990.6956921
142812,11689.7846527
6158,2.56372911501
12708,7118.57218815
164086,2653.8929821
13602,102.669816313
4737,2551.88362805
15350,17264.1811773
6791,8824.36416561
118126,118.732260626
2312,3737.41127817
118122,4879.69550235
118121,790.129572487
177313,5147.4134378
25665,10435.4437488
177315,3192.93182315
64879,63.6669026279
165358,124.528589763
140541,33389.0404117
166482,326.758777494
166485,1072.80861595
63739,25.9897156825
128581,625.889930199
161853,1369.57773303
25283,3700.12260753
185645,33.7166449656
22717,14957.8050698
184064,14857.9749122
138743,24825.6276141
25119,757.546584537
16705,939.665684386
179957,10829.9619369
25110,2937.02316357
184149,185.649712575
166733,1070.42271141
7993,891.463140939
140897,724.925973908
10917,479.493493558
141236,128.338455526
7991,4459.2729015
28998,10778.9551048
63930,1607.92517791
2269,494.257221979
63936,204.772362504
116787,2345.8643773
19570,9316.70507829
7881,10582.9044519
63938,2660.72365287
7882,15421.1196556
162254,5370.68700206
8551,404.636657114
20747,56.3839505282
124599,9002.82434964
17035,1057.10379421
2444,848.865875923
139804,6457.05092722
2448,9046.85935283
63029,0.0
7866,897.432443699
184994,3.03942596041
139225,8628.08475681
186354,24.0471695075
23697,99671.9766195
176068,633.33421722
24888,825.886542361
140982,3.29587743085
8092,974.688075242
138608,2109.44033347
2044,908.339571978
61587,3475.52195142
146659,312.623179458
138601,2090.49545293
148414,1119.26148043
4818,5504.6024003
163036,1848.78459278
148410,680.395743232
185661,113.628368333
6379,2524.08683867
26021,2257.80525749
64901,0.0604479321801
11124,2616.25620615
12123,199129.4484
124358,11163.4940176
12124,7953.86014332
10631,3570.2617318
24204,0.0
176782,96.0497166077
10411,895.055874996
162742,274.145882487
11944,10338.414518
133346,1304.46798948
63447,5340.22199592
165675,636.48440634
121142,436.719822485
160256,10859.1233025
160375,2330.85569622
160255,71564.0489946
63448,52.4763821599
135965,7883.58046204
16926,1844.29687749
162560,1599.24651677
8947,23320.8516031
22260,44763.3180197
164416,0.0
125014,4955.74663498
16929,25505.6749322
7260,14027.1505482
12234,31066.311798
63596,94.3313712993
12236,615.241077438
125531,551.583144184
139025,3989.47723398
180958,160.868793299
31674,2484.86244955
14624,6127.47684735
62646,1423.76744874
179186,2900.27525223
14623,2478.14997229
148224,3432.50951578
3851,2468.21520462
152049,106.929999441
186106,12736.6461802
10565,448.46554911
125240,10816.3362798
3394,696.414488033
176268,4880.42910869
24157,11746.015001
1995,5469.86029881
10096,56.7423052135
187406,894.454490083
30416,164.107859685
182116,1930.57989239
178327,272.161104151
182112,2096.824615
163610,255.063172941
8838,2579.47690186
138467,4801.59185957
147303,1867.91476217
147307,0.0
147305,454.590329991
8832,311.708783905
16671,359.386518053
164342,1418.56464875
30328,4638.64165718
138861,1003.35029938
21440,5847.68712763
29962,1313.82672192
30637,1022.11499107
29964,1.43492487958
28564,2022.26172775
62088,530.959230073
24232,4764.64507425
24233,1062.10616081
24234,3131.82077526
12945,2207.62867227
174222,3109.63723153
62245,3281.35094069
183224,15020.6945624
175087,31.5856198128
157493,93.5744554335
175083,696.513136114
13189,2814.42024106
137641,775.378680136
285536,21097.5994397
137642,2657.21737985
175319,89.7719728475
63462,5102.76099484
30259,13644.7523502
175646,1106.09162185
156383,2663.60438855
156384,1583.97707674
29762,3.82631276974
1177,1323.15917772
25069,188.056498317
1173,171.301521807
30740,77593.5893832
157921,161.249999954
13940,3598.10910615
65376,2.30521106983
31122,1168.43685122
31692,2389.92432441
23500,7266.93522441
160719,565.199090601
5530,17049.9707086
185618,15582.1086826
5539,2961.09924828
162925,2305.53282123
178851,3651.40090404
22861,40510.0034083
2061,28.7664335755
66438,449.843977578
11161,26.4657045952
14403,6235.07196599
29108,7841.53630439
178453,192.504142185
29433,197.945765483
8762,3004.20959516
29101,98.1372587269
7183,17227.9942585
7185,6395.51429326
7186,6452.0824418
66161,1157.9154095
8387,3854.64450368
8386,4165.20743109
61693,1451.02410056
185269,16527.4930626
127644,301.231917503
13839,76.9083621765
12874,5131.40483022
8549,4358.00921327
65884,2148.742814
23616,2614.73206786
8543,2383.65137859
8542,309.74388538
6573,2704.94090289
176591,1635.3586559
6574,2596.44433231
162699,3843.36071883
180193,220.778981137
61745,80.5502819412
27760,0.0
61743,2181.18227578
28180,193.632805653
130762,4345.2392207
7694,1317.20980578
144435,2353.63785477
7696,1294.32524447
144437,6105.86830659
28749,16226.8075472
111940,1484.79122996
126600,1200.86052854
28216,7067.39452398
28742,1464.30441783
25946,233.358110001
3835,8208.53124089
63866,6077.02279197
10884,710.207577843
155394,3944.13216343
155393,5223.39606984
4036,616.610022303
1228,5656.46868199
60902,6841.34900292
60900,6836.13921555
177256,2382.92153261
177257,3037.77448487
177255,9805.74095561
161040,5326.82593754
18732,4333.74198462
184442,1481.55989652
11372,0.0
160448,10.5195309768
24708,377.072728495
141178,20772.3108499
7525,59669.0321186
6532,3759.47945176
160888,58.2598560732
25056,2931.2779349
16668,6202.27565646
25726,441.728104755
30861,4931.38812514
189567,1493.18352903
12711,1906.54608823
141339,9366.34905984
12719,0.390659006075
184500,174.271652934
6781,21083.3044199
64708,6466.9926995
15417,59979.0883748
23877,19816.3206272
13619,21974.8615641
6788,8373.67663545
185006,13459.970463
4723,2428.315784
65643,1460.52610065
65640,37671.3153853
120048,20088.3752353
177674,0.0
177677,62.3352172344
4340,4041.5529848
11286,138750.675835
186290,1594.06289351
3203,75.046064334
21118,3001.04906163
177314,1015.12520627
183352,108.328313007
177108,1407.85521204
177109,126.123934945
148313,2546.2763446
16716,476.120426992
16245,3865.64249351
16714,1843.13762591
65467,2432.30143557
16710,4709.8529907
25124,93270.1204314
29264,10936.5958331
2271,2388.43499961
2270,503.425461916
14169,234.124582769
65971,5738.98464335
120134,15174.7661613
120359,25483.3273835
63907,35021.6009287
146140,3108.98235802
166230,1114.3261602
9248,4130.09773971
179084,8279.59234872
11017,1646.66070725
63057,2312.45322106
9538,2458.90569842
141846,1666.11171409
113093,4633.6830707
9242,23490.6883509
25980,4417.45180594
176070,1293.94667626
153128,3339.42160964
65515,1867.16498188
138613,10619.7082699
174390,6436.03208808
13289,1406.88082159
13288,2.03135239065
17534,3095.02991107
24890,28.3341939597
12403,8138.85866021
158414,384.85724406
180658,4782.8694843
2052,9.24787813377
146648,632.526187785
4826,9889.31256915
61839,3511.42400355
13440,4366.91755911
7982,8464.60724312
64930,642.127971255
26038,5817.58888589
7985,3937.22871272
64934,539.96635767
26037,9619.1607606
24096,14.9233727908
10156,814.951430584
10405,11048.8574705
62472,76585.311971
10407,1734.65807018
30067,14893.4116697
24099,12033.3618708
161852,2015.35788909
10390,466.485913686
64334,403.56064245
124434,7607.14856314
147849,2260.0391455
27965,739.097007035
179298,704.130141558
27960,4448.19525859
149683,118.107252552
24291,1612.94240174
1979,6355.62191674
14898,31.9526432384
176670,5816.8356312
18844,3562.38457609
150477,8.74670676486
14891,6355.06764119
164404,0.0
3594,8982.5870643
6216,7294.36582794
63874,7307.85839117
6213,3141.038646
148531,109.677611037
3082,6591.4176938
15708,648.149850765
14650,5786.49335047
9299,5260.52097365
62654,828.16810949
62655,0.0
179624,851.36264479
179621,58666.7201036
62897,175.126616436
62895,3294.66706716
3231,1982.73145141
1968,140.05698907
164572,654.426157501
3238,3048.27180931
175523,2351.92674944
1611,0.0
61398,15347.1054347
179534,2459.52583167
2999,5988.32701384
165856,10713.518633
12956,3387.7339864
2870,2804.3764168
12950,405.489522837
179058,634.051185872
142748,1259.42312891
13782,38.1603512091
160661,3545.54043202
160667,357.230096667
27810,770.862551591
122394,18264.1377076
160668,5519.52841495
3358,16597.4209444
164756,21829.8462496
164755,252.653736466
174236,3167.4640865
5442,0.621005984438
7065,27806.5880136
7063,8275.16374998
13174,202.24467744
147204,1633.47772651
30539,3916.22014578
147208,1771.01513489
29804,3774.62595238
64997,534.343776657
264509,432.995620044
12482,56.4402123444
12485,3633.84993877
15459,5041.40940826
132482,2381.35689442
8151,3429.87981744
178868,1528.21061276
179841,17745.088239
179840,25911.4795877
179843,336.713462453
184057,4586.97234212
178862,11006.5401131
178863,6337.38976809
178865,385.330261238
24396,2071.93628055
1545,256.894706085
11115,1549.1211005
14477,916.547716888
183528,648.489223792
66379,627.341435923
166639,8751.30726788
144640,859.668504346
66371,0.0
148950,329.504894862
31751,3023.37187103
31752,294.000455757
109186,8320.28086335
31576,341.041704211
66155,5502.93506554
185276,2384.78379054
30222,2692.35551878
127383,0.0
66158,765.598238607
61685,2145.53636991
8539,377.670277204
27776,2294.25785216
160471,839.43008304
160474,15275.8459257
12824,1307.76846974
12825,1148.64724317
190959,42215.9756818
7883,946.869814654
15291,509.164140508
133825,907.183096255
61759,6214.50092722
66085,1979.53765707
14503,25.4439899062
6565,958.855036817
28206,1196.68160236
29607,2456.90936625
7685,7295.07143649
5475,1631.52421031
7682,1522.65958379
28733,2483.83266665
1380,444.942761566
1382,301.027290961
29609,142.616189286
10332,16465.9155669
160989,658.301215983
180145,0.037037037037
64356,3697.7030931
10420,990.615736655
177924,1081.54777829
161056,215.167824535
161055,149.687459892
8440,7433.43632253
24316,1784.41478282
109079,0.0
11566,200.55723133
144356,13340.0965717
13990,42026.6123611
9258,427.053563546
160505,10142.3438188
115876,3759.25677578
160503,236.320843094
60931,5738.70744841
11361,1872.94226868
61356,10925.0150432
61350,1259.00197353
62516,850.537345585
126496,5883.3834285
129840,65.5583409344
28648,555.647721203
21232,13645.2511143
65218,751.702457758
9899,950.89556865
19355,821.321031081
19605,336.55268235
25737,1669.48770864
147183,11436.7587703
63847,3731.56698856
114698,1289.39836294
65180,58.7568311503
30877,10407.6419232
184514,27745.4363209
4759,1331.49654847
64857,891.259531938
64850,123.025058126
64851,10949.5584062
64853,20636.043342
6774,2262.53569903
10984,3992.71051687
140529,89.5104382222
10981,5431.22801636
10983,3995.92483968
117901,2076.49112583
5870,158.219781171
65850,0.0
117902,40.9745387898
65676,10682.5903892
60801,16838.5525849
11291,13274.4233376
11296,314.875373334
9969,577.13318188
65671,1507.59359114
25236,2043.9451874
177111,1294.76662934
177110,2000.18157012
177112,1015.05435259
186288,6924.32350768
137602,285.269750214
16957,2053.28280732
25138,5.12418792529
64103,1981.44691147
65459,8223.0
158563,1929.46432291
4632,2105.48097421
184604,7913.53510267
13526,19695.5330531
260779,6576.41277094
19911,939.175362207
16721,2605.69760516
149268,2277.26917402
64584,836.065995596
11748,1826.97069446
165934,6860.15706446
63919,15608.0967629
11584,10337.9775787
161909,11248.0339709
28195,571.740810706
11580,15916.1141473
63338,23466.4614902
166593,14627.0923913
25312,167.014544598
166591,763.113775762
65630,4804.40623768
6008,6743.77380743
138662,1588.89680594
121382,555.539091293
121381,516.541021939
7849,1155.64125665
16832,8691.00908107
260893,2419.80000326
63687,4078.27957931
153130,2164.48894513
64030,6032.98063895
4839,7058.31926953
6357,2175.79998391
16790,2942.13259293
141459,209.755126817
162585,2602.58217129
4523,3757.3133674
13453,27077.8178399
185646,2576.09975153
6194,2217.85202119
6196,4826.43120129
64929,0.0261288679733
162349,211.669292644
162346,2.3232207978
64925,1727.29929737
11636,5666.5377638
140983,744.188058751
26045,144.360633024
9346,25899.4095097
9611,29106.5555908
13657,24.0283474719
9619,0.0
13184,3588.42668475
64327,114.489850037
3532,537.40845605
175404,1587.68762989
22815,3141.82620558
10364,368.235365757
160272,7620.60693749
2049,76110.4295262
5050,2488.15775886
20653,3141.37340393
135788,563.667945311
151928,138.344895389
9411,5114.65755183
7203,2418.05274123
116104,3014.19335017
7205,4385.55476696
6223,3299.00126102
63863,5325.79044392
12216,8303.21597056
12215,5452.08959546
165845,6.38251313695
162160,4285.70065198
16401,855.939776366
21743,58.6369991434
160183,4112.0
160181,6542.37844825
18549,1992.37850188
178015,6025.93237128
264708,7249.48189877
4476,16423.406826
9761,5808.57246104
14084,5426.89295837
186129,6905.87412752
148390,374.754083226
62317,1489.18902895
122015,1002.6872021
10504,139.573097504
13071,2238.86725936
24171,1885.41247523
164506,4346.0772679
179299,6851.5588542
7331,1709.66431915
18364,1278.40353906
1976,654.357746794
1602,11791.8053101
3221,3633.46632009
176229,830.315515625
175533,949.058139563
6375,1044.70773405
147988,0.0
8858,7888.67468447
2163,2933.8923074
62797,2454.9446994
140044,483.867637356
138402,3184.30791498
133328,5031.11728025
8850,14.0092309044
123720,1222.35457998
12926,12675.5036083
178676,3198.60900029
14418,1525.77530547
30188,755.88172522
187722,13991.4328606
14269,0.0
10213,436.139649094
10187,3693.46757075
184046,3464.62494501
149477,10938.3679342
1773,283749.457056
62221,246.732089592
129438,625.393886828
178973,594.576849112
112111,97.4109236506
112112,2732.14035002
24731,18214.0763229
16785,8565.57801947
181036,1525.82202365
8148,3736.87820532
178870,4627.26007591
6994,44.3177932131
6995,474.117809245
184281,7795.31770469
8633,54.8607685131
61418,25.8076131186
30293,4060.29205563
5518,1461.5639417
28022,4277.29349309
2807,3275.30541413
24547,6385.89642976
19428,1171.36461429
30298,4074.49472839
108449,140.965799757
184040,331.903711863
162906,616.818940794
162907,7477.68922724
106418,2725.11992233
7346,349.660383518
66366,15507.2065654
1554,0.0
183554,1779.44105858
10386,76.5324792004
28340,1511.07289033
2991,12735.2461016
3036,3643.76437086
183559,1.89419471575
66368,2.84718075047
3031,7240.27287412
187653,642.619094943
31587,3489.30075806
174118,1191.94862065
174119,465.80432441
30614,1030.05943281
30612,5962.53471039
31748,13122.7968194
31744,2455.83830413
31214,707.672723826
31743,17284.1320921
30618,21.8242763883
178704,10037.0909019
31564,670.277866563
66148,1534.58751847
126718,701.926871566
31560,814.644045461
163983,1138.40941986
118795,1723.05999809
10380,1810.18552116
163987,849.712433609
144567,806.237919165
25896,16224.9535062
9999,20227.6843988
17724,3966.36756947
12589,5920.28288943
177871,1088.79414055
29129,116.684075247
178493,36935.2370621
178492,368.370950049
12850,1707.24136171
12581,8569.17038384
28347,7063.08656982
5608,3703.73909527
29901,0.0
25964,557.842135942
212340,419.821995385
29900,6204.03025479
66098,487.974168101
15092,3059.50089514
151161,12.4537122793
15027,374.186504348
161120,1483.74942076
111961,0.0
105538,100.400766901
111965,2133.84222139
29634,42.2689641916
1397,591.293303063
9325,1749.09678793
1393,0.0
1974,6113.02937741
183606,2816.29154682
3813,3529.07419267
127282,9203.89173028
181104,22875.3171712
22650,279.15425988
183603,1883.40217316
3814,895.23473497
160991,16000.284152
110566,0.0
180150,0.0
23253,36.2574944549
23252,3590.52041921
8455,488.116936086
184465,2500.70751617
109084,1648.49251677
15337,177.432058704
15331,863.811884747
176701,55.9747266203
184263,3704.66573134
165742,6715.59712972
122263,14.2798778182
13200,4060.84040786
185396,5380.79190561
12458,0.0
178848,1574.3893407
174115,3090.92963866
61321,1508.14232484
7549,39.4952015351
61325,2922.97806755
31368,910.259707166
65872,948.674657312
31567,39.1363695817
16641,11640.7520748
164411,2716.7082502
154595,105.073877088
8030,3545.56677589
64821,1569.94149217
178703,2250.66926847
166458,3677.43607788
6768,12.6440038357
23810,1576.08659301
4740,5449.54634387
166451,5051.15613024
189491,9806.39792455
24617,8247.2858999
24610,236.363269857
157074,4474.85624943
180395,2008.64480708
150562,67.3697365839
25633,68155.2556995
25632,922.154053523
5862,3040.68231274
25140,1177.92098745
65444,2215.57108402
177127,4263.87444737
111491,2688.55277094
64132,311.733304545
260408,319.587006278
64130,23.0848657262
124634,727.786617961
64135,9624.73321247
184673,3310.75104459
184676,3631.63818608
22729,1059.4005741
4608,7254.1078154
2184,4853.52889588
4605,10074.8247631
4600,1044.43588955
13510,29735.0435628
177872,1345.10613889
138126,262.2063359
158354,14212.6167668
178494,28.5525711241
8579,494.377473219
5606,822.297361257
153728,9589.46722001
165924,169.380775887
137611,886.995151342
29127,9956.66247959
166213,130.18556091
121974,1459.60928671
6130,14950.7210712
5600,4689.18522997
254399,2962.67895074
124254,2250.25164039
64004,4796.3897807
65406,13693.5786856
64550,12.3969330086
64552,418.74317099
161897,19886.9495372
6900,1400.30111592
8599,16.4878935914
2436,639.254683961
2435,12444.2024127
140761,1075.63880424
16821,5687.79611319
116772,1438.77880029
185654,1816.16598997
16824,1136.44979686
3761,5068.75431352
23577,407.279620876
65532,2575.77795037
61811,1306.62907701
141469,1760.59426598
25095,654.917923067
6346,479.697922497
4510,21638.807169
62640,206.229827889
184702,522.680815914
4517,24208.3017795
184700,5401.34233369
11649,3611.22244402
119493,3881.30074407
162354,8144.82621792
17195,1079.43878438
2504,16612.0419449
11644,2068.23201019
141913,994.66093055
162576,1334.22553904
9355,274.846198924
9359,5542.24134144
5284,37.4407787658
17173,1426.98707453
21241,264.691688453
5047,9.68779407386
5046,2916.91814409
10374,3150.16353635
63417,651.434569719
63789,404.3975011
3785,163.026345076
63781,4486.9003189
16910,69.4782283265
163771,428.580376013
163772,358.319438438
105346,55360.8531434
6239,29646.0215843
10777,1591.61592278
4990,65174.0247379
2290,15794.8546799
10567,0.0
12206,2260.80336414
141001,564.899567694
12200,135.520769928
160742,100.106660059
63892,24031.3164108
125276,2780.69547757
125274,35417.6803494
164680,12928.1364103
186139,14296.9432573
10519,1999.13594508
9778,2457.15958716
9774,2497.05956424
9777,2715.01795989
29353,3151.25301374
62302,112.060011938
121759,44.693219364
8867,479.862318174
8864,2539.24268411
179288,6659.42679063
9289,2753.1571337
176235,35.7219972006
182383,1546.85411686
9284,13488.8073732
176239,1152.2911936
175503,1285.89877753
63099,459.647890024
19150,1863.34192397
162770,1732.20171063
146119,470.929273472
11914,279.143237647
146114,75.126519819
2859,2651.90531551
264418,1244.82522586
264414,1327.11650824
264416,62.8436848409
175263,5139.04575559
162825,573.409605736
2856,19750.7681484
14219,3718.49409995
3336,3581.05032117
10200,67.0785625964
108693,11.5208919272
187714,488.544541945
160684,21999.3404528
162385,1626.87881298
175342,836.767120993
29755,3646.84910352
10195,1354.83215198
1704,6427.47704096
29751,3803.33471433
10190,11886.6837128
61971,11400.7004119
174744,524.225887631
14182,2368.15520177
62236,714.556801681
10198,478.762003758
14186,1197.61336797
15855,1010.17601948
112101,1451.52813877
29282,372.314598063
184885,64.3779775696
176523,5108.50976044
110533,9288.62099941
178803,1595.09226744
178806,3023.48060396
146607,1845.07526988
30990,7852.94340766
1121,6441.78168433
8606,17740.2047615
147349,37.502594607
8605,2171.56429294
14324,2570.57491603
106404,2865.08449803
25880,38.3634171185
25882,87629.4194957
184070,233.650416453
160912,205.731000495
15101,17173.2288759
29131,8955.13908281
17982,1399.45452735
29133,17140.1958265
24379,271.745227048
24378,995.306437275
186715,4240.04320907
186714,15448.0503852
3650,7802.52386521
3024,3258.43423145
2986,655.120625477
174108,0.7523529271
157354,921.947897895
29910,1501.26096139
137230,2166.80115109
137943,234.839336182
30354,36606.0660983
160990,37444.3784516
8734,455.099365659
183388,2408.49367325
31775,709.353624076
175983,154.913151815
1234,6720.07990789
30778,195.97956646
8515,498.652191516
1230,5787.8586682
4199,23391.0970804
126721,22796.0951333
4194,0.0
12598,7658.07433384
4193,5260.88844187
175966,1169.93116568
5671,7602.3824676
192856,389.775694337
137874,1882.54234362
12840,8594.8474124
4351,3070.47423925
4352,9337.3323146
28717,583.769272884
8457,350.417045998
6509,1637.57819014
145977,7963.51399346
31489,8309.3513733
31488,10952.1597414
145979,16577.3136481
31170,32423.7685
174567,1256.77141222
66228,2181.07839831
23062,94.6704383894
139665,0.958244322607
111976,3603.35495781
24283,698.93614448
180363,1609.40820894
29621,11708.6124792
64690,1594.80825776
25434,27859.5993196
163887,4178.14613462
61028,182.414924718
183612,0.0
3807,106.146190572
3806,39.186535344
8463,3266.56182015
143689,279.300924102
11340,1006.92065951
11669,765.200136337
11343,8719.1887311
23714,9640.95286871
13561,232.18301323
111779,1728.60420144
110685,4035.61608591
108306,536.379276818
184603,1718.72137156
6435,2008.16377405
12445,1036.88491328
6433,389.642097182
5709,5494.52555421
184256,787.467135318
12441,22680.0500731
184258,4070.88150559
185380,5127.67597797
8199,4586.37953523
177267,10525.2573942
177264,926.857861203
110179,4547.57952807
177465,123.061665331
61338,5057.01835099
140033,1101.83593608
65417,441.56454003
31392,1503.12538028
177287,716.69392768
109926,4063.91159335
185119,987.906637092
165798,7764.76703297
64156,4451.70256558
13646,327.212384231
28866,33408.0100812
4771,6483.51990929
13988,4972.64130276
137704,3178.854953
165640,48.8472705675
23809,50734.6469787
9155,17193.6855905
3062,12650.0449466
24843,824.970788288
165649,4692.50516139
166443,2850.62232247
65838,9946.23225442
24620,4288.59142163
65831,23834.0505175
25623,330.733936502
25627,4098.34358694
154039,1349.20017879
25405,2775.85439691
25406,8.94324892878
16748,16972.3046446
24975,4198.48573503
165746,65.6109566263
184660,347.483087381
12053,4156.76631802
130200,1751.25125881
266315,834.770105088
25396,7032.19425111
183945,18567.9053217
141278,2213.22582468
158587,2852.96838591
13570,371.108075653
13505,18.5426745545
183942,1130.94376753
28769,4159.22335669
161924,892.648228943
160207,11415.782055
12691,4337.91601218
151630,374.662360322
2222,2366.70747187
2220,15297.9614309
272699,35390.2879104
177734,8.54799052045
65235,571.082039748
165264,620.358188296
151632,1348.06227631
10832,1345.03489449
64630,3614.48326388
177739,10698.7533575
150139,234.330593586
64637,1368.83480515
62243,1440.99058407
10305,551.23414864
66697,270.69787198
63927,3659.17455267
18241,4515.97774243
64549,3252.35716606
65548,2405.9908319
185620,1078.57941192
62169,1.99470488782
19807,0.0
25579,84.7978564288
185624,1195.9795126
63667,312.685093963
25570,24743.3390099
25572,1746.70859535
7824,1061.19238497
26067,987.826673169
117868,2573.04414595
166061,1168.15361084
124394,14.0157639756
25088,150.157953842
26061,2341.4536321
117161,1537.15571571
184715,6308.71148382
61732,13468.3216648
184717,364.670112835
16698,32271.4181681
2086,5680.29922677
26069,4761.04668888
161813,5740.46966622
3342,3336.7105607
2538,2618.63170789
27794,2594.43569698
161814,2003.01702658
64942,8750.48066943
148932,465.737110006
2536,1075.84756187
11657,135.101689338
153028,5244.47149721
160213,4066.23274512
17762,8499.93989053
160211,31.3425802832
160216,241.436118995
29968,30318.2885071
160214,176.742374743
174147,174.19234839
107446,14.4022779609
11178,191.071482066
105574,2136.83503013
8987,15.4635089508
7951,19.2595707765
149070,290.870188502
64304,591.656595546
5073,247.49655681
64306,2548.8573386
5071,1613.24490489
7447,354.427753893
64302,2017.4920967
63405,1719.33494159
63799,656.724224905
1837,466.352545795
185824,767.472871718
63790,2630.7003561
185827,1167.73236849
185532,2409.18733565
185821,199.177749893
116166,5613.86513422
2154,2689.09202433
113530,429.504430378
122921,2804.70296788
2150,666.060882592
2403,9516.7725438
4145,2745.78881143
4988,1876.15014745
10740,10829.9298092
20904,3143.59914325
183920,7624.21043662
18560,260.008925842
62686,0.0
65610,7158.5387388
1951,539.408168885
160329,4932.64843525
152249,1261.51605058
62330,4919.11416469
30255,923.728519444
63538,1765.80891708
61900,12.208280724
8873,697.620913395
61903,98.9053281937
63080,994.866839951
7315,125.423653756
164663,4031.22630334
24113,576.076253813
120877,89.685920465
13092,3829.56831669
3246,3447.32140449
11903,2381.5193663
11032,2694.1980956
179739,1924.57908915
136648,2348.33489531
179077,7262.10061232
176954,908.164958661
12909,98.4715730869
30161,1813.05191768
112007,150.295807813
179700,8033.93983199
1820,2806.82334855
62755,9008.80241777
9016,4970.94883967
62204,368.825837897
7034,1197.3933162
10236,4443.90348857
10235,983.220252162
147750,56.5073442641
5496,2269.20806186
5492,2032.90154266
27823,151.969809279
5252,18687.2078578
1712,2771.32498657
5250,15093.5387893
157217,6513.86679235
5256,2717.42102202
21503,2842.23278499
156613,1870.59529833
31881,1615.28501655
63337,0.375902995054
157218,12629.3729715
12141,22621.4843549
156614,28.9181165919
13710,19701.3801135
176558,2367.04314796
12140,6429.77186848
176556,35.3554564659
178811,766.834877228
119316,2.54241469998
119314,8551.01822809
178814,648.150453572
183283,49572.21373
30647,1434.17261934
6315,171481.812107
16981,19826.3718119
184068,11576.0014821
179818,3610.19345939
179819,44.0776672291
28410,6191.59087283
174485,2809.14478429
179817,891.588189164
7781,416.753311996
31764,1284.29976875
122211,6725.7288607
122212,4.50283058098
62110,1380.41230427
178995,6283.55582069
7146,26423.2330537
10999,148.964235396
183570,12018.3463557
29382,1119.79649517
164652,725.581286543
29386,14562.3853418
147340,1995.78753094
29435,676.462667188
183377,1747.20046839
29389,1224.05316663
1004,14233.43502
143640,1089.78608028
114880,119.253271357
184392,53808.5580086
183593,4791.71519623
28380,534.737457821
110760,892.696321986
4186,513.072788884
30384,10756.1471752
179925,36.9960616417
5667,5391.2203033
147708,27.6827669468
165123,2935.07912087
10991,7820.81119538
175978,5176.88512407
4341,10.9296553677
118577,23045.1989661
180711,8960.09783591
28704,1855.31171955
2884,43381.4624849
189490,1793.72840193
14535,791.944151072
2888,6261.81404794
133871,3077.27098928
174393,126.624684054
11012,38403.511083
10793,11849.6509986
150201,3641.41613926
8611,17185.1502486
24293,1094.51175166
126136,2586.61513074
22632,310.160550567
62016,37608.0208864
163893,744.842223902
145701,2467.46458241
5783,491.638745241
144383,1409.84043541
66059,3.62989644948
26520,2237.22846062
8479,7006.73380634
8475,1630.11472813
184487,37034.5536028
161000,7051.43774621
7566,815.677530113
157117,3786.633704
12471,86428.2294411
150838,8808.32694644
177921,15393.1463887
150837,4225.15176706
12478,455.302768226
119173,1152.94979752
177925,6656.09696417
184241,7888.07285539
61490,2077.37582036
155616,831.516461395
61655,145.948667987
28675,157.822343126
61656,701.979269515
145367,3033.66675286
61302,1061.28656799
31381,90.9527295032
3905,6655.83315004
145636,381.345878004
11228,59032.3924323
165785,2940.06248418
180229,4112.0
180228,8020.79078667
127179,73.2087984655
28877,199.497391921
6742,9954.66678577
177124,967.98784863
165652,4459.10765193
120774,9852.93430934
163948,2364.10806554
185289,945.511224657
140043,3775.91412486
140042,2017.16992703
3278,364.49749857
9954,97.9826232927
181445,3852.86102557
7368,311.802385541
64794,6193.53111107
186683,1893.8399352
25167,284.334491436
25166,2285.88115544
157954,2747.20494679
63138,1857.77223012
181269,17035.8491323
174136,1561.08891606
32280,174.19234839
16597,1326.34483934
17168,7577.90021592
166789,0.0
183974,17016.3272847
184652,244.140976516
161952,739.748187123
161953,91.1827845159
174135,12954.9284523
133764,164.291809852
12689,56.6564907153
11796,3172.21721017
2237,7000.8880173
65220,9613.39805827
186898,24864.8592006
176760,3425.90846086
65226,8821.75631895
158737,0.0
65228,138.799979647
65229,1705.15143022
175111,7488.86720793
65958,56908.2127603
186893,35.6622969852
12189,1029.59961959
3497,1029.74516348
20847,30824.6546346
25509,14614.9501502
186874,910.130699702
1633,13744.5776068
120193,9550.59528345
13406,374.085889925
65552,60.2965860593
4579,1241.08793379
63651,905.005475511
63650,952.318280796
65556,1823.01077168
65554,5564.95641422
26071,18355.342833
16188,2275.02560507
16689,2871.84008779
61870,1387.91656653
30651,1109.8617984
16681,3748.36224226
64979,1335.24016535
11465,35810.0160337
24965,7980.09632248
4494,17201.4504648
28940,2234.53119874
25389,12261.3129229
11462,13668.3933921
65689,4395.42787802
154056,1452.54512216
134932,14638.1377247
27920,574.518914805
27925,2815.45051035
160204,3286.31966385
162559,43240.1611039
10353,55.5528206666
162557,26959.9566067
27928,13871.2662887
135425,6151.58830321
9372,1032.54656057
62922,996.258450013
4885,12744.9799722
62921,2167.65695262
17151,19700.4636846
17150,2909.82350127
102696,2205.24531779
158743,2890.29602097
158742,3060.68560004
9173,4448.92759313
9171,8404.4014765
10685,0.0
182387,6865.43276701
25186,3659.41519993
25181,0.940353931162
25180,256.316524025
186276,152.178610674
186278,16100.6841469
186279,1287.73240229
185836,11801.8743818
1823,1208.37822205
190567,3663.13139351
149379,975.204089576
12262,18285.9399051
105365,2586.98534001
4498,362.837831457
12266,2635.14155852
4973,391.454888696
10530,9645.49619655
5395,167.797118137
122841,4979.62074678
6110,18681.6330111
6308,7413.82266836
11805,511.542023507
1920,64.4381350515
11300,48.7895425715
63501,46317.1978221
3275,1845.64574452
1926,139808.300102
4225,537.610648194
160331,4251.81586329
9715,1298.729099
157118,22840.5453867
146137,51.836781597
185703,4001.77191132
124046,4695.95572825
62123,5435.90370918
116029,1739.92901901
7366,149291.194415
65886,2138.51349956
6829,2144.26815998
176725,231.619917395
176726,1641.62877319
112876,5839.84971196
161798,425.786807911
161072,171.709773163
30175,532.142892521
133468,1579.0706851
30170,39073.3068082
12915,145.60038806
7022,30123.389631
62213,643.402423124
62217,9.53660118592
3310,581.313216939
147453,10096.2838739
10221,765.810929885
20029,955.860323179
29733,1533.22725218
140194,2888.57143614
9393,3270.91478217
184287,1980.71284081
1728,18080.0453886
186084,51125.1896963
5581,21595.0226011
1722,17361.1669344
180822,1234.90799736
176899,1358.19803512
4383,308.665751565
62745,1484.88384588
179666,9819.76727058
176540,35.893519352
175163,923.660605882
147175,21083.3044199
178538,223.036672465
178539,240.55640728
115121,1029.42414633
30710,4679.99275422
30714,1035.67804716
178531,3410.66906173
7799,40885.0887346
174490,1334.55471505
3007,22.8821143312
18358,1613.7155485
28629,14949.1188329
14304,15.1420672544
14309,115.357718381
66504,2033.75943142
3144,27125.6558076
174647,146613.979187
189860,361.287095712
186437,1460.51684326
174169,12617.9615599
24352,2333.07542404
126036,6116.61398556
24350,1082.1253604
143356,71706.727047
4409,523.997782509
143357,9844.69896137
153813,12252.4755767
142251,23.3739746552
29930,1.47819039451
183366,217.437947914
29392,3625.81968795
7691,4273.86761821
30006,3187.7457107
30007,465.769142728
188155,3.14466515108
183581,4167.96476965
29613,4917.34782131
8068,46014.2126799
178752,1230.08555147
66235,1606.26085408
145552,2139.48029586
143421,1565.31619383
8060,84.6142428063
7486,277.437360856
7481,2082.63409378
132518,8445.43127765
6529,7701.60416131
24032,14748.6142137
8266,2213.86011858
150937,2022.93868362
30398,6305.19009267
133869,19109.3358214
133868,3944.71940362
174389,2800.49088657
29734,4432.00525671
11060,1442.30509782
11065,1484.5515615
23002,3076.63853936
1104,0.0
156153,909.845919133
31629,313.986544652
156155,3605.8191965
156156,895.114288982
156157,3149.12473749
183101,4967.80012911
254096,1088.56035937
17890,1667.47276291
28967,4869.03701424
174541,1467.06124306
66061,5653.14089508
114524,5946.29409017
129823,52.2817784352
66065,0.0
4087,3471.68315698
3863,1291.89359998
183636,2703.60434268
144396,4001.16964191
66592,84.4650156804
160541,213.984411816
66597,109.123215329
177930,70654.0905114
161013,2018.19501693
23220,2753.14275466
160549,717.926069949
23226,1871.84990554
16453,4336.22407786
23224,907.221535505
161014,10074.3621247
160785,7.97824357584
184239,1082.31866471
160781,389.061994385
19137,1705.48183155
5723,1.19398540201
160838,2766.64129426
6416,997.172449621
6410,3486.48662055
61487,2210.60290524
148170,737.70022505
27828,1284.48244178
7772,632.783996503
66446,4649.94352228
180030,2513.11001659
144559,452.993403138
144809,487.487395863
2136,18382.9725655
29955,1433.28541624
60992,1981.94874769
117768,2265.83268971
14938,357.440195987
6733,7814.89310342
166460,2058.29535101
137131,129.142664154
162457,313.876310744
5835,16.230887044
4156,862.777488071
61815,1030.15823252
11259,6846.49846769
60846,8453.44537564
163930,185.511918611
140073,10.0562087545
8402,7.94304764971
163935,5911.27140471
61004,138.344895389
165468,134.263420636
65036,4592.7332248
165466,2921.35106064
9921,1795.09201192
165465,2162.92845825
28119,2954.4051877
28118,984.028800803
19262,31111.1504765
162459,2444.10500316
64784,1724.21291335
22772,1686.8664
141460,590.8184599
65491,8805.09235772
25173,2107.63470085
16763,625.336544982
164364,630.90265513
145049,49134.1416421
141462,14771.0388784
145042,892.389977242
178943,12648.5225841
12075,4432.64054509
145041,1931.62390788
145046,2930.03014928
119574,17030.7319283
140672,405.592717445
161942,26906.8484189
6649,1082.71934901
31843,932.793512952
31846,36.3371186034
10813,18310.5395866
15087,470.287858145
165209,5415.09981736
65967,5899.63229618
10816,3382.2228404
25774,9535.47378376
185908,383.465045589
150481,912.574570284
19318,32.4207902545
184449,4785.38979708
110164,3492.45527416
63640,5.96329829499
6310,3662.28091493
63643,730.701941148
24825,4120.0587004
184157,2071.48220883
12559,6799.93233788
23812,507.670378561
11099,13.0657091832
65765,222.827170932
184735,485.06064112
4560,1189.64009456
109826,58.6414561999
3647,4112.0
148476,1513.21288497
29942,474.207229222
148470,5260.5057591
11670,149.347617811
117141,3899.59414175
11672,782.788449149
64480,29405.0699844
2555,7.49206327816
2556,3093.8911813
28460,348.097709895
2558,5167.55809311
141389,21566.9208027
12788,2079.99402729
165846,6648.75417157
24912,1423.58350488
2393,5047.93014948
2390,168.642031601
12785,10.65989717
141384,37.7778465269
27932,553.481307379
63422,6407.31401184
11376,720.067339989
27936,840.540732985
27937,1790.4759906
5018,40.4091996884
2771,565.666093404
27938,2555.49659049
27939,206.403860304
160232,12792.0985842
160233,50183.4323849
2802,2306.35821359
24021,63.6834874702
17148,7167.54774766
25201,2.24041722222
17145,1036.69813522
7977,654.155395059
7970,1784.7464534
6266,6975.87738612
116387,344.358314454
16781,1662.26545232
12252,528.080488055
12250,8094.35948138
176404,8904.12756157
118223,137.596355699
6268,2063.71646275
185517,30560.5643406
119594,403.558351831
6066,13868.9946871
125601,1906.11044079
2176,0.0
125604,0.0
17095,2990.8320056
30016,7.03741479216
7526,10309.9856216
122902,10290.842605
2606,4758.69925717
24463,6799.82908242
174160,497.122507091
14822,15338.3045282
14820,1488.06820205
113269,1902.88343745
9728,109.048508011
62826,2653.81295079
61574,480.417336786
10787,20.8866205873
62592,2381.52514269
62590,4120.79620916
10035,11351.5436511
5125,505.558001602
10789,0.0
10030,486.200501196
64218,290.815264095
3465,429.98217585
61069,35736.2180419
29011,782.363885596
63763,1111.08283139
8898,10652.9023858
3980,9855.82148718
8892,811.940450422
3469,1118.78662449
177882,7942.72188472
11929,4709.23240952
12321,7564.91112696
186087,1226.7394397
31718,565.040301604
64891,1276.82693019
11923,1131.94076919
11925,4484.41068348
141720,3682.73176988
14954,0.0
7154,4364.65527767
22829,698.375179092
30490,3112.21578226
30495,5692.96046164
30146,9731.60790477
20338,206.651568115
62553,4021.21698534
25357,3966.08729855
142391,423.259213731
29097,481.035732671
108664,2224.56681423
1585,236.186551335
186671,9939.48558473
27845,525.619356126
29921,975.509849547
176572,256.171711483
164255,965.411245949
18699,772.586800243
9216,44.1410080137
29705,44.6051856258
61676,16167.0995888
5234,23116.0106815
175376,1648.1859955
30540,116.319559934
164494,0.0
158791,5979.77303685
176375,3749.99245302
11811,7294.77569566
15803,1732.71580391
11819,5350.4396364
176378,6515.8168075
15153,1043.74208279
29894,2564.81666027
179342,26841.3785053
179831,4911.70918694
4645,8714.14849671
184009,4303.12336254
137373,6377.32084979
162941,613.010171486
109930,28.2183349075
178834,2209.17635093
24344,7715.05834869
3071,5563.63506012
28477,1817.6319435
1598,28018.8406218
176479,525.446947552
2953,0.0
31702,1383.3875876
31703,2498.52136841
111000,30611.0656725
17795,312.859692246
5342,7.97824357584
7163,0.0
126020,0.0690551661932
143668,2583.68159381
178633,16696.9607357
62107,9133.43011812
186180,57503.2285203
137573,54573.594433
30032,12841.9970517
4367,1417.29924199
1209,19781.6705732
66686,79.3146212656
12895,4962.88296985
29466,22890.2122032
31521,1645.25916441
23107,2224.15324913
1210,3063.2020545
144010,114.446668744
164109,1353.46121811
18037,11995.2172071
162733,4387.9691143
175955,58420.1550692
3424,27823.3823381
175953,2320.04566348
8272,1804.71356375
183580,831.693242768
28278,6125.33582345
2002,2878.49111711
66210,609.144791061
186451,7913.20002894
22817,0.0
7911,73.7195998467
3107,1805.93294825
162894,4659.75456498
30727,4.27990308823
12868,6610.9064669
175007,1823.82266128
175006,6837.33311038
1117,135.603903784
8493,8893.67057855
114956,3083.48588092
174531,22640.0744632
174024,21273.4487133
175008,3187.77343066
1449,332.545832023
31147,10962.6668016
28296,1078.20258919
4091,2283.6197023
4090,9665.0591926
13786,1343.07709427
31453,16109.9955892
4094,0.958244322607
185194,19.9594393796
185195,2744.59391356
22612,177.241992161
6333,5080.78652914
185190,1365.48589216
185193,0.909856210482
23587,25.2518777729
177943,725.789026998
12658,38.7711386133
66588,4529.41341242
177944,9039.92144994
177945,1224.37844813
66586,11057.989116
185355,123106.742325
11313,15779.9372828
19129,10302.8323783
160797,14166.18013
107325,647.284205879
7585,527.946455652
160798,1921.9715731
19124,1233.65053123
180029,27.9963389426
187039,1042.03390686
7741,5676.10196883
61673,3381.68814028
142546,4166.10232412
143283,6877.00764988
174449,1223.59475326
22500,2488.20451089
150258,1762.68243771
60983,10053.0662124
8264,32781.6939464
8304,3426.15586528
166414,438.029961963
6528,3635.82568519
28853,5917.22225927
61581,62.7575559736
61585,1059.57054668
61584,413.873859724
155225,2003.7084589
61586,3471.69569141
163921,37444.5479405
163920,1161.47908365
160196,14953.9038697
163927,3465.94665329
11264,27190.9689245
65021,4649.53734199
65026,7278.98759258
177895,1272.71205078
177896,4426.92468609
160488,4754.25540629
110529,2593.23822486
180118,2718.90594612
22761,350.131608983
165691,3336.41589006
165699,2328.84695821
16775,774.86079539
66708,25631.7625041
16777,403.651569772
128978,13017.6509043
158313,1165.66569162
110250,2116.5030762
25340,3197.65116725
12065,888.911508404
6097,3486.93952656
185177,13801.5379815
63511,1425.6446729
61285,32.8127702105
12669,8963.74387657
121934,1317.97718281
151403,11896.7175345
6653,1713.63817343
63527,7558.17287447
61562,10148.7223083
177099,793.356060782
107817,19057.3506302
19305,423.828690248
25749,105.320704698
25747,7467.69959689
127797,2331.86125063
25745,1502.25178598
64844,1135.4332422
165215,1089.18596821
10801,10339.3389549
65796,2340.66753766
120358,11979.2269709
161996,1068.88390686
161997,4412.13104621
63639,537.977494934
24837,80.9388980955
64515,530.797968595
184742,995.253491814
266214,5694.0566233
185619,98.7329076901
266216,829.531260141
65772,1020.00308277
6326,1806.64911506
65771,0.0
183826,263.69701735
19873,4570.70810558
184748,0.0
183822,1963.12656962
13421,86.9722917554
21061,2632.50093614
2547,17496.9082479
139526,32.3131823045
11687,3174.77378127
153895,2845.25672246
114608,4099.66419265
11440,6857.42305779
11446,1070.47134761
65483,5050.89164002
3556,0.0
23006,9890.03667323
64175,0.0
186989,4404.1655204
12796,2249.86807615
65587,422.321825373
3580,2145.91112432
3581,0.0196078431373
160228,930.590297192
64423,22278.9206925
175509,124.514246798
128663,554.433750151
27906,4611.91251146
176275,82.8960841218
140938,3624.6291181
160225,2607.94293557
2285,22759.5666765
64194,2772.35347795
1949,643.718600884
260774,558.497704672
16955,8142.35846873
64193,1075.78261398
25234,10507.5498668
17131,1715.00085299
176237,2712.19317534
143974,5409.87950634
17132,158.883658024
64199,594.456536619
7906,42504.5356345
17136,1344.69489349
125580,673.883968684
61925,0.0
114748,20.7571985295
4423,15151.4218265
4622,6883.46681087
137371,0.0
166747,1127.78313107
111179,1319.49967635
148391,3256.82998609
162404,33765.1353848
162401,3683.75769129
122916,7353.63433922
122915,953.484347639
6078,9081.98175111
2615,1834.71645858
176238,180.482536136
163926,1344.56969907
8363,4689.71403109
64223,1198.3743081
135844,1985.16790463
66060,586.539396638
7343,1134.52918202
25430,40578.4387522
1906,1402.07240965
10795,172.758380307
63291,0.0
64228,19568.8742175
153793,595.902461415
13794,455.350342624
149738,0.0
120824,46.3935983516
179003,1818.5155619
176703,746.406617573
143910,14909.5838453
146156,3557.11131416
163685,3415.92177981
163680,526.186151487
163681,618.957276683
112254,960.597281834
28608,4765.35142147
185980,1274.15703199
12338,7354.0689898
135990,1059.25577653
184961,297.973932958
138122,789.115218636
27875,3823.62603307
112819,647.812013387
176963,1151.69465009
163668,790.153534167
163669,44.1463176779
121662,1230.53375276
29082,1460.2722506
10247,5282.72303567
9023,0.224504211442
30558,7682.62709482
12815,7078.39728109
5229,2865.84612505
176567,605.934269994
144097,3039.04687559
29246,763.854072293
186061,2507.62602956
29649,131.38357315
29241,14950.7210712
11861,4176.97153193
176363,12860.6117144
176362,4693.98872878
138341,897.698184023
175490,9734.44961126
163594,2346.27887051
163595,777.381686092
113490,1306.17761421
179132,2729.35243091
15142,5979.79308172
178519,1329.02875626
162958,931.554732527
29887,15681.158173
184035,2718.71912311
238157,7652.61155156
156953,1861.7465857
162957,1305.26277847
112721,20.7640657137
14369,890.337217078
14368,2080.69111154
7171,12742.4920775
28349,1242.6838975
180905,169.074165329
2942,8972.73888307
2940,60905.9040717
1050,6.92137039601
62168,5801.13744446
174148,757.853280053
31739,550.172626878
31738,820.005222166
174637,528.152838608
14401,1459.7118077
160173,12320.9754638
65345,2551.89404487
122266,744.619008269
112030,19.1279740483
178608,1322.24175595
147579,8983.71505763
1690,4649.18454426
112034,523.653523387
164664,377.228376976
178600,599.463705305
164661,1768.37515692
164660,2176.3527964
118502,4018.36909774
178172,2534.17522581
30029,90.3514891966
177446,36.7561387707
12886,1812.97571363
1274,4256.32807947
122380,3388.89239663
184109,1511.73120949
14563,358.015081711
14561,3949.06350564
184101,12258.9316433
8240,3782.27437939
133246,318.151897615
24483,2925.82207997
8247,5090.07795038
8245,18815.397368
66261,7852.07973237
12459,5819.84537428
111064,5677.35086608
66268,602.664143767
187132,863.708441997
3734,29521.5291197
162887,4358.45434189
63901,598.908119831
157955,26174.8115781
29061,659.849958326
28590,0.0
31607,36333.4460548
23027,2630.90915208
23753,13570.0752112
31460,1009.60618802
28919,10281.7106922
8423,10424.6223953
64341,7107.25888227
22373,8.47618477173
66000,1083.94148608
140902,3.47310379575
163939,366.314680158
144139,1512.86518934
177953,5111.18279871
136186,3465.27491078
122917,356.206206082
192255,2851.43121505
185345,1098.89139656
11301,102.517859973
11302,2381.29797562
185346,1029.07774292
11304,2906.07804849
184219,10520.1140125
140905,2058.00064394
108348,5.05868239474
61662,1288.78407273
28620,2730.06666958
177429,0.0
15363,2537.81706573
9831,4359.78816612
12407,14276.4197292
24795,916.413919186
9835,6803.85497233
110732,16907.5962976
7759,2807.9205166
23111,3687.81663228
63058,2835.16050409
6845,14505.036317
180698,1162.54711687
7750,1743.23676545
109699,961.363552053
126417,6450.11688763
61448,621.337334449
180272,2161.49120588
27914,4307.40110261
3937,0.0
25924,16532.2698546
61112,32694.3420438
61646,2348.35708447
163916,7804.09327496
166402,4.26294616322
8334,1297.55352256
24430,8718.52380164
175347,92.5348236464
9904,1833.44019005
61591,200.495813426
61596,1246.45224074
127094,3560.25186383
64028,741.637821916
4130,184.308234938
3708,22.2514392513
11220,6161.81496361
5690,94.435528843
61061,5459.11091226
5697,376.833460719
28135,1871.19363587
24898,1254.62642217
28139,6347.39207348
177884,1111.58521116
24468,2917.39786111
177881,15491.2180871
19209,3407.65320868
25356,25524.9418604
177376,782.597057194
153668,827.396722708
64768,6447.17211342
64766,1629.45086176
22797,4096.35758034
1300,3177.61004116
13963,2125.45833905
119756,88.8171143018
9324,513.654683742
110065,4846.49984839
29086,698.072732725
117018,1083.46156117
25680,6442.47338268
121257,4048.3174553
4045,4333.43782335
23978,1961.41030681
6669,2222.842847
4040,0.0
149177,167.624978571
161966,1431.8088876
177088,303.879398591
164369,9367.49493253
160580,3458.8080486
22086,299.924398866
24893,0.0
65905,4952.28729664
65904,1734.61182201
10877,2061.13841077
100873,1815.50748236
16890,11550.4504164
63621,7017.16737418
147101,836.289501892
25536,16439.0
17239,4547.57952807
24803,5397.45954968
2282,2019.6904586
24800,3462.05932698
17233,4579.67740363
124198,15893.4557948
64699,424.993048358
183838,677.751611869
186846,130.11543526
186845,2039.06372761
183830,7977.74989373
183833,828.564012607
124196,14123.2202955
121817,255.209266535
121816,3432.84001579
121815,5572.55706843
11499,11472.8562311
2577,16104.5368325
11694,1196.73606677
2573,5806.78693689
10905,859.36335021
186990,260.823016159
186993,89.2598069382
282553,5620.0010605
65343,2020.26164765
186994,71.2690389176
10903,10746.6892232
10902,755.397967285
11455,2673.76250906
11456,6378.41505124
64163,3248.53641381
64165,82.233339428
64166,16882.4063799
21237,9026.86766874
2595,8082.50620114
2596,13.7421370792
64344,2025.33946617
9125,318.379153856
64346,28.3410269345
2593,4109.99713247
121493,190.168876518
113140,4305.6537071
294524,9916.81089249
27913,103.032294669
17438,1143.20645643
125595,7471.59531081
21238,2543.34342379
10086,18.7760354885
4430,7794.55385805
293754,12944.6722021
13323,1151.16780336
25224,1005.281175
7912,1620.67270168
17120,71.5143479583
13328,5264.60293583
1878,115.75584084
1082,1422.71463156
4941,4122.7091836
118081,2056.49818267
138205,2734.80723622
62501,1529.05559006
12138,2871.71530812
186206,2971.07718396
136646,1507.21261591
184689,13121.3077101
184688,4752.69381976
2111,7058.37499573
184684,2847.83943517
1559,13.761562802
29040,686.218171237
122078,5651.69411069
63281,6368.16318322
62378,969.394846711
2628,1050.04293689
185881,6251.16014777
63288,2509.68158158
61181,999.776336104
1919,13207.3847559
8087,186.225651606
149721,3173.75126675
62575,635.846607132
122674,357.146553292
176289,3650.58358397
10016,542.525403756
121077,42985.579631
65812,6263.60898027
186336,1306.9433493
120816,2.72373636948
184079,2184.48514774
5831,1809.45303813
2025,1816.90552869
61408,5913.53191176
10499,440.467918189
2751,401.652144837
62979,6340.43564362
174355,930.715873009
163051,6202.01196482
13700,250.496051605
149618,780.785738613
10277,3927.48956919
108645,2135.23737673
163931,875.07316528
163673,37.7178978474
179583,730.423907896
14790,2963.10378035
184996,129.465222827
14793,3972.8790704
14794,402.976533769
163678,3471.44597648
176914,275.807727779
164585,1497.45689452
121673,3175.32867511
5210,108963.601074
20019,3466.39760845
20548,3242.53167018
14027,2745.39023933
175157,1118.89296833
163586,0.0
63172,4139.5548805
264265,1071.53605351
14592,35665.8121409
176594,332.141159179
176595,744.268815476
176592,3066.49812617
176593,2059.91950528
63178,6683.40164627
29274,215.57451051
11872,1749.79693898
176351,9564.56493264
24725,2119.84157467
112626,445.536356952
11877,580.401740489
112624,4012.03726346
133726,388.487852417
175483,1947.8698585
142088,3175.22644513
176602,15002.92951
176999,1717.95143053
164296,115.799933183
179361,5782.1325564
62374,0.0
164293,1676.28036753
164290,1924.80908362
31673,15767.5786484
29875,413.401392834
30234,1108.83636443
142462,421.846822294
126010,3274.0699992
112754,669.000445632
11976,19.9814588551
179690,2051.93473057
28408,2202.64312898
7107,7247.36696731
66681,173.528981061
6865,31162.31071
14370,5658.60299077
6867,5244.78662347
271794,2698.68764555
143526,0.0
176282,53984.0494019
62396,0.0333333333333
62391,1492.80786692
28034,356.893701361
1045,312.20248943
143605,27.3068631105
31720,3134.67553117
166623,3825.12556542
175739,1229.66191938
3028,6252.16178638
62399,14466.4267425
180109,1424.66588638
178847,3133.09920204
178619,3944.3412291
5109,27746.0973752
4503,2903.62413454
3026,1300.89930197
164612,7118.27999126
164611,2247.19749676
142260,6637.08902745
30059,11147.8735199
182827,43.0661002358
184114,2580.20701168
264713,1.26099043492
8253,1974.77950827
61589,941.191979959
111631,33.5263511517
30055,5497.69425332
1266,734.754925669
11051,945.467770969
8789,3225.31897921
30674,2968.72612311
24491,15647.9728175
62766,2984.49219422
1913,882.486516926
112774,2720.44063595
31616,2556.51101619
3129,9236.94743946
29698,3.86775486946
174049,3444.55893814
183480,457.777791095
178507,11357.3679692
29052,6418.16775738
137351,571.46760775
1408,5547.47792016
1468,4423.93151045
174282,2601.37530141
115404,28912.8958211
183247,2462.55859741
144727,3759.08829433
115077,606.50101453
8431,2868.58021323
126318,109.749954087
29837,1698.71424892
137232,1677.14811477
23768,2393.80148506
23767,11775.9118525
65365,1430.12388495
31477,2980.01990824
66016,23864.3963454
6338,9133.51340734
28900,10664.7512748
164708,2380.76811177
24782,7248.69053607
164408,7097.40922971
12433,24.8502011452
147639,2756.40741561
147638,10742.8760253
165053,123.660320038
165052,5640.58779777
165051,291.268780548
160570,1318.55194618
114370,9562.66043247
15197,6133.1144644
133949,25.6359407537
17180,3216.29198263
5597,367.520881144
162988,7359.50021913
105936,2003.90586993
133944,95.03125345
133945,2465.36846866
180683,84.5471631895
178767,1431.70561881
110728,116.565742996
183797,3662.95146069
61439,16465.9155669
185083,2896.45808365
61129,13509.9491596
119474,1699.38236181
61122,2477.65101559
63531,1758.45834814
61435,0.0208333333333
3946,663.1212822
66496,3166.95228813
25376,80.5503029351
181794,1205.79013221
166434,2881.82891061
28397,1634.45498726
166436,2742.71654344
166433,44.7608971737
4128,51.6552731168
62972,800.220992457
183446,4393.77143463
63876,3615.34420276
24678,3000.01423264
4127,6256.3199947
16836,2506.69571295
4124,6.89371654931
65009,7469.7086904
7437,5169.3736834
27780,1790.32062384
61055,13037.2497967
6081,18634.0161907
5680,5634.00034124
65006,3471.03503966
27786,1638.77331963
31849,22754.8289927
6386,20.9806413272
62977,461.587263829
60894,4616.58133459
10498,3313.28833627
183932,5773.03877872
23943,5785.01408969
176256,2396.32307793
22144,2078.91191144
185797,612.896343392
61996,1384.4767178
177744,2038.66103435
177745,4355.09646779
4052,3536.30856066
163879,254.149325174
163878,6322.9871164
163877,1987.91614483
23852,416.560246784
11511,3037.86241315
4058,18640.1101071
110387,5446.91175084
65176,10833.2511482
5978,313.497548704
177982,1543.51120212
177983,23605.7744652
128098,214.519119323
8699,8458.46683261
10860,1166.25557552
65911,7059.57839896
10867,22748.287586
150279,4809.70757986
150278,1954.55696619
21828,1345.22477025
150699,6871.27362786
15709,11634.3519797
3619,969.753820808
13431,1463.41732828
16889,5380.01081066
179586,1168.02889454
2295,0.0
25789,32.5265673012
141197,1285.80804558
25030,2799.88994188
148249,935.604701417
5902,439.725895829
162338,1007.09353398
29736,3525.29173948
184569,5549.45211304
114628,17848.9820499
187810,695.645868332
162335,759.286750086
65350,0.0
133432,5342.17906281
19433,2986.17716479
135044,3310.71758891
24922,141.556563623
24925,3386.6740431
62057,1130.39933477
12992,95.0798658534
7291,32250.8296876
17115,460.166758354
13128,2894.81830953
8512,1172.31312255
7923,21438.3022969
2581,1136.08021076
64404,2069.72472284
64408,1631.20476679
1860,1369.33738782
13353,5284.90333555
186230,0.792409145538
13354,3070.78206812
4448,18.5635387806
176169,0.0
28712,658.343066873
162584,1400.95359209
4685,2216.49215562
163118,0.0
4936,0.0
138747,512.589368797
112095,857.277662622
7798,131.871608805
13599,650.790944287
163113,5042.16101345
64536,5075.07296318
140821,97.663445708
154357,2779.60987207
24810,1675.85458833
2101,6498.95194734
63814,6253.49415503
160373,28854.7357282
5116,431.816262321
63543,2823.60856947
10002,3546.78104446
160376,22309.1250822
122061,218.681937336
10008,3786.62076571
176291,16614.8755682
9599,897.370097658
20791,655.016502081
157153,5390.71826328
64568,632.87139825
17069,38.4569317768
9590,4.65797896984
3439,7330.43715452
176762,1642.0473177
185419,13507.9802395
176764,9374.9819448
176766,1719.16639381
176768,1489.23229597
146171,4656.31286747
185416,644.997935365
179027,13933.9043298
66301,22.6054953782
163069,884.652762428
184785,137.370810928
162517,4644.00051848
62967,17815.5734091
62965,2792.16887285
4844,1156.57495606
4598,52.2070062104
4842,93.9485288672
4843,127.947115683
179597,0.158966777617
112295,1599.74645597
179598,479.355242049
10550,7316.8958726
133424,1691.79800769
10466,29397.8827946
29265,872.100322985
186045,746.515198499
20570,0.0
5205,638.534272539
152109,4711.95192644
17252,25024.5018178
14163,290.761016889
29268,3103.17761682
63383,21.9023441394
121440,3482.20500945
29627,1198.57511601
175127,1714.91785238
179110,1594.04752957
111721,782.152086915
28490,61.5614548459
164266,7146.75508302
62494,2119.88032177
62382,6575.17284276
134026,2043.62942327
183902,3337.67239865
157080,7209.89502457
18533,3057.39100412
176343,6593.586788
11842,3934.04292315
25108,1438.28369081
11191,3494.52356915
21542,12337.7226503
108188,0.0
2960,2629.57647303
29868,49.0288014227
164270,4310.73927352
1783,0.0
175834,624.626342965
2968,7012.33340132
30220,0.0
1613,15575.7793147
62634,38973.7405366
122536,10.8828619469
7117,738.357992893
7116,1.4260738121
24318,2314.74166809
179686,9454.73713328
21429,4353.99645829
24980,686.639578337
108740,4144.09746575
176350,1009.0693664
5379,1140.38420373
163884,15524.5962782
1078,764.745395723
1076,415.559093564
3643,3463.72489701
1075,490.3907297
1072,1012.08204246
164609,28110.0255099
179202,225.144459331
1678,168.073216697
30137,922.050253341
13003,1102.84277081
23898,34529.7740306
178371,78.1772334206
30138,12437.822543
164607,212.166668475
164606,0.0
1094,4234.82361784
23485,240.173416514
175900,507.19062559
184167,951.62312488
30822,1852.4778752
8229,4192.62995819
66393,2980.9196322
177764,106.970103146
118525,1901.52312851
4331,10149.5598329
142956,673.880666598
143870,8583.38755527
178976,6943.3511136
23291,10562.8429859
178972,7079.96789754
179974,1606.83046626
14583,945.579736
117145,43.9963789637
178083,7677.98121809
174053,2732.4591547
178081,2104.20224031
174507,1848.46450425
160600,7.20130185919
28027,568.205912115
20202,16.2530391675
178089,2880.24247504
20209,50134.729524
27765,997.573624502
156933,786.396549536
31095,2163.95352388
164046,96.0784211925
29517,15074.601531
183257,7936.61763018
1414,0.0
175055,25806.7041637
18307,2018.31778454
28938,689.785013051
187490,2020.38795002
1327,4081.90545553
133547,1453.60430459
28930,28736.8030482
9850,185.072228305
12421,3406.45339567
137434,689.074692701
15343,4423.79319791
137432,4789.89552381
2497,13238.6435262
15347,5762.7239597
12428,2490.20355755
8717,21666.2918935
5764,639.713201126
4201,4785.85069892
5763,1895.78838491
177975,9.82118442646
8133,10164.9489329
12789,0.0
61600,10495.6409582
5568,1171.52606624
183780,3694.20618725
137310,20605.4701918
61608,304.572465726
5567,8798.24825752
5560,792.508278629
177405,448.296829306
1257,403.772419134
1487,2482.46658942
17367,4960.7905026
28338,37.0409700949
178798,1975.11867793
142460,2161.40236249
7733,1362.45190247
178797,2884.05415962
31099,1414.3762108
63520,221.767506216
16650,2934.28364136
111629,1405.69562154
26246,243.777087205
28806,919.05017565
66731,5619.0635068
66484,1099.7334505
126434,665.285937477
174876,23.5711332181
133288,3767.57836648
61420,0.0
122257,2408.27299044
24755,155.194430595
14489,5463.77196404
8358,8531.22536513
5408,517.780866762
4115,3756.75117074
6730,4930.40391994
64254,1101.974542
188663,1095.51697024
11770,3082.35634641
8350,572.703933719
184254,586.559357092
260778,13312.2232669
8357,454.61496873
163891,644.826005696
62139,1432.71297874
164116,2755.10623429
60888,2492.34133613
19049,15258.6391701
30312,1538.80661857
24750,266.932111493
187215,3159.16852274
24440,827.710286335
24447,28216.8291113
7422,18115.4496455
61739,690.652204412
178672,7220.4343062
27790,14206.8532714
61735,1586.26891305
28155,294.312642739
66029,1265.76344989
181290,5.88939778866
61557,1726.14128341
25331,246.360587572
61552,2254.61485627
180183,7686.0495868
65615,261.790145009
25338,2702.86729408
25339,322.886848158
62919,76.9121957663
145080,421.939236406
29616,0.0
12635,24470.5486777
28518,2393.89571594
176369,115.306281455
31887,5139.36699128
19057,16256.2369334
117034,398.794456987
117036,82.2753362218
65290,509.917401793
4060,0.116220631751
4066,10420.3169592
23793,4055.98308004
65921,48.7842786241
11509,54.1878950716
11506,3896.34534356
182308,62655.3303209
26013,1856.24987407
5786,3773.34548234
177996,499.775105892
65105,7001.65387708
65106,583.60163042
120656,81.6739417322
65108,19482.4948387
5788,13901.5279521
120301,9829.07432808
127439,4702.99856535
5918,773.943373903
3607,2567.65088131
187809,1.30259889591
63600,6343.97857158
19538,900.932583222
63605,2984.38878235
63971,881.069198806
17780,200.30788951
148234,2533.36517839
16637,5770.31832185
148239,14974.215405
157755,2122.21814672
12181,5684.068519
25021,5535.72664276
176017,329.924066308
62263,3530.95611029
186345,0.0
182788,803.906246725
6115,874.122617867
6116,7050.5310873
184576,2022.31693606
184571,18545.2451327
64745,0.0
10920,74.0747913485
166197,319.571754844
2352,14589.8349816
186607,2612.19964569
7309,3983.31508309
3855,267.261610063
7281,9729.29183361
17106,1175.154912
7936,1115.18280476
10894,344.732190278
64410,4542.55872074
134384,4795.62217949
186955,22188.0177302
16989,2086.05609425
4450,26.5273789369
17694,1087.01078398
65430,2890.72421493
7974,20956.9463252
118264,1497.85899883
3735,22198.5731583
118267,1727.81086508
1891,888.162013943
16985,654.783353556
16456,3729.90121582
13580,106.283985691
4690,3424.41731039
13342,2491.91027959
4926,3775.06392549
6737,102125.181234
148349,15.1735412417
4699,5650.72534936
130041,22138.4680676
154434,11232.1390383
179741,1611.23946265
11721,36.7244366048
6025,12854.8794255
11729,535.594627544
63551,18187.2536628
155754,26505.4959887
5165,84.2849681241
185483,134.629164233
62823,978.176087142
1686,413.351767787
160340,488.745416808
160341,1580.73184588
138483,19792.2323062
21499,226.508023348
17074,1031.77040888
17076,1144.51600162
17070,2212.01542965
21496,6739.33436947
17072,1023.59312323
17073,24.8881257148
185428,1263.76556919
179782,6746.52888747
3429,5353.87604563
178610,2443.5871355
20488,149.094770477
61494,3352.95939306
4418,6788.85115278
176022,2213.00621769
186344,1245.34711607
186310,3472.60809721
6334,2008.48650956
6335,896.610633595
184797,2945.0357309
144436,5285.24904284
6331,5047.33877069
9698,16995.392344
2005,5517.86891701
62954,3132.14124322
13341,1235.72254179
165124,219.559627899
184117,642.103120396
12625,2543.84297855
14170,237.522887366
62732,2848.05842362
14172,5545.47084345
62730,11709.8323445
27886,1854.7741815
10297,6324.67894105
264391,5388.34682393
264397,16.1871602971
264395,500.600024698
10453,20411.1746659
10451,2048.42049235
9555,15093.5387893
29217,1070.07628756
24040,1118.18817628
21186,750.383613358
175131,19351.615082
175130,579.929599551
31895,3658.93518504
62990,25812.8984311
187576,3371.8457277
160293,7784.5895111
10581,2382.52246855
178003,14978.3255835
13163,46.2612043622
8901,2953.68672831
1706,7657.65553721
11856,4474.82798916
8902,28.9691992256
30219,1439.71943514
284041,6670.72622704
29855,929.364684204
1794,13575.6527638
174729,11919.4517248
62602,10880.3544863
6848,105.569497311
11538,3535.47117747
110039,4389.13636398
24302,6413.69271014
24304,4635.5159431
152008,1574.34979191
186783,6511.56019114
107755,2122.64909768
164633,300.457339452
5301,1016.174576
29453,216.189014866
183312,908.331933713
176247,838.936294076
13013,267.822127079
13011,6309.89022251
176939,172.738888661
1661,12367.47046
176249,714.350216071
175913,571.463213776
179417,520.081175818
157855,10000.7725152
30671,401.729790377
179413,2122.82862966
30857,30326.3823526
4321,7298.74116272
161088,6945.51415247
156857,2230.40022727
4322,575.1683392
14828,758.666088011
12091,8423.11431789
162809,531.645831721
2829,4956.47902832
1526,1181.51705014
14597,203.512257616
2820,761.676555259
14590,3446.78832254
186498,556.921041195
20217,1627.47664521
178097,270.011512953
7632,411.067598828
17861,1519.4029114
7636,1365.00117335
7637,5066.74436344
109599,12313.0495654
136884,4742.38970027
142337,1764.32686846
5218,29605.4282339
9699,2881.79946005
157452,375.332508351
142339,1001.26025404
165728,2235.35348613
28152,3665.79778534
31418,3.46618098507
30932,1959.69163729
4213,2361.54243124
183526,32422.524552
16582,1281.87692069
184981,4117.07009606
185318,113.03045906
60800,6466.80545594
122273,1508.45870832
6932,29223.0850492
177601,251.128636629
6936,242.623153638
14824,1463.82752094
199757,31.6695954445
8694,38500.5059317
9849,242.971402266
8123,71.9294957071
147657,82.3044073833
8692,109.66751401
166491,1.47162925943
61635,276.653439228
5572,0.0
115766,2298.47724164
66654,1691.45217272
3093,1546.58876852
126555,5087.66822161
126554,18521.4003406
1533,57.8846781119
29143,11028.209302
25870,11852.2324616
174401,2297.27658265
28322,13071.7412325
25874,1056.49831947
25877,851.408575818
136265,897.194233193
3121,0.0
66728,28736.0519165
180083,5161.23560515
61380,3058.32139663
28819,2212.85220642
22542,445.67992435
22543,207.82034551
126423,2532.39132031
183324,3373.10915347
61388,3133.43808212
9317,11653.3167723
8348,6428.52432636
17341,620.721983292
177697,6175.30151515
63645,11901.5710425
109621,3311.81768713
140023,1546.96638545
185227,9837.57777642
25895,23306.2937412
19932,4443.24716325
12568,3.62523735094
160913,70.5704061506
155174,13409.9893316
15240,0.510510355665
3639,2121.95155032
15247,40865.9035937
181931,14191.6590056
28924,11269.2847019
174317,3113.09141585
66032,5487.65517561
25906,1793.79402522
174312,2275.38206657
5903,1573.47940618
174310,233.488386878
61703,2029.12560404
187363,249.594415696
180402,3851.70423866
180405,5458.78267173
3897,3957.22206675
106589,1182.02476924
117026,1251.7015706
109919,686.215552682
16531,0.185910079425
61567,865.506354099
117020,1118.05138915
65607,17788.4947297
10757,4242.03768285
16974,956.181849311
166562,3333.32350707
166563,10735.9137235
64848,0.0
12621,3500.61205548
6617,523.448787957
1635,5871.94921872
166564,2794.50188576
29359,814.951430584
13962,601.500459058
166569,1221.10674223
62626,403.856392419
112362,1006.06228046
10840,4144.03344337
185138,276.611653068
148169,552.426437715
65286,820.011439115
5860,5362.79106717
282189,2841.14974993
65937,0.0
5959,4785.40676275
13765,1147.71517793
31242,734.848457686
11537,3090.79028631
148223,2096.05974983
11535,9516.927867
4072,11959.5010463
154758,1042.07842228
61140,713.542216362
3964,3977.83311736
3962,4161.98025796
5792,18771.765933
5791,3254.13246269
177216,68.1369405219
145024,5212.76476211
180249,4073.11296982
60942,0.0
154755,4085.97010561
154757,9050.37532676
7152,5248.04324189
63986,360.958556584
7279,13016.0399081
141277,1008.99420928
165943,5510.56238518
177031,2858.40178981
191255,1249.67045566
187814,1454.51617403
4611,178.484680425
61899,6530.30608181
65739,6935.53577257
22053,717.893313481
117115,0.116577070235
65732,8.23671173633
162076,98.7666910238
15364,3422.61908655
266257,538.304822312
3138,2567.52102504
179605,1179.6474833
148469,167.706329706
2342,9343.332941
140759,17455.4278736
166366,113.455990442
6104,0.0
119414,4402.54290279
20109,3301.83125053
6100,113.225992242
10938,9918.09688554
287462,566.397456252
63290,1447.4594795
187205,499.556578315
124038,7107.70904496
140979,3219.9158175
63700,195.750155134
25274,451.954320102
63708,17.5895188239
9445,1846.89412569
25279,66.1041829195
161869,150.867101134
186960,0.445135431689
185549,1031.5075035
118042,1521.71134466
150720,0.0
65421,6773.912774
7959,362.349719048
183700,1197.45588862
4462,4229.20693955
3707,4029.5043885
4460,5364.77382858
162219,3873.77774372
17101,15144.3559214
25241,2600.41464918
13579,3270.8405569
6109,3999.81011277
4918,5375.89696931
162449,194.114907895
162448,2914.37125324
148356,864.078681346
148350,1266.19070132
4911,1756.85337128
12756,48.7098197958
5750,23219.2198373
64088,825.610928098
17269,613.726346245
24878,1.50640101612
13235,657.828236624
184542,4731.22521421
166705,2247.78037854
10063,3765.42275966
187961,1354.27868617
21487,1344.88443531
105670,1362.87102118
9203,5325.13143721
187969,2733.21100358
24783,5669.24226796
62549,2482.42741556
3416,21184.9390155
185370,1674.37484129
176973,1548.84093966
20779,12684.9734736
182309,195.720600627
64063,542.239665806
166363,827.945418475
185372,4112.52809818
21374,7573.35899553
6836,2370.55953972
10000,14166.6934785
185945,1490.13775588
146354,2278.58028355
66610,1202.29325607
12377,2129.43384198
176035,273.438263836
12379,15278.2366151
15293,2185.73666579
62948,878.742528975
63490,6940.28560248
63495,299.634491896
144998,73.3334738123
65609,230.398673289
12171,1130.39747756
135484,933.866796211
4860,2239.95678079
6839,0.0
4864,18136.2580105
25711,4614.22163771
264388,0.537451060822
9063,6041.94449787
62723,515.566305686
7938,134.109262367
10286,3344.2558286
14108,4155.66760853
179577,7888.96592037
264385,1392.90818022
160809,834.843777312
264387,1643.37860075
176874,15.7540863309
17715,17562.9540057
181617,3560.81734772
9664,759.00769843
29206,36067.6611307
125360,2249.99973376
10115,1012.49308595
25495,7382.99426269
10443,625.772391639
21776,4827.92656317
21777,3716.5945761
148770,3113.30775766
7251,549.503090572
160281,76.7917052454
10839,0.0
63123,2923.69952084
160282,97.6795367901
176639,5830.082562
4485,498.047514399
179441,4295.25916223
149082,711.177048186
8972,6317.02198444
112759,1070.07296342
29099,801.756271485
64547,1543.08617759
15199,40705.0273978
147242,6495.84596669
112168,1828.3801864
17908,8965.7787762
7138,6483.41610888
260737,290.932837246
122519,511.155526386
7017,1606.48709331
163889,7097.70136865
175741,4583.72340846
122515,953.483174867
14616,2255.49339075
157353,1105.52434278
29448,2227.9164996
29449,2945.64086773
178310,6523.07718684
142230,3927.89018634
186158,2361.02411566
29211,7537.08355134
164624,1093.52410027
5313,310.126395679
29332,6.81395543046
29446,991.928611785
174656,1524.85471567
176255,0.579795917213
8807,162.461029952
176251,24124.3172972
176928,1210.35609044
30443,12127.0289792
30666,0.0
15521,9835.0995138
133885,723.888540214
30662,2841.13527204
30847,1937.1848116
187434,8207.72478395
156861,0.0
147792,1566.58136355
164155,648.946477655
109366,1193.66498635
176118,3134.28822324
133888,4704.17467438
3153,283.959455725
160479,7346.47810032
121713,5082.14118493
3157,11887.5917265
7620,20633.4068293
126772,67.4164549689
1982,646.709876841
28795,587.529317839
3158,1208.48979462
185926,127.369506536
25950,3221.29037587
28791,14272.0647745
30461,740.066753393
180833,1547.47997546
24005,3717.86491188
3399,304.434602746
64162,1903.53919835
121717,6111.83817088
174077,3862.98813592
175079,20684.2743943
28323,1281.50871627
1439,209.136688027
30205,104.595872621
29028,2316.85569319
136725,666.268491629
179303,3175.19523887
129469,3433.17534427
129466,284.47478034
146616,726.310215302
164258,488.46363136
15111,4391.85219541
66281,9027.9557742
147661,105323.10705
66285,945.682699548
23553,1962.31366936
66288,2442.45832993
24278,11080.6033875
18110,716.827340217
65540,983.731520456
15414,3539.01888843
8113,1811.45640802
5237,14197.3512645
13375,1319.46929493
23084,20893.7484121
111103,0.0
184899,2249.86807615
10598,2459.40850168
5543,3089.26480058
14581,262.128660185
29156,528.272290553
111864,10472.3349059
13125,17340.771153
29150,7208.67760989
29151,110.546351721
4273,0.0
175674,5567.46119688
180652,2430.73410562
233491,1039.49239921
137024,21190.9051157
28641,7.11323012965
111819,2694.32774453
158053,3287.50036515
61399,1655.61002355
187483,585.245931414
65050,842.239075696
22207,26.615001425
22205,208.653641334
29870,7463.28819716
7506,25668.8679599
8577,586.289006075
7124,203.893835077
184321,2773.79335443
14359,2790.22307515
184323,32675.7935664
11234,4262.15273408
13800,1776.03630988
2124,1419.36246729
28176,907.614529362
12578,7553.97406231
139201,278.049002629
61712,74.496329855
15252,466.690096318
12576,13868.290165
8446,1961.67646646
12575,0.0
28775,16777.7671602
24428,1.27631852333
25915,152.651277267
174301,286.321621913
145407,6494.16816901
64915,477.30558915
7401,4215.13836787
2080,5981.78943422
25918,184.063853093
117903,1150.32640652
25318,10144.0441152
178684,6099.71079059
183903,3606.50200256
22447,14848.2948726
116503,1655.4509876
61576,1432.39559513
25313,1.29862761395
25314,7536.30560304
182491,4075.25177373
116504,4112.0
196055,6890.6720613
266160,2807.402105
163822,216.203376449
166583,0.878761379007
178529,1473.95027788
12615,537.185194455
119714,814.732406968
185128,13833.3298249
161048,2447.72807743
4001,1524.94879621
2812,2126.14928139
185125,95.1635732421
13714,4877.55013036
61153,450.44626517
60979,863.892172523
9890,1706.43886714
61406,498.681659286
61155,432.566978957
165710,75.4490523904
61409,601.619307343
31276,2167.75946625
177206,2356.89377256
30646,2164.55727106
182701,2491.33788457
65706,15943.6060468
25007,1277.60704093
24466,67270.3353488
65702,0.0
120456,1066.84697415
141240,190.919054713
120458,1730.51323813
165979,37.0047614173
3622,3140.78878585
2818,19919.5716763
1254,4111.65946249
141363,16322.7717776
148219,190.658076569
184551,3676.72629978
148217,794.247607437
18329,1750.33698336
149318,39.2127980716
13623,1295.41577291
2337,18028.8266964
17184,1061.34850651
12761,6.58478930317
140760,2106.21580919
185058,2348.47281564
8219,1399.13387619
64082,148.439653896
181745,1439.14476565
9919,457.212766405
64720,11517.5021232
25481,1869.21045582
29710,737.405916919
140565,248.627056813
16477,3904.40456437
174313,2908.7121972
9472,3640.72174458
2574,2457.93828717
29984,9156.17965838
2710,8840.81393465
16478,2036.35046209
65413,4016.22776923
184880,143.310382408
141496,688.054482374
25462,3538.65075787
184884,734.893303065
176135,970.833709253
24996,734.919522508
183879,1141.68463777
6003,2519.29609817
4678,1248.32997271
4900,3184.26125243
4903,3741.54364657
4674,28007.7208783
13562,10015.4490081
118046,4662.48468343
14311,207.393526259
156633,170.696291808
63952,35133.4124359
177487,1430.98924275
153191,4143.21785232
24844,251.255812598
162272,2728.71921365
5179,268.615497961
9465,4905.43392463
162497,3737.21622501
9273,1685.50013912
64275,24.9492661286
24197,128.167746806
5149,198.583101265
186773,3234.55985868
10056,2971.86750388
8810,32463.4408279
5142,385.262966899
124775,1756.02753724
156617,6218.34229654
160163,0.0
29612,699.975421675
180466,20.3090734125
63000,41455.2484001
61726,1083.40250814
12389,19264.2977886
7435,54.6914581962
10349,82.6434622157
150306,12976.7161108
166005,10010.4627036
12142,4177.94945307
13498,97.663445708
6311,1837.71099261
10614,44.136897113
152809,2550.81114509
8530,676.937534337
10618,1.60004470469
64389,1016.83919351
3413,1177.37726292
14113,9341.59971566
7161,167.424062771
3410,353.874106823
61544,228.116343318
133366,958.422583382
133367,0.0
163633,2839.11020249
6136,1444.00604005
113371,1397.88423876
175689,116.609646036
175688,3032.53268041
7228,161.752264663
166435,166.082189288
10121,877.156794496
175686,1267.57149515
9302,664.590414095
10124,4276.03464586
164432,8700.95961294
13142,2600.52891932
10692,551.718008967
133766,2883.73891199
133767,3286.85908068
157058,426.471285915
157057,1527.71290145
133768,4456.38620469
175110,517.494633406
3570,4077.42789331
63135,1239.43381412
4497,3348.29176641
162127,318.578079043
9783,5836.66546717
2663,1948.29260019
13380,3705.3905842
13381,2401.10024817
175424,905.046042199
7241,11309.7898383
162129,1680.80186511
6821,4663.39024351
120794,1327.12642683
2938,4654.99224627
17266,2320.01909633
164407,641.924787439
176861,3002.98273978
176867,7439.99432502
133504,14022.0209151
108778,0.0
165880,7663.59366367
16845,2834.81148526
174648,3101.29254608
10540,2005.10516315
178201,10450.5948667
66599,1293.14260827
11896,2725.12754585
25047,5804.63754318
10549,154.562997022
14603,10886.5994163
62667,60902.6717601
62666,2198.10261986
20204,1432.22477405
63224,1793.24637881
20185,0.0
22306,20941.8781139
29300,1057.27851955
115757,0.0
29304,346.815500187
14282,35918.0471241
14934,1373.35786247
4881,1009.12088709
186363,8281.56722166
30473,8102.58561734
18276,1176.94953392
133166,243.037040187
30477,6315.38594383
13032,56.5492152476
181515,285.907418866
11094,4615.16465103
8079,7982.70250228
11096,1890.99900757
164365,4752.74660774
165993,16081.4523752
3969,363.761786004
179437,8.7667690189
179438,646.414055361
8210,14.9988822963
8213,1125.26006398
29946,480.444862396
8215,13543.0309155
8214,2714.05621548
164368,1840.38080437
30870,0.0
274165,1448.39727998
12726,1875.48827624
7658,27.8924727332
194755,5649.46975114
187167,3729.20762908
28785,4.31336035415
162876,523.584447192
28018,9124.69353843
143153,1751.75094494
29015,932.734137771
62266,1322.5680752
7092,937.461779103
3369,1757.30028712
197855,176.704225846
175064,925.524147187
5439,19903.2134164
28543,7921.02474897
3362,10123.8422013
31203,182.658794365
29830,5826.49330455
30277,2450.47943635
2019,4204.33450373
178545,877.380494047
8105,2.32899675304
9815,6382.62435531
109683,2558.95814101
8101,8222.0
185339,937.503077936
4275,0.0
185018,759.518111342
188255,2608.36569724
183421,4068.99071028
66290,719.209164333
1356,901.056039463
126615,364.060663965
163975,0.0
163946,4544.75817103
5559,2439.31474521
65011,3917.30817366
9867,4916.28009872
180646,6753.53989326
25852,258.448808637
28303,1742.3836585
65944,469.337474219
174428,25189.799597
125000,1150.59104355
66313,1789.19042823
146500,6716.34955982
187698,1617.55574268
66630,3284.57316184
186743,1332.56115232
176637,2798.23652733
30098,398.121146908
29164,215.393105138
8582,100.220260487
183736,0.0
110802,10.5114651687
160571,28134.2723603
145308,300.956046104
144520,1467.99767215
12994,584.361333721
114484,1477.32105098
62689,8326.30619085
15267,2392.88755953
185209,1116.24259765
12545,753.496317349
12544,1768.43311475
113362,51509.1168316
120297,11679.818898
15261,3414.47084682
12540,30352.2719766
5888,169.202055131
12818,41.417530021
180423,2620.27465232
150277,6261.80595089
61763,2975.80752691
123016,3166.79661739
15060,3452.65916124
61766,0.0
30899,0.0
25923,1667.43180801
25922,133.892713584
25921,2410.17988369
24533,22605.8495097
28762,8946.06851486
145416,639.472259212
25929,6240.98637587
24436,4383.22119662
22325,8564.61407553
170307,4560.0361218
110382,20865.396831
155738,24.7344020749
165854,2214.53561951
160961,179.709899781
19094,1681.6707048
160592,5058.15635251
25676,2365.92749525
163627,11321.1489637
6639,78.8856722917
11550,2703.21826833
18654,0.0
11555,2539.41233396
11554,13624.4159728
185112,2625.75974953
185113,11027.5361967
23450,1902.00349023
12603,1146.24504128
5878,12487.9040575
1440,3111.88787195
141982,1864.31842992
9667,0.0
13709,6.62226429901
165702,59.3287919985
196269,709.733717623
177780,6925.36363373
161067,6127.58497064
177782,10962.7900775
154739,5207.48653898
163596,817.710918337
4016,1614.74266906
11399,7564.07448902
160598,8508.95908323
162892,2552.76089438
151544,1304.84164849
19431,15568.7310227
9882,23.822584533
24720,544.789104486
65133,161.297075135
61163,467.869553812
7509,4131.68981933
65710,1249.76305889
65247,146.814050503
65244,494.474911996
65713,1235.42137605
65717,3374.39349738
65718,2503.98936038
163629,857.87669919
120444,20051.7370129
3612,35.7552839262
144009,531.795556828
184526,0.0
184527,6253.86277706
8333,2.92924584173
127481,4843.47240978
25130,4777.2839378
61188,5691.72712088
1447,2443.4515393
13634,281.095389355
30576,14631.6021618
13630,3286.28804225
175004,88.760949572
2328,195.548536304
65399,318.309511263
154714,1008.44281461
10441,4290.69277133
117861,9381.31528888
157415,590.910242838
177300,1664.90213098
177650,199.783339873
177303,830.798068148
185518,1871.84005967
199356,21932.5742228
3562,2780.0479011
161843,0.0
161844,421.296027977
31227,3574.54739746
148772,4387.20459385
64102,2950.55729052
63725,1258.27387031
63724,9.12628933587
63723,5998.53488596
31593,2008.45231324
25320,4679.26619407
7257,274.570643687
65590,2828.47557352
138707,61.5763378425
111662,8686.80363263
61984,3080.78138744
17641,4209.09282315
156578,444.844883157
15520,98.9199653322
63083,3943.17034204
106853,844.952925468
142953,25.69180518
184639,11696.5123794
120093,2365.44753925
117260,4707.33805517
4640,5102.82824121
3662,18269.8582748
183684,5426.53607402
64626,543.76243805
116791,205.090537292
2259,12114.175112
17248,6755.27101229
253527,442.41373443
162264,146.932157339
17245,2860.67318212
24853,3485.95658965
61483,170376.05105
24856,334.838365941
17240,5565.02774171
4093,301.692969023
62525,247.146955557
121080,18258.224695
175510,22415.3077289
10735,28117.9634577
162489,1778.43315696
19817,1081.92591131
7875,0.0
185453,682.63018543
28295,52.5762779227
191055,494.991468162
186342,1711.40251838
25079,414.883867876
63030,2682.07642109
185921,35.3988417085
2787,2346.7147196
2783,1029.64415129
4807,1594.47038989
4809,153.273885009
12395,5676.80296816
12392,4814.76928882
26016,802.981901771
9466,6575.3552199
26012,203.100064988
11600,388.522467856
26011,2755.89752508
2073,131.373353961
6304,3095.69744712
6307,10700.6472812
10609,541.75181126
4108,9541.32011251
183640,3058.55880106
3226,10725.8633883
13789,652.602152744
62290,61.0822915256
152149,2854.83099485
179082,40218.2117558
9083,7670.52829321
162732,726.306663102
176781,3981.82430132
63454,4292.63296347
63456,37.7767751185
121153,5739.77423331
27981,9165.69078216
27980,0.0
62984,243.691130742
147868,2557.46793691
21595,1121.91831296
21593,230.639431773
27988,594.420403914
112366,1514.01236301
164422,2450.89736716
180597,147.714229588
7277,37332.5711803
7275,4.8888246376
176659,1438.35899825
3502,2008.81588926
141359,400.77148734
3504,1029.74516348
3505,7.05995636691
8958,19420.4497923
155280,4792.95254994
181904,1514.31473565
183963,365.463140949
185585,1343.0457679
185584,1617.04339862
148552,16074.6411896
6831,8340.06031734
64061,13599.2517193
176873,1912.02515024
112410,1606.67625476
113419,25511.9997481
14639,619.521255384
112968,741.995760413
29312,159.447097892
65896,7949.74164297
125237,1920.74477293
5338,2792.16763426
125234,235.22443379
11315,63.0736936339
1682,174.354635522
10916,3285.43686366
1632,1604.97627713
175271,2478.84510137
1634,8055.73377038
164510,722.154633429
30463,154.061025077
121718,7454.64234527
144066,4240.98370721
165244,12627.1569498
1988,884.283582786
8823,3688.71775993
8826,661.150620118
163601,1693.65714078
13041,731.181978661
164557,2359.65333354
147312,1225.97754325
18040,1460.53239359
6547,3535.93318362
2817,40.8502764264
2811,1232.34633795
30649,1.29926748225
179428,6948.35823937
18049,1333.07609236
157865,801.294668657
178939,327.599147135
30640,4265.5343526
157862,2632.78228676
30310,777.750111973
4274,4601.14211605
14256,615.755738195
7647,51781.4744153
14253,2283.48748332
151606,2237.53135977
3170,4491.44441972
24225,898.853174027
7648,0.937397207217
12972,16252.4669582
119275,20992.0119544
5639,1156.76533971
122175,2106.58205007
29001,481.38044471
7085,569.200535346
122172,2148.31405675
20245,831.529414493
29791,422.946257391
30260,0.0
66286,20449.5689807
175308,1196.11468086
6461,9644.41264646
179889,412.918171201
175307,5358.42586577
29829,204.066336902
1743,17417.524828
6497,10057.4560712
140030,1391.84330405
1161,501.240245742
8176,2708.26163735
184225,270.789103716
19965,20.8617577474
4242,3317.35720686
175607,265.421134703
66515,275.664714921
4241,1300.87394344
5520,477.223504789
5523,13769.1347349
160416,64044.4125074
5526,1395.24642194
20297,4286.94685153
178846,947.383146419
7922,5771.73520729
160706,279.622345322
29511,3106.48493163
24539,35081.7245571
24538,1164.13105663
14417,3123.6688705
180635,2999.62524399
25848,1.28626870879
28378,50.9079328786
126296,925.265727998
7921,117.645387594
186591,2399.85355294
5742,15404.9528854
31037,397.971727672
31224,4423.270954
162909,712.101875545
178113,2604.99397614
126056,593.435690191
66354,1028.83749814
1562,61.1870527959
30082,2520.44517522
66602,2529.69579771
29173,282.164547032
2990,381.771957682
179380,9211.8802158
27199,15602.2373984
12804,0.0
29722,2049.09105355
15274,9558.55475871
1659,18069.2766662
65899,24928.6496252
23195,2259.87871613
8007,2854.29370864
12964,1619.33435132
8001,1011.60079225
13824,1386.88121038
184180,764.281078675
165179,3.62072898983
24405,4997.31807321
25937,938.98906574
6543,2470.95789614
5254,737.017933985
185229,5185.65623371
4390,0.0
28194,9743.96050233
63232,1379.22152123
28191,714.959081804
30888,4443.36819417
160417,9336.29711256
136804,5109.49052097
28209,1035.34074402
8486,0.0
25935,649.040247729
127377,979.306915938
180636,2043.56845313
1864,135.245626454
