180167,0.886596647046
61519,0.610896586457
184526,0.987617382123
19713,0.851646028229
61513,0.637430624551
23999,0.620689241025
22461,0.714475473725
180169,0.566044266159
4448,0.553851404939
177303,0.425258571421
13733,0.980551471357
165284,0.496399662239
111537,0.559880178788
111534,0.709209159029
111532,0.86878329377
166555,0.936806503446
4029,0.278381102957
177227,0.726019434423
177225,0.36165358623
177224,0.0258635469773
60914,0.0186960352419
19398,0.757259220845
161071,0.416273191368
5987,0.178773219916
132644,0.0666894226602
177228,0.032508949795
61179,0.136932855495
24710,0.129289162262
19159,0.26600538245
160891,0.916669676412
160892,0.870521765104
160893,0.933508405771
180562,0.513850412106
19402,0.00330343613447
127475,0.848056855525
25062,0.133575787203
122175,0.838776297646
65270,0.603872789546
277918,0.719486683763
150179,0.302521075816
183850,0.23013648596
165914,0.276066894533
142814,0.993830380668
22008,0.761134194162
149337,0.823543623819
61192,0.38262773327
142811,0.0750775877293
142812,0.585387172163
6158,0.207146587918
12708,0.580498695037
30646,0.671003717151
13602,0.014355362397
4737,0.165576945265
6791,0.45427910718
118126,0.20166701201
2312,0.0296248683515
118122,0.927939548046
118121,0.889261133545
177313,0.778337629958
25665,0.407225224037
165710,0.079082874815
177315,0.946627820823
64879,0.856206938798
165358,0.0202963691546
140541,0.73521347352
166482,0.591723155838
166485,0.27420201059
30666,0.280294826157
128581,0.10202208681
161853,0.373259828469
25283,0.060121251946
185645,0.937279257171
22717,0.152870044536
184064,0.906820124183
13599,0.737303452204
25119,0.311870754708
16705,0.687759128938
30662,0.544759377253
25110,0.918961163819
30847,0.0317622830146
166733,0.11394931043
7993,0.0861758337109
140897,0.527784058408
141236,0.50004037778
7991,0.903391988877
28998,0.814869843489
63930,0.771734964104
2269,0.10145247908
63936,0.481316911092
116787,0.577733114569
19570,0.497188774125
7881,0.463373698913
63938,0.457737729448
7882,0.232781833723
162254,0.237833634707
24996,0.582340447233
20747,0.786370884409
124599,0.673068048039
17035,0.384724906575
2444,0.131155078024
139804,0.934056193975
2448,0.0693357248849
63029,0.328360592683
7866,0.955364015941
184994,0.818652581362
186354,0.852907199147
61585,0.415449165892
176068,0.0549155739831
24888,0.208719705139
140982,0.338552693122
61584,0.0344781106476
138608,0.725524046632
2044,0.269008150302
155225,0.420508955488
146659,0.0487252405591
138601,0.0178567986571
148414,0.172843314508
4818,0.441538489264
163036,0.551068635845
148410,0.972147309703
185661,0.52680216671
6379,0.525358978078
26021,0.414974350231
64901,0.841316652166
2811,0.06804441199
28410,0.378867810699
12123,0.593739407825
124358,0.927878980165
12124,0.957976987617
10631,0.724188417116
7620,0.271900483192
28785,0.176771979419
10411,0.21710136916
162742,0.00473542227628
11944,0.375701534715
133346,0.5912500923
63447,0.757344691108
163927,0.0206489545714
121142,0.103870565239
160256,0.209096128914
63543,0.918457761558
160255,0.551510613026
63448,0.393079481886
135965,0.86972624282
16926,0.98586483493
162560,0.224520814594
8947,0.82704961175
22260,0.316998762096
164416,0.316236029989
160376,0.872308934426
16929,0.151961127454
7260,0.149595202736
12234,0.384320786765
63596,0.428832535049
12236,0.760114779289
125531,0.432864247676
139025,0.707995305859
7781,0.452161800113
14624,0.532707547666
62646,0.821710870056
179186,0.489754477767
14623,0.774256559566
160488,0.0235971850034
152049,0.804263179861
186106,0.411359929023
10565,0.773774671949
125240,0.128029895312
24678,0.865445268676
175263,0.668092312953
177983,0.462720438224
1995,0.360489370146
10096,0.797720363166
187406,0.83601129541
30416,0.700835369813
182116,0.697564699346
178327,0.945049169401
182112,0.950091611832
65896,0.818369771877
163610,0.107542739301
8838,0.170752686038
138467,0.938046023708
147303,0.747456736389
147307,0.587333551159
147305,0.0756133306675
8832,0.0259330486712
16671,0.0456175125053
164342,0.390060469464
143689,0.520859929731
138861,0.162372996869
29962,0.370936184198
30637,0.997656077512
29964,0.210745864656
28564,0.265106166064
62088,0.49113430044
126417,0.0324586448059
24232,0.68730720697
24233,0.909483641006
24234,0.576917954463
12945,0.702567976011
174222,0.0131179248974
62245,0.613946979626
183224,0.884497732295
175087,0.92951597636
157493,0.605650753414
175083,0.846906798715
13189,0.981594886792
137641,0.735122933808
285536,0.957183004372
137642,0.560965056375
175319,0.43481969693
63462,0.649353090479
30259,0.876145053455
175646,0.288888920288
156383,0.903311374964
156384,0.0231068616127
29762,0.879084830713
1177,0.186019770101
25069,0.365598717066
1173,0.780230149413
30740,0.193620299722
157921,0.38584821197
13940,0.348695728748
165699,0.520282909421
31122,0.339124233962
31692,0.862765120412
23500,0.00235518530792
160719,0.140695198057
5530,0.982750399807
5539,0.768294146429
162925,0.773084327317
178851,0.242380227615
145367,0.616195641799
178097,0.553577481907
11161,0.606269169156
14403,0.878868787122
29108,0.632554826533
178453,0.0906907691323
143640,0.246748510156
8762,0.689251052666
29101,0.245019109147
7183,0.699045062689
7185,0.949424499811
7186,0.745170605749
66161,0.280336027127
8387,0.269164527265
8386,0.917694649467
61693,0.0762768005605
185269,0.09496977236
127644,0.647112401348
13839,0.837464476443
191255,0.350951528398
12874,0.930775601528
8549,0.293427434223
65884,0.769601697503
23616,0.450289829422
8543,0.834926600124
8542,0.780437394018
6573,0.627372285562
165051,0.503690639965
6574,0.947498483144
162699,0.602908386132
180193,0.878956262461
61745,0.31144390237
27760,0.899620086652
61743,0.905454969245
28180,0.778543314381
12065,0.375316600691
7694,0.274146854639
144435,0.218432917554
7696,0.392451546754
144437,0.768998167247
28749,0.757287505273
111940,0.399548530842
126600,0.385609175103
28216,0.579166922522
28742,0.809479895685
25946,0.0533903959427
3835,0.149245333947
63866,0.264676827906
8807,0.374248809879
4973,0.408132627305
10884,0.511742439373
151544,0.419869249023
155394,0.454954628565
155393,0.172381282331
4036,0.620093931235
4186,0.567085920357
25462,0.264977071668
60902,0.733818443468
60900,0.864407743985
177256,0.0234315154925
177257,0.339798766119
177255,0.93241146759
161040,0.0764551718168
184442,0.385549957648
11372,0.774803069119
179925,0.89789784819
24708,0.658762690826
4842,0.113421179771
7525,0.46786700793
5667,0.182277084815
160888,0.990736547383
25056,0.49308747431
16668,0.773546422446
25726,0.982635608698
189567,0.872021865752
12711,0.955755350419
141339,0.483596518423
5526,0.772665085554
12719,0.618238221464
184500,0.912686132687
16957,0.13101480695
6781,0.0467441289209
64708,0.966191426007
23877,0.324567801532
13619,0.0491460062901
6788,0.894235227548
164432,0.603498837633
185006,0.0405706548361
4723,0.306198218173
65643,0.896155412221
65640,0.995242014375
120048,0.851597013722
177674,0.146590247641
177677,0.520560443326
118577,0.35463640897
11286,0.455735440026
186290,0.778790007686
3203,0.168243039903
21118,0.830365158801
177314,0.28857416646
177108,0.109248954435
177109,0.015644537386
148313,0.321164496419
25921,0.462180270414
16716,0.406728091764
16245,0.804551303668
16714,0.905818498941
65467,0.360098625455
16710,0.260851171014
25124,0.933309170318
10466,0.671521042975
2271,0.771017205034
2270,0.268881552243
155174,0.990783615839
186045,0.452281196154
10801,0.768458225537
120134,0.826762937594
65796,0.50280350326
63907,0.377657762934
166230,0.967866750195
9248,0.978101167131
162732,0.69127010009
133871,0.714122006239
20779,0.366044711048
63057,0.217574340471
9538,0.932332105543
141846,0.839980726246
113093,0.56931304698
9242,0.230959931306
174393,0.107641624507
176070,0.846370543524
153128,0.590809790483
65515,0.0110363990487
138613,0.495538074513
174390,0.512226358476
13289,0.0483424476635
13288,0.975755799518
17534,0.869650809398
24890,0.457082030537
158414,0.994789726919
29156,0.444790837882
2052,0.985903787384
146648,0.390847467587
4826,0.884561403282
61839,0.871153695211
13440,0.0791439665141
175307,0.207320461252
7982,0.740399228843
64930,0.288330581717
26038,0.185866805335
7985,0.824919110251
64934,0.0979048022851
26037,0.460994660596
24096,0.995378297218
10156,0.305471793833
10405,0.188326490232
62472,0.202545216772
10407,0.910155606109
29151,0.852523442361
24099,0.990042623589
161852,0.496024205901
10390,0.557379362828
64334,0.62001357547
124434,0.913722151306
147849,0.785563091675
27965,0.275020997504
179298,0.495372136813
27960,0.406482775527
149683,0.535036594025
1949,0.182634733254
24291,0.365067544121
1979,0.649188094268
14898,0.756561982354
176670,0.29573826282
18844,0.771115582589
185619,0.558078950171
14891,0.290534819839
164404,0.858744584853
6216,0.531855492859
63874,0.595706792123
6213,0.617853592196
148531,0.976186708684
15708,0.59812225828
14650,0.0621144598423
9299,0.422536740217
62654,0.467960866978
62655,0.733294392832
179624,0.399553924593
179621,0.239723005705
1661,0.938326420649
62897,0.46420625768
62895,0.619085858841
65732,0.809737274018
3231,0.968110891911
1968,0.08089474162
164572,0.427962982519
3238,0.0245170068566
157865,0.713513284051
175523,0.175173322844
1611,0.0196633051816
158053,0.753726614057
179534,0.894310311365
14603,0.169357999191
12956,0.160879937319
2870,0.170303753367
12950,0.397370543213
179058,0.605379031652
142748,0.248346590177
294524,0.258995929047
160661,0.834391588553
160667,0.884854915858
27810,0.0836494634484
122394,0.670467364463
160668,0.848583961706
3358,0.211451306351
164756,0.850856556575
164755,0.967495243957
174236,0.356284882018
5442,0.72554068558
7065,0.00748689183165
7063,0.578082197916
11842,0.186134995094
147204,0.865353180039
30539,0.353501888081
147208,0.607286236321
29804,0.162555013285
11687,0.186532083945
264509,0.362340693741
184321,0.563122353233
12482,0.801532572341
12485,0.263810749957
15459,0.880364828672
132482,0.653879882465
8151,0.168023439667
178868,0.496808391554
11096,0.646248931515
179841,0.985440906701
179840,0.789278422505
179843,0.856437509875
184057,0.704757452741
178862,0.601524900582
178863,0.696166123433
178865,0.655615270814
24396,0.318129437934
1545,0.400034767275
11115,0.549014011545
14477,0.855559095037
183528,0.757856708801
66379,0.0265899139643
11440,0.364045194178
154758,0.912052292567
144640,0.357678985264
66371,0.402904916561
148950,0.0542304887347
31751,0.211794274387
31752,0.363225925591
109186,0.80499475096
31576,0.0455460619339
4390,0.0768243734971
66155,0.386241168148
185276,0.00747743425165
175834,0.12198575763
127383,0.943479901752
66158,0.224928885208
61685,0.0084193564712
8539,0.0580561287057
27776,0.0271724021509
160471,0.583588882928
160474,0.047187573229
12824,0.454420089719
12825,0.883710968434
190959,0.995007609845
7883,0.161055785627
15291,0.498544362893
133825,0.0349196616207
61759,0.180125082549
66085,0.574691958359
14503,0.498599601316
6565,0.597353932158
105670,0.82940970692
8105,0.398313416807
29607,0.339541596582
7685,0.717544329827
5475,0.00231540260852
7682,0.665464738332
1257,0.402046561307
28733,0.116839481305
1380,0.375414025149
1382,0.268186963172
29609,0.736925179199
3580,0.596403429953
160989,0.673649698407
180145,0.0384819161327
3581,0.998989025342
177924,0.3576182272
4759,0.996638408961
161056,0.43950215146
161055,0.938027232056
8440,0.470419795136
179686,0.660585680245
109079,0.58446041815
11566,0.789019470907
144356,0.9117978245
24378,0.456672629124
13990,0.516411649906
9258,0.805871488199
160505,0.895472051849
115876,0.057163752173
160503,0.0667802758424
60931,0.0990386004382
11361,0.704493252632
61356,0.61680959127
61350,0.885200248483
11811,0.799665580306
63422,0.409140742558
62516,0.501515798609
126496,0.458436454162
174301,0.457913909526
28648,0.00872560433573
5835,0.616501403124
65218,0.557713512927
19355,0.565111868451
19605,0.5016607988
25737,0.185262649074
147183,0.881526684722
63847,0.545887792313
114698,0.597412682333
65180,0.980155060282
179438,0.973668986593
184514,0.433865928874
185018,0.34964633
64857,0.234493712727
64850,0.948363556283
64851,0.555664387828
64853,0.0918719497581
6774,0.361012344425
10984,0.802479133053
140529,0.123531853209
10981,0.241725474362
10983,0.452837984741
5870,0.614586658168
65850,0.564784094099
25918,0.779054271364
65676,0.523557975432
60801,0.788742310478
11291,0.635532052861
11296,0.854906172615
9969,0.004471796847
65671,0.445391968714
16955,0.295419188306
177111,0.280220155662
177110,0.844457194718
177112,0.700423840057
186288,0.764786393282
25234,0.84046685867
25138,0.606367445141
64103,0.15555616568
65459,0.310517448887
164557,0.161301867876
158563,0.63385180639
4632,0.945295163363
184604,0.294094367116
13526,0.831915469697
19911,0.627515042351
16721,0.0608818001574
149268,0.634834024764
64584,0.221377789208
11748,0.539972006633
165934,0.384839669568
63919,0.730695190406
11584,0.191377835213
161909,0.755729802396
11580,0.463020177689
166593,0.244714714989
61576,0.337078369969
166591,0.220960287912
25313,0.484903380015
138662,0.511715272928
121382,0.402766186181
121381,0.917614053029
7849,0.445717256536
16832,0.98470214317
260893,0.962741583807
63687,0.0270299997381
153130,0.74514270332
64030,0.463182650426
116504,0.903015581486
4839,0.875577546644
6357,0.528366672041
61925,0.803619642864
141459,0.497202847678
162585,0.712090357957
4523,0.538093965765
13453,0.534094748019
185646,0.153386516561
6194,0.847655906561
6196,0.193101167838
64929,0.188049884358
162349,0.937391202117
162346,0.692899203475
64925,0.325867527166
11636,0.212677751877
140983,0.895314663426
26045,0.442939516195
9346,0.402446797829
9611,0.394537966451
6742,0.656030400572
9619,0.847908856695
13184,0.708358102721
64327,0.607614026086
3532,0.493788706487
175404,0.0722463923397
22815,0.680663497402
10364,0.846596610029
160272,0.278164274711
2049,0.178248512811
5050,0.68361709451
20653,0.573676621816
135788,0.897758025038
9411,0.367985198045
7203,0.52860890669
116104,0.213961423151
7205,0.0455832784544
30870,0.12935968509
6223,0.959040472564
63863,0.412863744676
12216,0.897114006875
12215,0.606444622061
162160,0.318751513125
160183,0.0875252257654
160181,0.0283875958503
18549,0.090554625107
17072,0.112690824238
178015,0.351867495676
143153,0.176868894703
116503,0.845589688486
9761,0.467708292725
14084,0.335339234004
186129,0.323327309365
162404,0.0232069941475
62317,0.230134519326
122015,0.651049969751
10504,0.199038921446
13071,0.183915712379
24171,0.193293375586
164506,0.893347758716
179299,0.732549002237
7331,0.0696838836464
18364,0.204191120483
1976,0.218007485849
1602,0.79828586719
3221,0.687247077375
176229,0.315045257156
175533,0.978941505547
6375,0.199026025012
147988,0.95922161046
8858,0.418028604036
122915,0.38103915094
62797,0.186721589682
185289,0.755092575636
138402,0.815298246076
133328,0.24037550707
8850,0.740236179136
123720,0.864569102554
12926,0.597425498798
178676,0.710750488322
12250,0.649229037171
30188,0.69583859377
187722,0.599564894639
14269,0.855193869893
10213,0.801682527923
10187,0.885370498807
184046,0.0420455261514
149477,0.998161703143
1773,0.886772514393
61153,0.349505979994
62221,0.2838582201
129438,0.74351569487
179974,0.288418321427
112111,0.306888384737
112112,0.170680206079
9890,0.963707629093
8148,0.53419939249
1230,0.624680502983
178870,0.296320815943
6994,0.475786848953
6995,0.563371975845
184281,0.136871421499
61155,0.806623740571
8633,0.596827924602
30293,0.931668072903
5518,0.303273562329
178081,0.484573978898
24547,0.25475940266
61409,0.4701146757
30298,0.220913303746
108449,0.654784264597
184040,0.78437634027
162906,0.281815943281
162907,0.137791542013
106418,0.110133961002
64223,0.966534172955
66366,0.920759546126
1554,0.11327364286
183554,0.906256535294
10386,0.28034366319
28340,0.835410700318
2991,0.711185176396
3036,0.825944223281
183559,0.283042494593
66368,0.155752069124
3031,0.959817535179
187653,0.0934485723987
31587,0.417211469454
174118,0.63040014082
29900,0.353985026032
23195,0.55274776946
30614,0.443421471899
30612,0.814588416218
31748,0.803425097299
31744,0.797596127931
31214,0.425138106185
31743,0.113296958093
30618,0.914778908332
178704,0.0692409825288
31564,0.931347310787
66148,0.513505692985
126718,0.44222057565
31560,0.584989600214
163983,0.413199999115
118795,0.871536918895
10380,0.477019545395
163987,0.882996311882
144567,0.330916093887
25896,0.178508597134
9999,0.630625595985
17724,0.506664370083
12589,0.939696570375
177871,0.398195591968
29129,0.203986341938
178493,0.038859365237
178492,0.958572230578
12850,0.54553563575
12581,0.0364860928287
28347,0.189695482559
5608,0.629457397566
29901,0.608335746537
25964,0.103353752599
11032,0.810652090388
174119,0.759593281481
66098,0.0785288730415
151161,0.930630178492
15027,0.311269229566
161120,0.769225551172
111961,0.0329517313559
105538,0.200679243636
111965,0.451067146792
29634,0.478255187018
1397,0.843457550066
9325,0.0698922720275
1393,0.363756638396
1974,0.769862507999
183606,0.198205082471
3813,0.126406790236
127282,0.90153639575
3622,0.143635432956
22650,0.925902983489
183603,0.195557232763
3814,0.774111222129
160991,0.0469300724731
160990,0.457068939259
180150,0.0815882523995
8457,0.279821694025
23252,0.445740665973
8455,0.0593776145815
7585,0.890759089483
184465,0.462272378324
29517,0.98292334941
109084,0.859273686072
15337,0.430966164209
13988,0.551479730253
143910,0.835998151932
184263,0.0333871690854
165742,0.202782358921
146156,0.711147344948
185396,0.105922212155
165746,0.166265854649
174115,0.677525860087
61321,0.6853605374
7549,0.693242484143
61325,0.324123040963
31368,0.469532030329
65872,0.944371643271
22817,0.259402723028
28296,0.334907891025
31567,0.14309894686
16641,0.478639416058
164411,0.664981426051
30473,0.989048350699
154595,0.455495397566
112254,0.815707903156
8030,0.490773260167
64821,0.980573694535
178703,0.25004404795
166458,0.635588581691
6768,0.233676607933
23810,0.329406112325
4740,0.891351002085
10991,0.790280229455
189491,0.502205653343
189490,0.271116670097
24610,0.00796955086846
157074,0.72601918032
180395,0.265730853218
150562,0.254083902091
25633,0.449418116259
25632,0.904008831256
65483,0.109605977579
5862,0.225307874007
25140,0.890818147367
65444,0.369949002529
177127,0.761452541254
111491,0.440707505139
64132,0.667302222356
260408,0.0244986144784
64130,0.0575056965128
124634,0.325451133543
64135,0.444614704234
184673,0.06926564524
184676,0.320325611903
22729,0.878249381273
4608,0.750768377804
2184,0.54112984051
4605,0.830585595565
4600,0.350297191537
13510,0.105023405176
177872,0.344334723328
184961,0.359363324639
158354,0.229150273755
178494,0.460619396405
163921,0.593828043922
5606,0.612315020175
153728,0.0537529720619
165924,0.421855803998
29127,0.245663998752
166213,0.532295769172
121974,0.892481710029
12761,0.865354466584
5600,0.140775453826
254399,0.0432548643643
124254,0.389092997604
64004,0.865762727173
64550,0.0375130338498
64552,0.0764835201125
140760,0.193014549447
15347,0.768198084298
2436,0.345880906186
2435,0.976477860202
185058,0.749248515109
16821,0.992068077679
116772,0.422529892357
185654,0.628429597865
16824,0.405955287229
65532,0.838313509455
61811,0.929639197168
141469,0.562244048442
25095,0.421454166726
6346,0.777155668694
4510,0.0846351585749
62640,0.768309972922
184702,0.60782668146
4517,0.611850676743
184700,0.603365207198
11649,0.465752920852
119493,0.96110713593
162354,0.529275352445
17195,0.157258570202
2504,0.386392363068
11644,0.0528813664243
141913,0.747506259535
162576,0.894940533045
9355,0.725148954766
9359,0.696970200021
5284,0.212691423195
17173,0.571050089131
21241,0.696081654682
5047,0.707487635034
5046,0.215302541488
10374,0.103783654511
63417,0.291799071269
63789,0.675269920649
3785,0.365381236219
63781,0.36327218228
183780,0.611578458041
16910,0.0317684826838
163771,0.107208204972
163772,0.143170191734
146354,0.25411321109
105346,0.510588703613
6239,0.980456780257
10777,0.0776202276941
4990,0.103406179774
10567,0.986999206665
12206,0.951795571193
141001,0.545400596733
12200,0.360425670034
61608,0.481308182175
63892,0.706130309723
125276,0.815004655782
125274,0.265134766089
164680,0.120766492724
186139,0.555928590898
10519,0.207754659641
9778,0.0840996410701
9774,0.572763806441
9777,0.4496600814
29353,0.836306039728
62302,0.32842841283
121759,0.662047361488
8867,0.434184180461
8864,0.0365085323726
179288,0.976343448946
9289,0.819696244396
176235,0.0872483525261
182383,0.622790483021
9284,0.11279671416
176239,0.701065014591
175503,0.819227147359
63099,0.748512761564
19150,0.455565878715
162770,0.771662084755
146119,0.788787076379
11914,0.125447957081
146114,0.154913211078
2859,0.352570935882
264418,0.584729703012
264414,0.680903600261
264416,0.203655161606
24157,0.93891434944
162825,0.296166111886
2856,0.0194774898602
14219,0.681251497984
3336,0.120645112837
10200,0.835502639396
108693,0.379692997794
187714,0.37369683765
160684,0.949155617346
16478,0.399464888178
20904,0.454003023169
175342,0.851700374517
29755,0.497288671535
10195,0.141122007401
1704,0.365904340038
29751,0.980162256113
10190,0.517497388851
184880,0.599943443526
174744,0.0467460854098
14182,0.297613242588
62236,0.779927849798
10198,0.515541268159
14186,0.999085359864
15855,0.487517996251
112101,0.90140585564
17120,0.210622186311
29282,0.270451525232
184885,0.241009459544
176523,0.13341181571
178803,0.181988807394
178806,0.660465311757
120193,0.641125945087
29001,0.804862476165
30990,0.905949062869
1121,0.08782200688
8606,0.336432940477
8605,0.897598650558
14324,0.201902877477
106404,0.673178713764
25880,0.0141407971191
25882,0.629835118367
184070,0.72109859235
15101,0.246718678946
29131,0.11045370666
17982,0.641251276187
29133,0.495097759402
24379,0.453470765795
143526,0.725492345275
186715,0.367738620321
186714,0.3981484446
65556,0.153593999148
3024,0.0564641397163
2986,0.046862892282
174108,0.285940704049
157354,0.0788895851802
29910,0.691840600303
137230,0.173195547231
137943,0.890692523485
30354,0.279552206708
110566,0.747522704702
8734,0.609314012684
183388,0.747063484305
4001,0.697128407956
31775,0.98820269148
175983,0.578358118872
1234,0.573111831985
2080,0.15668027756
8515,0.667875843038
28397,0.734245497164
4199,0.867139141386
180635,0.888029140797
126721,0.23814549937
4194,0.979536833367
12598,0.204383099047
4193,0.580345849308
4678,0.0942912227007
175966,0.0905036863905
5671,0.088094389716
192856,0.571019098265
12840,0.702948555627
4351,0.84768702163
4352,0.246948523638
28717,0.0892335008439
23253,0.363129414689
6509,0.225831444475
145977,0.584936592149
31489,0.473348785641
31488,0.16130307123
145979,0.419698494438
31170,0.710963571589
174567,0.910604490182
66228,0.115464841214
23062,0.0431036786128
111976,0.0818581868471
24283,0.605302829325
180363,0.00250631851655
29621,0.695996619045
163887,0.69048190975
61028,0.00194614740002
183612,0.499532123114
3807,0.892582211444
3806,0.189718274031
8463,0.844559863819
30328,0.943158674808
11340,0.182403037112
64979,0.451334682556
11343,0.251487936859
23714,0.956497646953
111779,0.0477834592458
110685,0.874905485668
108306,0.701458333434
6435,0.397953242171
12445,0.80705714448
6433,0.970586429572
5709,0.869495682099
184256,0.0238770304014
12441,0.496390583753
184258,0.223942634592
185380,0.779595325354
8199,0.459524688136
177267,0.250721186151
177264,0.688099930897
13714,0.596002309926
110179,0.944254536327
177465,0.627176101974
61338,0.607503797361
8357,0.738337224436
31392,0.354291126101
177287,0.631450221081
156953,0.34848552655
165798,0.413090179428
11462,0.0194088584728
13646,0.897119976854
28866,0.779572792468
4771,0.242743672671
15331,0.434842892851
165640,0.514586816059
23809,0.137037665544
14368,0.172627681289
162272,0.454713242218
165649,0.849742013588
166443,0.716511362482
62967,0.0291103902578
65838,0.163540416041
24620,0.480704045166
65831,0.797105419745
25623,0.578742266655
30857,0.73583419322
25627,0.932233370178
154039,0.380314088002
25405,0.709200822818
25406,0.268594230935
16748,0.726077389211
24975,0.75929337932
12458,0.851914435661
184660,0.309066805657
12053,0.227858188545
130200,0.418133903354
266315,0.263488230066
25396,0.209216985217
145407,0.950332706887
183945,0.873804721995
141278,0.692534348867
158587,0.420363211617
13505,0.567837330138
183942,0.558357373419
161924,0.61907821397
162559,0.744544717243
12691,0.86260829638
151630,0.869981772283
2222,0.959082761633
2220,0.94845488812
2942,0.408453582615
177734,0.97710291548
65235,0.460624844863
24440,0.490741697485
165264,0.723602148851
151632,0.0143914773037
10832,0.653207476688
64630,0.0889583377388
177739,0.536085080584
150139,0.601106537653
64637,0.126798961293
62243,0.462916862116
30463,0.267824529581
178939,0.420761283657
185569,0.411435912628
64549,0.933895995051
65548,0.890968286294
185620,0.322082833843
174148,0.662449610762
19807,0.736797403142
25579,0.0574364071383
185624,0.033562023785
30277,0.735023928221
63667,0.656419171551
25570,0.241588928512
25572,0.193319067645
7824,0.514434851906
26067,0.643080560218
166061,0.335585238234
124394,0.740391188398
25088,0.405576826114
26061,0.275564811633
117161,0.0581798831066
184715,0.690916077763
28155,0.634621162087
184717,0.799637900427
16698,0.502958240485
2086,0.216657908172
26069,0.942983918637
161813,0.813962241834
3342,0.445341952803
2538,0.47701815487
66029,0.929484424039
161814,0.0692835984217
64942,0.970667483182
2536,0.765552375443
11657,0.968506249127
153028,0.893685238731
160213,0.136177447133
17762,0.802908967003
160211,0.800292492456
160216,0.964071208257
29968,0.934396355074
160214,0.217754314888
61557,0.859224513966
160173,0.417709806057
107446,0.158598870974
105574,0.184778666577
8987,0.959670438957
176572,0.524297895497
112366,0.686810428299
7951,0.978995108025
149070,0.594891783204
64304,0.220310730841
5073,0.278835819637
64306,0.701730297978
5071,0.0926617994336
64302,0.508743875375
63405,0.619576947346
63799,0.57187852447
1837,0.642904834599
185824,0.259807722596
63790,0.760027411956
185827,0.965320997913
185532,0.776888814474
185821,0.979382505823
116166,0.231400661726
2154,0.536760377727
113530,0.0569405376443
122921,0.703598675787
2150,0.872845467621
2403,0.421342898584
4145,0.769968024121
4988,0.00284222820299
10740,0.75648909093
62689,0.992791756443
25339,0.668620270739
18560,0.801945668907
62686,0.182621136508
1951,0.3553344322
160329,0.798136170972
152249,0.148697067749
62330,0.862323276832
30255,0.860437355818
63538,0.115577284432
25180,0.427627214603
8873,0.866523219715
10692,0.267681753277
186276,0.627010788715
63080,0.308222320669
7315,0.458351979552
178600,0.596212135641
24113,0.966973070052
13092,0.97160111816
3246,0.0661680618792
11903,0.859053426577
212340,0.950271690793
164661,0.125270708859
264388,0.568915178508
179077,0.582046500023
176954,0.497543839687
12909,0.716301076691
30161,0.0471138977023
112007,0.710896747943
179700,0.0920639177486
185836,0.10309168815
62755,0.591621832688
9016,0.459099900126
62204,0.489320817267
7034,0.573599345713
10236,0.217207449181
10235,0.384557009656
178172,0.280016486441
5496,0.489769747302
5492,0.877532670615
27823,0.0434293008684
5252,0.0723941046942
1712,0.250487594222
5250,0.836444770656
157217,0.308007051953
5256,0.843849803986
21429,0.36729678673
21503,0.32868681258
156613,0.174095670676
117034,0.916788662309
63337,0.805279606978
157218,0.944272633746
13498,0.0419383929725
156614,0.930854214935
176558,0.184150899211
6311,0.661210787167
176556,0.888602124368
178811,0.730485537329
119316,0.218319589969
119314,0.302726396288
178814,0.101967047154
183283,0.634155295497
152809,0.245023525114
2259,0.941268489922
184068,0.0483960138392
179818,0.366107332448
179819,0.640158883526
11124,0.529500520467
174485,0.675223362929
179817,0.363152324535
180958,0.656872599895
31764,0.387426634629
122211,0.863913877613
122212,0.79491461201
62110,0.045039628014
184109,0.354440510133
30640,0.696625024914
7146,0.91439588973
10999,0.375501206138
183570,0.886009557326
29382,0.649321867067
164652,0.228686739945
29386,0.723659948698
29435,0.432743343823
183377,0.390054262784
29389,0.353343300258
1004,0.268047753685
29433,0.354940506404
114880,0.468700121051
184392,0.38964673504
183593,0.929717982672
28380,0.208499775476
110760,0.867084120618
1228,0.97099069706
30384,0.645480409817
160448,0.146586488377
6532,0.696242075164
147708,0.586923513048
165123,0.532031740806
166451,0.301817061418
175978,0.410752631392
4341,0.363228581928
4340,0.869865909853
180711,0.914589844588
28704,0.0212951402417
2884,0.515517064738
24617,0.881710796382
197855,0.534234277195
14535,0.870247658286
2888,0.594796081673
11017,0.0692952179898
25980,0.298155187835
11012,0.340789635217
177996,0.0285844433581
8611,0.786767870393
24293,0.59695573751
126136,0.551546063244
22632,0.640361886708
66261,0.447465247432
163893,0.211336062948
145701,0.51894296069
65106,0.374789477885
144383,0.899535191527
66059,0.287243313674
30067,0.508674516183
26520,0.882347560391
8479,0.00170359330286
8475,0.884016167848
184487,0.336674022489
161000,0.125471077443
7566,0.606944332308
1920,0.360839774606
12471,0.781340261686
150838,0.18534495008
177921,0.323073546716
150837,0.802411505344
12478,0.746467580768
119173,0.0762372025017
177925,0.407300173351
184241,0.55870540042
61490,0.882998336106
1598,0.186692737256
175688,0.712812486687
61655,0.303449884886
28675,0.940576471388
61656,0.907474741325
66438,0.832100221916
61302,0.556057158299
31381,0.0726646932988
3905,0.5648039789
145636,0.851456021157
147868,0.941503656011
165785,0.190866331188
180229,0.885016765666
180228,0.871197689584
127179,0.30959785014
28877,0.116518718168
13657,0.457984011035
177124,0.470864096506
165652,0.415854527383
120774,0.497275879909
163948,0.963930984176
140044,0.387657710564
140043,0.471277977348
140042,0.34586779836
9715,0.791880621429
9954,0.229122844573
181445,0.759887323695
146137,0.784362235618
64794,0.748715389533
157955,0.37136790824
25167,0.630283936005
25166,0.67138163545
29061,0.344878507399
13142,0.637098330796
181269,0.934576067256
174136,0.346790398246
32280,0.612661866124
16597,0.291861221936
166789,0.621421017467
183974,0.623355242158
184652,0.0891763574689
161952,0.549128080512
161953,0.0832926407333
174135,0.627809686524
157058,0.338114190018
12689,0.751993064571
118267,0.148914478534
11796,0.445181165313
2237,0.430645880078
65220,0.54377539347
186898,0.416951044326
65226,0.595905067193
157057,0.628369570827
65228,0.665579570885
65229,0.467516120028
133768,0.348965283577
65958,0.710297963574
186893,0.733507127215
148234,0.438797086228
3497,0.724967672543
20847,0.994597297329
25509,0.599514137469
186874,0.35264178253
146607,0.808435318508
13406,0.25538977909
65552,0.277519852656
4579,0.941343828552
63651,0.486004691747
63650,0.509154906517
3650,0.831757572905
162809,0.789578360064
65554,0.0861192207771
26071,0.653466545075
148239,0.840365667018
16689,0.768083158176
61870,0.0509749330129
16681,0.543133005322
11669,0.964897571301
11465,0.16488743923
24965,0.380148998847
9783,0.59824057171
25389,0.114129706334
64156,0.107108463047
65689,0.207266793782
154056,0.334599488143
2663,0.796608836133
134932,0.468366985294
27920,0.155094567997
27925,0.623993629464
160204,0.868023173291
160207,0.584185350497
10353,0.653260670921
162557,0.0744147573172
27928,0.783253031479
135425,0.00456397216453
9372,0.370015491866
62922,0.847418960197
4885,0.445357590312
62921,0.893106995402
17151,0.241240110053
17150,0.0100268729744
102696,0.224158294806
158743,0.978295196856
158742,0.210745000353
9173,0.643299600427
9171,0.337060487233
10685,0.362238220953
25186,0.875990602217
25181,0.926881953195
61900,0.112900948806
61903,0.210877472734
186278,0.287524304864
186279,0.370786134638
1820,0.785690068421
1823,0.104437965989
190567,0.549953280362
6115,0.689780864441
12262,0.740096988867
105365,0.838962305143
162129,0.634721498048
12266,0.632624880488
10757,0.923076940548
10530,0.269018656559
184569,0.0549910634598
5395,0.99093475297
122841,0.895325879181
184571,0.56589627046
11805,0.104262047672
157117,0.557849855004
185345,0.850472749189
63501,0.192850858853
3275,0.647582522515
1926,0.938284443709
11301,0.259524570193
160331,0.651455617537
3278,0.636083005104
157118,0.203044894863
7368,0.677142784921
64745,0.550142698237
116029,0.0160654022636
7366,0.390442366114
154757,0.522515611504
65886,0.784310721912
176725,0.358613542264
162909,0.670543589977
176726,0.216228826932
112876,0.91565895706
161798,0.827757640449
161072,0.309230400922
22053,0.226950737592
30175,0.333252769845
133468,0.751287952017
30170,0.779520204082
12915,0.329989182509
7022,0.387851556388
62213,0.592862810199
62217,0.17550702555
3310,0.15854367498
7959,0.824954172539
147453,0.667886554825
10221,0.156555444042
20029,0.521872485507
29733,0.115860141383
140194,0.486011038719
9393,0.780678172127
184287,0.182824217483
1728,0.836061268965
186084,0.788912827592
28620,0.959594991894
1722,0.314101976152
180822,0.814080400159
176899,0.0309472909635
4383,0.975574007499
62745,0.47375256705
179666,0.311946662822
176540,0.263474394217
175163,0.777735028798
176595,0.770348531099
147175,0.884919025164
178538,0.524113995307
178539,0.363282702332
115121,0.245442512612
30710,0.196608377124
30714,0.147740362736
178531,0.534958096825
7799,0.833303769078
174490,0.681402714846
3007,0.685520727505
18358,0.797877183759
24795,0.323942102887
14304,0.908994228442
14309,0.7199541906
66504,0.0431002989233
189860,0.284011629165
186437,0.740130351346
174169,0.0499676576509
24352,0.534707059772
126036,0.616584690144
24350,0.0971932113982
143356,0.571391308714
4409,0.101761215631
143357,0.191995599106
142251,0.189747069381
29930,0.0123707856519
183366,0.628168007567
29392,0.397117008306
7691,0.943039441969
30006,0.104390727729
30007,0.858146847978
188155,0.395441693243
177487,0.00680765687398
183581,0.537583735391
29613,0.491964452412
8068,0.467718478549
178752,0.032797825484
66235,0.433584849023
145552,0.00157024592487
143421,0.840354241094
8060,0.637577235299
65350,0.0558676316122
7486,0.196314468499
7481,0.822198144895
132518,0.728856362252
6529,0.931694288074
24032,0.342527659227
8266,0.606444993285
150937,0.102000520735
30398,0.130222681043
133869,0.0457696323086
133868,0.707816272558
174389,0.361272558598
29734,0.46462399346
11060,0.950419209479
4242,0.514006499326
11065,0.212519104631
23002,0.111605571872
1104,0.41138719394
156153,0.084919016514
31629,0.597038899279
156155,0.751861641749
156156,0.515208795735
156157,0.0785444922654
183101,0.683433080314
17694,0.102659224998
17890,0.481533380085
28967,0.173663426717
174541,0.703020967372
66061,0.753856030892
114524,0.0385309448858
129823,0.149590976542
66065,0.130593925548
4087,0.306984484866
3863,0.378135364256
183636,0.81152653091
144396,0.127566878942
66592,0.741208566645
160541,0.451592986034
66597,0.552919150666
177930,0.991404423831
161013,0.781294290406
23220,0.560214234988
160549,0.254540593368
23226,0.0236012665569
3735,0.101597330613
23224,0.693015625238
161014,0.615319673669
160785,0.768323768151
184239,0.883450898627
160781,0.250598460387
19137,0.762306323753
5723,0.731378155985
160838,0.0229381675284
6416,0.957815923087
6410,0.700144776456
175079,0.89553113949
61487,0.241771367467
148170,0.434988372641
7772,0.051728229217
66446,0.624159628251
180030,0.820087578417
144559,0.167760275314
144809,0.637041876093
3439,0.7630990553
8717,0.759063290236
13580,0.420354119294
266216,0.157375700591
117026,0.0493774360741
60992,0.0770008042769
117768,0.636632976808
14938,0.876908959546
6733,0.405024821807
166460,0.482520425162
133166,0.891514178281
4926,0.163363858977
8087,0.763543059981
4156,0.879883634935
61815,0.794656659992
11259,0.870104506096
60846,0.443724613421
163930,0.576319018518
140073,0.685321360232
11094,0.234342868206
163935,0.798870988752
61004,0.959751799298
165468,0.945198919207
65036,0.847942098433
165466,0.0244659425424
9921,0.530061129381
165465,0.327706850002
28119,0.139735995227
28118,0.920677900085
19262,0.023739288989
130041,0.40798115805
64784,0.164137050631
22772,0.821317451113
141460,0.761078361211
65491,0.290899854795
25173,0.91007748411
16763,0.151363913677
164364,0.844518993932
145049,0.839329174413
21776,0.340101483995
141462,0.665235520109
145042,0.334663194425
12075,0.163600016211
145041,0.707987006035
145046,0.632985517279
119574,0.235523982652
140672,0.718382580001
161942,0.517923524876
6649,0.831553755183
63739,0.991969639869
31843,0.110094031431
31846,0.784608917077
10813,0.619552966564
15087,0.301065779765
165209,0.690932621198
65967,0.538274949767
10816,0.225707319961
25774,0.305855629178
150481,0.97279854414
19318,0.856168320968
184449,0.442524533745
110164,0.664197062004
63640,0.283775801784
63643,0.674124107332
24825,0.877172045511
8215,0.563836353383
8214,0.553545925185
65765,0.125715085204
24893,0.183521236722
184735,0.350909717602
4560,0.305807064544
6639,0.688033989973
164368,0.27555034188
3647,0.0254344074669
148476,0.0792816817326
29942,0.245922345688
148470,0.792822128321
11670,0.304615786068
117141,0.68007244993
11672,0.672819458206
64480,0.991968353012
2555,0.21109523229
2556,0.590673491687
28460,0.955640120703
2558,0.49895567941
141389,0.19525099153
12788,0.800326131918
165846,0.736728872718
24912,0.858038201283
2393,0.602682563039
2390,0.485721194981
12785,0.746957348428
141384,0.471218789258
27932,0.201315256591
62919,0.52883526172
11376,0.696497959233
27936,0.86823974215
27937,0.948732674694
63551,0.186542296601
5018,0.482091583475
2771,0.597369212665
27938,0.220881384603
27939,0.968627818704
160232,0.129552177203
160233,0.956705244167
7658,0.472398818047
24021,0.795762310367
17148,0.871258836748
25201,0.0931324511515
17145,0.686720640146
7977,0.783980053681
7970,0.154347758312
6266,0.937556939633
116387,0.869298031077
176237,0.126309123196
16781,0.608948455416
12252,0.0947605124958
4418,0.0823922265091
176404,0.571463343642
118223,0.546480214384
6268,0.327968648891
185517,0.0320774638641
119594,0.726629490581
6066,0.971046082541
125601,0.760816559948
2176,0.551185805806
125604,0.484011358735
17095,0.861347274942
30016,0.588408202297
7526,0.594245394864
122902,0.285499340182
2606,0.164601228111
28135,0.784054700623
174160,0.0674758435135
14822,0.266097542495
14820,0.0603431439131
113269,0.91032437513
9728,0.187327534987
160341,0.612515574059
4903,0.182761068695
10787,0.325201940317
62592,0.273311261583
62590,0.166048990374
10035,0.166534579508
5125,0.957427074925
10789,0.585576584155
10030,0.0881212346806
64218,0.970945248222
1794,0.621095826707
3465,0.757619896137
177884,0.947884368599
29011,0.408536124098
8898,0.348169964794
175064,0.0148870413089
8892,0.457795804076
3469,0.371534045686
24468,0.872591440807
11929,0.433620994668
12321,0.0312922909783
186087,0.699343539209
31718,0.309553986332
4331,0.70165751796
11923,0.428748687048
11925,0.78456077362
141720,0.157800054262
14954,0.646525477059
7154,0.225448388812
22829,0.481953958901
30490,0.714858247492
30495,0.351462794671
30146,0.0499435712298
20338,0.0587551037634
17074,0.678169353772
177376,0.263041796643
13794,0.352113254589
142391,0.534833287888
29097,0.46357801599
108664,0.545713085151
1585,0.78745920538
186671,0.703630892042
27845,0.432190541355
29921,0.489632307235
24005,0.112855897926
164255,0.507396452713
18699,0.0774461618455
17070,0.0150646478067
29705,0.217160110691
5234,0.622508866187
175376,0.816027188695
30540,0.500269908764
164494,0.896936490396
158791,0.479431226039
176375,0.236816841551
137024,0.590849940149
15803,0.834891662668
11819,0.514328217571
176378,0.328961177493
15153,0.921263919481
29894,0.433206373909
179342,0.695912713848
179831,0.948211354823
184009,0.299795760329
137373,0.377199893403
162941,0.160034516137
109930,0.126896676055
178834,0.380351757878
24344,0.0013397150694
3071,0.751652834214
28477,0.30860487323
14311,0.856711133081
2953,0.0924928010482
31702,0.465132972682
31703,0.0608599073143
111000,0.235943160519
5342,0.754992278923
175607,0.591647695635
7163,0.915727679376
126020,0.0820729722843
143668,0.424582080308
178633,0.490073516506
62107,0.0121690844146
186180,0.526822256558
137573,0.940781776916
30032,0.488785933338
4367,0.842204737282
1209,0.972712212606
66686,0.20774654428
12895,0.608549011944
31521,0.00511261984082
23107,0.456744453077
1210,0.408395276958
144010,0.247781495161
164109,0.890763784152
18037,0.939147517672
175955,0.968221083008
186310,0.443608458377
175953,0.632545959511
8272,0.800992567924
183580,0.217747575022
28278,0.0559167448188
6334,0.896519173418
66210,0.2049892549
186451,0.599086806243
162892,0.562848398394
3107,0.147703196615
162894,0.283194336689
30727,0.178046096138
12868,0.997722527464
175007,0.856742328541
175006,0.683462748115
1117,0.893127851536
8493,0.499516851212
114956,0.807149508417
174531,0.488923770919
174024,0.794493403971
175008,0.451948988271
1449,0.127552164336
31147,0.0494339860839
4093,0.105728605696
11446,0.103866052763
4091,0.555217413396
4090,0.647363321054
13786,0.680309086796
31453,0.528343622412
4094,0.535642092521
185194,0.229128751979
185195,0.288084102014
22612,0.582294299758
2005,0.304732909542
185190,0.425903566243
185193,0.249929503339
23587,0.0770529593089
177943,0.389996713511
6669,0.911966123413
66588,0.175840999736
177944,0.12712349439
177945,0.372154444997
66586,0.788952883316
185355,0.326137136085
11313,0.0939342248517
19129,0.731001626445
160797,0.454912099245
107325,0.328261934768
6461,0.333075454214
160798,0.884457799763
19124,0.689265454664
180029,0.324985555512
187039,0.836599991504
187363,0.544805836809
7741,0.789875056752
61673,0.812828324995
143283,0.550446748833
174449,0.193148037085
64404,0.343965555585
22500,0.642939338053
150258,0.904623216206
60983,0.945663025009
8264,0.470923651383
8304,0.104309517545
166414,0.279999151158
6528,0.732645300038
6081,0.361295873096
66281,0.0649601816061
28853,0.00920004796699
61581,0.576782616771
23697,0.898636726636
8092,0.590760513875
61587,0.433966309055
61586,0.0090047635411
61589,0.321146833565
163920,0.670796716461
160196,0.480849307905
165675,0.120243606295
11264,0.320164932315
65021,0.128166372877
65026,0.78721054012
177895,0.12677440826
177896,0.962664438407
3851,0.0455426187827
110529,0.508055868696
180118,0.474044385614
22761,0.286107264371
165691,0.33201914139
1487,0.86580817466
65376,0.00832145527378
16775,0.763395882021
16777,0.877198914089
181931,0.315108642682
128978,0.748119587598
158313,0.860622529964
110250,0.428653186166
25340,0.119883781949
130762,0.359115849532
6097,0.761649933661
185177,0.17881854113
12669,0.595884196361
121934,0.388340974579
6653,0.582064449031
63527,0.429289633163
185549,0.0162933836644
177099,0.461107640442
107817,0.585505883919
19305,0.996940115074
25749,0.501361134082
25747,0.285577270498
127797,0.245840044151
25745,0.819814060873
64844,0.485556085684
165215,0.860196240077
65971,0.889004568868
120359,0.532190805472
120358,0.871212724241
161996,0.465142825506
161997,0.301604617196
63639,0.874057694482
24837,0.517160081744
64515,0.966105691902
184742,0.558152648013
266214,0.726514154659
150477,0.504696228795
185618,0.071111271916
65772,0.883332491818
65771,0.260696684608
183826,0.322805171167
19873,0.818899388961
184748,0.12541225496
175055,0.72052723862
183822,0.218418388606
13421,0.827109256481
21061,0.234216636938
2547,0.0808598751349
139526,0.0453500663736
64997,0.563749451495
153895,0.0773803661277
114608,0.0394907426545
66354,0.651580331043
166639,0.628188808241
165856,0.749451416821
165854,0.0501721454946
23006,0.661861476379
64175,0.800134227871
186989,0.137979278169
12796,0.583520699359
2282,0.388049459214
25007,0.351429403828
10332,0.662136150237
64356,0.279052449714
160228,0.990883962218
64423,0.613739432528
175509,0.069855697028
27906,0.38003872354
140938,0.0636834709259
160225,0.785108804031
17233,0.268932957171
64194,0.581073638987
182387,0.959303136517
260774,0.588947096486
25236,0.182606194106
64193,0.679622162045
16401,0.210433286006
17131,0.314051792187
260779,0.0965258095752
16453,0.0436860827994
17132,0.857315256726
64199,0.451180758919
7906,0.872352098748
17136,0.872059709074
125580,0.308082266232
16790,0.212813697596
4423,0.407298633423
4622,0.101468473934
166747,0.561604877586
64699,0.991909785157
111179,0.671262549417
148391,0.0894794198912
148390,0.83508651372
162401,0.658260446178
122916,0.390517826085
2163,0.139051512625
6078,0.388879341525
183736,0.611056463105
2615,0.904151608064
176238,0.328252644051
163926,0.443829932952
7346,0.665056460306
135844,0.148694720942
66060,0.679617335148
7343,0.766141867172
25430,0.645005683399
1906,0.704407326652
10795,0.544399608585
63291,0.905566343048
64228,0.00802504541741
186845,0.111902562081
10793,0.284170304463
149738,0.491701469456
120824,0.381061783541
179003,0.825746744009
176703,0.212494192454
176701,0.805894309564
13200,0.256366179104
163685,0.545760739137
163680,0.433381052862
163681,0.127097300807
25434,0.0936414965971
28608,0.868366891576
185980,0.743494638365
12338,0.334719502869
135990,0.891184559138
138126,0.246482756088
138122,0.671077338822
1414,0.50989893225
27875,0.785331244296
112819,0.972609974496
176963,0.373047879115
163668,0.260377180631
163669,0.780950935968
121662,0.882475828273
29082,0.809013861088
10247,0.551544232122
9023,0.468804992775
164155,0.940592941676
30558,0.799756034484
15267,0.232763955129
5229,0.968196416228
176567,0.4019261433
153793,0.759138150741
185209,0.950850924325
29246,0.0578277595333
186061,0.401488791512
29649,0.692821005334
29241,0.519828155634
11861,0.870337496071
12544,0.478175054714
176363,0.56869775653
176362,0.731618208543
138341,0.464211457263
175490,0.292119947504
8902,0.846961391653
163594,0.541718232707
163595,0.0542830470388
113490,0.514708704231
179132,0.493280130547
15142,0.733880028803
178519,0.989853195413
162958,0.833256360696
29887,0.907865659785
184035,0.857899075848
238157,0.904135270549
109926,0.993714112853
162957,0.998112130288
112721,0.352827415122
14369,0.523236593467
3062,0.327229373609
7171,0.274853134387
28349,0.259364288744
180905,0.843059736093
272699,0.21426321811
2940,0.25347389636
1050,0.473668346425
62168,0.197250920945
62169,0.467966684094
31739,0.571949933715
31738,0.93084162625
174637,0.583821855599
14401,0.691665087779
174147,0.907978461314
186993,0.218216386488
122266,0.310574029763
112030,0.163221919138
178608,0.542430186575
147579,0.884290930104
1690,0.731608328817
112034,0.595194228565
164664,0.601658207681
164663,0.388720916526
179739,0.915372529672
164660,0.859873571585
177764,0.359494732308
118502,0.0539892847891
147750,0.222841513864
30029,0.389436604864
177446,0.703734688535
12886,0.152834096191
1274,0.012447209287
122380,0.646590632122
178995,0.385785046493
14563,0.453190503874
14561,0.681736556955
184101,0.409577676765
8240,0.727255551969
133246,0.240852465375
24483,0.514975633393
8247,0.527125849267
8245,0.727825143613
62016,0.995233450943
12459,0.675326953731
66268,0.236576088277
187132,0.982666360394
162887,0.53385574204
5379,0.439891493213
63901,0.78314527924
186683,0.464469675341
157954,0.76338918773
28590,0.117696825325
31607,0.958571023923
15363,0.348637264973
23027,0.322653786817
23753,0.465005783366
31460,0.367189118009
28919,0.581683161473
8423,0.960973922513
2595,0.0525323919612
22373,0.554493351434
66000,0.357035685521
2596,0.808751105656
144139,0.573072166235
177953,0.956282651322
136186,0.394244046887
122917,0.305580953684
192255,0.498246332911
11300,0.0651078605304
4225,0.278256898836
11302,0.767981613567
185346,0.836827446626
11304,0.0731394246667
184219,0.0570056607273
9125,0.239552467212
108348,0.676399133903
61662,0.109626493624
5581,0.853995699224
177429,0.0966305840581
12403,0.609295051837
9831,0.986774081833
12407,0.656935536986
28629,0.156090885358
9835,0.0405753547318
110732,0.564731794212
11600,0.585808574352
7759,0.838174450734
23111,0.774434651531
63058,0.332835665425
186783,0.440951818791
180698,0.754588959757
7750,0.623568704066
109699,0.460720327026
139225,0.615640134118
61448,0.981840924484
12141,0.28412048707
180272,0.277272619108
17438,0.642895427413
3937,0.251943599057
145416,0.112330803128
61112,0.93376516887
61646,0.509462638441
163916,0.747844268583
166402,0.11253353113
8334,0.947856636934
157452,0.827371621367
25929,0.213011538092
175347,0.246984016004
9904,0.79878615185
61591,0.167410710995
61596,0.317839237148
127094,0.692521828797
64028,0.880733115253
4130,0.311059371303
156861,0.713880936693
19817,0.443029782547
2593,0.52012700676
5690,0.32740474543
61061,0.636083277407
5697,0.437925943187
24463,0.374063958796
24898,0.556136270569
28139,0.758593262303
61069,0.345248840121
177882,0.919128671467
177881,0.470509389707
19209,0.0723417643751
25356,0.68658728528
25357,0.407811513606
17641,0.15094069571
153668,0.985686226345
64768,0.232398953321
64766,0.32948303886
22797,0.514181743462
1300,0.51818368395
119756,0.408145426621
9324,0.488728303101
110065,0.609443772677
29086,0.268817853388
183312,0.6999813869
117018,0.0925591143978
7912,0.663591041797
25680,0.72326492283
121257,0.373523189997
7437,0.00300534102461
4045,0.723717362205
23978,0.251152536902
12658,0.560801793283
4040,0.829473753373
161966,0.957799055643
177088,0.352226325388
160580,0.198924883179
22086,0.0574427190041
61285,0.507508700204
65905,0.80371320363
65904,0.825007274803
10877,0.716424048838
100873,0.795326253589
16890,0.471583328885
63621,0.609886615189
25536,0.615458563458
17239,0.132717764733
24803,0.228261780668
65587,0.820644768679
24800,0.7594229168
2285,0.390856228438
124198,0.144013783201
185908,0.204444558699
183838,0.547738615056
186846,0.469788351352
64690,0.392015843674
28819,0.207192367875
183830,0.259599872912
183833,0.585993560247
124196,0.413818100072
121817,0.707788795784
121816,0.560579223002
121815,0.892741520468
11499,0.663699758881
2577,0.549086642564
11694,0.883326373073
2573,0.660802343659
10905,0.710544062337
186990,0.0865440656214
65345,0.784519297399
282553,0.0924953315462
65343,0.556016605566
186994,0.952328338855
10903,0.694994563223
10902,0.76781935079
11455,0.579100626341
11456,0.312223561382
64163,0.516638043496
64165,0.860380087994
64166,0.0941240428632
21237,0.204749741901
64341,0.0462065235976
140902,0.0930412217114
64344,0.959085614038
140905,0.955724416021
64346,0.55619000714
3594,0.615472135538
121493,0.209942745316
113140,0.198453537205
10305,0.270438828194
27913,0.155475202062
27914,0.130669369066
21238,0.305850441297
11315,0.730906828756
10086,0.136325864368
4430,0.344519482937
293754,0.00360943522216
13323,0.0810906262711
25224,0.558547178773
30778,0.347542656354
7911,0.124750414649
13328,0.392068393281
1878,0.134734367234
179413,0.952133785865
12603,0.685232148163
4941,0.359666658482
118081,0.718145966733
138205,0.0360679472594
62501,0.924248151145
12138,0.418510820519
186206,0.420628350723
4321,0.317284018005
184689,0.316869696641
184688,0.841028413709
2111,0.828991357301
184684,0.0917126118989
1559,0.168862681737
122078,0.164621104906
63281,0.490045300934
62378,0.017287570534
2628,0.398237311097
185881,0.374339026563
63288,0.17894616589
1919,0.553717637176
163939,0.90206595302
149721,0.545706188413
62575,0.584044431167
5237,0.408652888211
122674,0.626745183793
176289,0.446059598645
10016,0.0718651974904
121077,0.839297581299
65812,0.994992147213
186336,0.722249226665
120816,0.0078793510567
184079,0.691953869024
1913,0.954866918237
5831,0.720134624182
2025,0.222282090106
61408,0.554804172448
10499,0.572163309514
2751,0.832346875203
62979,0.501599725845
174355,0.136356727962
163051,0.836054137318
177782,0.842355857254
10277,0.448983809103
108645,0.957942467086
163931,0.840422828401
163673,0.56763851295
179583,0.623104956553
14790,0.190621004074
184996,0.0889001283268
14793,0.232409882288
14794,0.712419187399
163678,0.0382165093586
176914,0.573852747434
164585,0.810693071607
121673,0.216055560333
5210,0.614086035059
20019,0.0879909989194
20548,0.717930505286
14027,0.386592773345
175157,0.663166865337
163586,0.0321362162056
63172,0.506084996161
264265,0.527838579905
2820,0.486174679542
176594,0.816337833503
21542,0.307358086685
176592,0.510262448671
176593,0.517329245786
63178,0.44361272351
29274,0.92158708729
11872,0.323889426396
176351,0.0617295913182
19431,0.917038927824
112626,0.738477115855
11877,0.168239470595
112624,0.539350488703
133726,0.667106053363
175483,0.43731250793
142088,0.616464775567
176602,0.135404246002
176999,0.044008190189
164296,0.252119205717
179361,0.0128922431237
62374,0.804032317606
164293,0.184059393793
164290,0.891195511115
20217,0.333739393004
29875,0.153620470344
30234,0.436362124917
142462,0.28337826928
126010,0.291416859221
112754,0.23707476708
11976,0.465012747656
179690,0.970787402854
28408,0.404289821619
7107,0.716826617046
66681,0.190680538087
6865,0.763640525004
14370,0.101393658917
6867,0.827526039691
271794,0.736503865599
62123,0.359948001275
176282,0.680269553921
13800,0.201645028931
62396,0.908277479537
62391,0.935082514716
28034,0.249254303411
1045,0.101182302796
143605,0.795681034425
31720,0.121130858253
166623,0.898821482242
175739,0.86264297977
3028,0.616526268945
62399,0.611452425655
180109,0.117395662543
178619,0.432770960312
5109,0.0742144794272
3026,0.649145654733
164612,0.683815238108
164611,0.0255776685282
4450,0.674871822711
142260,0.710327264956
30059,0.497251698036
182827,0.570005752521
184114,0.950649257115
14163,0.366773425859
264713,0.269010961138
8253,0.978878871844
111631,0.655600812426
30055,0.975307443501
1266,0.422318241896
11051,0.949560793961
8789,0.060597303789
65713,0.666091192841
24491,0.0892210457935
21593,0.325640062151
62766,0.317904534039
109599,0.528707423878
136884,0.478411315296
31616,0.687345062919
3129,0.769080006841
29698,0.00230707437547
160417,0.70260045918
174049,0.875772459256
183480,0.420119542854
178507,0.524502236415
29052,0.648636634779
137351,0.716473225835
1468,0.681670486556
174282,0.931038072997
115404,0.0505093117305
183247,0.644481780101
144727,0.474681340651
115077,0.535686447294
8431,0.151423779568
126318,0.640896372549
120444,0.603750521383
137232,0.122404389662
23768,0.891644344126
23767,0.211135218458
65365,0.651350992174
31477,0.680814714167
66016,0.782008690705
28900,0.930258628451
19057,0.141897983785
164408,0.759448762645
12433,0.909400673064
147639,0.125997723372
147638,0.280272008792
165053,0.66576757867
165052,0.280615198745
185372,0.0262491447029
160570,0.719389186718
114370,0.225212200329
122273,0.583844394902
15197,0.444589003191
133949,0.951638035494
5597,0.61443823173
162988,0.015620750552
105936,0.195475899096
133944,0.908467139816
133945,0.539141838046
180683,0.0988238247629
178767,0.492435412414
110728,0.347932335601
183797,0.314288057773
61439,0.180997716645
185083,0.65494345549
61129,0.172148836432
61122,0.641405640643
162264,0.630567686691
61435,0.729543109171
4807,0.526272358923
3946,0.0718573005328
66496,0.705697865648
25376,0.013069913041
181794,0.803409898185
166434,0.422235755247
8512,0.186535172028
166436,0.102294766309
166433,0.0112541600337
4128,0.246186347208
4213,0.172337880947
63876,0.071775465845
9919,0.523468582916
4127,0.303565590478
4124,0.6764973106
65009,0.64350764314
62972,0.263287158262
27780,0.307208001604
61055,0.589240034172
61726,0.330064941424
5680,0.183273819131
65006,0.624360600556
27786,0.89918690776
31849,0.498079885425
6386,0.875373597797
62977,0.0418210449093
60894,0.546459732669
4809,0.286465481952
10498,0.345194467653
183932,0.790609698682
23943,0.0548618822038
176256,0.165076704784
22144,0.08480853021
185797,0.0448852399906
61996,0.189888355861
177744,0.704136576085
177745,0.46927686308
4052,0.116831462429
163879,0.477899146319
163878,0.402149790022
163877,0.917719635021
11511,0.844271714477
4058,0.143862120496
110387,0.671560471846
65176,0.435821247838
5978,0.883430621308
177982,0.873163758782
110382,0.519794826337
128098,0.927755106088
6936,0.165062991034
10860,0.5097803893
65911,0.154585695333
10867,0.0879345675691
150279,0.75654025751
150278,0.409788223332
21828,0.127245206753
150699,0.966903321828
9815,0.499125671271
15709,0.555053581372
3619,0.481417783034
13431,0.489808828551
16889,0.434784741828
179586,0.469262796012
2295,0.598945144728
164510,0.792745169341
25789,0.0654929588454
141197,0.365753660631
25030,0.626789499265
148249,0.175787487948
5902,0.966258803903
162338,0.065420620827
29736,0.888879914557
141359,0.135115125623
114628,0.393583418183
162335,0.543847690964
10916,0.938744411645
133432,0.577723104442
135044,0.881352399323
24922,0.391383945366
24925,0.69678807038
7291,0.873406240486
17115,0.989929799508
7922,0.777522103315
7923,0.931886358717
2581,0.293033463616
7921,0.47466158117
64408,0.898017717424
1860,0.939595554138
13353,0.714045771282
186230,0.409655781538
13354,0.134839835425
63763,0.0768807691828
176169,0.0491432312659
28712,0.110388329822
162584,0.575403381853
4685,0.145906692012
163118,0.551286299354
4936,0.382938904755
1613,0.36689460189
138747,0.578529168687
7798,0.0635861346229
138743,0.525474299666
163113,0.844800987842
64536,0.0362058212573
140821,0.43389792198
154357,0.928675831908
24810,0.999462337458
2101,0.0842697414459
63814,0.770947753848
160373,0.614381208109
5116,0.27687588837
160375,0.182235414111
10002,0.626124117788
125014,0.591918015123
122061,0.313731333728
10008,0.600134512748
176291,0.364474659561
161843,0.457875426506
9599,0.842638781422
20791,0.938038591621
157153,0.25303132856
64568,0.201307789354
17069,0.600766973185
9590,0.058247846806
176760,0.688798337922
176762,0.470131814998
185419,0.249358687504
176764,0.21629965901
176766,0.564460426927
176768,0.280707203136
146171,0.688491325895
185416,0.894759512768
179027,0.970605268413
66301,0.98386037782
163069,0.89930208865
184785,0.185380541559
162517,0.25147100816
5218,0.636440762543
179417,0.293407204178
62965,0.0911901681568
4844,0.838470597289
4598,0.487533088012
13011,0.692475831962
141178,0.721756266466
4843,0.925640060649
26016,0.569391727801
63724,0.583104762024
179597,0.494301131711
112295,0.947806125802
179598,0.468025559689
133424,0.431928617231
5254,0.535887933477
29264,0.256568476075
29265,0.653768413467
14169,0.909415056976
20570,0.611605015586
5205,0.181235591099
152109,0.565178802204
17252,0.373918310976
17795,0.869703761379
29268,0.961247411995
63383,0.640731922282
121440,0.459413854021
29627,0.843506253616
175127,0.699130251326
179110,0.2275915113
19932,0.431794127888
28322,0.54673101665
164266,0.602792837822
62494,0.951277014352
62382,0.589663622468
25047,0.379592423505
134026,0.816550087456
183902,0.0928534749483
157080,0.35967941365
18533,0.600405620478
176343,0.29858526638
13174,0.414074370532
11191,0.903598963961
149618,0.464925705628
108188,0.772819205015
2960,0.978331019924
29868,0.547459290799
164270,0.37744361237
1783,0.104008911853
30222,0.225254269864
2968,0.136887039103
30220,0.615805322598
137611,0.356235347648
62634,0.32421654284
122536,0.218837109626
7117,0.659236582868
7116,0.290253820823
24318,0.259790840558
24316,0.453523866913
176591,0.811435826409
24980,0.156042170198
108740,0.131024479313
176350,0.797862519336
29466,0.0854255386299
163884,0.717362025723
1078,0.989529744767
16974,0.7927001417
1076,0.298171814133
3643,0.388435807787
1075,0.0182152462928
1072,0.68283351463
164609,0.250696120421
179202,0.961496799633
1678,0.542938831448
30137,0.82168663529
13003,0.406219631814
23898,0.00483147350372
178371,0.829904640283
30138,0.519718081331
164607,0.644053732149
164606,0.936347989787
1094,0.882275885403
175004,0.162668404609
23485,0.614782994407
175900,0.860839521155
184167,0.550117252321
30822,0.96460157907
8229,0.89020728126
66393,0.674180085482
264708,0.531192330921
118525,0.772530198691
148932,0.940780361298
65590,0.394326754893
143870,0.811843018133
178976,0.0535267580403
23291,0.354970594242
178972,0.437370904071
178973,0.114865343888
14583,0.446318867723
117145,0.259199467829
178083,0.249731070185
174053,0.592892276702
28022,0.885556270352
174507,0.42240718204
160600,0.789163295918
28027,0.448882660107
20202,0.280339110371
178089,0.889745176015
20209,0.647174332281
27765,0.871498755528
156933,0.932603312686
8348,0.0274667031317
164046,0.206449984883
165993,0.582138760747
183257,0.387737501194
29040,0.363923522467
29511,0.484644969947
18307,0.668340962958
28938,0.58184850322
187490,0.00486311568701
1327,0.741199431176
133547,0.946336583282
28930,0.0286647833673
9850,0.61562519331
12421,0.189122792247
137434,0.801269245253
15343,0.180476382237
137432,0.201157859129
6900,0.530817945685
12428,0.321297671229
23577,0.175866714195
5764,0.00459642132525
4201,0.600219247138
5763,0.675901057903
177975,0.992568499697
8133,0.674189539357
12789,0.61565504181
61600,0.932729384665
5568,0.341265602535
175130,0.502394207711
165845,0.263330560525
137310,0.420529908191
160742,0.220451372233
5567,0.74474519733
5560,0.572002298526
177405,0.302472043153
147101,0.155730030682
1254,0.0453082152775
17367,0.899300739231
28338,0.587619972853
178798,0.352061485311
142460,0.763225412871
7733,0.566324341892
178797,0.810732436544
31099,0.113176934283
63520,0.597480401921
16650,0.796472506096
111629,0.161085624966
26246,0.628978077973
28806,0.391111627272
66731,0.791255791963
66484,0.758067727401
126434,0.433502166997
174876,0.717052468189
133288,0.0618944378598
61420,0.323535702098
10618,0.281883279009
24755,0.0788239177534
14489,0.974779701263
8358,0.713785818458
4115,0.312792958315
6730,0.836617435313
188663,0.59533394209
11770,0.781472376081
8350,0.184492209325
184254,0.41819514536
260778,0.279978232452
140033,0.787852648404
163891,0.331853537561
62139,0.151935127096
164116,0.117893366868
60888,0.531614250261
19049,0.560118793901
24750,0.721828732836
122257,0.179399886604
24447,0.782385076796
7422,0.715309135116
61739,0.926541605801
178672,0.402702317577
27790,0.714646262253
61735,0.271594667094
61732,0.380324278436
27794,0.610261953658
181290,0.828557564008
9155,0.60780961189
25331,0.605577602368
61552,0.0905071691028
65615,0.26913907721
25338,0.85555690506
183920,0.617298794438
65610,0.512405806857
145080,0.681155760805
29616,0.161633681628
12635,0.994670815367
15247,0.77469976778
28518,0.490561989877
176369,0.748467933725
31887,0.370021628563
114748,0.381265411099
31881,0.91407268334
117036,0.862590691047
65290,0.449705149189
4060,0.618843986374
4066,0.889590355417
23793,0.0198023976696
65921,0.835467146708
11509,0.635747804207
11506,0.173342383686
182308,0.0856748290368
26013,0.64033429915
5786,0.266056518981
150201,0.438963122072
65105,0.67765817354
5783,0.532691308603
120656,0.0846049768052
65108,0.559046123196
5788,0.329595648318
120301,0.0838373480541
127439,0.449742828074
5918,0.365195865225
3607,0.0926164963898
187809,0.823836354466
63600,0.393186446362
19538,0.283604721439
63605,0.954627673284
63971,0.107264642367
17780,0.672348881589
12189,0.00383006133277
16637,0.107384133623
16188,0.688545237981
157755,0.156763721822
12181,0.532469224015
25021,0.931956612935
176017,0.227733296166
7875,0.55281345338
182788,0.910572013338
149379,0.231019707712
6116,0.325737680614
184576,0.2819881623
6110,0.993477794948
106853,0.694051725548
124046,0.376149359885
10920,0.529920549503
166197,0.913390789143
29722,0.478476008691
2352,0.702518938327
186607,0.165467241344
109621,0.721521718221
7309,0.997303544824
3855,0.285082566611
7281,0.721027112359
17106,0.541631513458
7936,0.611282828986
10894,0.0872949389234
64410,0.620634074233
134384,0.0778019383044
186955,0.121982168877
16989,0.0429060191016
13341,0.785372915552
254096,0.831885131555
65430,0.95172688954
7974,0.741206846659
118264,0.902862064629
16981,0.945571186476
3734,0.119328672975
1891,0.45960269542
16985,0.44860247581
16456,0.361182478954
2136,0.316978355991
4690,0.53976670825
13342,0.904726079287
162457,0.873970819479
6737,0.876018829083
148349,0.273423768157
4699,0.41429627193
162459,0.838509385245
7251,0.486719504673
154434,0.415120265463
179741,0.731887331221
11721,0.165228687437
6025,0.711276225052
11729,0.339940021245
16785,0.68556572698
5165,0.341532372526
185483,0.917073778127
62823,0.357389143766
1686,0.330639626201
160340,0.772022171258
62826,0.715069046853
125237,0.0922652131045
138483,0.409283914586
21499,0.77835562359
62553,0.547014233648
17076,0.150343078746
9216,0.831531937329
21496,0.5258957294
64254,0.964510268862
17073,0.725775204411
185428,0.417798077436
179782,0.477955009904
3429,0.73198758876
178610,0.171409153459
20488,0.87489401605
61494,0.829722106812
125595,0.172357561944
176022,0.935728660147
186344,0.197216394098
3424,0.0478297518798
2002,0.771071308178
6335,0.297847890211
184797,0.534679420037
144436,0.728778825172
6331,0.755916472531
9698,0.829865760132
6333,0.601828347079
62954,0.760376000678
6338,0.775493066451
165124,0.0694301658849
184117,0.523901613102
14170,0.473078834273
62732,0.802909685923
14172,0.360935063445
62730,0.581686284477
27886,0.675275622829
10297,0.393466118664
264391,0.792255674766
264397,0.288959811948
264395,0.418174841374
10453,0.644956539749
10451,0.219281634998
9555,0.78837069363
29217,0.615686289124
24040,0.104834170483
175271,0.941074548847
21186,0.817373364169
175131,0.751527595909
3556,0.864432678855
166569,0.383386056111
29359,0.319572787233
187576,0.08643473582
160293,0.154355744805
10581,0.558377999594
178003,0.438233182971
13163,0.945254288871
8901,0.0255102552205
1706,0.524642019016
11856,0.224871139633
153813,0.199670444627
30219,0.702036053368
284041,0.639092240815
29855,0.385081079689
137602,0.848057593634
174729,0.248811885108
62602,0.489445011212
6848,0.263357263191
148169,0.995182070666
24302,0.141112264381
24304,0.0926348174297
152008,0.628907610978
6845,0.54041752411
185518,0.645796825902
107755,0.326943347399
164633,0.983326414614
5301,0.461194534462
29453,0.957791749683
21440,0.798547644005
176247,0.760405678406
13013,0.827140084296
147340,0.740157805328
176939,0.953685809292
147349,0.645743115764
176249,0.844164059115
175913,0.920552580871
30674,0.100545947146
157855,0.806050328223
30671,0.809394147302
1082,0.955123616576
136648,0.23366704069
136646,0.108824497225
11537,0.0503745745201
156857,0.0801479543961
4322,0.562850142899
14828,0.91607179788
18049,0.0436361102787
12091,0.21732174513
3144,0.261889876797
2829,0.790245299218
1526,0.717305215639
14597,0.492888665683
14592,0.717798610449
14590,0.38545709519
186498,0.186556195254
31673,0.976623145799
31674,0.321817198218
7632,0.757022455291
17861,0.822416660212
7636,0.985666188643
7637,0.76064425935
29984,0.272626899875
112774,0.994824473203
142337,0.878980487047
1408,0.294117557919
9699,0.31548016023
164708,0.158133204647
142339,0.391199541427
152149,0.120520094921
5792,0.320887689058
28152,0.694606238726
31418,0.0653954447403
164407,0.934635546037
183446,0.427842185053
183526,0.234286488836
16582,0.938706620684
9083,0.223186270889
185318,0.280638634885
176782,0.052995791976
6932,0.250578996736
177601,0.162069663883
8699,0.18689923631
14824,0.864813672163
199757,0.0612311626217
8694,0.193775373899
9849,0.972561505897
8123,0.102714461808
147657,0.415570664759
8692,0.841628181568
166491,0.222836524738
61635,0.921575336297
5572,0.625671354591
115766,0.78260994506
66654,0.571064805938
3093,0.365701222562
126555,0.508206642076
126554,0.345715376374
1533,0.387426115545
29143,0.0280664549202
25870,0.796390789913
174401,0.331663454053
28490,0.538752393531
25874,0.507301238826
25877,0.420916832842
136265,0.975899512395
3121,0.362135176551
66728,0.274262342843
180083,0.230730443125
61380,0.368884143023
31593,0.0839324213388
22542,0.503336420221
22543,0.907862698877
126423,0.597407599523
183324,0.734289243408
61388,0.56962187276
62984,0.0397099594556
31095,0.222561087646
17341,0.477304671324
177697,0.540465054863
63645,0.0113981963873
11228,0.793714727965
140023,0.893689362729
185227,0.24065375899
25895,0.313016632338
11220,0.554135216972
12568,0.421851654204
160913,0.811067400366
160912,0.913730992859
15240,0.58332114436
177031,0.375647820017
111721,0.135358443883
63511,0.0673656220779
28924,0.934929191018
174317,0.982405762341
66032,0.429711635298
25906,0.703320864191
174312,0.887958738126
5903,0.05960183135
174310,0.939048183865
1634,0.928452243821
61703,0.04713027772
183684,0.255740524164
180402,0.863341588695
180405,0.281777993943
3897,0.470384660078
106589,0.708851032294
61562,0.696265515998
109919,0.396171842627
16531,0.850209501746
61567,0.752164881149
117020,0.211875453709
65607,0.920773458876
155754,0.180112323791
146140,0.575510933151
166562,0.718471803281
166563,0.23991298736
64848,0.431231365901
12621,0.0792540505883
6617,0.530800022458
166564,0.0770354561845
12625,0.965010381569
31895,0.16159348522
62626,0.0592832153401
7277,0.435914848429
10840,0.674594071067
185138,0.841918762265
11538,0.961627866248
65286,0.032370168806
5860,0.216911013563
282189,0.632192160388
65937,0.0582171144277
5959,0.0160883896655
13765,0.973295893424
161088,0.554636852934
61899,0.884787376433
11535,0.380176689757
4072,0.179789879359
187215,0.57324754954
61140,0.188233221277
3964,0.691056511508
3962,0.231372722727
165728,0.651513981469
5791,0.450373822348
177216,0.213615038435
145024,0.243157133759
180249,0.400712273981
60942,0.814625287527
154755,0.0567676603341
61418,0.911364599263
7152,0.939439711766
63986,0.0808373441878
141277,0.897536393458
165943,0.53458716985
3639,0.0787497133708
187810,0.138924120318
187814,0.810058570805
4611,0.439597243732
148223,0.840749211178
65739,0.813156591332
148224,0.849750040642
117115,0.722070374466
151928,0.590675149156
162076,0.522733325991
15364,0.73843401724
266257,0.0331896925998
3138,0.40388312811
179605,0.208508813612
148469,0.771733277261
2342,0.186508981362
140759,0.170911716603
166366,0.904548087434
6104,0.961668306689
119414,0.814788943124
20109,0.950025595404
6100,0.614917373678
10938,0.0616426424498
287462,0.0981322676814
63290,0.874765967316
187205,0.587541785701
124038,0.491598361682
140979,0.560867370271
63700,0.855110257586
25274,0.259319555169
63708,0.839169364424
9445,0.422925144434
25279,0.326525119693
161869,0.723085768974
186960,0.538783593845
3708,0.0529354942306
112362,0.295948506782
150720,0.700653782925
65421,0.633881741154
13375,0.822068891988
183700,0.472284044466
4462,0.854324378728
3707,0.82897458883
4460,0.748001797389
162219,0.686819615165
17101,0.631809905983
25241,0.0150564567927
13579,0.0638994461827
6109,0.822766584189
4918,0.0984859255618
162449,0.184797446155
162448,0.775871146642
148356,0.655955149372
148350,0.6828840235
4911,0.902739331115
12756,0.217869806864
5750,0.794198759551
64088,0.652194355221
17269,0.201361055572
24878,0.34304556869
13235,0.693810551131
184542,0.64593357821
166705,0.874715048678
10063,0.323338059172
187961,0.318597518042
21487,0.581068221387
24782,0.57664599367
9203,0.929478589703
187969,0.905197286928
24783,0.193830324261
62549,0.303542102876
3416,0.822663626147
185370,0.495783247362
176973,0.767422256931
64061,0.393002827384
182309,0.984738159012
64063,0.0434740879576
166363,0.903077065329
160571,0.18000367306
21374,0.709625595168
10000,0.236785522366
185945,0.20355373021
160479,0.166548361921
66610,0.509240277931
12377,0.494645713498
176035,0.299039427794
12379,0.0806861096159
15293,0.507006252393
62948,0.453636674719
63490,0.570865126806
8333,0.286236474851
63495,0.20502307413
144998,0.732262035386
65609,0.0909570464476
12171,0.0501877510082
135484,0.266547194958
4860,0.797628427629
176873,0.277138815012
4864,0.767528866919
25711,0.773540366257
151403,0.333791972906
9063,0.955948113362
62723,0.437548761615
7938,0.373649294732
10286,0.491725361945
14108,0.676832916014
179577,0.40277283829
118046,0.9843437093
264385,0.895374298335
160809,0.478643773438
264387,0.596684774094
112410,0.838554618518
17715,0.234049611588
181617,0.98975892323
9664,0.843417845312
29206,0.471063285444
125360,0.584629538908
10115,0.068677534087
25495,0.614583103845
10443,0.888420923655
3562,0.78281138662
21777,0.959287487844
148770,0.420102943039
7447,0.049962840275
160281,0.361671794092
10839,0.486856044189
63123,0.00269086498235
160282,0.728234937928
176639,0.225649813765
4485,0.277292759955
1439,0.89524408386
149082,0.746039389375
8972,0.503196041946
112759,0.14308042408
29099,0.501568659418
64547,0.127282079715
15199,0.890991382029
147242,0.994402492991
112168,0.952895373446
17908,0.371363078896
7138,0.578457030359
260737,0.176894085514
122519,0.722400861542
7017,0.830680831395
163889,0.305548582273
175741,0.956001387746
122515,0.251339975192
14616,0.844871359962
157353,0.271636095386
29448,0.459890754205
29449,0.913937875449
178310,0.373197286827
142230,0.289389191904
186158,0.84982350354
29211,0.27838348317
164624,0.730632211888
5313,0.591324381591
29332,0.220609336877
29446,0.493735181388
176255,0.694078820639
18241,0.756793520157
176251,0.916512284142
176928,0.924685075625
30443,0.140923600587
137704,0.757270908873
15521,0.0507733999387
133885,0.894093381313
179957,0.333560895558
184149,0.978170746177
31242,0.00288644178003
147792,0.72498944845
142546,0.793258006833
109366,0.0865217994064
176118,0.247780257057
133888,0.0391165437184
3153,0.159164475067
12992,0.396265622336
121713,0.143011098872
3157,0.636685430657
24204,0.385419779605
126772,0.687890666665
1982,0.304362146694
28795,0.164723288004
3158,0.455819662687
25950,0.478032311987
28791,0.944601735291
30461,0.359599050187
180833,0.716783109559
3394,0.104157225206
3399,0.456454603864
64162,0.343475010927
121717,0.146773611462
174077,0.57782662133
62057,0.322446572888
28323,0.109662900524
5408,0.34379591533
30205,0.151831599767
29028,0.119826559193
136725,0.702765803064
179303,0.148361060656
116791,0.130338102682
129469,0.634587343156
129466,0.63584503139
146616,0.396204834493
164258,0.470058992943
15111,0.461898599052
122263,0.766392886648
13709,0.308201099568
147661,0.273604226755
66285,0.313104689852
23553,0.553039587707
66288,0.797784944542
24278,0.305808979748
18110,0.15216914165
65540,0.0669430531268
15414,0.526381440264
8113,0.265099868803
15417,0.861463885666
64626,0.248743757549
23084,0.291655126371
111103,0.191877718915
184899,0.751712195768
5543,0.805233559084
14581,0.695601379046
180658,0.0910141275854
111864,0.196188246973
13125,0.0842386752498
29150,0.994967967816
8599,0.942306939982
4273,0.0593167367584
175674,0.309038476984
180652,0.0758859198271
233491,0.458739652674
3082,0.810270012029
111819,0.382431786525
61398,0.606030149506
61399,0.190780557534
187483,0.086333636382
65050,0.548635989345
22207,0.479339709182
22205,0.842655186148
29870,0.158162174386
8577,0.794526840397
7124,0.233630517861
66708,0.40934686407
14359,0.43475551933
184323,0.236138209789
11234,0.325527587944
8579,0.483464479184
2124,0.269903246271
28176,0.643164517622
12578,0.590598282353
139201,0.0780634618907
61712,0.128142069777
127377,0.759803648891
15252,0.627294891008
12576,0.0757664549036
8446,0.458142020646
12575,0.0583820790325
28775,0.669532284583
24428,0.534443950099
25915,0.196228298116
129840,0.629460066274
13128,0.293610527681
5878,0.218217168798
7401,0.113045450806
117901,0.84555264056
117902,0.785060147787
117903,0.420897906644
25318,0.984172032961
18040,0.206319703923
183903,0.189747781428
22447,0.77992635941
61574,0.323103181901
25312,0.60336972357
65630,0.921174716405
25314,0.0791632154607
182491,0.029117244436
13570,0.162290440226
196055,0.00109235566679
163822,0.536017357955
166583,0.603230994054
178529,0.883895106417
12615,0.319518958028
119714,0.677619205553
185128,0.958438567506
161048,0.644081610087
13710,0.928366356155
179428,0.50892225841
185125,0.192101164792
2999,0.323858351147
137371,0.180767017131
60979,0.353251304942
24731,0.744753046003
61406,0.933661496946
111064,0.431831756609
155616,0.693061049974
19428,0.752054778425
31276,0.471243847195
177206,0.151381255953
9899,0.980447170782
182701,0.0332206813155
65706,0.138555218506
29955,0.583388798873
24466,0.585474765885
65702,0.134180712472
120456,0.161875724117
141240,0.31141060145
120458,0.873612870885
165979,0.662597678723
181104,0.799805913025
157862,0.0284279167952
17180,0.513521443574
141363,0.476062453927
148219,0.792779794155
184551,0.0208776558474
148217,0.944994501955
18329,0.39622233907
149318,0.132229699964
13623,0.7742357473
2337,0.415289323102
17184,0.819364015889
6130,0.191467421826
161897,0.997127935254
140761,0.281467188702
64082,0.814550464214
181745,0.45731730271
64891,0.247161863544
64720,0.758485455335
186363,0.540059154894
25481,0.0596056466469
29710,0.824082822483
140565,0.587098821654
16477,0.637839017829
174313,0.73063905174
9472,0.353082476335
2574,0.111232815685
2710,0.0403287375831
162385,0.289717334157
65413,0.564072188855
61971,0.842039715136
141496,0.792701043761
65417,0.0359427553445
184884,0.957307130018
176135,0.611391762169
4476,0.376089449909
183879,0.731302844891
6003,0.111035342241
110533,0.587882995382
4900,0.00854979496092
118042,0.542141445972
4674,0.0177553894957
13562,0.930686068726
6008,0.862585915739
13561,0.285954908522
156633,0.438653452137
63952,0.882002457395
25848,0.529811421385
28641,0.942784272876
153191,0.212465338849
24844,0.320529529393
24843,0.670705044266
5179,0.59821212869
162497,0.7317363267
9273,0.15491775102
64275,0.401946202831
24197,0.348438195075
5149,0.469061323323
186773,0.81437672005
10056,0.418259413466
8810,0.959879604525
5142,0.328602492978
124775,0.0409163455826
156617,0.893759748011
160163,0.00421694866647
29612,0.115798347952
180466,0.230023741844
63000,0.66519968114
266160,0.967256228011
12389,0.444948016268
7435,0.354643276486
10349,0.227224342998
150306,0.695218791162
166005,0.842258336482
12142,0.778822974381
6310,0.66667707322
12140,0.768956457778
10614,0.285241238688
6315,0.11240629152
8530,0.641075075906
2061,0.260284578336
64389,0.832251548319
3413,0.307795439699
14113,0.86524420838
7161,0.685581504705
3410,0.429235149846
61544,0.839728250056
133366,0.0848533334291
133367,0.686589181634
163633,0.587815118652
6136,0.125334806819
113371,0.932625266151
175689,0.0124499279789
62990,0.0620510112151
7228,0.909569710977
166435,0.54515050518
10121,0.615706495158
175686,0.653188374345
9302,0.492290248499
10124,0.206947208901
21743,0.37544386585
63138,0.953078167093
4503,0.268752092246
133766,0.140960039932
133767,0.103522562264
133764,0.283764314053
158737,0.78708643513
175111,0.675427336214
175110,0.679372065626
3570,0.443040118877
63135,0.216757526605
4497,0.109389081359
162127,0.32381770592
4494,0.705440139145
17168,0.336807938199
13380,0.977428323949
13381,0.716496124419
175424,0.36106223572
7241,0.662309146205
4498,0.818552544057
6821,0.798415969159
120794,0.594124609823
2938,0.130273389595
17266,0.466550710884
6829,0.747606161137
176861,0.789768679265
176867,0.509071871411
133504,0.377564823331
108778,0.466830046062
165880,0.0393751836972
16845,0.309436737709
174648,0.520778536332
10540,0.660260197728
178201,0.165931041215
66599,0.972723539114
11896,0.299250635599
174647,0.995958168751
10549,0.655731702427
183352,0.199246300574
62667,0.781508138803
62666,0.551288750102
20204,0.427920814115
63224,0.392414468717
20185,0.605841002017
65718,0.834577066077
22306,0.426752491567
29300,0.890245693783
115757,0.499660763039
29304,0.323805577136
14282,0.837558341998
14934,0.015055514941
4881,0.581479854698
149177,0.693407548059
176268,0.0964607074865
18276,0.56161973927
137131,0.38256880395
30477,0.627523603544
13032,0.0470411498982
8219,0.648174022532
8079,0.0865251655767
30651,0.700773918285
164365,0.839244160252
178943,0.414094974973
3969,0.933461333475
179437,0.892372437481
30877,0.821942508966
8210,0.620746270767
8213,0.0266234856517
29946,0.353600713653
184157,0.417222210805
11099,0.427947988904
109826,0.406893637204
164369,0.719658081336
274165,0.6449030115
12726,0.649215096682
2802,0.762641202966
194755,0.859379203355
187167,0.815976860066
2807,0.906426613886
162876,0.848751009781
28018,0.397311452613
139665,0.519516568157
29015,0.541615430578
62266,0.120825242496
7092,0.724440531724
3369,0.685043841162
62263,0.341301014952
6326,0.900033143224
66602,0.0523963424823
5439,0.565032138751
28543,0.234684356319
3362,0.859353990808
31203,0.232479032634
29830,0.402184904807
29837,0.16978067179
2019,0.643577057581
178545,0.494705038284
13962,0.898678537776
13963,0.864827491631
109683,0.248995237993
8101,0.551820003065
185339,0.351316823507
4275,0.0992751623522
30932,0.997534842301
188255,0.52646075315
183421,0.299913493391
66290,0.749789165007
1356,0.204971981485
163975,0.606020908274
163946,0.713881772436
5559,0.0802393268548
65011,0.274115848942
9867,0.786769671381
180646,0.348602759965
25852,0.505519994927
28303,0.670600702528
3502,0.676246348432
65944,0.217265451023
174428,0.402262025571
125000,0.482950018233
66313,0.216788099205
146500,0.937443261133
187698,0.225261252261
66630,0.960899774499
186743,0.671979543425
176637,0.998263880879
30098,0.204962581069
29164,0.422228770026
8582,0.410004054362
61163,0.910648476933
185229,0.0618137647217
110802,0.120336420358
8363,0.546480367224
145308,0.488770964268
144520,0.879014555961
12994,0.486504859098
114484,0.929172435189
113362,0.156251298323
12815,0.711981975152
144097,0.0448631092216
12545,0.363831473919
163629,0.388357151129
179441,0.388668322778
120297,0.949576915458
15261,0.384068140163
12540,0.540162205331
29312,0.509660147741
5888,0.83805412921
12818,0.811602581805
180423,0.224302581724
150277,0.00385629151479
61763,0.164176228216
123016,0.919407346826
15060,0.156748228807
61766,0.810156216351
30899,0.0988857821633
25923,0.697172145467
25922,0.966326751263
28940,0.642737030724
28762,0.559799021576
25924,0.509753437335
24430,0.385723373451
24436,0.158974267249
22325,0.400550009023
170307,0.882330423628
28769,0.928964738427
155738,0.451886049262
4108,0.926134334001
160961,0.866130786964
19094,0.968124411584
160592,0.308232142745
25676,0.785687613484
163627,0.496730209731
110039,0.763248673354
11550,0.0750348638308
18654,0.423664311365
11555,0.87783069343
11554,0.8789977687
185112,0.589083433222
185113,0.701932571297
23450,0.785200849114
8402,0.438258926361
185119,0.0389744292012
141982,0.670578741111
9667,0.0678708000366
60800,0.181209403954
165702,0.934226490427
196269,0.31203265133
177780,0.51530405378
161067,0.530145071004
13700,0.781988165749
154739,0.57446599697
163596,0.884950918763
4016,0.985032300044
11399,0.15439145646
160598,0.497874936131
19433,0.791532315055
7506,0.946759441431
24725,0.618163776639
9882,0.621849726455
24720,0.445533794891
65133,0.32165485256
3980,0.829782543952
7509,0.595113559906
65710,0.204764280289
65247,0.417414457521
65244,0.617780872597
14418,0.529418141133
65717,0.180310349015
25079,0.193023369538
63531,0.450159346774
3612,0.0487906499388
61181,0.641446581298
184527,0.232165386807
119474,0.204179205771
127481,0.991442086574
25130,0.725480272081
61188,0.377741802602
1447,0.489828180053
13634,0.75899204333
30576,0.76342464823
13630,0.255461201854
23852,0.554441425833
2328,0.0873503736466
65399,0.59886590654
154714,0.77745745244
10441,0.998804958767
117861,0.566339617821
157415,0.473068412529
177300,0.23588279901
177650,0.647618459817
181036,0.844217594941
117868,0.0548225691032
199356,0.219324293361
3761,0.17050086339
2290,0.491243027988
161844,0.563673294903
148772,0.188468993786
64102,0.137076307913
63725,0.646825364491
1440,0.215619829434
63723,0.579843043603
9465,0.76865440945
25320,0.325845389197
7257,0.473524427358
25108,0.366358957635
138707,0.363019138392
111662,0.565415966273
61984,0.882039391097
65406,0.528582026526
156578,0.504240720781
15520,0.381003063717
63083,0.281348477395
142956,0.376519279779
142953,0.502971396326
184639,0.648585458917
117260,0.191252480718
4640,0.910217840915
3662,0.558399028223
2497,0.745696938884
4645,0.601462269019
120093,0.19710477723
63927,0.585599107482
17248,0.595243778637
253527,0.602178199189
184603,0.748052115406
17245,0.177865952735
24853,0.675749480806
61483,0.701676943472
24856,0.231620107783
17240,0.286186936803
13782,0.973267017747
62525,0.586985621303
121080,0.900238320797
175510,0.173299964634
10735,0.557068629972
162489,0.0869960291607
143974,0.973375657051
186345,0.76052375985
185453,0.184552896204
28295,0.00867767583554
191055,0.236204965396
186342,0.869430972827
63030,0.953255298253
185921,0.304305325127
2787,0.721265677103
2783,0.733169739682
185926,0.57759660136
184981,0.471674695683
12395,0.0227837432573
12392,0.99576313337
64915,0.158494523044
9466,0.720425379276
26012,0.359225667433
6308,0.831201668151
26011,0.257327518382
2073,0.347696822638
6304,0.115481681711
6307,0.503225831364
10609,0.658098916834
128663,0.803383141399
183640,0.620870447456
3226,0.0746158311511
13789,0.850176272366
62290,0.259229774484
21232,0.915412247311
179082,0.136625845431
162733,0.226573048621
179084,0.982480054877
176781,0.804688462735
63454,0.757711890922
63456,0.981744356906
121153,0.581080551778
27981,0.595896622326
27980,0.877411288136
9317,0.815485424226
10420,0.864672570984
21595,0.0706441514346
10598,0.530265266876
27988,0.916466233696
180597,0.816913976424
164422,0.24855727702
185703,0.480183057634
7275,0.0653797511026
176659,0.0764100009539
22861,0.148026385861
7279,0.529188490755
3504,0.0731184083666
3505,0.395684294192
8958,0.845332381229
155280,0.250674422093
181904,0.937376388301
183963,0.23861804134
185585,0.72645848746
185584,0.167338272341
148552,0.831212017443
6831,0.589102070322
6836,0.950692696265
6839,0.777209994562
176874,0.568816211786
113419,0.812253388808
14639,0.7921639964
112968,0.522298458812
10550,0.00437460756297
12559,0.264681018487
15350,0.0591734036343
5338,0.785042113797
125234,0.036312837682
174656,0.824679031774
1682,0.37293178958
187434,0.307020234823
1632,0.443443956816
1633,0.829445490939
112095,0.502814221431
1635,0.710799519119
10917,0.168664452155
121718,0.504730738107
30260,0.291927919094
165244,0.952190872005
1988,0.789280753075
8823,0.79838853319
8826,0.806578121439
163601,0.0659183672119
13041,0.837265313176
176275,0.570687021274
147312,0.280487680479
178684,0.946289160314
184180,0.893004666274
2817,0.666639195198
18732,0.0217300069302
30649,0.223631555217
2812,0.20419465108
30861,0.2987393953
15092,0.118213582264
30647,0.0342935251891
30312,0.366542838461
2818,0.582682037321
30310,0.101250032012
4274,0.883167393064
14256,0.596703721972
7647,0.833290750211
14253,0.42412949389
151606,0.0397950152573
3170,0.923151846965
24225,0.0545832979751
7648,0.453278892826
12972,0.446501530361
119275,0.194736440939
5639,0.968389612261
66697,0.239767808728
164086,0.202459896642
7085,0.0282125273004
122172,0.791196159011
20245,0.715225471687
29791,0.0874969126129
137874,0.517008685545
66286,0.432023234312
175308,0.118463401324
181515,0.357835925646
179889,0.891113201537
27828,0.538753959916
29829,0.927396411592
1743,0.330055722153
6497,0.247574006667
140030,0.215125531741
1161,0.984740171873
8176,0.198658643233
184225,0.928231264713
19965,0.490939398328
144009,0.648292916691
126615,0.683157249014
66515,0.205091842476
4241,0.141708431669
5520,0.818921534539
5523,0.0722671100528
30888,0.233595182839
178848,0.577831071383
20297,0.718918823883
178846,0.288541867243
178847,0.563163418395
160706,0.915277071263
180183,0.693983489852
24539,0.546671518228
24538,0.860582316869
14417,0.510581079067
23812,0.0321635851892
24533,0.0775531820487
28378,0.799143384496
126296,0.0936981470837
11178,0.62958254006
186591,0.761325693338
5742,0.503240894818
31037,0.732184428198
31224,0.0289640732068
31227,0.370877501102
178113,0.393032054692
126056,0.685255812115
176479,0.585909295491
1562,0.488462117039
30082,0.928401654881
144066,0.0288580081218
29173,0.748704939613
2990,0.501838068564
179380,0.378500948337
27199,0.119227692468
12804,0.948946790191
8551,0.382072826629
15274,0.703857574279
1659,0.0497909671963
65899,0.512321013415
63338,0.61689567418
8007,0.269492856299
12964,0.273332193687
8001,0.105352391235
13824,0.78077976872
6547,0.805941085331
165179,0.246423584937
24405,0.0160226618326
25937,0.849803856084
6543,0.41012122315
120877,0.282822081372
16836,0.030978964356
28195,0.584758039363
28194,0.152676391318
63232,0.990931747927
28191,0.224244457201
160416,0.58517396388
61676,0.38515863774
136804,0.909958777304
28209,0.268214377642
8486,0.26978145665
25935,0.919736785963
28206,0.305019092255
180636,0.135507379236
1864,0.76677342255
