507,0.929840972872
344,0.889883616831
819,0.623979912116
346,0.806163828062
347,0.71562275018
340,0.792663476874
341,0.715107913669
342,0.935089369708
343,0.746246246246
810,0.808787632221
811,0.746806912096
812,0.88198757764
813,0.868881118881
348,0.890681003584
815,0.808787632221
816,0.796474358974
817,0.642949547219
595,0.883555555556
719,0.893884892086
718,0.854686156492
717,0.774143302181
716,0.910256410256
715,0.965048543689
714,0.895495495495
713,0.7341211226
712,0.796474358974
711,0.84667802385
710,0.843087362171
421,0.82489626556
420,0.812755519215
423,0.837405223252
422,0.672985781991
425,0.905282331512
619,0.761102603369
424,0.938621340888
427,0.976424361493
298,0.939508506616
299,0.616625310174
296,0.918669131238
297,0.83110367893
294,0.875
295,0.873462214411
292,0.870402802102
293,0.908592321755
290,0.963178294574
291,0.867364746946
591,0.878091872792
590,0.885129118433
593,0.916974169742
592,0.874230430959
199,0.854686156492
594,0.830409356725
597,0.796474358974
596,0.907762557078
195,0.785150078989
598,0.872695346795
197,0.895495495495
196,0.878091872792
191,0.78763866878
190,0.694619147449
193,0.741237882177
192,0.739583333333
270,0.712034383954
271,0.832495812395
272,0.894689468947
273,0.865100087032
274,0.875
275,0.890681003584
276,0.994
277,0.788263283109
278,0.893884892086
279,0.794564348521
569,0.911090742438
524,0.754172989378
525,0.733579335793
526,0.75360121304
527,0.810766721044
520,0.678035470668
521,0.7765625
522,0.778386844166
523,0.7907716786
528,0.820132013201
529,0.761685823755
449,0.532119914347
448,0.745127436282
345,0.896302975654
443,0.919518963922
442,0.829024186822
441,0.88908765653
440,0.921223354958
447,0.866608544028
446,0.84667802385
445,0.522882693319
444,0.889883616831
47,0.718208092486
108,0.509482316761
109,0.525369978858
102,0.588165680473
103,0.591666666667
100,0.6400515132
101,0.627129337539
106,0.505852417303
107,0.515025906736
104,0.580607476636
105,0.507660878447
902,0.64378238342
903,0.671168129642
39,0.695591322603
38,0.961315280464
906,0.75189107413
907,0.774746687451
904,0.686938493435
905,0.835294117647
33,0.589211618257
32,0.653947368421
31,0.742899850523
30,0.655672823219
37,0.572251007484
36,0.652230971129
35,0.741791044776
34,0.747930775019
641,0.513429752066
640,0.510005130836
643,0.523985239852
642,0.602059357965
645,0.501260716087
644,0.508700102354
438,0.938621340888
439,0.580946814728
436,0.948473282443
437,0.928971962617
434,0.943969610636
435,0.925512104283
432,0.860606060606
433,0.912764003673
430,0.800322061192
431,0.87577092511
826,0.758778625954
339,0.518518518519
338,0.518248175182
335,0.790143084261
334,0.790143084261
337,0.84667802385
336,0.812091503268
331,0.93685202639
330,0.648825065274
333,0.871929824561
332,0.917820867959
744,0.64503569111
745,0.7341211226
854,0.849572649573
818,0.698033707865
856,0.515827711469
857,0.507401735579
850,0.84667802385
851,0.789515488483
852,0.840947546531
0,0.51878914405
42,0.672075726842
858,0.524538258575
859,0.531835205993
748,0.678961748634
6,0.611692307692
43,0.644617380026
99,0.626733921816
98,0.649673202614
91,0.655672823219
90,0.615861214374
93,0.631111111111
92,0.57656612529
95,0.613201727329
94,0.773540856031
97,0.786392405063
96,0.663551401869
814,0.808130081301
349,0.849572649573
153,0.886708296164
740,0.548565121413
741,0.66711409396
742,0.75360121304
743,0.653517422748
559,0.580268534734
558,0.923791821561
746,0.789515488483
747,0.8074735987
555,0.822847682119
749,0.615861214374
557,0.87577092511
556,0.820132013201
551,0.745686421605
550,0.888293118856
553,0.940397350993
552,0.866608544028
238,0.843803056027
239,0.856896551724
234,0.636771300448
235,0.817434210526
236,0.766383962992
237,0.771140418929
230,0.780832678712
231,0.701482004234
232,0.709493219129
233,0.810766721044
1,0.588513913558
146,0.690277777778
147,0.672530446549
618,0.85102739726
145,0.722909090909
142,0.721859114016
143,0.67527173913
140,0.678961748634
141,0.741237882177
612,0.499748617396
613,0.510791366906
610,0.804858299595
611,0.83389261745
616,0.822167080232
617,0.771739130435
614,0.798393574297
149,0.697543859649
46,0.635549872123
154,0.855421686747
948,0.754172989378
949,0.604622871046
946,0.71
947,0.679425837321
944,0.71408045977
945,0.7771696638
942,0.767567567568
943,0.729273661042
940,0.583333333333
941,0.699015471167
689,0.537007023231
688,0.51878914405
685,0.682223747426
684,0.730882352941
687,0.511053984576
686,0.834592779177
681,0.855421686747
680,0.725547445255
683,0.716654650324
682,0.935969868173
458,0.916129032258
459,0.901178603808
133,0.730345334313
132,0.669811320755
131,0.725547445255
130,0.627129337539
137,0.780832678712
136,0.7907716786
135,0.762854950115
134,0.63963963964
494,0.835294117647
495,0.692200557103
496,0.966926070039
497,0.525647805394
490,0.886708296164
491,0.922077922078
492,0.906107566089
493,0.913602941176
24,0.537878787879
25,0.523157894737
26,0.526483050847
27,0.704464918498
20,0.596638655462
21,0.579591836735
22,0.549171270718
23,0.586776859504
28,0.505338078292
29,0.510529019004
407,0.539045553145
406,0.529286474973
939,0.668909825034
404,0.870402802102
403,0.890681003584
402,0.926374650513
401,0.982213438735
400,0.514492753623
933,0.800966962127
932,0.62125
931,0.61433868974
930,0.641704325371
937,0.600604229607
936,0.683161512027
935,0.78763866878
934,0.803556992724
453,0.916129032258
414,0.973555337904
183,0.796474358974
415,0.897922312556
379,0.827643630308
378,0.795836669335
829,0.723435225619
828,0.668909825034
371,0.797752808989
370,0.797113071371
373,0.782677165354
372,0.871165644172
375,0.75360121304
820,0.964112512124
377,0.7765625
822,0.820132013201
708,0.806818181818
709,0.826267664173
704,0.733038348083
705,0.70297029703
706,0.808130081301
707,0.955769230769
700,0.730882352941
701,0.800322061192
702,0.802259887006
703,0.811428571429
393,0.59307875895
392,0.672530446549
88,0.708987161198
89,0.505081300813
397,0.872695346795
396,0.899547511312
395,0.754745634017
394,0.829716193656
82,0.628318584071
83,0.601694915254
399,0.58162668227
398,0.803556992724
86,0.537878787879
87,0.578243164631
84,0.612446087492
85,0.580607476636
797,0.83110367893
796,0.828333333333
795,0.811428571429
794,0.858376511226
793,0.829024186822
792,0.827643630308
791,0.820132013201
790,0.906107566089
799,0.919518963922
798,0.64587394412
7,0.698033707865
601,0.848847139197
170,0.755319148936
586,0.888293118856
587,0.720812182741
584,0.916129032258
585,0.909423604758
582,0.867364746946
583,0.852487135506
580,0.829024186822
581,0.822167080232
588,0.799035369775
589,0.648401826484
245,0.757044935263
244,0.935969868173
247,0.522333158171
246,0.771140418929
241,0.818106995885
148,0.686938493435
243,0.588165680473
242,0.856158484065
615,0.691718858733
249,0.532119914347
248,0.532975871314
924,0.886708296164
419,0.554069119287
519,0.874230430959
518,0.96038647343
511,0.941287878788
510,0.808787632221
513,0.78763866878
512,0.864347826087
515,0.894689468947
514,0.848847139197
517,0.756468797565
516,0.837405223252
623,0.781446540881
622,0.762854950115
621,0.797113071371
620,0.805510534846
627,0.818106995885
626,0.698033707865
625,0.848847139197
624,0.702473498233
450,0.56221719457
451,0.88908765653
452,0.678498293515
628,0.600241545894
454,0.880425155004
455,0.869641294838
456,0.828333333333
457,0.835996635828
179,0.71613832853
178,0.5081799591
176,0.665773610181
175,0.655672823219
174,0.865853658537
173,0.856158484065
172,0.764027671022
171,0.76875483372
198,0.908592321755
977,0.750755287009
976,0.653947368421
975,0.724489795918
974,0.75762195122
973,0.649248856956
972,0.826267664173
971,0.644199611147
970,0.579591836735
180,0.749622926094
979,0.55130338325
978,0.56
182,0.808130081301
599,0.990039840637
654,0.527600849257
2,0.584705882353
186,0.602789569436
187,0.665327978581
184,0.740685543964
194,0.691718858733
652,0.523985239852
188,0.862847222222
189,0.835294117647
658,0.534408602151
653,0.520964360587
650,0.515025906736
185,0.885129118433
11,0.816762530813
868,0.731958762887
13,0.632718014004
12,0.698524244554
15,0.669811320755
14,0.609442060086
17,0.706467661692
16,0.624764299183
19,0.520418848168
18,0.650098103336
863,0.74456928839
862,0.749058025622
865,0.734663710273
864,0.710507505361
867,0.81010594947
866,0.726608187135
659,0.512107161257
44,0.643365695793
656,0.543763676149
883,0.774746687451
882,0.775351014041
881,0.802259887006
880,0.704964539007
887,0.649673202614
886,0.678961748634
885,0.623979912116
884,0.718727404194
889,0.513695090439
888,0.533834586466
116,0.636363636364
657,0.503036437247
426,0.930711610487
929,0.56995412844
355,0.839527027027
322,0.78329393223
323,0.75993883792
320,0.748493975904
808,0.886708296164
326,0.664438502674
327,0.516900676027
324,0.756468797565
325,0.625550660793
328,0.511053984576
329,0.524261603376
562,0.934210526316
201,0.750755287009
200,0.810766721044
203,0.822167080232
202,0.849572649573
205,0.794564348521
204,0.8367003367
773,0.548565121413
206,0.650949574329
209,0.524538258575
208,0.771739130435
779,0.574234546505
778,0.56189937818
77,0.659151193634
76,0.56
75,0.659151193634
74,0.626339004411
73,0.57324106113
72,0.579254079254
71,0.533261802575
70,0.8074735987
655,0.508700102354
567,0.879646017699
79,0.859861591696
78,0.785770750988
805,0.915285451197
358,0.792663476874
669,0.508439897698
668,0.504824784154
667,0.506625891947
666,0.509743589744
665,0.526483050847
664,0.529850746269
663,0.521237545884
214,0.815422477441
661,0.505595116989
660,0.529850746269
215,0.739033457249
692,0.85102739726
693,0.855421686747
690,0.786392405063
691,0.730882352941
696,0.829716193656
697,0.663108739159
694,0.769349845201
695,0.834592779177
698,0.813420621931
699,0.517438833941
542,0.666666666667
543,0.712034383954
540,0.817434210526
541,0.692200557103
546,0.521237545884
547,0.522058823529
544,0.519331243469
545,0.5543781372
8,0.906107566089
548,0.520691461498
549,0.562535370685
995,0.884341637011
869,0.609442060086
997,0.945765937203
996,0.946666666667
991,0.788263283109
990,0.761685823755
993,0.662225183211
992,0.774746687451
258,0.723435225619
999,0.871929824561
998,0.938621340888
120,0.561581920904
121,0.569301260023
122,0.615861214374
123,0.601330913491
124,0.572910662824
125,0.580946814728
126,0.556239507555
127,0.647979139505
128,0.607951070336
129,0.579254079254
219,0.65697290152
563,0.522058823529
928,0.65308804205
861,0.792663476874
416,0.888293118856
417,0.691718858733
410,0.928971962617
411,0.92723880597
412,0.916129032258
413,0.934210526316
920,0.848122866894
498,0.556239507555
922,0.85911840968
923,0.823529411765
418,0.537297297297
925,0.544061302682
926,0.568
927,0.634333120613
319,0.796474358974
318,0.722909090909
313,0.591314693635
312,0.772939346812
311,0.929840972872
310,0.930711610487
317,0.739033457249
316,0.674813306178
315,0.647979139505
314,0.618543870566
603,0.792663476874
921,0.7952
139,0.690757470466
832,0.668010752688
833,0.654377880184
830,0.634738186462
138,0.799035369775
836,0.765793528505
837,0.654377880184
834,0.694619147449
835,0.762854950115
838,0.690757470466
839,0.761685823755
3,0.757044935263
725,0.840236686391
368,0.844519966015
369,0.87577092511
366,0.878091872792
367,0.674355495251
364,0.778386844166
365,0.894689468947
362,0.873462214411
363,0.743455497382
360,0.795836669335
361,0.829716193656
10,0.615099009901
218,0.823529411765
952,0.740134028295
380,0.822167080232
381,0.764027671022
382,0.812755519215
383,0.740134028295
384,0.7341211226
385,0.738484398217
386,0.856896551724
387,0.679425837321
388,0.7952
389,0.868122270742
784,0.918669131238
785,0.923791821561
786,0.928971962617
787,0.939508506616
780,0.974509803922
781,0.893884892086
782,0.895495495495
783,0.893081761006
788,0.941287878788
789,0.905282331512
860,0.820132013201
151,0.809446254072
579,0.83389261745
578,0.955769230769
604,0.804858299595
573,0.865853658537
572,0.85321888412
571,0.883555555556
570,0.788263283109
577,0.892280071813
576,0.865853658537
575,0.870402802102
574,0.925512104283
60,0.549778761062
61,0.509221311475
62,0.575898030127
63,0.581286549708
64,0.519874476987
65,0.528723404255
66,0.570936243538
68,0.528161530287
69,0.501513622603
250,0.96224588577
251,0.88198757764
256,0.663994655979
257,0.650523560209
254,0.617008069522
255,0.848847139197
499,0.544657534247
157,0.804858299595
156,0.750755287009
405,0.78763866878
731,0.83110367893
730,0.881205673759
733,0.950286806883
938,0.657407407407
735,0.813420621931
734,0.640876853643
737,0.852487135506
736,0.871929824561
506,0.697054698457
738,0.827643630308
504,0.599517490953
505,0.703966005666
502,0.688842688843
503,0.594497607656
500,0.7952
501,0.793296089385
630,0.512899896801
631,0.505852417303
632,0.511316872428
633,0.515025906736
469,0.552836484983
468,0.530416221985
636,0.510529019004
637,0.527600849257
465,0.858376511226
464,0.78453038674
467,0.512107161257
466,0.928971962617
461,0.848847139197
900,0.686938493435
463,0.683631361761
462,0.813420621931
901,0.650098103336
168,0.511316872428
169,0.523709167545
164,0.686938493435
165,0.558740865655
166,0.51878914405
167,0.506109979633
160,0.696566222845
161,0.781446540881
162,0.878091872792
163,0.687889273356
964,0.717171717172
965,0.787015043547
966,0.800322061192
967,0.741791044776
960,0.720812182741
961,0.625157232704
962,0.748493975904
963,0.72238372093
968,0.63031071655
969,0.803556992724
409,0.567675613935
408,0.516095534787
908,0.736296296296
909,0.772338772339
722,0.893081761006
878,0.700987306065
879,0.778996865204
876,0.6400515132
877,0.64587394412
874,0.711524695777
875,0.690757470466
872,0.726608187135
873,0.871929824561
870,0.764615384615
871,0.74456928839
9,0.788263283109
890,0.707977207977
891,0.820132013201
892,0.748493975904
893,0.713055954089
894,0.665327978581
895,0.707977207977
896,0.64503569111
897,0.812755519215
898,0.507660878447
899,0.516632016632
646,0.535271943996
649,0.509743589744
648,0.548868028713
357,0.879646017699
356,0.860606060606
809,0.672530446549
354,0.827643630308
353,0.78021978022
352,0.743455497382
351,0.824212271973
350,0.795836669335
803,0.699507389163
802,0.826955074875
801,0.783911671924
800,0.713055954089
807,0.885129118433
806,0.774746687451
359,0.8074735987
804,0.645454545455
216,0.768160741886
217,0.732498157701
768,0.536717062635
769,0.556239507555
212,0.75189107413
213,0.739033457249
210,0.758778625954
211,0.888293118856
762,0.536138079827
763,0.601694915254
760,0.603155339806
761,0.553452115813
766,0.517169614984
767,0.668010752688
764,0.527320954907
765,0.526483050847
40,0.733038348083
41,0.979310344828
831,0.781446540881
289,0.858376511226
288,0.893081761006
321,0.668010752688
4,0.65308804205
281,0.906934306569
280,0.947569113441
283,0.816762530813
282,0.817434210526
285,0.979310344828
284,0.88198757764
287,0.892280071813
286,0.885918003565
678,0.507142857143
674,0.543466375068
675,0.51184346035
676,0.513695090439
677,0.499748617396
670,0.508700102354
671,0.661784287617
672,0.517708333333
673,0.529004789782
263,0.944866920152
262,0.7952
261,0.83110367893
260,0.804858299595
267,0.596638655462
266,0.85102739726
265,0.681755829904
264,0.580268534734
269,0.802907915994
268,0.712034383954
59,0.507401735579
55,0.557800224467
54,0.824212271973
57,0.622027534418
56,0.542280414621
51,0.592019058964
50,0.534983853606
53,0.868122270742
52,0.684573002755
537,0.859861591696
536,0.885918003565
535,0.938621340888
259,0.736296296296
533,0.897111913357
532,0.900362318841
531,0.912764003673
530,0.938621340888
152,0.730882352941
539,0.568324757004
538,0.534408602151
775,0.543169398907
988,0.652230971129
989,0.742899850523
774,0.520418848168
982,0.606097560976
983,0.647979139505
980,0.713055954089
981,0.580946814728
986,0.692682926829
777,0.523985239852
984,0.580946814728
985,0.663108739159
115,0.697054698457
252,0.820809248555
117,0.802259887006
776,0.555617663499
111,0.808130081301
110,0.844519966015
113,0.511053984576
253,0.864347826087
771,0.556862745098
119,0.510005130836
118,0.592019058964
770,0.588165680473
647,0.502781992919
207,0.633524537922
772,0.550997782705
429,0.942180094787
428,0.981243830207
534,0.772338772339
919,0.7952
918,0.730882352941
915,0.640876853643
914,0.692682926829
917,0.71
916,0.79392971246
911,0.739583333333
910,0.795836669335
913,0.782061369001
912,0.685990338164
308,0.778996865204
309,0.855421686747
855,0.5081799591
300,0.914443422263
301,0.855421686747
302,0.681288553804
303,0.893884892086
304,0.829716193656
305,0.893884892086
306,0.800966962127
307,0.8416596105
825,0.804207119741
181,0.527320954907
824,0.855421686747
827,0.681755829904
847,0.822847682119
846,0.811428571429
845,0.778386844166
844,0.7907716786
843,0.772939346812
842,0.714593817398
841,0.703966005666
840,0.832495812395
821,0.880425155004
853,0.782061369001
849,0.52704135737
848,0.747930775019
823,0.856158484065
376,0.770542635659
144,0.70197740113
240,0.803556992724
554,0.520964360587
662,0.512635379061
732,0.685044796692
753,0.821487603306
752,0.732498157701
751,0.788888888889
750,0.735207100592
757,0.71408045977
756,0.804858299595
755,0.737388724036
754,0.730345334313
560,0.949379178606
561,0.535271943996
759,0.737388724036
758,0.668909825034
564,0.916974169742
565,0.786392405063
566,0.799678197908
987,0.724489795918
739,0.765204003079
229,0.704964539007
228,0.788263283109
227,0.79392971246
226,0.750755287009
225,0.835294117647
224,0.649673202614
223,0.740134028295
222,0.659151193634
221,0.656538969617
220,0.790143084261
629,0.672075726842
114,0.671168129642
391,0.709493219129
726,0.865853658537
727,0.844519966015
724,0.910256410256
390,0.660904255319
568,0.878091872792
723,0.834592779177
720,0.7907716786
721,0.908592321755
728,0.885129118433
729,0.877316857899
605,0.78329393223
150,0.768160741886
607,0.810766721044
606,0.586430678466
155,0.770542635659
600,0.911090742438
994,0.723435225619
602,0.798393574297
159,0.702473498233
158,0.711524695777
112,0.909423604758
609,0.522058823529
608,0.812091503268
634,0.507142857143
80,0.522058823529
635,0.505081300813
959,0.838818565401
958,0.820809248555
81,0.59556620731
48,0.617008069522
49,0.695104895105
951,0.63881748072
950,0.631111111111
953,0.695591322603
45,0.671621621622
955,0.71
954,0.580607476636
957,0.63840719332
956,0.672530446549
638,0.530699412707
5,0.713567839196
639,0.530982905983
374,0.79203187251
508,0.765793528505
460,0.718208092486
489,0.532404927691
488,0.524538258575
487,0.8416596105
486,0.965048543689
485,0.87577092511
484,0.717171717172
483,0.818106995885
482,0.929840972872
481,0.876543209877
480,0.816091954023
509,0.525092445853
472,0.761685823755
473,0.871929824561
470,0.76875483372
471,0.748493975904
476,0.686938493435
477,0.798393574297
474,0.668909825034
475,0.666666666667
478,0.842372881356
479,0.513695090439
