65540 1
8199 1
114698 1
65548 1
65550 1
65552 1
65553 1
8210 1
65556 1
178862 1
8214 1
163863 1
8219 1
106524 1
156578 1
147849 1
65569 1
24610 1
122915 1
122916 1
163877 1
163878 1
163879 1
65576 1
24617 0
2346 1
163884 1
163887 1
8240 1
163889 1
163891 1
155701 1
65590 1
8247 1
23220 1
114747 1
114748 1
8253 1
30008 1
28917 1
16453 1
65607 1
24648 1
65609 1
65610 1
163916 1
163919 1
8272 1
163921 1
163922 1
152931 1
65621 1
163926 1
155735 1
64925 1
163929 1
163930 1
7368 1
106589 1
16478 1
163935 1
16480 1
12304 0
163939 1
163941 1
24678 1
16401 1
16488 1
163946 1
65643 1
163948 1
65554 1
155758 1
6845 1
8304 1
112168 1
147579 1
66290 1
24699 1
8213 1
24708 1
122902 1
65671 1
123016 1
123017 1
163978 1
8215 1
65676 1
8333 1
8334 1
163983 1
254096 1
15363 1
155794 1
155795 1
8341 1
65689 1
176768 1
24731 1
8348 1
8350 1
121382 1
63018 1
8357 1
65702 1
177314 0
21828 1
63291 1
64199 1
65710 1
65713 1
24755 1
65717 1
147638 1
147639 1
25972 1
4802 1
118121 1
114880 1
28704 1
8386 1
24771 1
4801 1
16582 1
24776 1
65737 1
147658 1
65739 0
147660 1
24781 1
24782 0
24783 1
64929 1
8402 1
16597 1
264629 1
139665 1
164058 1
24795 1
25376 1
24800 1
8423 0
114920 1
25980 1
24810 1
164075 1
65772 1
4645 1
8431 1
4918 1
16629 1
164086 1
122921 1
8440 1
24825 1
147708 1
16637 1
8446 1
162517 1
140672 1
16643 1
23195 1
24837 1
139526 1
8455 1
24841 1
16650 1
24843 1
114956 1
164109 1
8463 1
174317 1
65812 1
24853 1
6873 1
24856 1
8475 1
16668 1
121562 1
155934 1
16671 1
62204 0
147750 1
16679 1
65832 1
16681 0
16684 1
61490 1
24878 1
16689 1
65587 1
10974 1
24888 1
16698 1
164155 1
24893 1
8245 1
8512 1
16705 1
24898 1
8515 1
61494 1
16710 1
16714 1
16716 1
13709 1
65872 1
16721 1
8530 1
65876 0
13710 1
16441 1
117035 1
24922 1
8539 1
65884 1
24925 1
8542 1
8543 1
65893 1
24934 1
8551 1
65896 1
147817 1
65899 1
16748 1
13714 1
143421 1
65904 1
65905 1
65908 0
117036 1
16763 1
113490 1
8577 0
8579 1
24965 1
8582 1
16775 0
63724 1
16777 1
65930 1
122917 1
16781 1
139662 1
24975 1
16784 1
16785 1
24978 1
24980 1
24982 1
8599 1
65944 1
113491 1
10991 1
147868 1
8605 1
8606 1
164255 1
63572 1
164258 1
8611 0
65958 1
25000 1
26012 1
164266 1
3833 1
150258 1
164270 1
65967 1
8264 1
65971 1
65973 1
16824 1
8633 1
26015 1
65980 1
8266 1
8638 1
31477 1
16832 1
26016 1
164290 1
16836 1
164293 1
16838 1
164296 1
25033 1
10999 1
177051 1
112034 1
162048 1
66000 1
25047 1
8666 1
61519 1
156125 1
66016 1
163920 1
146171 0
132518 1
25062 1
66029 1
16878 1
8687 1
66032 1
163923 1
8692 1
16885 1
8694 1
25079 1
156153 1
16890 1
156155 1
156156 1
156157 1
25088 1
162560 1
66050 1
29930 1
165854 1
163927 1
164364 1
164365 1
16910 1
156176 1
164369 1
25108 1
25110 1
2820 1
61121 1
16924 1
28762 1
8734 1
25119 1
16929 1
25124 1
66085 1
25130 1
25132 1
24669 0
66098 1
25140 1
119173 1
64363 1
8759 1
164408 1
7205 1
8762 1
164411 1
16956 1
16957 1
164416 1
113419 1
25157 1
164422 1
28769 1
160961 1
238157 1
25166 1
25167 1
164432 0
164433 1
8787 1
8789 1
16985 1
6100 1
164444 1
16989 1
12568 1
12389 1
25186 1
66148 1
8807 1
26044 1
8810 1
66155 1
26045 1
66161 1
8818 1
11027 1
66164 1
8823 1
8826 1
62911 1
155754 1
8832 1
9664 1
12395 1
156293 1
8838 0
25224 1
66185 1
17035 1
148109 1
164494 1
29755 1
8850 1
9667 1
25236 1
66198 1
5572 1
8858 0
8859 1
164510 1
8864 1
8867 1
17061 1
28785 1
8873 1
62217 1
17069 1
17070 1
17072 1
17073 1
17074 1
28787 1
17076 1
65218 1
25274 1
66235 1
8892 1
2751 1
164543 1
8898 1
25283 1
8901 1
8902 1
17095 0
148169 0
148170 1
164555 1
115404 1
17101 1
61560 1
17106 1
144520 1
176249 1
61544 1
17115 1
164572 0
8925 1
156383 1
156384 1
25313 1
25314 0
66275 1
25318 1
61435 1
25320 1
66281 1
10916 0
17131 1
17132 1
66285 1
66286 1
17136 1
6497 1
8947 1
136307 1
25334 1
140023 1
140024 0
17145 1
25338 1
148219 1
66300 1
164605 0
140030 1
26069 1
148224 1
140033 1
2859 1
164612 1
17157 0
164615 0
17160 1
66313 1
140042 1
26071 1
25356 1
25357 0
25359 1
17168 1
117868 1
66325 1
164633 0
8987 1
17180 1
30170 1
140063 1
17184 1
166704 1
4230 1
140071 1
140073 0
177881 1
17195 1
164652 1
25389 1
5597 1
12575 1
110728 1
66586 1
164660 1
164661 1
25399 1
9016 1
148281 1
7938 1
112095 1
164668 1
107325 1
66366 1
9023 1
66368 1
28397 1
109366 1
164679 1
123720 1
110732 1
66379 1
17890 1
114829 1
17233 1
66386 1
25430 1
17239 1
17240 0
148313 1
25434 1
17245 1
17248 1
24720 1
115554 1
115555 1
66404 1
61585 1
62686 1
11213 1
12434 1
115566 1
177640 1
17266 1
16531 1
17269 1
25462 1
30185 1
9083 1
148349 1
148350 1
24725 1
66438 1
25481 1
176279 1
175513 1
154434 0
66446 1
120301 1
31381 1
164755 1
164756 1
165358 1
164758 1
25495 1
178703 1
176521 1
140194 1
9125 1
148390 1
148391 0
61596 1
154439 1
1523 1
66484 1
107446 0
25528 1
158791 1
17341 1
148414 1
66496 1
9155 1
156613 1
156614 1
156615 1
66504 1
156617 1
156618 1
25554 1
9171 1
66519 1
107481 1
31567 1
66526 1
25570 1
25572 1
8358 1
6335 1
25579 0
1004 1
6994 1
61608 1
9203 1
1013 1
148470 1
148476 1
64341 1
9216 1
9217 1
24747 1
30209 1
9063 1
9225 1
1034 1
9230 1
13128 1
13864 1
1045 1
25623 1
163977 1
1050 1
25627 1
66588 1
9248 1
25633 1
11099 1
66597 1
66599 1
9258 1
115757 1
5899 1
1072 1
66610 1
148531 1
1076 0
1078 1
25655 1
9273 0
1082 1
23768 1
176309 1
25665 1
61685 1
9284 1
65718 1
1094 1
9289 1
12471 0
25676 1
177677 1
1104 1
3310 1
9299 1
1109 1
66646 1
1111 1
66648 1
66649 1
25691 1
1117 1
66654 1
1121 1
6333 1
66660 1
9317 1
9319 1
9323 1
9324 1
9325 1
25711 1
25719 1
66681 1
9340 0
25726 1
66688 1
9346 1
25731 1
124038 1
9351 1
66697 1
66698 1
9355 1
12482 1
124046 1
9359 1
124050 1
8387 0
66708 1
1173 1
30233 1
1177 1
140443 1
9372 1
140445 1
176325 1
133430 1
115876 1
23226 1
66728 1
148650 1
66731 1
148652 1
166437 1
25774 1
25777 1
66239 1
25922 1
25783 1
156857 1
1210 1
165051 1
156860 1
165053 1
9411 1
9761 1
13407 1
25805 0
1230 1
147661 1
1234 1
177699 1
1239 1
1246 1
25823 1
9445 1
1254 1
17640 1
1257 1
1259 1
165101 1
153128 1
1266 1
9459 1
2942 1
25848 1
9465 1
1274 1
64383 1
25852 1
140541 1
1279 1
9472 1
25859 1
25860 1
176343 1
25870 1
25874 1
1300 1
25877 1
123097 1
25880 1
156953 1
25882 1
1308 1
17694 1
64389 1
148770 1
116004 1
2950 1
124198 1
25895 1
25896 1
107817 1
161997 1
126615 1
1327 1
25906 0
17715 1
61662 1
165177 1
165179 1
17724 1
138122 1
25918 1
12047 1
25921 1
9538 1
25923 1
163987 1
4321 1
25929 1
1356 1
176701 1
31629 1
25937 1
124434 1
9555 1
165209 1
25946 1
8229 1
25950 1
165215 1
66059 1
17762 1
1380 1
31143 1
1382 1
12519 1
25964 1
31634 1
160364 1
1393 1
17780 1
1397 1
9590 1
176361 1
25976 1
15252 1
25978 1
25979 1
165244 1
9599 1
1408 1
157057 1
132482 1
17795 1
140676 1
148870 1
140679 1
116104 1
9611 1
230796 1
9613 1
9614 1
165264 0
157074 1
9619 1
26004 1
132502 0
7065 1
26011 1
66061 1
26013 1
1439 1
1440 1
26019 1
165284 1
26021 1
26022 1
1447 1
1449 1
132525 1
23450 1
28145 1
163678 1
26037 1
26038 1
1468 1
157117 1
157118 1
4341 1
140736 1
26050 1
124355 1
148932 1
17861 1
1478 1
19361 1
160623 1
26061 1
16813 1
1487 1
5505 1
26067 1
140757 1
148950 1
140759 1
140760 0
9689 1
178868 1
157153 0
9698 1
9699 1
3556 1
160719 1
12540 1
124394 1
1518 1
165361 1
176268 1
9715 1
17908 1
1533 1
17919 1
116224 1
4352 0
1539 1
164606 1
12545 1
1545 1
157195 1
127234 1
15474 1
162733 1
157200 1
1554 1
66065 1
140821 1
1559 1
1562 1
19965 1
160448 1
149082 1
1567 1
28967 1
157218 1
165411 1
132644 1
1577 1
61703 1
9772 1
9774 1
1585 1
9778 1
9783 1
1593 1
1598 1
1602 0
4145 1
149089 1
24844 1
1611 1
1613 1
122380 1
165458 1
9812 1
9815 1
165464 1
165465 1
165466 1
4367 1
7692 1
1632 1
140897 1
1634 1
1635 1
144998 1
140902 1
9831 1
140904 1
140905 1
9835 1
15293 1
63080 1
1651 1
162906 1
18037 1
9846 1
1655 1
18040 0
9849 1
9850 1
1659 1
1661 1
19150 1
18049 1
26246 1
140938 1
9867 1
1678 1
10213 1
156633 1
31683 1
1686 1
1690 1
23252 1
108188 1
12559 0
6527 1
9890 1
116387 1
29517 1
1704 1
157353 1
1706 1
9899 1
61725 1
9904 1
140977 1
140979 1
124599 1
149177 1
1722 1
8479 1
9916 1
18110 1
9919 1
1728 1
9921 1
9922 1
5750 1
124615 1
31692 1
30870 1
1743 0
9937 1
9777 1
6831 1
61732 1
124638 1
12581 1
9954 1
8486 1
157414 1
157415 1
120444 1
61735 1
1773 1
165501 1
8488 1
141044 1
63102 1
1783 1
3028 1
22144 1
1794 1
61739 1
111961 1
160183 1
124678 1
10597 1
165640 1
17197 1
121815 1
157452 1
117902 1
9999 1
10000 1
165649 1
165650 1
177795 1
165652 1
165653 1
116503 1
165656 1
176048 1
1820 1
118126 1
1823 1
10016 1
165666 1
11228 1
165675 1
111629 1
1837 1
116526 0
156861 1
64061 1
64165 1
10035 1
19156 1
157493 1
165686 1
165691 1
120458 1
18241 1
165699 1
1860 1
112721 0
1864 1
120359 1
10063 1
15331 1
29250 1
1878 1
149337 1
165723 1
1884 1
24890 1
166460 1
165731 1
18276 0
165734 1
124775 1
116586 1
63122 1
1902 1
10096 1
31720 1
1906 1
164663 1
15337 1
136646 1
1913 1
141178 1
4415 1
132988 1
1919 1
1920 1
18307 0
1926 1
10121 1
5783 1
141196 1
141197 1
141198 1
113269 1
10008 1
165779 1
26520 1
165785 0
26523 1
9882 1
1951 1
108449 1
61766 1
4423 1
10156 1
152170 1
10159 1
1968 1
157619 1
141236 1
1974 1
143689 1
1976 1
1979 1
18364 1
1981 1
1982 1
175465 1
141859 1
108481 1
157634 1
157635 1
1988 1
174022 1
165832 1
1995 1
163627 0
10190 1
165843 1
165844 1
2005 1
165846 1
130041 1
10200 1
141276 1
141277 1
141278 1
165855 1
165856 1
165857 1
174050 1
31739 1
174053 1
2025 1
10221 1
157679 1
2033 1
174066 1
62262 1
163911 1
116393 1
165880 1
10235 1
2044 1
9898 1
2049 1
2052 1
124934 1
18439 1
14253 1
164664 1
2061 1
16981 1
7171 1
63495 1
65881 1
165912 1
31748 1
165914 1
141339 1
2080 1
1712 1
116770 1
174115 1
174116 1
10277 1
2086 1
174119 1
66354 1
165933 1
10286 1
24620 1
31752 1
133170 1
141363 1
65886 1
165943 0
174136 1
10297 1
157755 1
157758 1
2111 1
2113 1
174147 1
174148 1
5526 1
125000 0
264265 1
149578 1
140983 1
2124 1
141389 1
174158 1
174159 1
174160 0
125014 1
108631 1
2136 1
174169 1
2138 1
10331 1
10332 1
157354 1
5254 1
8549 1
109584 1
161013 1
108645 1
2150 1
10345 1
2154 1
157803 1
10349 1
174135 1
10353 1
149618 1
2163 1
149620 1
166005 1
108664 1
10361 1
22207 1
21118 0
62655 1
133246 1
165924 1
18560 1
161014 1
10374 1
2184 1
175127 1
10380 1
10382 1
10386 1
141459 1
141460 1
108693 1
10390 1
10391 1
5256 1
121833 1
175130 1
116894 1
157855 1
157856 1
166051 1
10405 1
157862 1
10407 1
133288 1
157865 1
116906 1
10411 1
2220 1
166061 1
2222 1
66360 1
4467 1
10420 1
2230 1
141001 1
141496 1
141497 1
10426 1
31775 1
116924 1
2237 1
264385 1
264386 1
264387 1
108740 1
264391 1
10441 1
174282 1
264395 1
264397 1
2255 1
133328 1
10451 1
174292 0
10453 1
149721 1
174301 1
264414 0
2271 1
264416 1
177872 1
10466 1
174310 1
61179 1
4476 1
149738 1
3622 1
174316 1
17534 1
12669 1
22717 1
2290 1
10484 1
133366 1
133367 1
164611 1
2299 0
166142 1
157954 1
10499 1
2259 1
157959 1
2312 1
10507 1
25173 1
22718 1
11310 1
10519 1
2328 1
117018 1
117019 1
117020 1
29061 1
2337 1
117026 1
63195 1
2342 1
11313 1
64228 1
2345 1
117034 1
106887 1
10540 1
133424 1
125234 1
166197 1
10550 0
166199 1
166200 1
10553 0
264506 1
264507 1
264509 1
264510 1
109621 1
166208 1
174401 1
176523 1
10565 1
10567 1
176874 1
61836 1
15416 1
166229 1
2390 1
2393 1
125604 1
125275 1
133468 1
126010 0
146564 1
2403 1
158053 1
10598 1
4497 1
162876 1
4498 1
10609 1
8363 1
10614 1
10615 1
178851 1
10618 1
117115 0
113139 1
133504 0
133506 1
125315 1
2436 1
16790 0
174470 1
174471 1
127383 1
2444 1
141037 1
2448 1
11811 1
117141 1
117142 1
141720 1
117145 1
174490 1
166303 1
166304 1
10658 1
140565 1
9969 1
117161 1
27906 1
174507 0
125358 1
125360 1
4510 1
178906 1
141384 1
2490 1
174118 0
160479 1
31659 1
2497 1
62823 1
10692 1
2504 1
174541 1
60914 1
162894 1
160207 1
166363 1
264668 1
166366 1
161844 1
22221 1
10726 1
138321 1
2536 1
2537 1
2538 1
10735 1
18928 1
164264 1
2547 1
10740 1
2555 1
2556 1
2558 1
7161 1
63232 1
166402 0
29099 1
264708 1
264709 1
264713 1
117260 1
2573 1
166414 1
160173 1
64175 1
2577 1
14083 1
60979 1
2581 1
141846 1
141847 1
9728 1
10777 1
158235 1
109084 1
2589 1
3905 0
105365 1
120656 1
166433 1
166434 1
166435 1
166436 1
10789 1
115121 1
10793 1
10795 1
174637 1
2606 1
162909 1
10801 1
166450 1
166451 1
2615 1
174648 0
166458 1
2620 0
10813 1
27199 0
174656 1
149318 1
63781 1
2628 0
174663 1
10827 1
10832 1
61880 1
61870 0
7267 1
166485 0
10839 1
10840 1
141913 1
22729 1
125531 1
133724 1
125533 1
133726 1
117861 1
11366 1
166213 1
2663 1
158313 1
10860 1
108306 1
25021 1
24912 1
19057 1
10867 1
15092 1
119295 1
16456 0
149268 1
11669 1
150139 1
19069 1
10005 1
109186 1
10884 1
141957 1
133766 1
133767 1
133768 1
2697 1
125580 1
134026 1
64621 1
116504 1
158354 1
10902 1
10903 1
64194 1
10905 1
166555 1
30490 1
141982 1
141983 1
166560 1
125601 1
166562 1
150179 1
166564 1
3946 1
10920 1
166569 1
166570 1
29151 1
166572 1
64626 1
2735 1
166576 1
150643 1
19124 1
166581 1
166582 1
166583 1
150201 1
10938 1
11584 1
166591 1
166593 1
29131 1
121974 1
177953 1
61900 1
150221 1
158414 1
29133 1
19152 1
2771 1
4601 1
19159 1
127439 1
166622 1
2783 1
166624 1
176592 1
2787 1
10981 1
10983 1
10984 1
22461 1
133866 1
133868 1
133869 1
133871 1
2802 1
176595 1
178493 1
2807 0
2811 1
133885 1
12757 1
133888 1
2817 1
2818 1
11012 1
150277 1
109318 1
150279 1
142088 0
158473 1
29143 1
150284 1
2829 1
2831 1
160216 1
3203 1
10030 0
174871 1
11032 1
154756 1
142106 1
174876 1
2845 1
166689 1
150306 1
174130 1
154758 1
14129 1
2856 1
11051 1
11056 1
116531 1
11060 1
2870 1
133944 1
133945 1
64745 1
133949 1
19262 0
25056 1
31193 1
150399 1
2884 1
157494 1
2888 1
138124 1
148217 1
166733 1
162957 1
27790 1
11094 1
2903 1
11096 1
29156 1
166747 1
61925 1
13440 1
158563 1
2916 1
19305 1
11115 0
3218 1
109425 1
65838 0
11124 1
19318 1
7316 1
2938 1
158587 1
2940 1
150398 1
3221 1
15101 1
166789 1
11142 0
2951 1
2953 1
25279 1
64663 1
161040 1
25069 1
2960 1
142230 1
2968 1
11161 1
11010 1
19355 1
175004 1
3226 1
175006 1
175007 0
175008 1
11169 1
10549 1
165702 1
2982 1
12785 1
130762 1
11178 1
142251 1
2990 1
2991 1
10056 0
142260 1
11191 1
7985 1
3231 1
3007 1
19398 1
122034 1
130764 1
30540 1
19402 1
23714 1
175055 1
3024 1
150481 1
3026 1
11220 1
3031 1
175067 1
3036 1
3041 1
8699 1
19428 1
19431 1
3048 1
19433 1
175083 1
175084 1
175085 1
3054 1
27816 1
175092 1
160254 1
3062 1
11257 1
11259 1
3071 1
11264 1
4608 1
142339 1
175110 1
175111 1
117768 1
3082 1
162925 1
17151 0
16898 1
158734 1
3087 1
158736 1
176593 1
158740 1
3093 1
158742 1
158743 1
12804 1
158746 1
175131 1
14170 1
109599 1
11296 1
3105 1
150562 1
3107 1
11300 1
11301 1
11302 0
11304 1
14172 1
3116 1
64690 1
142382 1
175153 1
7991 1
11315 0
19508 1
175157 1
3126 1
3129 1
175162 1
175163 1
3138 1
164363 1
126020 1
23291 1
3144 1
11340 1
2710 1
8717 1
18654 1
3153 1
19538 1
1891 1
3156 1
3157 1
3158 1
25201 1
165732 1
126046 1
151932 1
164368 1
3170 1
3171 1
19557 1
117862 1
148772 1
11371 1
11017 1
119314 1
11376 1
19570 0
109683 0
178899 1
27765 1
120835 1
5313 1
147988 1
27771 1
142460 1
63338 0
142462 1
12821 1
27776 1
149477 1
109699 1
27780 1
11399 0
27786 1
117901 1
66393 1
117903 1
11291 1
4632 1
27794 1
165742 1
176565 1
4199 1
175263 1
30576 1
27810 1
134308 0
7366 1
3238 1
175271 1
145228 1
139804 1
150699 1
165746 1
3246 1
27823 0
11440 1
27825 1
27828 1
16926 1
11446 1
23753 1
126136 1
11450 1
11455 0
11456 1
61984 1
175307 1
27845 1
14898 1
11465 1
3275 1
175308 1
3278 1
122061 1
142546 1
175319 1
11482 1
160293 1
27875 1
144139 1
150761 1
5020 0
11499 1
27886 1
134384 1
11506 1
118003 1
11508 1
11509 1
11511 1
11513 1
11514 1
123434 1
19713 1
109826 1
109831 1
3336 1
27913 1
27914 1
3342 1
11535 1
27920 1
11537 1
11538 1
10115 1
20570 1
27925 1
159125 1
27928 1
118042 1
27932 1
11550 1
27936 1
27937 1
11554 1
175395 1
3365 1
175399 1
3369 1
175402 1
175404 1
25138 1
11566 1
142644 1
150837 1
150838 1
27960 1
11580 1
27965 1
24409 1
2295 1
175424 1
118081 1
3394 1
3399 1
10124 1
12855 1
27980 1
27981 1
3407 1
11600 1
3410 1
138467 1
27988 1
3413 1
3416 1
11609 1
27997 0
149070 1
19807 1
3424 1
16955 1
176239 1
3429 1
109926 1
14225 1
19817 0
27938 1
118125 1
126318 1
3439 1
30666 1
118502 1
126322 1
11636 1
162559 1
28022 0
7401 1
175483 1
11644 1
27882 1
112774 1
4060 1
60801 0
28034 1
125595 1
14027 0
3465 1
3469 1
175509 1
175510 1
18329 1
11672 1
150937 1
29647 1
142748 1
270989 1
19873 1
175522 1
175523 1
23793 1
3497 1
175533 1
60846 1
1949 1
3504 1
3505 1
175347 1
5697 1
160329 1
12874 1
19907 1
66630 1
19911 1
11721 1
3532 1
60911 1
12877 1
126417 1
16974 1
28118 1
110039 1
142811 1
19932 1
60893 1
142814 1
160336 1
126434 1
3555 1
11748 1
60902 0
28135 1
3562 1
28139 1
160338 1
163069 1
110065 0
3570 1
143640 1
64766 1
175607 1
28152 1
29268 1
11770 1
28155 0
3580 1
3581 0
176725 1
3584 1
7116 1
135965 1
130305 1
28168 1
3594 1
125054 1
60942 1
30637 1
28176 1
28180 1
127958 1
3607 1
28184 1
125600 1
175644 1
11805 1
175646 1
28191 1
126496 1
30640 1
28194 1
28195 1
3121 1
151078 1
4485 1
25180 1
11818 1
11819 0
175660 1
28206 1
25181 1
28209 1
20019 1
62046 1
60983 1
28216 1
14260 1
175674 1
3643 1
65589 1
60990 1
3647 1
60992 1
3650 1
20036 1
18358 1
175688 1
175689 1
30647 1
61004 1
3662 1
11856 1
110164 1
11861 1
63417 1
28249 1
126554 1
61019 1
11872 1
142945 1
110179 1
61028 1
11877 1
142953 1
123495 1
142956 1
146607 1
149437 1
6078 1
28278 1
61047 1
11896 1
151161 0
3707 1
3708 1
175741 1
166639 1
175743 1
22829 1
14581 1
61060 1
61061 1
11910 1
28295 1
28296 0
126601 1
11914 1
61069 1
28303 1
11923 1
7762 0
11925 1
3735 1
11929 0
11930 1
28316 1
11935 1
28322 1
28323 1
30662 1
20134 1
61095 1
110250 1
118445 1
10305 1
177005 1
3761 1
28338 1
28340 1
3358 1
151222 1
61112 1
12916 1
28347 1
25339 1
28349 1
148223 1
61122 1
10187 1
29649 1
11976 1
61129 1
3786 0
164471 1
3362 1
166585 1
160376 1
11555 1
61140 1
20185 1
28378 1
175835 1
28380 1
176762 1
3806 1
3807 1
143073 0
175842 1
61155 1
28388 1
3813 1
3814 1
20202 1
61163 1
3820 1
30674 1
61167 1
3824 1
20209 1
10195 1
176766 1
24405 1
28408 1
20217 1
126714 1
3835 1
126716 0
61181 1
28414 1
165845 1
118528 1
126721 1
61188 1
10198 1
61192 1
3851 1
148249 1
20237 1
12046 1
3855 1
178806 1
14296 1
28435 1
134932 1
20245 1
61206 1
3863 1
175900 1
12065 1
17030 1
155615 1
175913 1
160798 1
12075 0
28460 1
61229 1
110382 1
118577 1
110387 1
6110 1
28471 1
3897 1
12091 1
28477 1
12096 1
14304 1
61253 1
20296 1
119436 1
28490 1
12108 1
175949 1
12110 1
62093 1
175953 1
25340 1
175955 1
12942 1
28502 1
12122 1
12123 1
12124 1
175966 1
10504 1
3937 1
12679 1
22772 1
28518 1
12136 0
175978 1
151403 1
12140 1
12141 1
12142 1
175983 1
113609 1
61302 1
30697 1
3962 1
12407 1
3964 1
28543 1
3969 1
3971 1
135044 1
25013 1
143240 1
61321 1
12171 1
3980 1
61325 1
178805 1
176017 1
28563 1
28564 1
12181 1
176022 0
25241 1
61338 1
63166 1
164506 1
4001 1
176035 1
61350 1
12200 1
127644 1
61355 1
61356 1
112626 1
12206 1
4016 1
266163 1
12212 1
266165 1
12215 1
12216 1
4029 1
61376 1
110529 1
176066 1
61380 1
110533 1
176070 1
20423 1
28616 1
12233 1
12234 1
61388 1
118733 1
61390 1
63971 1
4049 1
61396 1
28629 1
61398 1
61399 0
64028 1
12964 1
12250 1
12252 1
61406 1
61407 1
61408 1
61409 1
4066 1
61414 1
4072 1
10236 1
12266 1
61420 1
12138 1
174077 1
154039 1
61425 1
12274 1
176118 1
4087 1
151544 1
4090 1
4091 1
143356 1
4093 1
4094 1
61439 1
61441 1
28675 1
61444 1
28678 1
20488 1
118795 1
4108 1
176143 1
176144 1
266257 1
4115 1
5047 1
28699 1
4124 1
4127 1
4128 1
12321 1
24415 1
8881 1
28712 1
61483 1
28717 1
61487 1
61489 1
12338 1
124254 1
151606 1
109919 1
4156 1
28733 1
16778 1
4162 1
20548 1
28742 1
61513 1
266315 1
266316 1
28749 1
151630 1
266319 1
151632 1
17080 1
62494 1
61523 1
6158 1
28758 1
12377 1
4186 1
12379 1
28765 1
4193 1
4194 1
127075 1
176229 1
12390 1
28775 0
12392 1
4201 1
176235 1
176237 1
176238 1
164541 1
61552 1
136804 1
12403 1
4213 1
127094 1
176247 1
176248 1
25509 1
61562 1
28795 1
61567 1
176256 1
4225 1
61570 1
61572 1
12421 1
28806 1
176833 1
61576 1
63511 1
12428 1
21186 1
174449 1
61584 1
4241 1
61586 1
176275 1
61589 1
127377 1
61591 1
61592 1
12441 1
176282 1
151708 1
12445 1
61600 1
176289 1
176291 1
126423 1
143527 1
110760 1
61610 1
12459 1
20653 1
4273 1
4274 1
4275 1
28853 1
4279 1
12472 1
175476 1
28858 1
12478 1
63520 1
28866 1
61635 1
12485 1
61774 1
127177 1
127179 1
61645 1
61646 1
164557 1
28881 1
110802 1
28884 1
61655 1
61656 1
102617 1
176350 1
176351 1
176353 1
4322 1
64891 1
28900 1
10278 1
17105 1
176360 1
61673 1
176362 1
4331 1
61676 1
120816 1
176369 0
4340 1
143605 1
28919 1
176378 1
28924 1
61693 1
61694 1
4351 1
12544 1
135425 1
28930 1
11649 1
28938 1
20747 1
28940 1
175490 1
61711 1
61712 1
176404 1
165934 1
61718 1
61719 1
66151 1
141359 1
160474 1
61726 0
4383 1
12576 1
12578 1
164571 0
30152 1
174454 1
4390 1
25234 1
61737 1
20779 1
12589 1
20783 1
143664 1
127282 1
116787 0
143668 1
176862 1
12598 1
20791 1
4409 1
12603 1
135484 1
61759 1
13786 1
25312 1
4418 1
61763 1
28998 1
12615 1
29001 1
65615 1
116791 1
12620 1
12621 0
4430 1
12625 0
29011 1
29015 1
174389 1
12635 1
176479 1
4448 1
4450 1
29028 1
138641 1
29032 1
4839 1
4460 1
4462 1
20847 1
29040 1
160488 1
119154 1
61811 1
63707 1
61815 1
151928 1
28791 0
29052 1
4477 1
29055 1
12677 1
29063 1
160492 1
29066 1
175511 1
176524 1
4494 1
61839 1
4496 1
12689 1
29074 0
12691 1
4503 1
18699 1
29082 1
176540 1
29085 1
29086 1
22507 1
4515 1
12708 1
4517 1
4242 1
12711 1
20904 1
29097 1
4523 1
176556 1
20909 1
176558 1
61871 1
119216 1
119217 1
25331 1
29108 1
160181 1
12726 1
176567 1
29112 1
176572 1
61885 1
160502 1
29127 1
29129 1
160202 1
61899 1
160204 1
61901 1
160206 1
176591 1
4560 1
160504 1
176594 0
160211 1
12756 1
160213 1
29433 1
111064 1
12761 1
176602 1
29150 1
127455 1
160225 1
4579 1
160228 1
138662 1
160231 1
160232 1
160233 1
119275 1
29164 1
160237 1
66301 1
152049 1
12788 1
29173 1
4598 1
20983 1
127481 1
164607 1
12796 1
4605 1
143870 1
160255 1
160256 1
12801 1
4611 1
160260 1
175374 1
164609 1
11065 1
4622 1
12815 1
160272 1
141400 1
12818 1
176659 1
143892 1
11694 1
29206 1
176663 1
61976 1
12825 1
160282 1
29211 1
12828 1
8105 1
176670 1
4640 1
29217 1
176674 1
143909 1
143910 1
63798 1
12840 1
61996 1
12850 1
65771 1
29449 1
160312 1
29241 1
176698 1
148234 1
29246 1
176703 0
62016 1
111169 1
4674 1
140043 1
12868 1
21061 1
4678 1
163933 1
140044 1
21066 1
111179 1
4685 1
29264 1
29265 1
4690 1
160340 1
152149 1
12886 1
29274 1
4699 1
133547 1
29278 1
12895 1
164624 1
29282 1
64955 1
143974 1
62055 1
135784 1
62057 1
165463 1
135788 1
12909 1
62064 1
145512 1
109580 1
12915 1
29300 1
160373 1
119414 0
160375 1
29304 1
119417 1
160378 1
176764 1
135805 1
12926 1
29461 1
29312 1
4737 1
4739 1
4740 0
12433 1
144009 1
144010 1
29323 1
21132 1
176781 1
176782 1
21136 1
12945 1
29332 1
4759 1
62107 1
12956 1
29342 1
160415 1
160416 1
160417 1
29346 1
4771 1
135844 1
29353 1
11343 1
62123 1
12972 1
14450 1
29359 1
5342 1
119474 1
152249 1
62139 1
18549 1
12992 1
160449 1
144066 1
119493 1
29382 1
4807 1
4809 1
29386 1
13003 1
29389 1
29392 1
4818 1
13011 1
13013 1
62168 1
13092 1
62170 1
118223 1
176861 1
141462 1
176863 1
29894 1
144097 1
29165 1
5071 1
11729 1
176872 1
176873 1
4842 1
4843 1
4844 1
21232 1
13041 1
160498 0
138707 1
21237 1
21238 1
160503 1
62200 1
160505 1
133825 1
29435 1
21244 1
2269 1
24021 1
4864 1
2176 1
176899 1
62213 1
13062 1
144135 1
29448 1
135945 1
28119 1
65630 1
29453 1
62078 1
13071 1
62224 1
4881 1
176914 1
63448 0
4885 1
119574 1
12824 1
29466 1
62236 1
160541 1
65831 1
176928 1
5073 1
62243 1
4900 1
62245 1
4903 1
162175 1
119594 1
137351 1
17202 1
4911 1
137373 1
62257 1
135986 1
29492 1
60894 1
135990 1
62263 1
25396 1
62266 1
160571 1
4926 1
127797 1
7648 1
176963 1
13124 1
13125 1
29511 1
4936 1
29984 1
10530 1
4941 1
62288 1
17208 1
62290 0
13139 1
112473 0
13142 1
164665 1
62296 1
60900 1
160570 1
62302 1
165744 1
176955 1
62313 1
13163 1
4973 1
13166 1
25405 1
13169 1
25406 1
13174 1
62330 1
4988 1
21374 1
62335 1
13184 1
111491 1
111492 1
13189 1
62088 1
63639 0
13200 1
160657 1
160658 1
66371 1
160661 1
165993 1
5018 1
160667 1
160668 1
65703 1
119714 1
25536 1
29607 1
29609 1
62378 1
160684 1
29613 1
62382 1
30877 1
141469 1
111537 1
176658 1
13235 1
62388 1
21429 0
5046 1
62391 1
119736 1
13241 1
5050 1
29627 1
62396 1
129467 1
62399 1
21440 1
6304 1
29634 1
30720 1
177099 1
119756 1
176973 1
122360 1
5074 1
6307 1
177108 1
177109 1
177110 1
177111 1
177112 1
111579 1
5087 1
178569 1
60923 1
177124 1
177125 1
160742 1
13288 0
13289 1
14503 1
154755 1
176834 1
65021 1
5109 1
65365 1
144375 1
21496 1
136186 1
21499 1
5116 1
6717 1
21503 1
62465 1
29698 1
65911 1
119813 1
62472 1
29705 1
13323 1
144396 1
160781 1
29710 1
21519 1
160549 1
160600 1
60931 1
13332 1
12719 1
5142 1
25433 1
29722 1
160797 1
13342 1
7685 1
29729 1
62501 1
21542 1
29736 1
13353 1
13354 1
5165 1
111662 1
29746 1
144435 1
62516 1
13365 1
177206 1
29751 1
62520 1
65640 1
5179 1
62525 1
13375 1
177216 1
10787 1
29762 1
13380 1
160837 1
160838 0
177224 1
177225 1
177227 1
177228 1
138201 1
62549 1
12994 1
17252 1
5210 1
21595 1
13406 1
29791 1
128098 1
6331 1
164116 0
177255 1
177256 1
111721 1
150477 1
62571 1
29804 1
5229 1
14606 1
62575 1
177264 0
5234 1
177267 1
155933 1
5237 1
160887 1
160888 1
11796 1
160891 1
160892 1
160893 1
62590 1
62592 1
5250 1
13443 1
177284 1
177285 1
177286 1
177287 1
177288 1
62602 1
29837 1
62317 1
160912 1
160913 1
112366 1
177300 1
62613 1
29846 1
64552 1
264388 1
6995 1
178848 1
65050 1
62626 0
111779 1
5284 1
160933 1
175575 1
13479 1
29864 1
3612 1
62634 1
14535 1
29868 1
29870 1
144559 1
62640 1
166028 1
29875 1
5301 1
62646 1
144567 1
13498 1
160957 1
62654 1
5218 1
13505 1
10443 1
28819 1
4666 1
13510 1
11361 1
110566 1
62666 1
62667 1
29900 1
5327 1
3619 1
13526 1
5336 1
5338 1
160987 1
160989 1
160990 1
160991 1
177376 1
62689 1
64739 1
12256 1
161000 1
152809 1
62698 1
149683 1
5357 1
13550 1
21743 1
120048 1
13554 1
29939 1
29940 1
4990 1
29942 0
62712 1
13561 1
13562 1
139025 1
177405 1
6357 1
144640 1
111873 1
13570 1
29955 1
65374 1
62730 1
13579 1
13580 1
62733 1
116895 1
21776 1
21777 0
5395 1
177429 0
161048 1
62745 1
5404 1
13597 1
13599 1
5408 1
24099 1
62755 1
177446 1
29992 1
161066 1
161067 1
29997 1
121053 1
62768 1
13619 1
133844 1
2270 1
30006 1
30007 1
5432 1
30009 1
155394 1
13630 1
5439 1
62784 1
177780 1
111940 0
120134 1
13639 1
16821 0
165123 1
3639 1
9302 1
30029 1
13646 1
177487 1
30032 1
60984 1
5458 1
178403 1
177260 1
161110 1
144727 1
13657 1
10002 1
62811 1
111965 1
161120 1
5475 1
111974 1
30055 1
111976 1
62826 1
30059 1
20029 1
30067 1
5492 1
174313 1
5496 1
2282 1
120193 1
6379 1
13700 1
112005 1
112007 1
63928 1
11842 1
5518 1
2285 1
5520 1
62865 1
30098 1
5523 1
65106 1
62870 1
5530 1
112030 1
120824 1
112033 1
177570 1
5539 1
13733 1
5543 1
144809 1
177126 1
62895 1
30128 1
62897 1
8493 1
63456 1
13824 1
5559 1
5560 1
30137 1
30138 1
5567 1
5568 1
30146 1
153028 1
13765 1
177606 1
62919 1
136648 1
62921 1
62922 1
14583 1
5581 0
13776 1
30161 1
5589 1
13782 1
29101 0
5594 1
7759 1
13789 1
177630 1
30175 1
5600 1
13794 1
63739 1
62948 1
112101 1
5606 1
13800 0
120297 1
62954 1
30188 1
62957 1
153070 1
112111 1
112112 1
177650 1
30198 1
62967 1
22008 1
65108 1
62976 1
62977 1
20204 1
62979 1
13828 1
136306 1
5639 1
62984 1
29612 1
30219 1
30220 1
10498 1
30222 1
13839 1
11372 0
157955 1
136725 1
30231 1
63000 1
162221 1
30234 1
21423 1
30236 1
62110 1
176363 1
177697 1
6936 1
5667 1
22053 0
120358 1
30247 1
4826 1
153130 1
22059 1
30255 0
5680 1
30257 1
30259 1
30260 1
63029 1
63030 1
272699 1
6639 1
15859 1
22794 1
14386 1
29621 0
28256 1
178443 1
30277 1
22086 1
30281 1
177739 1
177740 1
5709 1
63054 1
22797 1
177744 1
63058 1
63059 1
30293 1
30298 1
5723 1
148410 1
177764 1
177765 1
30310 1
166491 1
30312 1
63083 1
63084 1
63085 1
5742 1
13940 1
177782 1
30328 1
136825 1
63100 1
2101 1
112254 1
145024 1
177088 1
5763 1
5764 1
120456 1
13962 1
13963 1
160706 1
138861 1
63120 1
145041 1
30354 1
63123 0
136265 1
145046 1
128663 0
145049 1
5786 1
5788 1
63135 1
136864 1
22177 1
63138 1
6194 1
13988 1
13990 1
112295 1
177838 1
25789 1
30384 1
63154 1
136884 1
162078 1
145080 1
63161 1
22815 1
22205 1
30398 1
30399 1
5824 1
120513 1
5826 1
63172 1
7798 1
6433 1
63178 1
5835 1
30473 1
28018 1
177870 1
30416 1
5841 1
6435 1
145109 1
145042 1
177880 1
5849 1
63194 1
177883 1
177884 1
6437 1
178939 1
175739 1
5860 1
5862 1
106853 1
177896 1
112362 0
153895 1
120557 1
5870 1
28285 1
66515 0
128759 1
63224 1
11903 1
30461 1
30463 1
5888 1
27747 1
177924 1
177925 1
122355 1
145160 1
18732 1
177930 1
17367 1
63244 1
30477 1
5902 1
5903 1
65937 1
14638 1
177943 1
177944 1
177945 1
112410 1
25020 1
14108 1
5918 1
30495 1
2352 1
145186 1
22308 0
122519 1
63281 1
16188 1
22325 1
7817 1
63288 1
63290 1
164680 1
61574 1
125237 1
137024 1
14145 1
174390 1
14150 1
5959 1
30536 1
160331 1
30539 1
177996 1
20109 1
5968 1
125240 1
14163 1
5973 1
63318 1
174393 1
29668 1
5978 0
133044 1
5980 1
162106 1
30558 1
30559 1
5987 1
22373 1
14182 1
63337 1
14186 1
178027 1
155282 1
31037 1
14192 1
31846 1
63758 0
6003 1
6008 1
14201 1
6013 1
11657 1
30594 1
145729 1
6025 1
14219 1
64850 1
30608 1
65176 1
23587 1
30612 1
112533 1
30614 1
63383 1
63384 1
178073 1
30618 1
21487 1
145308 1
162234 1
145313 1
178083 1
10439 1
137131 1
14252 1
63405 1
22447 1
14256 1
178504 1
6066 1
174729 1
160598 0
8060 1
30646 1
63415 1
30649 1
30651 1
14268 1
14269 1
63422 1
148469 1
6081 1
120774 1
24225 1
14282 1
14285 1
30671 1
6097 1
128978 1
124319 1
145367 1
6104 1
120794 1
6109 1
63454 1
22496 1
6115 1
6116 1
14309 1
63462 1
14311 1
178153 1
112618 0
63467 1
63468 1
63470 1
112624 1
122536 1
6130 1
14324 1
30710 1
63479 1
6136 1
30714 1
13311 1
24234 1
10581 1
176639 1
63490 1
157217 1
14340 0
161797 1
161798 1
30727 1
6152 1
63501 1
137230 1
22543 1
137232 1
142812 1
30740 1
161813 1
161814 1
14359 1
161816 1
6169 1
16845 1
5791 1
24483 1
5125 1
14368 1
14369 1
14370 1
63525 1
21427 1
63527 1
6185 1
63531 1
120877 1
118046 1
14385 1
63538 1
161843 1
6196 1
63541 1
63543 1
30778 1
14395 1
161852 1
161853 1
63551 1
14401 1
3480 1
14403 1
153668 1
6213 1
6214 1
6215 1
6216 1
137292 1
161869 1
6223 1
14417 1
14418 1
22612 1
13326 1
65345 1
111631 1
17120 1
137310 1
6239 1
129120 1
13328 1
6242 1
30822 1
160785 1
22632 1
63593 1
160414 1
63596 1
110685 1
161903 1
63600 1
112754 1
161909 1
6266 1
14459 1
6268 1
30847 1
153728 1
14466 1
178539 1
161924 1
63621 0
178310 1
161927 1
30857 1
14477 1
178319 1
145552 1
29397 1
63635 1
161942 1
14487 1
63640 1
14489 1
14490 1
63643 1
63645 1
178505 1
161952 1
161953 1
63650 1
63651 1
6308 1
6310 1
6311 1
30888 1
63657 1
6314 1
6315 1
161965 1
161966 1
13341 1
63667 1
63669 1
6326 1
7881 1
161977 1
22306 1
63676 1
65226 1
6334 1
63679 1
153793 1
6338 1
61587 1
161989 1
63687 1
161993 1
6346 1
63863 1
161996 1
6349 1
63698 1
63700 1
153813 1
137432 1
137434 1
14555 1
63708 1
63866 1
133432 1
29733 1
14561 0
6370 1
14563 1
145636 1
29734 1
30950 1
6375 1
6376 1
22761 1
63723 1
112876 1
63725 1
6386 1
30964 1
121077 1
14582 1
160809 1
121080 1
29946 1
145658 1
25737 1
66602 1
14590 1
14592 1
62261 1
14597 1
11670 1
6410 1
14603 1
178444 1
137602 1
30990 1
6416 1
11172 1
63763 1
178453 1
14616 1
63876 1
22810 1
178461 1
14622 1
14623 1
14624 1
22817 0
14626 1
65243 1
145701 1
162087 1
10631 1
175068 1
63789 1
63790 1
14639 1
31849 1
121142 1
63799 1
63800 1
144436 1
14650 1
65247 1
178492 1
6461 1
144437 1
121153 1
176255 1
115766 1
63814 1
61153 1
112968 1
5671 1
162122 1
178507 1
22861 1
162127 1
162129 1
118264 1
178662 1
178529 1
178531 1
6500 1
137573 1
6502 1
63847 1
7911 1
264270 1
6509 1
121199 1
162160 1
178545 1
178547 1
178548 1
31095 1
6522 1
31099 1
28770 1
5608 1
6528 1
6529 1
63874 1
166623 1
6532 1
6534 1
178568 1
17130 1
137611 1
14084 1
160341 1
6543 1
145809 1
31122 1
6547 0
63892 1
162198 1
63895 1
63898 1
63901 1
13381 1
129442 1
6565 1
7921 1
178600 1
121257 1
137642 1
31147 1
6573 1
6574 1
63919 1
178608 1
178610 1
7923 1
63927 1
164585 1
129466 1
178619 1
6588 1
129469 1
137662 1
63936 1
177528 1
63938 1
113093 1
14790 1
154056 1
14793 1
14794 1
162254 1
118267 1
178645 1
63959 1
162264 1
164708 1
23002 0
28410 1
23006 1
14815 1
162272 1
25680 1
31203 1
14820 1
14822 1
28590 1
14824 1
162283 1
14828 1
31214 1
118525 1
178672 1
178673 1
63986 0
147792 1
113140 1
126718 1
137641 1
31224 1
6649 1
137722 1
31227 1
178684 1
6653 1
119893 1
31234 1
162219 1
64004 0
6661 1
31242 1
64011 1
6669 1
145935 1
150049 1
178706 1
9466 1
23062 1
21593 1
162329 1
6682 1
64027 1
15459 1
113439 1
64030 1
162335 1
162336 1
162338 1
145956 1
4860 1
31270 1
23079 1
14891 1
23084 1
162349 1
31593 1
23088 1
162354 1
162355 1
162356 1
145977 1
145979 1
14908 1
163594 1
65921 1
64063 1
178752 1
9771 1
23107 1
14918 1
23111 1
6730 1
7203 1
6733 1
178767 1
162384 1
6737 1
162386 1
160867 1
126734 1
14934 1
64088 1
14938 1
61055 1
63930 1
29887 1
121440 1
162401 1
162403 1
162404 0
64102 1
64103 1
31336 1
14954 0
178797 1
178798 1
178799 1
14960 1
178801 1
178803 1
178804 1
146037 1
113270 1
177257 1
6781 1
178814 1
12053 1
260737 1
64130 1
10247 1
6788 1
137861 1
64135 1
31368 1
25322 1
4045 1
7959 1
178828 1
31170 1
64142 1
13421 1
162448 1
162449 1
137874 1
178835 1
121493 0
260758 1
178839 1
178840 1
162457 1
64154 1
162459 1
64156 1
23197 1
178846 1
178847 1
31392 1
178081 1
64162 1
64163 1
6821 1
64166 1
178855 1
61212 1
260778 1
260779 1
6829 1
6830 1
178863 1
178864 1
178865 1
15027 1
6836 1
6839 1
23224 0
162489 1
31418 1
31419 1
64189 1
6848 1
162497 1
146114 1
61581 1
146119 1
6865 1
13431 1
178892 1
13432 1
113362 1
6867 1
15060 1
23253 1
137943 1
146137 1
64218 1
113371 1
31453 1
64223 1
31456 1
8958 1
31460 0
31462 1
146156 1
15087 1
6900 1
66686 1
31479 1
31483 1
162557 1
64254 1
178943 1
31488 1
31489 1
15106 1
24363 1
11687 1
15111 1
7980 1
6922 1
62990 1
31500 1
66690 1
178958 1
163629 1
162576 1
14808 1
64275 1
6932 1
28462 1
6617 1
162584 1
162585 1
64282 1
178971 1
63196 1
260893 1
29829 1
31521 1
5792 1
28648 1
29830 0
15142 1
143153 1
144519 1
64302 1
64304 1
15153 1
64306 1
6963 1
1161 1
121656 1
129849 1
64314 1
179003 1
121662 1
64319 1
154433 1
31554 1
64323 1
178632 1
64327 1
31560 1
121673 1
126775 0
31564 1
64334 1
13453 1
179026 1
179027 1
162644 1
65732 1
31574 1
31576 1
64346 1
15197 1
15199 0
178633 1
31587 0
64356 1
3502 1
162662 1
64360 1
7017 1
174567 0
29616 1
64365 1
7022 1
137704 1
25747 1
121717 1
121718 1
31607 1
161994 1
179065 1
7034 1
14412 1
113533 1
25749 1
31616 0
22650 1
5690 1
179077 1
179079 1
15240 1
179082 1
179084 1
64397 1
138126 1
15247 1
28877 1
64404 1
15253 1
7063 1
64408 1
105369 1
64410 1
7067 1
15261 1
121759 1
64418 1
15267 1
64420 1
179110 1
64423 1
115077 1
15274 1
8007 1
162732 1
7085 1
64433 1
146354 1
174579 1
7092 1
162742 1
20297 1
119316 0
31673 1
31674 1
15291 1
179132 1
23485 1
7106 1
7107 1
3916 1
111532 1
23500 1
7117 1
162770 1
177315 1
7124 1
3918 1
31702 1
31703 1
121816 1
121817 1
31707 1
7132 1
138205 1
64480 1
17150 1
7138 1
154595 1
22140 1
64485 1
31718 0
23528 1
63996 1
7146 1
63769 1
154605 1
113646 1
15343 1
7152 1
13480 1
7154 1
15347 1
121844 1
7849 1
15350 1
21673 1
130040 1
162809 1
31738 1
7163 1
31743 1
31744 1
23553 1
64515 1
15364 1
111534 1
108778 1
23561 1
162826 1
5149 1
13032 1
7183 0
7185 1
7186 1
10086 1
31764 1
64535 1
64536 1
23577 1
10757 1
31778 1
64547 1
64549 1
64550 1
9393 1
105512 1
135004 1
64554 1
11832 1
64344 1
113361 1
9242 1
24414 1
15414 0
64568 1
15417 1
8031 1
7228 1
23616 1
163680 1
105538 1
146500 1
21686 1
162887 1
64584 1
7241 1
162892 1
7245 1
121934 1
162897 1
7250 1
154708 1
2574 1
15446 1
1209 1
7257 1
154714 1
162907 1
7260 1
9402 1
64606 1
163685 1
31843 1
7268 1
138341 1
105574 1
162919 1
124358 1
165052 1
138346 1
7275 1
7277 1
7278 1
7279 1
7281 1
60800 1
154739 1
3243 1
64630 1
7291 1
64637 1
175979 1
7300 1
154757 1
8972 1
154759 1
154760 1
31881 1
109079 1
162956 1
7309 0
162958 1
31887 1
23697 1
7315 1
23700 1
31895 1
130200 0
8047 1
122015 1
15521 1
138402 1
7331 1
23717 1
8123 1
162988 1
20338 1
60802 1
7343 1
7346 1
16243 1
7350 1
146616 1
64699 1
122741 1
64708 1
105670 1
2593 1
23752 1
7369 1
19137 1
178722 1
163022 1
61557 1
2595 1
23767 1
146648 1
2596 1
157058 1
163036 1
122520 1
122078 1
121381 1
23776 1
138466 1
146659 1
64741 1
166482 1
163048 1
163049 1
163051 1
158733 1
122094 1
16477 1
7409 1
64896 1
138483 1
138489 1
130298 1
151423 1
7420 1
113917 1
7422 1
64767 1
64768 1
23809 1
23810 1
179459 1
23812 1
29910 1
7430 1
31276 1
7435 1
7437 1
3785 1
64784 1
150278 1
7447 1
64794 1
163102 1
122143 1
166449 1
163113 1
29709 1
178738 1
163118 1
122159 1
175375 1
146738 1
122163 1
64820 1
64821 1
65417 1
7481 1
65026 1
197855 1
122172 1
7486 1
64831 1
16889 1
23877 1
29921 0
174647 1
61971 1
175376 1
64848 1
7506 1
64851 1
64853 1
64857 1
23898 1
24463 0
15708 1
15709 1
62553 1
111000 1
64867 1
122212 1
7525 1
7526 1
138601 1
28620 1
65426 1
64879 1
138608 1
138609 1
212340 1
138613 0
17641 1
12180 1
17982 1
7549 1
129823 1
10816 1
107755 1
23940 1
64901 1
64902 1
23943 1
23945 1
8087 1
7566 1
122255 1
122257 1
64915 1
155738 1
29934 1
122263 1
120822 1
24474 1
277918 1
7585 1
64930 1
177983 1
64934 1
140529 1
23978 1
2435 1
64942 1
12189 1
120051 1
23988 1
15798 1
28641 1
15803 1
25845 1
155073 1
137803 1
7620 1
24005 1
122315 1
105936 1
111864 1
64979 1
7636 1
7637 1
61903 1
28078 1
106404 1
24029 1
7647 1
24032 1
19024 1
64994 1
66268 1
64997 1
8457 1
162385 1
24040 1
7658 1
175654 1
64082 1
65006 1
15855 1
65009 1
65011 1
138741 1
6802 1
138743 1
7672 1
129840 1
138747 1
155133 1
10894 1
7682 1
6742 1
62723 1
7691 0
65036 1
7694 1
7696 1
65042 1
5379 1
65045 1
32280 1
122394 1
7711 1
24096 1
266160 1
126555 1
178779 1
155174 1
65072 1
24113 0
143283 1
7733 1
65084 1
7741 1
143285 1
65088 1
129632 1
7750 1
124374 1
29964 1
4077 1
138921 0
2986 1
65105 1
29446 1
24148 1
175886 1
106073 1
19605 1
7772 1
24157 0
29968 1
155234 1
163771 1
24171 1
65133 1
24537 1
24179 1
147657 1
65142 1
19049 0
12262 1
65148 1
122494 1
24191 1
28608 1
65156 1
24197 1
24198 1
174700 1
24204 1
160447 1
155280 1
122514 1
122515 1
138901 0
140569 1
24216 1
4036 0
24219 1
147101 1
163781 1
6768 1
24232 1
24233 1
7850 1
176251 1
120093 1
4040 1
174024 1
7862 1
7866 1
161055 1
138943 1
114368 1
161056 1
114370 1
7875 1
65220 1
6774 1
12236 1
7882 1
7883 1
65228 1
13602 1
65231 1
65235 1
24278 1
124442 1
124196 1
65242 1
24283 1
65244 1
24287 1
7904 1
7906 1
24291 1
24293 1
147175 1
7912 1
24302 1
10877 1
24304 1
161064 1
7922 1
65491 1
114421 0
65270 1
4052 1
65275 1
24316 1
24318 1
24533 1
7936 1
155393 1
163586 1
163587 1
147204 1
65286 1
147208 1
65290 1
163595 1
7951 1
163601 1
147220 1
106261 1
62732 1
122841 1
24344 0
64132 1
163610 1
161071 0
4058 1
24350 0
24352 1
161072 1
7970 1
65317 1
7974 1
7977 1
6791 1
163628 1
65325 1
7982 1
163633 1
122674 1
114484 1
163117 1
122678 1
133769 1
7993 1
24378 1
24379 1
163644 1
147262 1
65343 1
8001 1
4065 1
13623 1
24396 1
8017 1
30932 1
7632 1
163669 1
8073 1
163673 1
122175 1
114524 1
8030 1
163679 1
65376 1
163681 0
25915 1
266214 1
147303 1
147305 0
24428 1
178834 1
24430 0
116029 1
147312 1
266216 1
113299 1
24436 1
16245 1
65399 1
24440 1
65404 1
61418 1
65406 0
24447 1
30016 1
8068 1
65413 1
163720 1
163721 1
174743 1
147340 1
65421 1
8079 1
174744 1
24466 1
177475 1
24468 1
65430 1
6809 1
24473 1
122778 1
8092 1
163893 1
8099 1
65444 1
8101 1
65448 1
176760 1
24491 1
143526 1
114608 1
8113 1
106418 0
65459 1
24503 1
65464 1
19094 0
65467 1
163772 1
65469 1
147391 1
126296 1
139201 1
65474 1
114628 1
8133 0
65482 1
65483 1
65484 1
178850 1
62797 1
166563 1
8148 1
2999 1
8151 1
163668 1
139225 1
24538 1
24539 1
155614 0
10917 1
155616 1
64160 1
8162 1
24547 1
260774 1
28668 1
65515 1
163822 1
143357 1
8176 1
65521 1
4768 1
65526 1
65527 1
147451 1
65532 1
147453 1
