180167,37.8536585366
61519,13.4
19713,203.537037037
61513,117.493506494
4418,248.589905363
22461,8.25
180169,243.78030303
4448,23.0
177795,33.2857142857
61061,112.257142857
13733,149.6
165284,197.285714286
111537,308.608562691
111534,119.860465116
28998,61.9333333333
166555,250.129186603
4029,86.1904761905
177227,251.380733945
177225,125.696629213
177224,4.66666666667
60914,99.1333333333
19398,46.4705882353
64356,109.393162393
161071,257.877192982
5987,22.75
132644,86.0597014925
177228,250.926380368
61179,18.5
24710,267.76816609
19159,302.902654867
160891,289.326388889
160892,57.8
160893,12.5
180562,30.71875
19402,69.25
127475,66.9142857143
19152,50.3
16671,154.05
65270,70.8333333333
277918,28.6666666667
143526,92.0
16679,216.266666667
150179,255.764705882
183850,37.75
165914,43.6363636364
142814,123.621621622
22008,133.186666667
149337,123.75862069
61192,6.66666666667
142811,40.5
142812,297.659574468
6158,88.0
12708,38.8
66599,102.046511628
164086,61.0943396226
13602,52.0
4737,306.538461538
6791,162.831460674
118126,161.125
118125,217.343283582
2312,41.375
118121,19.125
177313,244.944767442
25665,164.571428571
177640,128.954545455
177315,91.9166666667
177314,291.791563275
165358,43.6428571429
140541,68.824742268
166485,67.6111111111
63739,52.53125
181904,79.8571428571
64344,21.5
161853,259.03030303
25283,70.85
28940,55.7368421053
22717,284.697329377
184064,293.722371968
138743,116.323943662
25119,13.3333333333
16705,317.143396226
179957,28.2941176471
65474,68.8965517241
25110,169.3
184149,20.8
166733,43.3461538462
7993,132.3828125
140897,21.4
141236,142.085714286
7991,6.57142857143
111532,77.64
63930,58.2711864407
2269,302.896103896
63936,291.721568627
116787,79.9603960396
19570,225.619047619
7881,21.7222222222
63938,119.247524752
7882,75.7209302326
162254,21.5625
20747,44.65
124599,124.333333333
17035,232.12716763
2444,30.75
12379,8.23529411765
139804,110.958333333
2448,33.0
63847,18.7142857143
7866,29.0714285714
184994,101.954545455
176066,38.380952381
23697,67.1666666667
176068,82.0
24888,184.882352941
140982,32.0
8092,39.7777777778
138608,255.13125
2044,137.225
146659,130.2625
138601,121.428571429
148414,162.323529412
197855,299.767507003
163036,11.5
148410,20.75
185661,129.298850575
6379,20.6153846154
26021,87.984375
124355,117.527027027
166028,146.6
6370,112.457142857
11124,91.5657894737
12123,66.6142857143
124358,100.275862069
12124,126.213483146
10631,267.459016393
176782,62.6923076923
10411,76.4426229508
10005,51.0
162742,33.5
11944,73.1649484536
133346,105.161290323
63447,70.0823529412
175465,75.0217391304
10382,78.0
121142,56.2307692308
160256,69.7894736842
63543,275.023569024
160255,127.631578947
63448,293.777777778
135965,119.166666667
16926,298.771676301
162560,281.131428571
8947,46.8620689655
164416,38.0
160376,61.83
157074,141.29787234
7260,29.1764705882
12234,110.926605505
63596,18.8333333333
12236,68.8571428571
125531,262.261904762
12233,256.467741935
139025,160.769230769
180958,279.012738854
146017,5.0
14624,71.0571428571
62646,231.347368421
175688,115.266666667
14622,270.220640569
14623,106.774774775
148224,78.7978723404
3851,15.8461538462
66300,25.6842105263
152049,221.196261682
10567,23.6666666667
10565,38.1818181818
125240,32.8857142857
110529,111.32231405
176268,94.8899082569
24157,284.568181818
1995,117.077922078
10096,107.96
30416,300.8515625
175269,35.8571428571
178327,6.0
182112,29.6842105263
163610,54.5652173913
8838,120.756756757
138466,269.838345865
138467,129.082474227
147303,249.06147541
147307,20.0
147305,14.6875
8832,11.0
25062,63.9230769231
164342,16.7
30328,295.214084507
138861,24.6153846154
29962,9.0
147750,65.5333333333
30637,88.0549450549
29964,17.6666666667
28564,147.669230769
61205,232.661971831
62088,56.9285714286
126417,112.668831169
12942,261.656565657
24232,302.527377522
24233,194.676923077
24234,43.2580645161
12945,95.7179487179
62243,206.869158879
183228,64.9090909091
62245,287.179878049
183224,10.8
175087,16.125
157493,176.392857143
175083,278.19047619
13189,93.2134831461
137641,128.214285714
137642,256.554455446
175319,58.4666666667
135788,133.433333333
30259,47.8918918919
175646,265.846560847
156383,196.846153846
156384,241.502512563
29762,32.4
1177,68.4761904762
25069,33.7037037037
1173,41.4545454545
30740,219.179487179
157921,93.25
13940,97.0
65376,286.897142857
160415,84.0588235294
31122,22.4782608696
31692,276.203488372
23500,193.01010101
160719,65.8181818182
5530,65.1578947368
185618,106.405405405
5539,71.5625
162925,224.663043478
178851,110.916666667
22861,66.9210526316
151708,20.0833333333
10332,88.3818181818
11169,35.0
145367,92.6481481481
11161,17.5
14403,266.943181818
29108,128.709090909
178453,51.7037037037
175995,272.726235741
8762,23.6666666667
66610,94.0769230769
7183,111.141414141
7185,29.8666666667
7186,97.0476190476
110382,96.3928571429
66161,310.160142349
8387,127.718181818
8386,10.0
61693,283.165745856
185269,14.5384615385
127644,7.0
13839,195.2
66686,119.245614035
184392,178.4375
8549,120.551282051
8017,68.25
65884,207.775510204
23616,94.3833333333
8543,21.0
8542,101.871794872
6573,26.5
6574,27.5862068966
162699,170.378787879
180193,222.012048193
61745,280.620689655
27760,18.0
28180,79.0909090909
130762,130.227272727
66504,249.095477387
144435,35.5
7696,54.6511627907
143357,52.3636363636
28749,92.6666666667
111940,297.113846154
126600,25.3333333333
28216,217.701149425
28742,14.5714285714
25946,90.9117647059
3835,8.1
63866,262.765100671
8807,117.25
10884,20.8
155394,9.75
155393,139.97382199
4036,23.0909090909
1228,24.0
60902,21.7058823529
60900,47.847826087
177256,25.5
177257,126.455445545
177255,88.32
161040,51.9375
12377,10.0
184442,146.297142857
11371,120.666666667
11372,143.0
160448,81.7586206897
24708,78.0545454545
141178,114.367346939
7525,108.048275862
5667,115.06557377
160888,127.144927536
25056,37.0
16668,143.692307692
25726,25.88
12711,274.018796992
141339,48.2222222222
12719,41.0
184500,142.95
6781,154.897727273
64708,122.947368421
15417,93.3804347826
23877,71.4102564103
13619,232.933933934
6788,147.630434783
164432,43.8333333333
185006,64.5
141359,23.8571428571
4723,290.693251534
65643,117.488188976
65640,170.989690722
120048,37.4761904762
177674,72.5
177677,61.3
4340,122.763636364
19305,17.2857142857
165832,11.0
3203,17.75
21118,218.112676056
65872,260.193771626
177108,29.625
177109,34.6
148313,36.8823529412
16716,125.852272727
25430,48.8333333333
16714,250.826484018
65467,299.831491713
16710,120.597122302
25124,33.5
29264,85.9230769231
2271,8.75
2270,92.1071428571
65971,303.988372093
120134,97.1136363636
120359,108.242424242
14535,28.5
63907,37.9230769231
166230,24.4285714286
9248,78.7553191489
162732,263.973333333
133871,263.431034483
20779,109.766497462
63057,94.6354166667
9538,27.2
141846,254.63836478
113093,281.688836105
9242,65.7346938776
174393,28.2222222222
64028,84.7
153128,20.3888888889
65515,257.283898305
138613,95.3586956522
174390,238.201834862
13289,298.424657534
13288,265.970588235
17534,290.267477204
24890,69.8
62700,160.888888889
12403,70.0769230769
158414,264.333333333
29433,62.4615384615
2052,144.6
146648,213.521126761
4826,204.9
8530,276.560185185
113140,31.0769230769
13440,95.1929824561
13443,118.833333333
7982,295.588652482
64930,301.762264151
26038,119.666666667
7985,38.2285714286
64934,55.4444444444
26037,68.7777777778
24096,72.6315789474
10156,110.727272727
10405,29.3255813953
62472,295.782122905
10407,72.1111111111
4740,120.569767442
29151,21.3529411765
24099,47.5
161852,104.387096774
10390,27.5555555556
64334,261.334448161
124434,84.5294117647
147849,78.6862745098
27965,123.706422018
179298,299.169444444
63479,322.601659751
27960,4.16666666667
149683,17.5
126136,81.0243902439
1979,120.0
14898,34.2857142857
176670,231.862068966
18844,16.5
150477,32.4285714286
14891,20.8421052632
164404,2.0
3594,128.598360656
6216,20.5
63874,76.2718446602
176479,296.15245478
148531,33.6296296296
15708,263.021201413
14650,99.8041237113
176999,261.567669173
62654,315.098214286
62655,29.6
179621,32.53125
61996,191.111111111
62895,307.83880597
3231,303.938906752
1968,15.0
164572,167.629213483
1618,20.0
3238,304.202166065
175523,67.875
21429,39.1666666667
61398,118.677419355
179534,108.827586207
165856,3.33333333333
12956,174.91
2870,92.75
12950,34.7142857143
119217,110.175257732
142748,19.0
160661,21.2
27816,43.6296296296
160667,275.628272251
27810,257.845864662
7883,82.0416666667
122394,78.3373493976
160668,256.861952862
3358,66.6202531646
164756,129.35
164755,59.9285714286
174236,51.7213114754
7067,218.703488372
5442,10.0
7065,68.12
7063,81.3714285714
11842,253.637288136
264507,40.0
147204,105.066666667
30539,143.873684211
147208,136.454022989
29804,72.0
64997,9.5
264509,139.38
184321,135.522727273
12482,118.5
12485,44.3275862069
15459,8.8
132482,81.6
8151,141.160493827
178868,90.0804597701
179841,80.8421052632
179843,149.474576271
184057,118.335483871
178862,131.916666667
178863,124.016806723
178865,96.7884615385
178866,116.563218391
24396,74.425
1545,102.288461538
176833,79.3521126761
11115,200.209677419
14477,55.5714285714
183528,140.129032258
66379,23.3125
166639,34.5
8716,91.1428571429
8717,27.9272727273
66371,15.2857142857
148950,21.9
31751,61.6428571429
31752,68.0
109186,85.027027027
31576,292.023255814
165855,107.035087719
66155,248.556149733
30222,295.448680352
127383,7.0
66158,301.523809524
183700,66.8571428571
8539,104.223684211
27776,65.55
160471,22.6666666667
12828,272.352272727
160474,24.3103448276
12824,55.4545454545
12825,25.0
160479,85.4414414414
15293,77.0
15291,134.745283019
133825,111.216666667
61759,127.29787234
66085,282.177777778
14503,42.8333333333
144640,17.1428571429
6565,99.4571428571
105670,247.038095238
28206,123.682170543
29607,91.4038461538
7685,52.1666666667
7682,111.885416667
28733,152.425742574
1380,134.898305085
1382,15.1875
29609,23.3888888889
9155,60.96875
160989,49.1666666667
3820,60.7142857143
10420,105.433333333
119173,59.2571428571
161056,34.3333333333
8446,73.3695652174
8440,141.924731183
179686,248.478915663
109079,53.0
11566,55.4482758621
144356,18.6111111111
13990,54.3658536585
9258,49.9655172414
160505,128.975903614
115876,312.10738255
160503,67.625
60931,39.4
11361,19.0
163629,106.622222222
61350,110.0
66798,14.0833333333
62516,28.6666666667
126496,56.0
129840,91.25
28648,70.1935483871
28770,52.7142857143
65218,246.686792453
9899,84.3396226415
19355,285.31
19605,254.047619048
25737,57.5
10187,314.869565217
16650,28.1666666667
114698,107.291666667
65180,55.25
24005,140.298969072
179438,263.348993289
184514,105.547058824
185018,87.7375
64857,267.571917808
64850,173.0
64851,58.9512195122
64853,116.753521127
6774,33.2222222222
10984,63.1551724138
140529,35.5
10981,45.4375
10983,27.3333333333
5870,109.391891892
117902,30.3333333333
65676,70.4642857143
60801,105.666666667
11291,63.0
11296,109.512820513
9969,245.628571429
65671,33.1578947368
25236,299.75
177111,100.130434783
177110,254.024922118
177112,263.834459459
9466,30.4615384615
154056,87.4
25234,75.0566037736
25138,125.714285714
64103,97.9411764706
65459,14.6666666667
158563,260.48534202
4632,277.785123967
120093,133.444444444
13526,111.554054054
260779,86.9206349206
19911,20.1428571429
16721,41.1904761905
162233,23.5
149268,137.536458333
64584,301.826446281
11748,30.1666666667
64199,284.915750916
178201,85.2424242424
165934,251.306709265
63919,91.8487394958
165244,74.9032258065
161909,249.757894737
28195,130.055555556
11580,26.7435897436
16929,273.71559633
166593,97.5384615385
25312,49.2857142857
161903,44.75
65630,72.8421052632
141859,139.446428571
6008,123.741935484
138662,259.959044369
121382,60.2857142857
65521,58.2083333333
65527,104.774193548
16832,323.875
260893,55.5
63687,291.736708861
153130,150.150684932
64030,21.2631578947
4839,13.0
6357,20.375
4045,125.282608696
16790,218.241830065
141459,86.0
162585,256.4
4523,77.8255813953
13453,220.975757576
7346,118.909090909
6194,147.753164557
6196,49.8947368421
64929,248.6
162349,315.756521739
162346,117.163636364
64925,152.310679612
11636,55.25
140983,270.876106195
26045,16.6666666667
4818,13.3076923077
9346,174.72
9611,76.1230769231
6742,267.880136986
9619,15.5
13184,269.770909091
64327,286.245033113
3532,66.68
63468,35.9285714286
22817,54.0
22815,117.25
10364,99.4333333333
160272,253.881410256
63467,288.237735849
5050,78.2
20653,140.027173913
63462,115.470588235
151928,104.642857143
9411,21.1219512195
7203,27.5909090909
116104,71.6944444444
7205,98.3076923077
12212,108.137931034
63863,37.0
12216,122.125
12215,114.149484536
162160,101.073170732
8867,117.128205128
16401,131.193548387
160183,42.25
160181,83.8181818182
18549,112.178571429
178015,90.625
64901,88.3333333333
264708,75.170212766
4476,113.393782383
116503,41.0784313725
9761,8.33333333333
14084,24.5
148390,110.081081081
62317,95.5074626866
122015,267.004237288
10504,45.3636363636
62313,113.403508772
13071,57.5789473684
24171,81.1232876712
164506,12.5
179299,56.3269230769
7331,16.25
5518,31.5
1976,43.55
3226,42.1666666667
3221,81.7777777778
176229,266.172794118
175533,257.279742765
6375,28.4375
147988,10.6666666667
8858,84.5675675676
2163,53.1
179058,15.25
148170,267.344322344
138402,114.047058824
133328,249.598187311
8850,21.1666666667
30185,281.154411765
123720,295.279069767
12926,78.2093023256
178676,66.8148148148
14418,22.1428571429
30188,283.779552716
5475,119.5
14269,12.5
10213,159.5
156633,21.3076923077
30298,86.5454545455
149477,21.625
1773,72.5164835165
62221,17.75
129438,4.85714285714
178973,8.0
9882,15.7857142857
112111,52.25
112112,307.361764706
24731,106.597701149
8148,114.368421053
2999,16.0
6994,5.33333333333
6995,69.2564102564
184281,40.4615384615
61407,66.125
184287,271.093596059
61418,25.5
30293,95.6631578947
18364,23.5
178081,55.064516129
2807,66.2432432432
24547,277.158273381
19428,304.01510574
184046,254.249211356
15111,106.771428571
184040,153.763636364
162906,61.2
162907,113.74375
29127,243.841498559
28349,256.034825871
66366,253.791390728
1554,14.0
183554,66.3181818182
183555,36.2333333333
28340,108.055555556
2991,130.390243902
3036,81.3837209302
66368,114.0
3031,89.298245614
29129,21.4117647059
31587,75.4324324324
174118,191.583333333
174119,25.1666666667
30614,46.0
30612,66.0434782609
31748,87.5128205128
31744,277.525164114
31214,9.71428571429
31743,113.82
30618,22.5
178704,76.3472222222
31564,96.3513513514
66148,197.88
126718,80.5357142857
178703,69.5945945946
65706,103.192982456
163983,19.6
111491,49.6111111111
27997,44.92
163987,69.6444444444
144567,278.94137931
25896,64.6086956522
177872,88.2210526316
17724,310.085271318
12589,42.3529411765
177871,68.8269230769
5600,13.3333333333
178493,74.08
178492,276.210810811
12850,56.9230769231
12581,32.4615384615
28347,88.9333333333
12855,23.9166666667
5608,24.65
29901,3.0
25964,24.1
11032,112.602739726
29900,71.2941176471
66098,310.630177515
15092,52.8367346939
151161,37.4444444444
15027,22.4
161120,23.1428571429
111961,10.3333333333
105538,240.91011236
111965,262.546666667
29634,79.5185185185
1397,46.75
151364,51.0666666667
9325,26.25
1974,14.2
183606,189.234482759
3813,61.8545454545
127282,49.5957446809
3622,55.28125
22650,31.7272727273
183603,193.265957447
3814,129.747474747
160991,91.2884615385
110566,10.0
180150,33.6
8457,124.268656716
23252,67.6296296296
8455,109.567010309
109084,133.75
23898,108.490384615
30964,54.2
15337,26.8
13988,238.394736842
176701,39.7777777778
184263,65.9787234043
165742,262.631768953
122263,63.875
13200,103.272727273
12459,124.962264151
12458,20.0
178848,151.24
174115,279.806020067
61321,124.076271186
7549,28.0
61325,40.0625
31368,312.727868852
175055,85.9047619048
31567,27.5
16641,280.033898305
164411,264.157446809
31242,254.624535316
154595,221.315068493
130305,115.444444444
8031,180.768421053
112254,250.102803738
8030,25.4736842105
64821,108.494252874
31560,24.7857142857
166458,139.290816327
6768,67.1509433962
23810,15.9
114421,28.75
10991,72.0967741935
24617,33.2380952381
24610,53.6666666667
118795,144.124183007
180395,7.0
150562,100.769230769
25633,249.2265625
25632,129.263157895
5862,16.2941176471
25140,288.88
65444,235.197044335
177125,207.56043956
177127,104.0
64132,277.752427184
64130,48.8125
124634,271.541401274
64135,21.0
184676,92.3666666667
22729,30.0
4608,9.5
2184,61.4642857143
4605,96.3623188406
19907,309.528700906
25389,16.7368421053
13510,86.5972222222
9999,118.626582278
184961,274.641732283
158354,46.1666666667
14311,12.0
178494,31.0
8579,74.064516129
163921,125.895522388
5606,93.8108108108
153728,111.013333333
165924,46.0
137611,71.1111111111
64626,32.2941176471
166213,57.5294117647
121974,301.925072046
6130,115.548780488
254399,261.243055556
64554,279.699530516
124254,16.1333333333
64004,257.623794212
65406,39.1481481481
64550,23.5
64552,80.1666666667
161897,89.8
6900,49.7777777778
8599,68.7272727273
2436,71.6567164179
2435,16.3571428571
16821,259.346153846
116772,45.68
185654,146.502923977
16824,292.297213622
3761,122.242990654
65532,283.257053292
61811,17.8333333333
179186,127.666666667
61815,288.493288591
6346,43.1379310345
4510,16.0555555556
62640,36.5333333333
141460,257.700315457
4517,106.477272727
184700,52.2222222222
11649,51.3333333333
6185,68.5
119493,128.695121951
17197,291.806122449
162354,95.3888888889
17195,327.011363636
64480,88.0275229358
11644,48.0909090909
141913,32.1875
162576,280.781725888
9355,183.0
9359,45.1212121212
5284,33.7407407407
11035,285.0
22829,56.2142857143
21241,13.5
5047,39.0
212340,272.877394636
10374,102.867924528
63415,133.6875
63417,82.5185185185
63789,268.702898551
3785,93.5
63781,281.409836066
16910,203.060240964
163772,130.16
30666,7.0
6239,127.747252747
10777,19.3333333333
4990,66.4811320755
63895,98.54375
12206,47.2391304348
141001,33.1538461538
162175,47.6875
61608,275.32
63892,45.95
125274,128.161290323
164680,20.8333333333
63527,112.0
10519,30.05
9778,32.8
9774,18.4
9777,23.0740740741
29353,56.2222222222
9771,15.0
121759,94.7058823529
164510,266.114186851
8864,81.7538461538
179288,28.8260869565
9289,43.0
176235,53.3888888889
182383,276.670588235
9284,56.05
176239,251.446808511
175503,21.7
63099,104.795454545
19150,307.186379928
11910,105.776470588
162770,250.843558282
146119,92.4583333333
11914,168.0
146114,282.78
2859,139.725352113
264418,276.747524752
264414,267.294326241
264416,88.0
175263,20.5714285714
133246,269.911660777
14219,294.477011494
3336,26.4444444444
10200,123.929577465
108693,17.8571428571
160684,88.92
16478,137.405555556
175342,18.0
29755,49.8666666667
10195,17.4
1704,100.172131148
29751,25.3333333333
10190,48.2093023256
116894,307.645251397
174744,67.16
14182,70.75
62236,234.704918033
10198,22.8333333333
14186,257.969957082
15855,98.6133333333
112101,239.829787234
29282,261.007751938
184885,101.027777778
176523,40.4444444444
178803,60.347826087
178806,72.6666666667
146607,276.149038462
30990,276.055555556
1121,134.289655172
8606,76.6818181818
8605,144.848837209
14324,118.664772727
106404,302.00530504
25880,24.3333333333
25882,274.592814371
4579,26.1666666667
15106,230.422619048
160912,31.4444444444
30281,272.454545455
15101,253.507788162
29131,21.3333333333
66313,316.496575342
29133,28.6666666667
24379,275.950819672
24378,33.375
3028,70.75
3650,17.0666666667
3024,206.146496815
2986,112.62962963
157354,20.0769230769
29910,94.1555555556
137230,231.358490566
137943,26.3684210526
30354,90.7894736842
160990,93.6568627451
8734,220.817679558
183388,242.292553191
31775,76.3333333333
175983,48.8
1234,226.890625
2080,82.95
30778,33.5454545455
8515,47.3
1230,20.5
65413,110.467153285
4199,20.4375
126721,43.625
4194,17.6666666667
12598,31.6470588235
4193,92.9047619048
175966,265.865517241
5671,33.6451612903
137874,72.0454545455
12840,45.5454545455
4351,102.56097561
4352,37.1304347826
28717,84.5
23253,262.981900452
6509,107.153061224
28712,105.169811321
31489,267.48603352
31488,122.952095808
145979,14.5714285714
31170,32.2972972973
174567,20.875
163596,112.795454545
23062,69.4857142857
139665,284.378787879
111976,192.512195122
24283,21.5833333333
180363,261.913621262
29621,51.75
24287,127.444444444
163887,82.8
61028,37.2
183612,18.0
62797,48.9230769231
3807,272.009803922
23485,118.796296296
8463,21.0
17180,224.872093023
143689,98.1515151515
11340,123.057142857
64979,308.567647059
11343,53.9166666667
136306,21.8571428571
23714,42.6896551724
111779,241.31884058
110685,34.9795918367
108306,250.928571429
24755,27.1
12445,17.1428571429
6433,20.3333333333
5709,32.5
184256,271.244525547
12441,66.45
184258,12.5
184259,6.0
8199,129.627737226
177267,105.5625
177264,127.843137255
110179,93.7906976744
177465,11.0
61338,30.4
8357,46.3157894737
65417,49.7333333333
31392,63.5384615385
177284,237.657142857
177287,258.220394737
109926,75.1929824561
180231,271.374517375
165798,137.829787234
64156,34.5806451613
13646,58.5714285714
166689,118.329608939
28866,281.747603834
4771,33.8333333333
15331,87.4468085106
165640,29.8
23809,74.1621621622
3062,72.7931034483
162272,140.616071429
165649,140.373684211
166443,34.625
65838,291.460674157
24620,20.3076923077
65831,69.2857142857
19024,302.601910828
25623,265.798449612
62288,276.242290749
25627,136.331460674
154039,125.254545455
25405,33.0
25406,7.0
12788,55.3333333333
16748,194.560509554
24975,138.036585366
165746,18.0
12053,91.3692307692
130200,48.15
266315,98.4637681159
141277,261.873417722
4611,83.6
141278,129.062992126
158587,281.240740741
13570,26.4285714286
13505,75.1666666667
183942,41.8181818182
161924,287.00462963
160207,78.0652173913
12691,195.987804878
151630,277.827868852
2222,265.868512111
2220,84.5428571429
166208,73.4285714286
177734,7.0
65235,105.9375
24440,249.068965517
165264,268.62745098
151632,141.270408163
10832,255.361344538
181617,262.56097561
177739,141.373333333
150139,81.6176470588
64637,128.954545455
64547,221.602649007
10305,20.0
63927,73.5142857143
64549,23.8
65548,238.779735683
62169,291.724137931
146616,265.85467128
25579,156.68
4503,80.75
61737,116.450617284
63667,61.0277777778
147638,71.7826086957
25570,305.18061674
25572,22.8
7824,132.972477064
26067,290.752411576
117868,309.861189802
166061,145.349315068
124394,79.4523809524
25088,40.8
26061,46.2727272727
117161,162.55
61732,56.0714285714
184717,31.8571428571
16698,218.457943925
2086,194.551282051
26069,133.294117647
161813,29.1428571429
3342,28.5
2538,21.8888888889
17150,319.749019608
27794,106.112359551
161814,52.5652173913
64942,38.4
148932,117.135802469
2536,74.425
11657,35.2857142857
153028,65.7164179104
160213,122.776223776
17762,300.348837209
160211,43.4814814815
160216,107.269230769
29968,30.4615384615
174147,38.4642857143
107446,127.5
11178,69.8846153846
105574,259.155844156
8987,72.5625
176572,119.84
7951,64.7222222222
149070,82.5652173913
64304,76.8505747126
5073,18.8
64306,93.0
5071,24.8260869565
64302,69.1538461538
175424,257.124183007
63798,13.7142857143
63799,230.34375
1837,119.862068966
63928,101.2
63790,259.487261146
185827,258.418918919
185532,134.943396226
185821,229.446808511
2154,20.3333333333
113530,27.6666666667
122921,93.4631578947
2150,32.6538461538
2403,274.273076923
4988,36.0588235294
6242,100.0
184807,68.5441176471
10740,77.5833333333
20904,176.022727273
183920,68.5
18560,37.4444444444
62686,37.6666666667
65610,211.175572519
1951,252.216783217
160329,79.4235294118
152249,100.586206897
62330,42.4615384615
30255,262.956666667
63538,300.747340426
61900,98.1428571429
8873,131.93877551
63083,233.428571429
63080,125.145833333
7315,163.0
178600,266.0
24113,47.358974359
13092,50.12
3246,45.7142857143
64223,24.4
11903,19.5555555556
164661,252.545454545
179077,112.511627907
176954,46.4
12909,140.103448276
30161,123.391304348
112007,293.058201058
179700,19.7419354839
62755,262.864864865
9016,20.3043478261
62204,158.923076923
7034,64.0952380952
10236,23.35
10235,83.8
20297,292.289325843
5496,33.625
5492,58.0
27823,251.975409836
5252,27.0606060606
1712,151.382608696
179380,227.00877193
29722,109.084033613
63338,24.2857142857
21503,218.951388889
156613,85.9649122807
31881,92.5588235294
63337,56.5
157218,49.5172413793
13498,17.5
156614,47.6666666667
13710,42.7777777778
176558,129.034188034
12140,127.887096774
176556,112.422222222
178811,237.407894737
119316,10.4
119314,36.6666666667
178814,143.958333333
183283,178.947761194
6315,269.37804878
184068,76.7272727273
179818,150.411764706
179819,26.6666666667
28410,33.7142857143
174485,64.8
179817,13.0833333333
144135,103.578947368
7781,76.25
31764,237.254545455
122211,66.0833333333
122212,65.1111111111
66301,124.666666667
124615,271.663716814
178995,19.0
7146,25.8461538462
10999,92.4791666667
183570,77.797979798
24363,35.1
29382,75.671641791
164652,50.5909090909
29386,116.374193548
29435,60.9285714286
183377,130.378787879
29389,189.898550725
1004,23.4242424242
143640,57.5882352941
114880,203.149425287
12874,235.465116279
183593,258.105263158
28380,216.03125
110760,100.736842105
4186,7.5
30384,162.542857143
6534,25.5714285714
179925,108.875
6532,118.388489209
109318,319.131004367
147708,16.1428571429
165123,34.9411764706
166451,32.5384615385
160447,62.3611111111
175978,243.0
4341,12.0
118577,206.305882353
180711,113.924050633
28704,21.7826086957
2884,54.5789473684
147453,18.2
2888,43.6451612903
11017,25.8181818182
25980,13.0
11012,27.8260869565
177996,119.85106383
8611,115.19047619
66239,79.1
24293,23.7692307692
24291,50.84
22632,263.742857143
62016,69.7380952381
163893,15.5
6547,98.0
145701,146.75
65106,284.157142857
144383,7.33333333333
66059,15.6666666667
26520,86.696969697
8479,23.6923076923
8475,65.25
184487,254.020833333
161000,143.780487805
7566,44.3
157117,71.0125
12471,38.3448275862
150838,78.2916666667
177921,89.375
150837,140.375838926
12478,27.6666666667
177924,91.2432432432
177925,41.0909090909
184241,93.9473684211
61490,257.140983607
155616,34.6666666667
66268,96.3278688525
61655,280.969026549
28675,89.0
61656,96.5
66438,14.6666666667
61302,112.461538462
31381,114.65625
3905,36.3076923077
145636,286.514619883
11228,60.7586206897
165785,49.75
180228,195.656903766
127179,16.5
28877,26.75
13657,94.6538461538
177124,156.496240602
11482,307.366548043
165653,30.4545454545
165652,135.09929078
120774,110.337962963
163948,34.2222222222
163946,126.565789474
121257,114.559633028
140043,281.732970027
140042,252.066914498
65045,116.388349515
3278,12.1428571429
9954,29.9
181445,14.9090909091
146137,136.160493827
64794,326.698113208
25167,77.5820895522
25166,110.387755102
120513,34.1111111111
65317,89.6
63138,58.5
181269,90.1206896552
174136,259.449180328
32280,38.6296296296
16597,125.247706422
166789,4.0
183974,107.169230769
184652,128.033898305
161952,210.41958042
161953,71.0909090909
174135,59.2631578947
133764,291.968152866
12689,31.1666666667
118267,53.7058823529
11796,6.33333333333
2237,281.914572864
65220,150.687898089
176760,14.25
65226,107.123076923
65228,317.323353293
65229,104.2
133768,206.403614458
65958,197.793333333
133769,136.453488372
4093,114.96
12189,87.3333333333
3497,230.606060606
20847,61.1111111111
25509,116.1
120193,301.391666667
65552,122.571428571
65553,265.688172043
63651,98.3793103448
63650,257.846153846
65556,216.11409396
65554,110.666666667
26071,226.507692308
16188,92.5769230769
16689,305.761538462
61871,261.240963855
61870,92.9322033898
30651,30.0
16681,275.765517241
11669,81.8644067797
11465,37.3333333333
24965,107.8
4494,40.0909090909
4600,21.4736842105
11462,28.7450980392
4601,277.58988764
2663,20.75
134932,125.178571429
27920,264.831034483
121136,29.5
27925,112.69047619
160204,253.509202454
162559,51.3611111111
10353,29.8888888889
162557,272.157563025
27928,77.2142857143
135425,180.340909091
9372,186.616438356
62922,76.9076923077
4885,146.753846154
62921,273.59922179
17151,200.947368421
25216,77.08
102696,115.0
158743,21.75
158742,39.4
9173,76.5
9171,90.0555555556
10685,48.0
182387,82.843373494
25186,81.7176470588
25181,17.8333333333
25180,8.0
61903,129.628571429
1820,19.5
16974,296.440366972
6115,42.1111111111
12262,22.5
105365,47.4444444444
162129,78.9473684211
12266,31.4594594595
4973,115.444444444
10530,87.3513513514
112410,282.611235955
5395,133.133333333
5218,59.6666666667
122841,98.088
184571,128.25
6308,27.0
11805,166.0
1920,28.0
63501,214.826923077
3275,101.76
160338,61.4
1926,66.0394736842
4225,13.0
160331,137.977011494
9715,95.4838709677
157118,99.3693693694
7368,52.25
124046,97.375
116029,130.786407767
7366,147.116883117
65886,71.8444444444
6829,67.8571428571
176725,271.130841121
176726,18.0
11930,84.0
112876,128.90990991
30175,55.3684210526
161798,277.115183246
161072,155.0
161797,24.5
133468,258.656862745
30170,113.090361446
12915,146.136363636
66149,68.4285714286
7022,35.15
62213,71.3846153846
270989,9.5
3310,98.6904761905
10221,140.503703704
20029,280.796296296
29733,108.310344828
140194,137.740196078
24032,62.3218390805
1728,54.130952381
28620,280.73313783
1722,27.3076923077
180822,68.6956521739
180821,41.0
4383,99.9310344828
62745,13.6
179666,81.3636363636
272699,30.375
176540,115.615384615
13139,20.6
175163,274.16
138321,43.1621621622
108449,220.7
163977,60.2142857143
147175,154.897727273
178538,22.0
178539,119.267605634
115121,277.919678715
30710,115.135338346
62217,89.6666666667
175271,140.886486486
30714,89.4
178531,244.932153392
7799,33.76
174490,84.2820512821
3007,47.7777777778
18358,313.256410256
28629,87.9896907216
14304,230.0
14309,66.0
7694,266.328519856
3144,24.3888888889
174169,133.242105263
24352,109.533333333
126036,25.5
24350,81.9473684211
143356,225.661290323
4409,268.176895307
140044,267.888888889
144437,121.516483516
153813,103.256410256
142251,94.5882352941
29930,17.3333333333
8633,92.64
111000,56.0416666667
164648,29.0
29392,19.9333333333
7691,73.9565217391
30006,98.9302325581
30007,268.487364621
1210,20.6666666667
183581,4.66666666667
29613,260.89516129
8068,65.8125
178752,221.014084507
66235,304.255555556
145552,75.0357142857
143421,235.709090909
8060,41.6666666667
7486,17.1578947368
7481,33.6666666667
132518,112.6
6529,119.729885057
9393,215.125
8266,21.2777777778
150937,127.130434783
30398,104.870967742
30399,15.4
133869,83.3037037037
133868,262.481927711
174389,45.2727272727
29734,10.0
11060,68.115942029
11065,21.0
23002,135.314009662
29649,90.3181818182
31629,31.3333333333
156155,50.2631578947
156156,215.375
156157,167.8
183101,249.616314199
17694,312.795986622
17890,8.66666666667
174355,11.25
174541,29.3529411765
110802,209.0
66061,6.28571428571
114524,48.7
129823,32.0322580645
66065,11.5
4087,20.0
3863,39.8333333333
183636,105.465517241
144396,37.8571428571
66592,9.66666666667
160541,258.098765432
66597,229.263736264
176899,141.632432432
177930,131.983870968
161013,112.543478261
61448,264.961937716
23220,34.4666666667
160549,50.95
23226,90.4285714286
3735,48.1666666667
23224,46.0
161014,280.220994475
177446,14.0
184239,92.8059701493
160781,268.472477064
19137,305.660869565
5723,49.0
160838,84.76
6416,12.5
6410,19.8571428571
9812,46.8571428571
61487,304.474431818
28608,79.6315789474
27828,106.290322581
7772,119.0
66446,37.2857142857
61646,115.175438596
144559,156.867924528
144809,88.9534883721
2136,107.293706294
65148,37.7894736842
29955,267.629166667
60992,71.84
117768,132.760416667
14938,124.887755102
6733,74.2574257426
166460,51.4444444444
133166,136.315789474
141469,134.742857143
8087,29.5
4156,11.75
11259,58.5090909091
163933,35.0
163930,26.0
140073,143.805555556
9299,31.72
61004,104.642857143
28323,110.719512195
165468,14.0
110533,13.8
165466,134.529953917
9921,22.6666666667
9922,96.5
165465,252.846808511
28119,101.075
180109,272.787128713
19262,229.617142857
162459,140.102040816
64784,308.108823529
22772,24.7
65491,91.4172661871
25173,304.536231884
16763,288.183574879
164364,290.682741117
145049,70.2741935484
141462,101.25
145042,56.2727272727
12075,85.1666666667
145041,80.2549019608
145046,93.2195121951
119574,110.131313131
140672,268.084507042
161942,267.538271605
6649,12.3333333333
31843,102.268292683
31846,45.4
10813,15.4285714286
5903,113.912280702
165209,100.0
65967,94.693877551
10816,21.4
25774,72.9
150481,36.2173913043
19318,323.33463035
184449,84.4255319149
110164,305.269340974
63640,60.25
106261,281.063492063
63643,78.9830508475
24825,97.4791666667
184157,28.6
12559,21.6
65569,74.7746478873
11099,60.9130434783
65765,18.75
184735,160.756097561
4560,75.2839506173
109826,96.4
3647,15.0
148476,71.0638297872
29942,25.6
148470,46.0303030303
11670,127.130434783
117141,288.484756098
117142,246.034482759
2504,100.5
117145,31.4516129032
2556,87.2105263158
7798,60.7368421053
2558,221.283464567
141389,110.027272727
165845,95.203125
165846,143.350877193
17367,304.982817869
2393,18.5454545455
2390,24.3529411765
28967,297.465875371
12782,28.6923076923
12785,14.3333333333
141384,12.0
27932,194.281818182
62919,249.227272727
11376,27.3333333333
27936,80.303030303
27937,77.085106383
63551,313.128358209
5018,28.4444444444
2771,31.0
27938,74.62
27939,277.07239819
160232,122.505319149
160233,272.782874618
7658,13.25
24021,125.923076923
17148,277.091370558
25201,200.142857143
17145,291.690962099
7977,130.803149606
7970,114.990654206
6266,237.558139535
12256,136.559322034
116387,100.685714286
16781,303.556574924
12252,273.718146718
12250,255.402555911
176404,72.9583333333
118223,92.1818181818
6268,15.75
21186,275.722943723
119594,127.038461538
6066,90.5465116279
125601,47.9259259259
2176,130.5
125604,23.0
17095,237.540697674
30016,62.2857142857
7526,239.247826087
122902,110.305555556
2606,26.619047619
24463,24.3793103448
174160,263.344594595
14822,157.474576271
14820,270.768768769
113269,112.942857143
14824,252.25
62826,260.868852459
10787,24.6666666667
62592,270.970909091
62590,73.6
10035,294.152892562
5125,25.0
10789,167.333333333
10030,38.7142857143
64218,318.763250883
146140,92.3495145631
61069,79.2564102564
120301,32.2258064516
25079,23.1578947368
8898,267.431506849
3980,26.6842105263
8892,117.125
3469,145.244318182
177882,76.1639344262
11929,275.046692607
12321,28.6923076923
177881,234.463829787
31718,264.368421053
11923,149.273684211
11925,140.956521739
180652,24.6666666667
141720,140.368421053
132988,303.912386707
14954,4.0
7154,46.2903225806
17173,300.003875969
30490,101.458333333
179231,288.046296296
30495,95.36
30146,48.4
20338,19.1
62553,83.9230769231
25357,75.0365853659
13794,266.778894472
142391,122.1
5046,33.9677419355
29097,115.256410256
108664,302.260273973
1585,15.75
27845,277.379487179
29921,32.0
29101,213.951807229
29709,74.0
164255,39.8857142857
18699,98.2222222222
9216,41.6666666667
29705,71.1666666667
143283,36.1428571429
5234,20.0833333333
175376,50.4473684211
30540,109.054945055
164494,22.6666666667
158791,115.545977011
13124,130.604316547
176375,218.572916667
137024,133.616352201
179657,7.5
15803,262.720394737
11819,196.391752577
176378,16.5294117647
15153,263.019230769
29894,14.3333333333
179342,70.5411764706
179831,149.447058824
184009,131.0
137373,25.6428571429
109930,17.125
178834,258.613043478
24344,255.33125
3071,308.036423841
156095,17.3076923077
28477,67.7333333333
1593,31.3333333333
1598,39.4655172414
2953,68.3333333333
31702,296.802047782
31703,304.160714286
65689,276.875389408
183366,62.25
31707,291.033783784
5342,26.0
7163,13.0
126020,72.3333333333
10498,58.5
143668,137.142857143
178633,61.2272727273
62107,27.2307692308
183352,94.8
137573,67.8105263158
30032,117.513513514
4367,48.8461538462
1209,34.5238095238
66697,274.338461538
12895,37.5625
31521,216.424657534
23107,308.996875
144010,20.2631578947
164109,143.954545455
18037,248.721461187
123097,90.7142857143
175953,79.1698113208
8272,125.444444444
183580,265.024752475
28278,245.848360656
2002,313.513605442
66681,230.254237288
162892,259.980707395
4274,103.772413793
162894,118.135135135
14555,238.611702128
1447,310.993589744
12868,59.921875
175007,19.7333333333
175006,146.56097561
1117,29.4
114959,14.0
114956,301.734285714
6213,106.405405405
174531,108.635514019
174024,288.565934066
175008,251.782874618
1449,230.510416667
31147,108.697674419
13782,20.2
4091,27.6956521739
4090,69.9528301887
13786,256.762820513
31453,86.9863013699
4094,284.378787879
185194,46.2727272727
183640,79.0689655172
2005,295.640483384
23587,30.8
177943,50.1111111111
66588,253.90070922
177944,280.2529274
66586,73.4411764706
111721,316.496453901
11313,73.9565217391
19129,107.771929825
160797,115.196172249
107325,307.886111111
7585,91.04
160798,46.6
19124,295.777408638
180029,38.2857142857
7741,55.2407407407
61673,248.683076923
28616,24.8
61676,112.968085106
127377,109.5
22507,199.473684211
22500,52.8
150258,113.276315789
60983,284.711538462
8264,42.2727272727
8304,39.6
177576,24.0
166414,267.817857143
6528,47.5714285714
28853,100.784482759
61581,9.0
61585,277.785932722
61584,72.1081081081
61587,86.8142857143
61586,290.458781362
4145,102.785714286
163920,301.175925926
160196,18.625
15208,299.890977444
8099,131.306818182
11264,43.2380952381
65021,103.541666667
65026,42.5384615385
177895,50.9090909091
177896,133.074626866
160488,257.571984436
145729,142.216216216
180118,19.0
9937,88.7179487179
22761,23.0
165691,10.7
17982,233.125
165699,131.348148148
16775,245.45751634
16777,274.375690608
181931,18.7142857143
128978,26.8571428571
158313,298.624183007
25691,117.191489362
110250,302.261580381
25340,69.4090909091
12065,68.6
6097,14.75
185177,72.0
61285,26.75
12669,79.3
121934,140.54887218
6653,69.4655172414
10451,166.734042553
177099,104.228571429
107817,233.893004115
5918,90.0
25749,23.5
25747,79.2608695652
127797,270.681222707
25745,126.823529412
64844,31.2272727273
165215,267.092465753
10801,114.045454545
65796,300.849858357
120358,58.9743589744
161996,255.983333333
161997,27.0
180658,76.4130434783
65576,99.2
63639,287.666666667
24837,167.833333333
64515,262.516447368
266214,212.086330935
185619,30.0
266216,276.193370166
65772,43.6153846154
65771,49.3333333333
21066,199.851851852
19873,283.77486911
184748,7.0
183822,247.776041667
13421,133.23255814
21061,240.517647059
2547,180.225225225
139526,103.565217391
11687,300.394422311
153895,301.848238482
114608,53.4772727273
11440,87.8857142857
165501,247.277486911
11446,17.0
65482,81.2647058824
65483,231.023668639
3556,42.0
23006,110.459016393
64175,8.0
12796,228.90625
65587,30.6666666667
25007,145.0
30098,21.0909090909
3580,33.1111111111
3581,104.0
160228,78.6034482759
64423,80.9781021898
175509,74.2857142857
27906,23.8
176275,283.844827586
140938,299.409793814
160225,86.3
2285,34.3333333333
64194,302.975342466
1949,179.488095238
260774,53.1111111111
16955,227.958333333
64193,308.219269103
16957,288.004889976
17131,150.18556701
176237,261.441558442
143974,29.8333333333
17132,299.866220736
7904,100.660714286
7906,40.1458333333
17136,304.95049505
125580,300.731638418
61925,21.25
114748,61.5454545455
4423,24.25
163927,111.303278689
4622,18.1818181818
137371,2.0
166747,285.211538462
111179,218.919354839
62110,270.640625
148391,76.1827956989
162404,154.0
64879,141.041666667
162401,24.4
122916,40.0
122915,143.041666667
6078,21.8421052632
2615,53.1428571429
176238,48.0
8493,165.56097561
160312,182.34
163926,292.886419753
21440,32.5609756098
150761,275.797752809
66060,251.845117845
7343,124.446428571
16245,281.375576037
1906,15.5
10795,15.75
63291,26.0
64228,307.944444444
153793,263.562711864
10793,18.3636363636
149738,9.33333333333
120824,82.5
179003,275.529069767
176703,274.747474747
143910,280.63060686
146156,160.311111111
163685,136.243243243
163680,215.008130081
163681,277.545918367
25434,43.2972972973
147101,32.3333333333
13169,73.1875
12338,111.725
135990,128.866666667
138126,273.490974729
138122,264.858585859
27875,119.404761905
14960,177.2
27873,13.6666666667
112819,7.0
176963,274.247368421
163668,19.8
163669,118.055555556
62768,137.0
29082,112.6
10247,37.0
9023,19.0
164155,133.666666667
30558,20.4
12815,55.8888888889
5229,27.3823529412
63166,293.73088685
176567,126.294117647
176565,136.808080808
144097,135.432692308
29710,80.5357142857
143870,147.817204301
29241,107.330357143
11861,262.513944223
14815,152.322033898
179648,77.1
176361,4.0
176363,124.447852761
176362,52.7586206897
138341,254.179012346
175490,33.4285714286
163594,143.007194245
163595,62.9130434783
113490,56.7857142857
179132,58.7333333333
15142,189.656716418
178519,54.2692307692
162958,268.160278746
29887,53.4411764706
184035,138.913043478
238157,49.825
156953,251.4
162957,21.95
112721,339.294871795
14369,66.4857142857
14368,22.6666666667
7171,41.4782608696
180905,51.1111111111
2942,63.8235294118
2940,149.86407767
5357,124.783783784
62168,187.707317073
174148,277.965317919
31739,289.640264026
31738,112.289473684
174637,24.875
14401,274.547058824
160173,255.719072165
149618,276.531400966
122266,53.44
112030,58.4166666667
178608,76.3170731707
133288,119.573170732
1690,86.8974358974
112034,30.9473684211
164664,233.837209302
164663,83.1777777778
179739,147.025974026
164660,29.0
1279,123.966666667
118502,57.0952380952
178172,8.8
30029,112.8
160785,26.0
12886,32.4736842105
1274,236.985645933
61763,64.72
122380,17.7777777778
184109,151.111111111
14563,26.1111111111
14561,66.7213114754
184101,100.6625
8240,239.25
137602,100.177419355
24483,79.5873015873
8247,22.619047619
8245,291.634441088
66261,58.0
111064,90.0285714286
62602,80.8771929825
3116,265.580071174
165675,32.3666666667
162887,252.914498141
64165,82.0
28543,59.6315789474
63901,204.851851852
157955,260.81920904
29061,289.987220447
28590,150.666666667
31607,114.635294118
23027,16.6666666667
23753,15.6875
31460,77.4897959184
28919,136.101604278
8423,44.575
2595,71.4
22373,38.0
66000,120.653061224
1308,54.875
140902,47.125
163939,133.451612903
144139,8.0
177953,35.9375
136186,259.919093851
122917,50.2592592593
11300,40.5945945946
11301,99.3333333333
11302,23.1666666667
185346,162.7
11304,103.8125
184219,67.3389830508
21232,50.5
30939,7.0
61662,86.8857142857
5581,71.3225806452
30932,279.510638298
15363,289.978947368
9831,98.0281690141
12407,161.444444444
24795,19.8
9835,97.15
110732,141.234567901
7759,48.0833333333
23111,272.041811847
63058,294.255882353
7300,23.375
180698,267.48951049
7750,102.090909091
109699,266.617117117
139225,145.688235294
29359,109.438596491
180272,171.166666667
27914,84.0188679245
3937,16.0
61112,205.516129032
7309,147.017751479
163916,72.3731343284
166402,21.3333333333
8334,57.1
21238,115.965517241
25929,56.3
175347,25.8
9904,143.574712644
61591,113.916666667
61596,14.6666666667
127094,65.1785714286
24660,13.0
24669,73.2857142857
175483,250.70212766
11220,137.297297297
5690,11.0
24466,184.517948718
5697,100.5
28135,298.163424125
24898,269.727969349
28139,113.444444444
177884,148.969879518
24468,265.428571429
65011,250.421965318
19209,39.25
25356,189.041322314
177376,75.1
60887,45.5
153668,86.1206896552
64768,39.6857142857
64766,121.017857143
64767,87.0588235294
22797,22.5
1300,39.75
119756,155.469879518
9324,82.5945945946
110065,141.758064516
29086,266.233449477
61726,134.806451613
117018,263.240875912
25680,132.238095238
25681,8.42857142857
7911,64.6
165993,241.047058824
23978,133.756097561
6669,76.3333333333
4040,5.0
230796,21.0
6661,32.5
161966,249.231884058
177088,102.272727273
164369,78.1647058824
4108,17.1
160580,119.580645161
22086,231.886363636
24893,52.75
65905,262.0
65904,127.695364238
10877,135.230215827
1602,257.17571885
16890,292.050139276
63621,80.843373494
25536,3.0
17239,93.7906976744
140905,141.719101124
2282,48.6388888889
24800,127.927419355
17233,238.628205128
124198,65.0166666667
64699,284.038314176
183838,12.0
13431,135.436507937
64690,69.8571428571
183830,93.2857142857
183833,116.582089552
124196,102.0
121817,29.1875
121816,303.657894737
121815,24.8333333333
11499,16.1538461538
2577,70.8235294118
11694,92.4042553191
2573,118.81372549
10905,116.212765957
65345,206.011363636
282553,26.2352941176
65343,64.6666666667
147349,116.6875
10903,170.644067797
10902,147.444444444
11455,67.4827586207
11456,40.1428571429
64163,131.046511628
11450,26.8333333333
150049,10.0
64166,172.824324324
21237,107.922077922
64341,251.032467532
2596,31.1818181818
140904,20.2222222222
9125,140.8
64346,18.0
2593,25.0476190476
121493,95.023255814
61839,122.12195122
294524,48.8771929825
27913,120.714285714
17438,311.938906752
2049,28.9268292683
10086,271.428571429
4430,133.552884615
13323,20.8888888889
25224,26.75
7912,139.579881657
17120,210.333333333
13328,46.5714285714
1878,86.8888888889
1082,45.0
12603,189.983606557
4941,43.0
118081,270.456521739
138205,200.61038961
62501,136.690140845
12138,161.441558442
185119,38.380952381
136646,41.0
2811,48.1818181818
184689,277.301003344
184688,88.484375
2111,165.447058824
184684,9.75
1559,94.0
29040,151.5
122078,113.444444444
63281,111.02
160364,70.84
62378,31.4473684211
2628,80.1111111111
62374,95.0
63288,191.85
61181,223.225609756
1919,76.8888888889
5835,104.25
149721,45.125
62575,293.52962963
122674,54.1666666667
176289,17.0
10016,4.0
121077,107.714285714
120816,96.7894736842
184079,253.378548896
5831,50.24
2025,138.095238095
61408,189.088235294
10499,124.009174312
60846,119.865284974
62979,260.234309623
179782,142.455026455
163051,80.3258426966
177782,143.930555556
10277,120.248062016
179586,285.176190476
163931,273.953125
163673,305.485074627
179583,95.9777777778
14790,26.8571428571
184996,10.6666666667
14793,134.754491018
163679,117.02
163678,77.6538461538
176914,157.763157895
10278,180.596858639
121673,73.1081081081
184070,7.33333333333
5210,45.7808219178
125000,207.948717949
29246,286.100649351
163935,139.664335664
20548,127.726708075
14027,49.4615384615
175157,148.706214689
163586,33.7
29278,277.54587156
63172,74.2666666667
264265,259.937293729
14592,67.8157894737
176594,262.58
21542,14.5
176592,107.535714286
176593,38.1578947368
63178,263.795454545
29274,86.4473684211
11872,47.7727272727
176351,267.54822335
24725,188.972972973
112626,307.185714286
11877,29.6363636364
112624,108.636363636
133726,103.644444444
133724,264.791666667
142088,297.865789474
176602,268.277372263
164471,49.4736842105
179360,70.4285714286
179361,256.669456067
112759,38.6
164293,249.789473684
164290,51.679245283
31673,115.737704918
29875,98.9814814815
142460,90.4545454545
142462,116.375
126010,17.0
112754,271.111538462
11976,49.5454545455
179690,103.045454545
28408,19.2
19658,249.555555556
7106,81.2702702703
7107,18.0909090909
6865,94.2727272727
14370,18.1818181818
6867,134.62962963
271794,253.264705882
62123,246.298507463
176282,131.611111111
62396,50.1428571429
62391,85.2191780822
178097,262.420338983
1045,14.6666666667
143605,50.7
31720,89.0131578947
166623,72.4347826087
175739,33.7
62399,87.5952380952
28118,66.5072463768
178619,228.382653061
5109,68.7613636364
1686,5.0
164612,248.306666667
164611,40.3684210526
4450,17.0
142260,80.5789473684
30059,83.5185185185
182827,2.0
184114,255.290123457
14163,21.4285714286
264713,87.375
8253,64.5714285714
61589,140.37
111631,56.75
30055,282.581818182
1266,32.6
11051,120.703703704
8789,255.802139037
24491,76.5869565217
62766,263.201581028
1913,17.375
136884,255.040625
31616,156.764044944
3129,25.5
29698,59.5
3121,30.25
183480,82.5
178507,55.619047619
29052,138.906666667
137351,294.183879093
1468,26.1428571429
174282,140.461538462
115404,126.222222222
183247,260.76119403
144727,63.0238095238
1823,17.3636363636
115077,87.1818181818
8431,140.990654206
126318,140.192307692
137232,126.084337349
23768,35.4
23767,112.070652174
65365,213.872340426
31477,104.0
66016,22.6363636364
28900,98.0603448276
164708,127.569444444
5750,31.8823529412
12433,119.0
24782,275.243902439
15350,73.2285714286
185370,231.104477612
165052,58.9642857143
160571,72.8368794326
160570,16.8333333333
114370,114.853503185
61610,62.2
160809,260.613114754
133949,125.3125
5594,65.9111111111
5597,24.5
162988,73.7714285714
142339,140.262711864
105936,62.25
133944,143.37037037
133945,97.4558823529
178767,82.375
110728,53.0
1013,87.5636363636
183797,103.901639344
61439,75.3695652174
61129,277.564655172
14386,61.5
185921,111.666666667
61122,61.75
61121,179.0
61435,108.3
13906,40.0
66708,102.906614786
66496,50.2222222222
25376,218.869047619
181794,204.772727273
166434,251.6
28397,53.8421052632
166436,143.833333333
166433,65.65
183446,175.666666667
63876,29.3913043478
24678,264.91634981
4127,36.7096774194
4124,114.4
65009,150.621621622
62972,304.963888889
61725,135.033333333
27780,91.3214285714
61055,229.722222222
6081,19.1428571429
5680,47.3
65006,142.201550388
27786,143.696202532
31849,75.1944444444
6386,26.5
62977,271.70260223
60894,29.375
2751,43.7
183932,5.5
1239,26.75
23945,269.72826087
23943,117.107526882
176256,279.0
23940,19.0
22144,85.3
185797,42.3888888889
177744,95.2222222222
177745,72.5333333333
4052,139.196531792
163879,74.65625
163878,24.4545454545
163877,43.4285714286
11514,116.111111111
23852,27.6
15364,254.142857143
11513,289.280936455
4058,17.6666666667
110387,101.47826087
65176,283.710588235
5978,29.5
177983,47.724137931
128098,108.714285714
8699,26.3571428571
10860,126.423076923
65911,24.7777777778
10867,55.4411764706
63986,123.692307692
150278,78.2686567164
21828,78.0481927711
150699,126.099099099
9815,15.6296296296
15709,31.0714285714
116284,17.5294117647
3619,13.75
2290,58.725
108645,142.463541667
2295,13.2857142857
25783,109.853658537
142953,26.5714285714
141198,87.0606060606
25789,57.3636363636
141197,255.951140065
25030,120.071428571
148249,39.7619047619
5902,268.860215054
162338,36.5555555556
29736,84.3098591549
184569,139.751824818
114628,113.211538462
177654,115.771428571
162335,9.0
10916,303.19924812
10917,126.106666667
152809,30.75
135044,123.060344828
24922,10.8
24925,41.8823529412
7291,55.375
17115,125.546875
13128,100.4
8512,144.850931677
7923,60.7058823529
2581,72.84
7921,16.7142857143
14794,31.0
64408,109.790322581
25972,50.0
1860,50.9285714286
13353,104.778761062
13354,82.9
63763,80.5428571429
164585,34.6363636364
64867,300.676470588
176169,8.0
145977,78.2881355932
162584,102.470588235
4685,313.861111111
163118,50.7142857143
4936,13.6666666667
62897,31.0
138747,260.190635452
163117,306.992592593
138741,196.623762376
13599,268.014545455
163113,25.9090909091
64536,51.9473684211
140821,17.5
154357,131.467836257
24810,139.47979798
25979,14.5
2101,12.4
63814,317.146258503
160373,66.2857142857
5116,17.7142857143
160375,214.509803922
122355,51.0
10002,43.3157894737
125014,61.9375
160378,225.506289308
122061,96.5161290323
10008,13.0
176291,183.875
5256,16.75
9599,119.856060606
20791,218.542372881
20019,303.775147929
157153,52.7391304348
64568,80.4230769231
17069,252.044444444
178896,7.0
3439,106.352380952
176762,282.255079007
185419,166.194444444
176764,105.0
176766,251.008264463
176768,89.359375
146171,45.46875
179027,63.1020408163
163069,282.807692308
184785,14.1
162517,13.0
62967,52.2
62965,80.2222222222
4844,145.1375
4598,25.75
13011,110.767955801
4842,77.9189189189
4843,265.220588235
14908,94.3684210526
63724,29.037037037
179597,16.6666666667
112295,254.188118812
179598,269.339350181
10550,240.502304147
133424,258.929936306
5254,21.0
10466,117.206896552
29265,103.8125
174729,20.4375
20570,7.0
5205,32.4
152109,21.8571428571
17795,268.832258065
30671,23.5714285714
10345,29.4444444444
29268,72.6153846154
63383,77.5
121440,256.555205047
264270,248.603603604
29627,29.6
164571,58.1052631579
31574,184.941176471
179110,71.7297297297
28490,305.105263158
164266,268.013888889
62494,72.3529411765
62382,276.972762646
134026,280.792682927
183902,219.719626168
18533,190.79338843
176343,100.428571429
13174,29.4444444444
25108,80.2235294118
11191,44.125
176595,90.21875
108188,39.5
2960,131.538461538
29868,106.302325581
179378,100.833333333
164270,264.332142857
1783,9.33333333333
175834,27.5454545455
2968,296.89347079
30220,22.2
1613,23.7333333333
62634,70.2537313433
122536,49.4
7117,48.7142857143
7116,20.0
24318,233.772277228
24316,17.6111111111
176591,242.09569378
176070,136.818181818
17641,272.681506849
108740,57.8
176350,244.66015625
29466,285.377990431
163884,195.812030075
1078,215.363636364
1076,51.1
3643,304.641935484
1075,128.918918919
1072,68.5757575758
62388,42.4285714286
164609,245.183606557
179202,60.5
1678,139.795698925
30137,272.554716981
13003,24.4
28819,103.078947368
178371,138.584415584
30138,72.2480620155
164607,41.24
164606,38.0
1094,17.9230769231
3806,44.5
175900,82.8
184167,205.441441441
30822,130.283783784
175903,56.7450980392
8229,17.0
66393,112.969924812
177764,271.528
118525,298.611731844
4331,100.929292929
65590,30.8333333333
1050,24.5714285714
178976,40.3548387097
23291,216.932835821
14581,195.689655172
3138,17.9090909091
14583,87.1290322581
2555,47.0
178083,96.7239263804
174053,177.692307692
28022,300.064417178
174507,260.43877551
160600,98.5263157895
28027,270.099644128
20202,33.75
62055,209.736
178089,56.4782608696
20209,65.5294117647
27765,276.900552486
156933,38.8333333333
8348,82.28
164046,94.4666666667
117260,98.602739726
29517,258.492537313
183257,94.6909090909
1414,76.6666666667
29511,21.1666666667
164296,40.2608695652
28938,101.076086957
1327,119.610294118
133547,65.0
28930,35.92
9850,108.158536585
12421,59.8936170213
137434,88.8095238095
15343,25.0666666667
137432,55.2352941176
15347,42.3076923077
12428,127.271028037
23577,63.8923076923
5764,27.75
4201,130.666666667
5763,107.402597403
177975,100.555555556
8133,176.12195122
12789,65.0
61600,170.090909091
5568,32.6111111111
183780,176.653061224
137310,116.218604651
160742,11.0
5567,43.935483871
5560,20.2857142857
177405,22.45
1257,83.1636363636
1487,267.924914676
24912,65.0
28338,39.4705882353
178798,144.308139535
1523,58.0
7733,119.09375
178797,19.05
31099,20.0
63520,25.0
111629,89.1558441558
26246,157.828571429
28806,271.457264957
66731,259.751381215
66484,309.828451883
126434,74.9042553191
174876,147.333333333
61420,28.0
10618,8.0
108753,186.2
6435,13.2857142857
14489,112.25
8358,24.4545454545
4115,29.9166666667
6730,268.656603774
64254,36.6666666667
11770,269.860962567
8350,30.5263157895
260778,151.591836735
140033,112.333333333
163891,45.3414634146
62139,295.698529412
164116,29.0
19049,213.532934132
30312,68.9285714286
122257,260.165584416
24447,214.489208633
7422,147.255952381
61739,96.9090909091
178672,130.297297297
127234,252.879781421
27790,30.0
61735,120.0
28155,241.42
66029,139.683453237
181290,63.5
61557,75.7777777778
25331,66.1363636364
61552,109.636363636
25334,46.4
116526,132.534482759
65615,29.8
25338,73.6341463415
25339,293.772151899
63422,93.5
145080,147.434782609
29616,16.5
12635,99.5454545455
28518,22.1111111111
176369,27.6666666667
31887,197.391891892
19057,282.695652174
117034,273.13559322
117035,278.418803419
117036,22.9375
65290,96.1515151515
4060,19.8709677419
4066,24.0909090909
23793,99.1492537313
65921,23.1875
11509,14.5
11506,135.670454545
26013,137.186046512
5786,300.680511182
150201,110.941747573
65105,73.775
5783,34.0434782609
120656,131.125
65108,51.3529411765
5788,53.25
154760,287.523474178
127439,155.397260274
3607,26.4285714286
183812,38.4642857143
63600,109.879032258
19538,294.83
63605,146.91503268
63971,17.6
17780,226.357894737
148234,64.1627906977
16637,280.925601751
148239,257.533333333
157755,65.0555555556
12181,270.666666667
25021,20.3636363636
176017,262.206779661
182788,259.909952607
149379,11.8
6116,39.7333333333
184576,64.35
6110,226.588516746
106853,306.396551724
64745,5.0
10920,37.4210526316
166197,282.13559322
64741,134.2
165880,140.237288136
3855,101.965517241
7281,19.5882352941
64418,48.9166666667
17106,309.532423208
7936,270.950177936
10894,99.4444444444
64410,10.7777777778
134384,120.25
13342,122.376623377
16989,308.186495177
13341,209.104761905
254096,248.484641638
65430,81.0133333333
7974,94.0099009901
118264,116.019230769
16981,285.272727273
3734,20.5357142857
1891,17.0
16985,289.829949239
16456,132.53030303
13580,90.8125
4690,301.505415162
162457,245.666666667
6737,29.3333333333
148349,24.3333333333
4699,300.594771242
163102,242.690322581
130041,95.6
154434,117.129032258
179741,157.642857143
11721,9.33333333333
154439,2.0
6025,33.85
11729,119.102040816
121053,75.7222222222
16785,295.395415473
155754,210.730964467
5165,54.8421052632
6223,14.3571428571
62823,26.7777777778
160340,256.095846645
160341,142.229411765
138483,73.6444444444
21499,112.142857143
63531,82.8461538462
17074,233.43258427
147908,113.9375
17076,293.862857143
17070,274.065217391
21496,33.8928571429
17072,177.467889908
17073,159.838709677
3429,83.0
178610,74.8461538462
20488,20.2777777778
61494,151.235294118
125595,102.072580645
176022,257.983870968
111581,101.333333333
3424,73.7580645161
6334,94.8901098901
6335,62.875
184797,77.3636363636
144436,105.666666667
6331,34.8235294118
162076,59.8333333333
6333,204.618055556
62954,245.419191919
6338,127.049689441
165124,6.0
184117,294.727979275
14170,15.8888888889
62732,76.4516129032
14172,294.514950166
62730,108.892307692
27886,305.106060606
10297,38.25
264391,37.2777777778
27882,39.4
264397,19.0
264395,74.7407407407
10453,109.562091503
63029,209.2
9555,31.3947368421
29217,58.9230769231
24040,263.844444444
3026,22.5
175131,85.8701298701
175130,282.525
166569,265.37630662
160293,240.594262295
10581,29.45
12096,18.0
178003,10.2857142857
13163,71.5
8901,53.5333333333
1706,21.5384615385
11856,326.154761905
8902,33.75
65930,278.158163265
30219,19.5
157217,47.8695652174
179303,71.5714285714
1794,31.6470588235
174663,34.5714285714
6848,109.8
11538,57.7592592593
110039,114.193333333
17919,200.177777778
24302,258.730263158
24304,220.542857143
152008,267.175182482
6845,39.0
107755,132.325242718
164633,312.562189055
5301,37.0
29453,160.970588235
183312,126.5
12994,126.094594595
176247,18.3333333333
13013,198.676470588
147340,102.241935484
106418,130.614678899
157635,128.290540541
176939,26.125
1661,70.3666666667
176249,45.1590909091
175913,231.047619048
30674,255.827586207
157855,91.1895424837
156859,13.3333333333
179413,248.778225806
30857,294.318021201
4321,28.6666666667
11537,11.4
156857,254.047021944
4322,66.0
14828,250.527777778
18049,235.041450777
133432,110.788235294
12091,222.251968504
162809,266.756013746
2829,97.4
1526,138.109090909
14597,279.068669528
24278,267.147601476
14590,31.2777777778
20217,140.027932961
28034,56.75
7632,89.6428571429
4807,54.1
17861,291.962536023
7636,18.7692307692
7637,276.721311475
109599,308.993902439
112774,130.294117647
142337,146.519083969
1408,9.75
9699,90.0
157452,97.0454545455
113491,83.4509803922
165728,70.4782608696
28152,235.620915033
31418,265.771428571
164407,8.66666666667
4213,19.3333333333
183526,5.88888888889
16582,71.2272727273
162733,118.52173913
185318,33.16
60800,36.5588235294
122273,23.1818181818
6932,132.167741935
177601,20.5
6936,118.147058824
9846,129.559701493
8694,97.6885245902
9849,64.4444444444
8123,29.5
147657,21.875
8692,32.125
166491,13.6666666667
61635,140.418604651
115766,221.018867925
66654,277.34351145
3093,24.1578947368
126555,101.971830986
126554,73.8717948718
1533,18.5
29143,28.6666666667
114829,279.182130584
25870,25.8823529412
174401,283.207482993
28322,96.7222222222
25874,145.276836158
25877,197.083333333
136265,299.537815126
174049,11.0
66728,147.80952381
180083,21.4090909091
61380,107.35
31593,215.825396825
22542,13.0
22543,46.0
126423,114.263157895
183324,267.133587786
61388,122.270588235
9317,111.16
2352,55.3076923077
31095,93.0952380952
17341,109.027777778
177697,24.8
63645,249.425465839
109621,254.273722628
140023,252.307443366
185227,73.8103448276
25895,273.814713896
19932,292.559782609
12568,16.5
160913,132.488372093
155174,88.096
175404,17.5
15240,148.266666667
31674,54.6315789474
3639,36.6896551724
15247,102.371794872
63511,300.874015748
28924,73.4470588235
174317,117.094017094
66032,127.902173913
25906,278.872146119
174312,137.866242038
174313,285.477434679
174310,14.2857142857
1634,35.85
61703,237.558052434
183684,38.4117647059
180402,46.5882352941
180405,57.875
3897,111.05982906
106589,270.639097744
61562,83.6847826087
109919,28.625
16531,71.3333333333
61567,58.4736842105
117020,285.820930233
65607,71.3636363636
10757,126.416666667
3465,41.4
166562,95.5256410256
166563,139.197183099
64848,11.0
12621,83.1111111111
6617,84.6666666667
166564,138.119402985
12625,33.4166666667
13962,100.305555556
31895,262.505454545
62626,137.392156863
112362,305.184659091
10840,18.6666666667
185138,80.6363636364
148169,272.42962963
65286,109.253012048
5860,37.3571428571
282189,141.558441558
65937,135.0
5959,8.75
13765,16.6
4077,14.0
161088,277.992031873
61899,265.738831615
11535,53.3823529412
4072,71.0
154758,49.0
61140,268.607017544
3964,76.737704918
3962,57.5
5792,9.57142857143
5791,71.0714285714
177216,242.589473684
145024,153.386363636
180249,6.14285714286
60942,99.4615384615
154755,248.467032967
165723,250.298305085
154757,278.838709677
7152,28.7777777778
25396,87.3888888889
165943,245.96797153
177031,17.9090909091
3504,223.830645161
175127,245.0
3107,97.28125
148221,22.2
183945,241.93982808
148223,61.3684210526
65739,113.282296651
22053,141.6328125
117115,78.6
65732,52.2142857143
266257,213.536231884
22059,49.9772727273
179605,274.36
148469,142.705882353
2342,72.9230769231
140759,124.32
166366,37.7
6104,58.8888888889
119414,257.068592058
20109,315.583617747
6100,139.120689655
16889,304.945017182
10938,143.144736842
63290,86.7037037037
124038,104.438356164
140979,108.032258065
63700,267.25087108
25274,81.625
155133,79.5
63708,25.2
9445,99.9512195122
117026,279.504166667
161869,23.0769230769
3708,41.7333333333
118042,303.271386431
150720,8.0
65421,76.5714285714
7959,74.1666666667
61685,87.7058823529
4462,43.6666666667
3707,103.210526316
4460,34.7446808511
17101,264.19
25241,63.5
13579,128.036697248
6109,125.347826087
4918,30.4473684211
162449,59.2142857143
162448,77.976744186
148350,53.7777777778
4911,45.0
162283,83.8108108108
12756,20.4285714286
64088,76.8888888889
17269,318.03649635
24878,278.931818182
13235,281.951388889
156578,111.928571429
184542,242.305466238
166705,213.380952381
10063,302.382059801
21487,26.125
147639,21.1111111111
9203,44.3333333333
5179,11.25
24783,10.2
62549,56.4736842105
3416,37.0
165053,84.16
176973,96.1395348837
182308,96.7115384615
182309,263.483221477
3410,168.857142857
182307,116.465116279
165051,24.5
21374,319.178082192
6836,11.3333333333
10000,18.4705882353
146354,206.805907173
65944,262.97260274
176035,124.375
149177,32.4
12821,148.113636364
62948,222.539325843
6326,24.6551724138
30234,136.751724138
8333,269.802816901
2019,303.15
144998,31.7083333333
65609,31.4137931034
12171,79.5
135484,60.5555555556
4860,20.5
162064,28.6842105263
141400,95.8269230769
25711,100.444444444
151403,115.614035088
113362,82.4220183486
62723,62.7804878049
10286,73.4411764706
14108,101.163461538
179577,17.3333333333
264385,251.843575419
15197,301.987730061
264387,223.899371069
264386,90.4363636364
17715,224.881057269
9664,49.2
29206,39.4468085106
125360,120.824324324
10115,127.448275862
25495,133.478991597
10443,17.9166666667
3562,114.278846154
21777,238.465968586
148770,145.717391304
7447,98.2307692308
10839,4.0
63123,46.9142857143
160282,20.5
176639,23.3333333333
25719,318.176848875
4485,201.544642857
1439,129.105263158
10597,26.1818181818
149082,94.4431818182
5379,58.6666666667
8972,38.6842105263
176325,19.0
29099,85.1621621622
15199,210.325396825
112168,149.027777778
17908,298.386227545
7138,104.5
260737,34.5
122519,43.5625
7017,141.00591716
163889,239.233552632
175741,159.798076923
4926,22.0625
14616,40.6538461538
179974,115.96969697
157353,90.975
29448,268.688995215
29449,29.95
178310,95.1304347826
142230,140.239766082
29211,222.786982249
164624,16.5714285714
5313,38.0
178319,141.542713568
29332,114.034482759
2856,84.8783783784
29446,307.873900293
174656,145.423076923
176255,90.5263157895
9698,33.68
18241,210.258823529
176251,53.5348837209
176928,87.1428571429
30443,27.7142857143
137704,127.488372093
15521,70.1724137931
133885,263.254237288
30662,60.6785714286
30847,52.3333333333
156861,2.5
147792,271.396475771
142546,4.33333333333
109366,230.597014925
176118,102.757575758
133888,86.432
3153,43.0625
12992,13.5
121713,292.74744898
3157,105.373333333
7620,122.415730337
126772,48.0
1982,209.669064748
28795,271.316901408
3158,110.904761905
185926,31.2222222222
25950,86.8717948718
28791,126.649350649
1635,69.875
180833,71.1666666667
3394,45.3846153846
3399,127.666666667
64162,230.175
121717,49.2
174077,94.4598540146
62057,58.8695652174
183963,70.5
5408,95.7321428571
30205,274.722222222
29028,61.6461538462
136725,203.25
129469,120.099099099
129466,268.632352941
19807,17.0
164258,102.4
66281,226.029801325
147660,45.3870967742
147661,72.4857142857
66285,305.094444444
23553,197.681034483
3218,35.0
66288,290.868347339
18110,313.392523364
65540,44.4
15414,215.634782609
8113,143.215568862
5237,21.3333333333
13375,75.641509434
23084,99.9056603774
111103,3.0
184899,216.147058824
18307,308.631178707
10598,18.75
5543,124.157894737
29156,7.6
111864,88.1710526316
13125,94.6933333333
29150,74.9066666667
30067,127.908496732
175674,123.78
25860,305.472413793
3082,304.964516129
28641,63.0
111819,285.491358025
158053,264.623417722
61399,260.221698113
65050,312.089403974
22207,18.3333333333
22205,62.5625
29870,25.1538461538
7506,109.487437186
8577,67.9090909091
7124,78.6153846154
3946,49.0
14359,146.901234568
165394,48.4814814815
5899,78.25
4645,51.6
11234,23.4
13800,112.118644068
2124,124.819277108
28176,14.0
12578,12.8
139201,286.61452514
61712,104.023255814
15252,17.2222222222
15253,22.625
12576,110.171428571
161055,82.7346938776
12575,29.6666666667
28775,86.5714285714
24428,115.857142857
25915,82.9615384615
174301,198.527472527
145407,15.6153846154
64915,108.161290323
7401,8.2
117901,277.28125
25918,18.75
117903,126.3
25318,123.148148148
178684,139.326829268
183903,118.4609375
22447,139.512195122
61574,48.3571428571
61576,100.381818182
25313,17.0
25314,47.8285714286
182491,3.0
61572,128.714285714
116504,60.0
163822,150.977777778
166583,304.230769231
178529,256.935483871
12615,23.25
2831,6.2
119714,245.642857143
185128,84.7083333333
161048,80.125
4001,6.75
2812,13.7272727273
13714,33.0204081633
3971,53.6129032258
61153,86.8
60979,14.5
9890,105.061728395
61406,153.866666667
61155,14.8666666667
165710,15.0
61409,44.4444444444
31276,283.38963964
177206,136.146666667
30646,285.242537313
182701,117.663461538
61885,306.314540059
30647,310.419354839
65703,68.6666666667
65702,16.0
120456,220.942307692
141240,119.131578947
183879,253.892307692
165979,2.0
181104,69.8
136804,220.592592593
2818,79.6145833333
1254,37.0
141363,96.6666666667
148219,275.968871595
184551,125.611570248
164075,70.0952380952
18329,304.290734824
149318,20.0909090909
13623,120.975609756
2337,12.6666666667
17184,193.688172043
12761,18.3333333333
156153,112.581081081
140760,11.0
140761,11.0
8219,70.7910447761
64082,211.854700855
64891,66.1132075472
64720,11.9
64896,7.4
25481,303.51
140565,217.899224806
157414,270.5
16477,44.2380952381
9472,22.1333333333
2574,90.4722222222
14252,87.8275862069
29984,99.2
2710,7.85714285714
162384,9.25
162385,66.8571428571
116895,28.375
61971,11.0
141496,260.81
25462,65.5483870968
184884,257.319354839
61976,266.97810219
176135,261.224080268
4477,103.888888889
24996,273.946360153
6003,124.013422819
4678,310.969899666
4900,100.927272727
4903,43.2222222222
4674,290.950310559
13562,156.264705882
118046,223.985
13561,257.432432432
7437,126.547945205
177487,106.794117647
153191,10.75
24844,76.3076923077
24843,265.074204947
63959,29.2
162497,252.246153846
9273,22.5454545455
64275,22.2222222222
24197,112.242424242
5149,100.2
10056,19.2352941176
5142,20.6666666667
124775,30.2380952381
266163,83.0298507463
156617,258.472312704
160163,23.0
29612,33.5769230769
180466,17.6
63000,38.2857142857
135844,32.8181818182
266160,255.2
12389,34.8
7435,26.75
177731,1.5
28460,113.060606061
10349,14.0
150306,258.697841727
166005,254.716535433
12142,98.2857142857
12141,108.035714286
6311,145.43125
10615,138.185714286
10614,140.129032258
64383,20.75
185289,269.008298755
2061,71.152173913
64389,19.2727272727
3413,117.618556701
6034,26.0
7161,32.5
64063,125.430769231
61544,182.714285714
133366,226.690789474
133367,5.0
163633,284.116959064
125358,90.9038461538
6136,25.2857142857
113371,25.6666666667
175689,14.0
62990,223.028301887
30576,90.0517241379
64102,25.8461538462
7228,134.894736842
166435,271.408759124
10121,299.451388889
175686,55.4
9302,42.25
10124,28.0
21743,122.516129032
2820,9.33333333333
13142,210.371900826
10692,27.0
133766,66.5333333333
133767,66.1621621622
157058,73.9333333333
157057,252.06185567
175111,119.08411215
175110,64.8888888889
3570,58.0317460317
63135,278.430420712
4497,40.7692307692
162127,93.0892857143
9783,312.711610487
17168,290.350828729
13380,76.7790697674
13381,76.5853658537
63405,262.131868132
7241,60.7317073171
4498,19.0
6821,15.2
120794,138.672043011
2938,75.6095238095
17266,221.157303371
176863,116.372881356
176861,253.062111801
176867,10.1
133504,178.894117647
108778,87.3333333333
5327,62.3684210526
7849,107.91011236
16845,292.261707989
174648,255.753894081
10540,17.875
179417,16.0
14606,94.2647058824
11896,304.934169279
174647,231.222772277
10549,5.75
14603,275.033962264
62667,73.3232323232
62666,74.3488372093
20204,61.9545454545
63224,307.369501466
178304,7.0
22306,272.08492569
29300,286.686868687
115757,2.0
184603,92.0108695652
29304,109.733333333
14282,95.5465116279
14934,147.126865672
4881,22.9
8810,100.387755102
30473,34.55
18276,308.670967742
137131,244.903225806
30477,20.1666666667
164543,139.822695035
13032,235.714285714
11094,10.0
8079,50.4074074074
11096,13.1
164365,251.908366534
178943,123.147651007
3969,127.215189873
179437,115.037037037
30877,32.9166666667
8210,37.0909090909
8213,41.1428571429
29946,238.304347826
8215,24.2777777778
8214,28.2857142857
164368,288.4625
30870,111.5
274165,26.125
24216,71.5
12726,239.0
2802,17.375
12964,51.4545454545
24219,106.435294118
28785,60.3333333333
162876,37.25
28018,72.4520547945
143153,276.480968858
29015,65.1346153846
62266,96.6341463415
7092,104.833333333
3369,46.8823529412
62263,254.917460317
63490,158.030769231
5439,24.75
160657,257.0
3362,24.7727272727
31203,53.3333333333
29830,25.5833333333
10658,19.0
29837,277.498023715
63495,71.1818181818
136864,252.325396825
178545,290.644067797
8105,15.5
13963,201.0
109683,284.616252822
4759,52.2307692308
4279,45.8775510204
183421,80.8823529412
66290,12.3333333333
1356,17.0
126615,114.766233766
61489,64.2857142857
163975,17.25
5559,38.2
9867,126.157407407
180646,12.7272727273
163587,36.1666666667
25852,286.173913043
28303,65.1014492754
174428,238.554545455
11811,257.342857143
25859,96.5056179775
146500,55.1315789474
66630,33.7
176637,257.747169811
4864,23.8125
29164,136.329113924
8582,28.0
185229,16.5
8363,102.392857143
145308,27.0
144520,42.4864864865
264388,64.1666666667
114484,48.3513513514
11511,71.5161290323
9063,22.5555555556
175955,96.7829457364
15267,26.3157894737
185209,273.112244898
12545,14.0
155282,292.631578947
179441,203.027272727
120297,98.3150684932
15261,293.334532374
12540,94.1497005988
5888,254.656716418
12818,270.984848485
180423,126.0
150277,138.701030928
123017,31.5714285714
123016,85.7605633803
25047,278.375
15060,136.62745098
61766,36.5
165411,290.221957041
30899,10.0
175079,245.090909091
25923,20.4
25922,16.8
25921,40.2857142857
28762,56.0810810811
145416,239.215116279
24430,286.888888889
24436,31.4583333333
22325,122.464705882
28769,131.1015625
155738,139.0
165854,173.983050847
130298,18.0
160961,14.625
19094,303.185303514
147579,50.59375
160592,57.6296296296
25676,80.0
163627,28.75
6639,19.6
11550,106.684210526
18654,12.0
11555,103.544444444
11554,62.3666666667
185112,121.294520548
23450,322.974169742
8402,13.8
5878,17.625
141982,146.608108108
9667,10.0
13709,69.0
165702,89.1818181818
177780,84.9714285714
161067,83.0
13700,7.5
154739,229.178343949
4016,76.380952381
11399,101.727272727
160598,7.25
30277,71.725
19433,131.677966102
151544,302.165662651
19431,21.5555555556
65036,123.202702703
24720,36.2857142857
65133,307.024
61163,82.1940298507
7509,34.125
65710,98.0576923077
65247,52.0
65244,110.3125
65713,225.659574468
65717,172.888888889
65718,17.75
13432,148.788321168
120444,39.7727272727
10386,44.0
3612,19.5
144009,69.3125
184526,29.0
184527,11.1428571429
119474,82.1923076923
127481,269.599250936
25130,133.409090909
61188,79.5483870968
30727,160.363636364
13634,12.25
135004,141.5
13630,22.0769230769
175004,50.6666666667
2328,95.5945945946
65399,16.3333333333
154714,283.085365854
10441,4.0
117862,26.8
117861,13.6111111111
157415,14.8
177300,275.405882353
177650,148.833333333
177303,28.8125
166142,34.3571428571
185518,46.4
9916,2.5
21776,272.20233463
161843,5.0
161844,35.25
31227,33.5
127455,221.044247788
148772,17.1111111111
177429,3.0
23812,271.007722008
63725,306.723529412
1440,122.594339623
63723,288.101449275
9465,40.7142857143
166363,143.923076923
25320,96.8139534884
7257,276.970588235
19508,288.956730769
138707,224.727272727
111662,72.1376146789
61984,9.0
24980,100.333333333
9919,14.2
15520,10.0
7251,129.278481013
142956,57.3333333333
164408,21.7142857143
2490,57.5
4640,298.924603175
3662,33.5636363636
2497,53.7692307692
13554,57.5869565217
3243,243.5
109580,72.53125
116791,275.283687943
2259,103.820895522
63120,139.431818182
253527,276.060869565
162264,13.8888888889
17245,296.324137931
24853,247.832061069
61483,187.154411765
24856,272.565384615
17240,298.546827795
28296,144.251461988
62525,280.359183673
121080,82.1304347826
175510,142.216216216
10735,34.6851851852
162489,302.888283379
19817,191.122641509
7875,17.8
185453,84.7534246575
28295,12.0
63030,271.635135135
9728,18.8666666667
2787,26.4736842105
2783,117.0
12304,165.5
4809,35.95
12395,59.38
12392,18.2
26016,211.409836066
26015,124.854166667
26012,87.1428571429
11600,32.7857142857
26011,101.390804598
6304,108.491666667
6307,69.756097561
10609,23.75
128663,251.604519774
22612,94.6756756757
10380,46.2857142857
140736,112.701754386
62290,13.0
152149,70.5306122449
179082,115.53164557
9083,225.01183432
179084,85.0846153846
176781,125.642335766
63454,131.755102041
63456,49.6666666667
121153,113.8125
27981,75.4411764706
27980,55.0
62984,27.3684210526
147868,41.3076923077
21595,223.956140351
10426,35.4705882353
21593,218.969387755
27988,268.035087719
112366,132.22
132525,106.702479339
164422,64.2
180597,17.25
7277,150.365168539
7275,48.2857142857
176659,136.234234234
176658,92.55
3502,10.0
7279,78.2352941176
5087,21.0
3505,7.8
8958,51.0
155280,23.8181818182
8551,61.9827586207
11672,79.9027777778
162644,69.4
157954,255.460567823
185584,75.9333333333
148552,259.644518272
6831,58.0256410256
6830,25.6666666667
122514,33.3076923077
64061,69.5806451613
15087,17.6666666667
176873,58.5714285714
176874,46.1666666667
113419,58.6304347826
14639,152.585365854
14150,35.9
62689,125.643835616
112968,117.866666667
29312,266.991666667
65896,9.83333333333
125237,43.0
5338,23.25
125234,218.341880342
11315,14.875
1682,127.774647887
65350,23.8333333333
1632,117.906542056
1633,54.0
112095,130.884615385
30461,293.318066158
30463,46.6666666667
121718,108.379146919
144066,41.375
12544,27.1052631579
11584,46.8064516129
1988,13.0
8823,68.2424242424
61095,70.1428571429
8826,112.076923077
163601,69.2553191489
13041,307.115015974
164557,28.8518518519
147312,273.155963303
18040,309.137071651
29011,23.9090909091
2817,15.1666666667
266316,246.889221557
18732,247.083700441
30649,121.823529412
179428,260.175438596
30861,34.76
157865,266.910034602
178939,16.0769230769
30640,302.442136499
157862,36.4
30310,23.25
14256,116.358490566
7647,235.785388128
14253,306.43003413
151606,280.438871473
3170,8.0
24225,81.0
7648,60.6153846154
12972,56.4107142857
119275,75.1162790698
5639,42.0
122175,115.101123596
29001,26.0
7085,10.0
122172,100.657894737
20245,266.366101695
29791,137.07
30260,5.0
66286,285.471830986
175654,7.5
166591,261.802013423
175308,265.498316498
6461,79.825
179889,268.877272727
175307,132.402597403
29829,87.243902439
1743,33.1
6497,26.1
178063,104.509433962
140030,124.038095238
1161,139.6
8176,47.3953488372
184225,151.717741935
19965,15.375
4242,111.883333333
175607,295.678571429
66515,138.056
4241,128.050847458
5520,33.5714285714
5523,61.8529411765
160416,112.351648352
5526,236.0
178846,79.4
178847,245.438095238
160706,85.4285714286
160417,207.413043478
122515,317.166007905
7295,29.0
14412,7.0
24539,75.0384615385
24538,54.0
14417,79.6086956522
25845,7.0
180635,105.984615385
24533,137.642857143
28378,33.8571428571
126296,26.3
64404,84.0833333333
7922,76.4242424242
178443,9.0
5742,136.1125
31037,72.6666666667
31224,19.5882352941
162909,141.87804878
178113,92.3333333333
126056,37.1612903226
66354,116.666666667
1562,102.045454545
30082,303.022653722
66602,4.33333333333
29173,131.465517241
11257,115.708333333
2990,268.400696864
5250,31.3421052632
27199,77.25
12804,21.0
156618,274.853773585
15274,139.032894737
1659,54.2962962963
65899,73.1709401709
23195,20.5
8007,298.820512821
16453,90.6363636364
8001,123.77540107
13824,107.0
184180,254.377192982
165179,149.8
24405,115.744680851
25937,277.575510204
6543,19.6666666667
120877,19.0
16836,291.091690544
4390,24.5
28194,18.8333333333
63232,277.272435897
28191,19.9090909091
121381,316.400651466
30888,301.06779661
180183,261.508379888
29729,128.727272727
28209,262.602836879
8486,9.83333333333
25279,204.236363636
25935,13.6666666667
174449,253.97706422
180636,24.4285714286
1864,31.3
