180167,0.270265091025
61519,0.247499268792
19713,0.296558491624
61513,0.276590181081
22461,0.225617234576
180169,0.310920047031
4448,0.236276316524
177795,0.255881463562
13733,0.234872876651
165284,0.318647386655
111537,0.316383758319
111534,0.272142535537
28998,0.255711350175
166555,0.29848324515
4029,0.294228094576
177227,0.298062698133
177225,0.291210682084
177224,0.201629813191
60914,0.294023627519
19398,0.273249806252
64356,0.300881809131
161071,0.268925189093
5987,0.233357233468
132644,0.288333106174
177228,0.27662634848
61179,0.250369844369
24710,0.266586856531
19159,0.309917960738
160891,0.282575302211
160892,0.254098852922
160893,0.214151946146
180562,0.277934704066
19402,0.272107531031
127475,0.269438960708
19152,0.257125493771
16671,0.294884304433
65270,0.28010592519
277918,0.263236483544
16679,0.292701487375
150179,0.30303681421
183850,0.250889468691
165914,0.252974588939
142814,0.287158952084
22008,0.279606132699
149337,0.28266969535
61192,0.181315620313
142811,0.256408702503
142812,0.245190078813
6158,0.217052275176
12708,0.232281087016
164086,0.282499833077
13602,0.259061964242
4737,0.314642671228
15350,0.307150635209
6791,0.290530797226
118126,0.259570552147
118125,0.30030520264
2312,0.260561645523
118121,0.247745637662
177313,0.30150359866
25665,0.314058788599
177640,0.313105898024
177315,0.266234583438
177314,0.310076951264
165358,0.285107816712
140541,0.302776585087
166485,0.296101896564
23220,0.261350299586
63739,0.258476388295
180658,0.28680856833
161853,0.294432846207
25283,0.308449369396
22717,0.32561182084
184064,0.319851829453
138743,0.2981046995
25119,0.235749707472
16705,0.310099677514
179957,0.261835509623
65474,0.275922785966
25110,0.25866601455
184149,0.244509939898
166733,0.264851330203
7993,0.283864475008
140897,0.24057542503
10917,0.298188737755
141236,0.274117265954
7991,0.228320112244
111532,0.276247061896
63930,0.281672325411
2269,0.291270824728
63936,0.293391581721
116787,0.303123656684
19570,0.298293852228
7881,0.260931236509
63938,0.291050423058
7882,0.289477285167
162254,0.268464467005
20747,0.255881463562
124599,0.279366127435
17035,0.305995516019
2444,0.266788574311
139804,0.280440114005
2448,0.265050429117
63847,0.254787426231
7866,0.25625340682
184994,0.283940675122
176066,0.307172934514
23697,0.352055250458
176068,0.248108837155
24888,0.282273667356
140982,0.209839805584
8092,0.263121890547
138608,0.276753008896
2044,0.261495673671
146659,0.276988543372
138601,0.267412463658
148414,0.288963256386
197855,0.295295924065
163036,0.24764413228
148410,0.234222763508
185661,0.282858670945
6379,0.268328259767
26021,0.274419509664
124355,0.288766038766
166028,0.252416179454
6370,0.285627489367
11124,0.269267485522
12123,0.368361483545
124358,0.274135026565
12124,0.312643168551
10631,0.293799041733
176782,0.252386065378
10411,0.286149059922
10005,0.231151660839
162742,0.257657877109
11944,0.288215258856
133346,0.261673572886
63447,0.288392065981
175465,0.304629562963
10382,0.228826392645
121142,0.266855881425
160256,0.291632202923
63543,0.309713783764
160255,0.304607631389
63448,0.239215242834
135965,0.298820538174
16926,0.323916704946
162560,0.301074503665
8947,0.302971715002
164416,0.208105848212
160376,0.315510812826
157074,0.296828960292
7260,0.264834752128
12234,0.311607011342
63596,0.250236574403
12236,0.256129305648
125531,0.277024815033
12233,0.295234107878
139025,0.280961551232
180958,0.287373497249
146017,0.19013166764
14624,0.291190640055
62646,0.291351053574
175688,0.275258603864
14622,0.26719292706
14623,0.285974991551
148224,0.30249517409
3851,0.226244585851
66300,0.254266826923
152049,0.292640752525
10567,0.230271035158
10565,0.2542821083
125240,0.269010681587
110529,0.297204270863
176268,0.310646108664
24157,0.292883843278
177983,0.285434797275
1995,0.293615544761
10096,0.28566605901
30416,0.291873620309
175269,0.245503075316
178327,0.192178415698
182112,0.258066483684
163610,0.27669871166
8838,0.264553242043
138466,0.272809336514
138467,0.290271679473
147303,0.314783126255
147307,0.227131200344
147305,0.232446983848
8832,0.196690065548
25062,0.295131138393
164342,0.218645031265
30328,0.323125095464
138861,0.257673568819
29962,0.228406391708
147750,0.267784810127
30637,0.30681653372
29964,0.216696542894
28564,0.304191530664
61205,0.248239849801
62088,0.268788514072
12942,0.273196874798
24232,0.322361904762
24233,0.313152246318
24234,0.284245885119
12945,0.285878378378
62243,0.299116295511
183228,0.246791880541
62245,0.308292043136
183224,0.245474588071
175087,0.248516886931
157493,0.282934331951
175083,0.294207635074
13189,0.303580397503
137641,0.282047863476
137642,0.283180510006
175319,0.253004843629
135788,0.274455111572
30259,0.300475818479
175646,0.294617366479
156383,0.295337149239
156384,0.311377686194
29762,0.238877597109
1177,0.285974991551
25069,0.270265091025
1173,0.25273281166
30740,0.310851517155
157921,0.244608891715
13940,0.272440437862
65376,0.257877735113
160415,0.261997646913
31122,0.252295766249
31692,0.305995516019
23500,0.305355080831
160719,0.274401712173
5530,0.308809575943
185618,0.315134813049
5539,0.268788514072
162925,0.292620513175
147453,0.248896993941
22861,0.311240253053
151708,0.255912417589
10332,0.30094601323
11169,0.222041458935
145367,0.304213402358
11161,0.242422506159
14403,0.32026341685
29108,0.293330560177
178453,0.279071301365
175995,0.277806959947
8762,0.264834752128
66610,0.291010385859
7183,0.285646772887
7185,0.278172255095
7186,0.278777096923
66161,0.299943286545
8387,0.287744831338
8386,0.221645974121
61693,0.297162522826
185269,0.267733974562
127644,0.203159512148
13839,0.257031772067
184392,0.288647837358
8549,0.281691078562
8017,0.294125825513
65884,0.297622397299
23616,0.28906196625
65886,0.290910341034
8542,0.264305347326
6573,0.248809173772
139225,0.289794520548
6574,0.265799723583
162699,0.274579791031
180193,0.283750251492
61745,0.265249827597
27760,0.210466099587
28180,0.268686098939
130762,0.281803649927
66504,0.302473548756
144435,0.26692322251
7696,0.285203909673
143357,0.259379597842
28749,0.279772531905
111940,0.319104004827
126600,0.235369381397
28216,0.291551819184
28742,0.247557193845
25946,0.275419867205
3835,0.24429816964
63866,0.293513701006
8807,0.276463669629
4973,0.292115437724
10884,0.266067161363
155394,0.223744050767
155393,0.293167960089
4036,0.280217232929
1228,0.219325073869
60902,0.264305347326
60900,0.278703642711
177256,0.210969832959
177257,0.291632202923
177255,0.293819444444
161040,0.277934704066
18732,0.311928634621
184442,0.294761042218
11371,0.263597283658
11372,0.230584773012
160448,0.264702202202
24708,0.281260386891
141178,0.296122620381
7525,0.336943537469
6532,0.284781584438
160888,0.263794500904
25056,0.266536474739
16668,0.288667530873
25726,0.262127501394
12711,0.268976478067
141339,0.279698552258
12719,0.223531276416
184500,0.280495889684
6781,0.292964963301
64708,0.263827399139
15417,0.344347684545
23877,0.319031820238
13619,0.311240253053
6788,0.282386704932
164432,0.248706795203
185006,0.258492179863
4723,0.325687014087
65643,0.279421476687
65640,0.334123035616
120048,0.302408691302
177674,0.24719560645
177677,0.217476227191
4340,0.287921061586
19305,0.246289073869
165832,0.217018875667
3203,0.237310000561
21118,0.261076144638
65872,0.280514486508
177108,0.26085080148
177109,0.23977105293
148313,0.276048802766
16716,0.293778641855
25430,0.272738993103
16714,0.302430307362
25434,0.28638148098
16710,0.295440262551
25124,0.33293988039
29264,0.289774672968
2271,0.218498244164
2270,0.26739556342
65971,0.308787038389
120134,0.306460959003
120359,0.291411254219
63907,0.280644733351
166230,0.251202279879
9248,0.294637883008
162732,0.273514771478
11017,0.275850828009
63057,0.292175954699
9538,0.271496406571
141846,0.280756469808
113093,0.31197463501
9242,0.278446857519
174393,0.24218660561
64028,0.282594175795
153128,0.268311243579
65515,0.303754756264
138613,0.290670513877
11012,0.316739032789
13289,0.310623302254
13288,0.253702704323
17534,0.322656905361
24890,0.234573376947
12403,0.309963369963
158414,0.295791387025
29433,0.271600975735
2052,0.263023747358
146648,0.276138885263
4826,0.293289893248
113140,0.282783050394
13440,0.282141904508
13443,0.287295443743
7982,0.324289108607
64930,0.301439156455
26038,0.266754933485
7985,0.278208837454
64934,0.264702202202
26037,0.264818176128
24096,0.265933375236
10156,0.276716808371
10405,0.292519358407
62472,0.327071737786
10407,0.268617865532
4740,0.298947219671
8599,0.270680058857
24099,0.285511842904
161852,0.305619763074
10390,0.247412432022
64334,0.273285105284
124434,0.302711597625
147849,0.297099922758
27965,0.269096228455
179298,0.304673435587
63479,0.292883843278
27960,0.209777381129
149683,0.227570998279
126136,0.29684978601
1979,0.245916884627
14898,0.243763323155
176670,0.302819925565
18844,0.243917906146
150477,0.257219283847
14891,0.254695400915
164404,0.155568628893
3594,0.280087382497
6216,0.23758984726
63874,0.310920047031
176479,0.30256006865
148531,0.259490953695
15708,0.273426392659
14650,0.291592005513
176999,0.30668309655
62654,0.311331861663
62655,0.213859684594
179621,0.306794286129
61996,0.261673572886
62895,0.314712883071
3231,0.320870620355
1968,0.250266177688
164572,0.299412638879
1618,0.249410516388
3238,0.320506022271
175523,0.258523768789
21429,0.269730970292
61398,0.310920047031
179534,0.296101896564
165856,0.217465049342
12956,0.312943786982
2870,0.267058006691
12950,0.278208837454
119217,0.273762536396
142748,0.210225578853
13782,0.232677078751
160661,0.251217195107
27816,0.250978763792
160667,0.295688028514
27810,0.278355263158
7883,0.267496996902
122394,0.29695395845
160668,0.275886802295
3358,0.286983653259
164756,0.309080283439
164755,0.262860337972
174236,0.293676684945
7067,0.325336409073
5442,0.211624068424
7065,0.291813228499
7063,0.296828960292
11842,0.319296656856
264507,0.231886440864
147204,0.286964188823
30539,0.297706163805
147208,0.29649614576
29804,0.289299145299
64997,0.223212872593
264509,0.260561645523
184321,0.284417854262
12482,0.262991049229
12485,0.273939786339
15459,0.223850589916
2061,0.282877582403
132482,0.277770483193
8151,0.290550748524
178868,0.286149059922
179841,0.265000626331
179843,0.263761610872
184057,0.295192911463
178862,0.315793402
178863,0.281484931142
178865,0.275563371109
178866,0.280533085798
24396,0.291030403082
1545,0.294412358221
176833,0.286769689576
11115,0.269096228455
14477,0.264107365793
183528,0.288451049905
66379,0.259857511362
166639,0.251456079876
8716,0.29722514928
8717,0.295213508233
66371,0.246145790913
148950,0.245617090445
31751,0.301697090702
31752,0.270940061475
109186,0.26986860569
31576,0.301611063587
165855,0.309351465965
66155,0.301632565766
30222,0.305884904569
127383,0.19842423674
66158,0.301890831252
183700,0.257783464327
8539,0.278135682356
27776,0.284590031614
160471,0.233911985847
12828,0.261237342554
160474,0.286420254536
12824,0.276879785354
12825,0.256938118662
160479,0.313639733136
12821,0.271252724708
15291,0.274847343121
133825,0.281073540158
61759,0.255464315904
66085,0.306950087057
14503,0.259284226008
144640,0.255017780724
6565,0.264387927264
105670,0.291050423058
28206,0.280533085798
29607,0.290490902849
7685,0.254756743738
7682,0.27295013225
28733,0.308561843641
1380,0.261754516209
1382,0.231126406643
29609,0.236104910714
9155,0.28931892779
160989,0.276680617316
3820,0.242561485983
10420,0.28384543137
119173,0.277952962817
161056,0.2639755428
8446,0.306150506512
8440,0.297246030631
179686,0.312550786733
109079,0.252401121518
11566,0.250547758631
144356,0.246547403997
13990,0.28384543137
9258,0.260401280158
160505,0.26274607216
115876,0.318120300752
160503,0.259331903157
60931,0.275169094693
11361,0.243903845045
61350,0.273993006087
66798,0.236699300699
62516,0.228357081174
126496,0.276156908818
129840,0.251935214958
28648,0.2794030245
21232,0.271357106208
65218,0.275419867205
9899,0.279550710274
19355,0.29276224744
19605,0.281616080937
25737,0.283066836154
10187,0.309986079566
16650,0.260481438158
114698,0.269370344432
65180,0.229621187453
24005,0.294884304433
179438,0.277206315927
184514,0.303471524889
4759,0.253322955335
64857,0.275133307322
64850,0.271950122124
64851,0.283693174199
64853,0.287549272801
6774,0.269318905156
10984,0.28428408251
140529,0.262322524645
10981,0.266000251477
10983,0.273038203407
5870,0.275599270453
117902,0.260722208528
65676,0.288844893501
60801,0.301847756296
11291,0.278245429436
11296,0.278355263158
9969,0.268908097115
65671,0.257250562413
25236,0.314105419451
177111,0.293025832814
177110,0.305399162697
177112,0.274028497409
9466,0.262143742255
154056,0.268959379569
16401,0.26423932051
25138,0.258745107632
64103,0.275832844384
65459,0.209975186104
158563,0.273249806252
4632,0.256797766448
120093,0.281559858921
13526,0.305465309364
260779,0.29241827355
19911,0.262095025708
16721,0.273267454628
162233,0.215746264851
149268,0.289239814055
64584,0.307507813068
11748,0.272317693248
64199,0.299837006591
178201,0.29739228228
165934,0.275581319612
63919,0.316928838951
165244,0.309895261115
161909,0.305663921399
28195,0.277206315927
11580,0.270420554774
16929,0.294699449746
166593,0.28762746431
25312,0.252627179365
161903,0.221182497778
65630,0.303754756264
141859,0.287471123794
6008,0.290391214825
138662,0.286013655107
121382,0.250621964222
65521,0.28159733777
65527,0.309464599181
16832,0.300262578951
260893,0.260305155654
63687,0.323545155617
153130,0.289953399123
64030,0.280644733351
4839,0.222018156058
6357,0.246863877706
16790,0.309645784543
141459,0.249822862541
162585,0.274294975689
4523,0.297413187122
13453,0.321773518899
6194,0.287236931432
6196,0.279089709763
64929,0.256984936832
162349,0.284513482617
162346,0.269989151937
64925,0.305774373058
11636,0.286168413933
140983,0.299095150573
26045,0.21825028371
4818,0.248619109179
9346,0.307485465116
9611,0.329337588542
6742,0.315181764005
9619,0.215889376467
13184,0.267209801693
64327,0.256067300127
3532,0.270299623075
63468,0.264272329794
22817,0.209714993804
22815,0.263695855407
10364,0.256020815684
160272,0.304980898147
63467,0.298230774653
5050,0.29739228228
20653,0.289516901601
63462,0.276174934726
151928,0.292944679083
9411,0.265449526319
7203,0.256268927922
116104,0.293432276857
7205,0.256129305648
12212,0.287901469788
63863,0.257862018528
12216,0.286983653259
12215,0.295460893855
165845,0.284647470398
162160,0.29664166024
181904,0.293656302054
160183,0.227852873068
160181,0.271461568074
18549,0.284954202586
178015,0.285723933009
64901,0.255048526132
264708,0.301160224927
4476,0.302841600458
116503,0.267176054559
9761,0.250414299242
14084,0.259316008826
148390,0.264735327243
62317,0.279791032932
122015,0.303972986565
10504,0.26541622232
62313,0.287412539909
13071,0.284169521123
24171,0.294863753572
164506,0.234287612825
179299,0.304038516815
7331,0.247818192468
5518,0.253216829254
1976,0.259046102982
3226,0.272738993103
3221,0.283199464525
176229,0.274811639387
175533,0.277879942204
6375,0.254787426231
147988,0.214989837398
8858,0.288097507831
2163,0.267294206836
179058,0.224194573972
4001,0.216974358974
138402,0.296662459683
133328,0.295192911463
8850,0.247513747514
21542,0.272475528078
30185,0.258935128519
123720,0.306128355401
12926,0.319561933535
178676,0.25668870958
12250,0.292640752525
30188,0.301396210286
5475,0.266738116253
14269,0.207738007561
10213,0.248167047921
156633,0.247499268792
30298,0.316336448598
149477,0.258903438992
1773,0.341622930965
61153,0.255433470176
62221,0.227155588962
129438,0.20172594641
178973,0.201083598688
112111,0.252250640911
112112,0.316454749439
24731,0.305840682377
8148,0.306994630678
12544,0.267784810127
28349,0.310349886305
6994,0.213395874313
6995,0.268073243363
184281,0.253763569843
61407,0.252025256135
184287,0.315793402
61418,0.23819174689
30293,0.307262164125
18364,0.226523182354
178081,0.273408723748
2807,0.301998572448
24547,0.313802566194
19428,0.301417681841
184046,0.302343861655
15111,0.308067569535
184040,0.275401939725
162906,0.254940949626
162907,0.299603455601
29127,0.294207635074
64223,0.259713952489
66366,0.291612102833
1554,0.232779489437
183554,0.273691700627
183555,0.252823423962
28340,0.279237064414
2991,0.280588898468
3036,0.300518502735
66368,0.255418050106
3031,0.27973553719
29129,0.254542173024
31587,0.298757237678
174118,0.265749638842
29900,0.291170600785
30614,0.213935379481
30612,0.29383984999
31748,0.28890406282
31744,0.324214559387
31214,0.200568855179
31743,0.303885656827
30618,0.227094627234
178704,0.278850589864
31564,0.287432065217
66148,0.288097507831
126718,0.278850589864
178703,0.294987101722
65706,0.311080067642
163983,0.250904346795
111491,0.272844521829
27997,0.254419723391
163987,0.279237064414
144567,0.30661642148
25896,0.318503462812
9999,0.291270824728
17724,0.317929065224
12589,0.271810355904
5606,0.273108701265
5600,0.246188758292
178493,0.295460893855
178492,0.294637883008
12850,0.273868858826
12581,0.278190545072
28347,0.261965203393
12855,0.243763323155
5608,0.258334350959
29901,0.167134110211
11035,0.214249544258
11032,0.306861038584
174119,0.260225106095
66098,0.302950021481
15092,0.288726627542
151161,0.252597014925
15027,0.245659873425
161120,0.265499497992
111961,0.208608618479
105538,0.290570702562
111965,0.28890406282
29634,0.269164705134
1397,0.244877879384
151364,0.279643093192
9325,0.233280035287
1974,0.245503075316
183606,0.310920047031
3813,0.309170624772
127282,0.284532616005
3622,0.260754344879
22650,0.268158194955
183603,0.30901256208
3814,0.286594865542
160991,0.311125818075
110566,0.224182694855
180150,0.244594750838
8457,0.29107044579
23252,0.263548025414
8455,0.284551751967
109084,0.225005318017
30964,0.237897104301
15337,0.239418288818
13988,0.317332933323
176701,0.246117154325
184263,0.29037128543
165742,0.290710457606
13200,0.269164705134
12459,0.308899759071
165746,0.211571157116
178848,0.275832844384
174115,0.307977871597
61321,0.290490902849
7549,0.225942539784
61325,0.279643093192
31368,0.307351445591
175055,0.294269022117
31567,0.228529761262
16641,0.312458459493
164411,0.291793103448
31242,0.309351465965
154595,0.289378291499
130305,0.274010750599
8031,0.295151726543
112254,0.312320070864
8030,0.284035982814
64821,0.304673435587
31560,0.256346561648
166458,0.298715052245
6768,0.259586477698
23810,0.214793380039
114421,0.234820734821
10991,0.299200905169
24617,0.29848324515
24610,0.25950686948
118795,0.282934331951
180395,0.200921265077
150562,0.246763093433
25633,0.341154652475
25632,0.296454596413
5862,0.255603213919
25140,0.30817976546
65444,0.304936936937
177125,0.271705625482
177127,0.320045385779
64132,0.262762389765
64130,0.279569181974
124634,0.259522787217
64135,0.240138486861
184676,0.290470959769
22729,0.228603846985
4608,0.234028430776
2184,0.28023579282
4605,0.318815462286
19907,0.316029279952
25389,0.265233199599
13510,0.337885321834
177872,0.295998320974
184961,0.269610654432
158354,0.251276873738
178494,0.207605495584
8579,0.292297063903
163921,0.308809575943
177871,0.282085472365
153728,0.28266969535
165924,0.250177388836
137611,0.277297155591
64626,0.262729756582
166213,0.272686259345
121974,0.298630717109
6130,0.300667993178
254399,0.26433837311
64554,0.314829972468
124254,0.255680444767
64004,0.29554344789
65406,0.298715052245
64550,0.224491961585
64552,0.274366124116
161897,0.259109559679
6900,0.260337189269
2436,0.279680063458
2435,0.262599304866
16821,0.317213975109
116772,0.275276512687
185654,0.289220042382
16824,0.294884304433
3761,0.279218636574
65532,0.308381924198
61811,0.244354605833
179186,0.268788514072
61815,0.304695376638
6346,0.250978763792
4510,0.261722132871
62640,0.245788311839
141460,0.286071670047
4517,0.278026021816
184700,0.269130462439
11649,0.241385212232
6185,0.22347224423
119493,0.303015111366
17197,0.281559858921
162354,0.276988543372
17195,0.300967420686
2504,0.288490385927
11644,0.252823423962
141913,0.267243557352
162576,0.293289893248
9355,0.24479287202
9359,0.28854941008
5284,0.258082225204
25964,0.277588243013
165993,0.299879509533
22829,0.302733257012
21241,0.209248269041
5047,0.214488492345
212340,0.270196053388
10374,0.283199464525
63415,0.277934704066
63417,0.287197936465
63789,0.27295013225
140565,0.294023627519
3785,0.237403209516
63781,0.305531484691
16910,0.281859969356
163772,0.266033702213
30666,0.184172724503
6239,0.307641969025
10777,0.249484049767
4990,0.316786463013
63895,0.300603907638
12206,0.274046246519
141001,0.261997646913
162175,0.277133687037
61608,0.288431385916
63892,0.27529442384
125274,0.297016497016
164680,0.268022298239
63527,0.258208226535
10519,0.260129111589
9778,0.269181829749
140904,0.241316374836
9774,0.231594504352
9777,0.255248552124
29353,0.256191341205
9771,0.21423869563
121759,0.283066836154
164510,0.285069397655
8864,0.27140932709
179288,0.254343252179
9289,0.248604500852
176235,0.266553266553
182383,0.275886802295
9284,0.300454480898
176239,0.283959731544
175503,0.241467868965
63099,0.274972379281
19150,0.300454480898
11910,0.282311336492
162770,0.28786229419
146119,0.304871018879
11914,0.257972074873
146114,0.308584348333
64061,0.278208837454
65703,0.247861745753
2859,0.290132345882
264418,0.304695376638
264414,0.275169094693
264416,0.254879518072
175263,0.247673125329
133246,0.271775436793
14219,0.31953779926
3336,0.274972379281
10200,0.260690080099
108693,0.221113143454
160684,0.270368713656
16478,0.290850347151
175342,0.208588049694
29755,0.265083641376
10195,0.234755590079
1704,0.282047863476
29751,0.247716627635
10190,0.288923791314
116894,0.314572490706
174744,0.276229026572
14182,0.250770507349
62236,0.282085472365
10198,0.247716627635
14186,0.275671097211
15855,0.279957652352
112101,0.303340980786
29282,0.293228913993
184885,0.293269564012
176523,0.26810721754
174637,0.249131484426
178803,0.276210993602
178806,0.253641867994
146607,0.293513701006
30990,0.314994044074
1121,0.298062698133
8606,0.306549775395
8605,0.304541855611
14324,0.288628146531
106404,0.310623302254
25880,0.257360097324
25882,0.264123852925
4579,0.246145790913
15106,0.28084965151
160912,0.243594910473
30281,0.267294206836
15101,0.323273227384
29131,0.275115417127
66313,0.311080067642
29133,0.282217182497
24379,0.288982992965
24378,0.267277321541
3028,0.263745168932
3650,0.248838440275
3024,0.306927820094
2986,0.27433054529
157354,0.243833563854
29910,0.289873938065
137230,0.291050423058
137943,0.249631246681
30354,0.327730441518
160990,0.322656905361
8734,0.317809659731
183388,0.310122407095
31775,0.237603189757
175983,0.233190035273
1234,0.25625340682
2080,0.29722514928
30778,0.231000218388
8515,0.270299623075
1230,0.256191341205
65413,0.29707906193
4199,0.284456097889
126721,0.26899357874
4194,0.227595481442
12598,0.283693174199
4193,0.298651796428
175966,0.28384543137
5671,0.286536638223
137874,0.267784810127
12840,0.261253473294
4351,0.282236008272
4352,0.259157172608
28717,0.266822223624
23253,0.269885819991
6509,0.275258603864
28712,0.26130187747
31489,0.321895922094
31488,0.291913895405
145979,0.252898983861
31170,0.304191530664
174567,0.244764549346
148170,0.273391057121
163596,0.265349639385
23062,0.269816975958
139665,0.295192911463
111976,0.285127030123
24283,0.239404741696
180363,0.277734016017
29621,0.285859063577
24287,0.284093198147
163887,0.28159733777
61028,0.256393164465
183612,0.244623034228
62797,0.267108585859
3807,0.256268927922
23485,0.272247603114
8463,0.257924896367
143689,0.294187178417
11340,0.302171118412
64979,0.305575617507
11343,0.306838784538
136306,0.226632385238
23714,0.283066836154
111779,0.303080229226
110685,0.269301763096
108306,0.288490385927
24755,0.247412432022
12445,0.24339872289
6433,0.228160051769
5709,0.279550710274
184256,0.274775944928
12441,0.287842710388
184258,0.217767255134
184259,0.205908117578
8199,0.286420254536
177267,0.282405553331
177264,0.276499803947
110179,0.303406238795
177465,0.191093446547
61338,0.246002674574
8357,0.253641867994
65417,0.273620901507
31392,0.287647018832
177284,0.263449564134
177287,0.286886357472
109926,0.287510192987
180231,0.265849827207
165798,0.258302808303
64156,0.261981424149
5073,0.236395127947
13646,0.25534097767
166689,0.297622397299
28866,0.319851829453
4771,0.28638148098
15331,0.264057916745
165640,0.261641209573
23809,0.330546875
3062,0.311905639513
162272,0.278410212542
165649,0.292135607264
166443,0.257626499422
62967,0.27673490745
65838,0.251950217352
24620,0.258192469641
65831,0.31508787608
19024,0.326566841618
25623,0.270006381621
62288,0.262371325809
25627,0.301374741791
154039,0.292823032736
25405,0.238044334421
25406,0.208814529661
16748,0.317237759616
24975,0.283864475008
12458,0.208075145077
12053,0.285030988952
130200,0.273957523958
266315,0.294494327278
141277,0.258966825805
4611,0.300774863155
141278,0.27610284521
158587,0.303689348263
13505,0.260657959586
183942,0.257407069417
161924,0.305487364621
160207,0.320045385779
12691,0.263646560319
151630,0.269920255183
2222,0.293208593209
2220,0.277333508128
166208,0.263072809799
177734,0.192134780437
65235,0.288431385916
165264,0.290790378007
151632,0.292985250329
10832,0.302646638054
181617,0.295151726543
177739,0.291994478951
150139,0.285377040335
64637,0.275151199844
64547,0.303427997705
10305,0.258381679389
63927,0.292741991282
64549,0.249381115172
65548,0.308112438101
62169,0.250103446238
146616,0.273585515681
25579,0.257203647416
4503,0.285781830463
61737,0.298441137053
178851,0.254465628195
63667,0.280924241418
25570,0.288293813028
25572,0.259141299688
7824,0.283408131824
26067,0.303558616731
117868,0.311446448289
166061,0.28170983421
124394,0.276499803947
25088,0.273179235537
26061,0.270784
117161,0.283465094466
61732,0.279016090741
184717,0.246533038107
16698,0.304651497696
2086,0.284609175299
26069,0.29201463179
161813,0.263909680639
3342,0.255974348115
2538,0.259046102982
17150,0.315746268657
27794,0.271235335598
161814,0.272195059187
64942,0.2528083174
148932,0.294412358221
2536,0.284417854262
11657,0.236197175236
153028,0.285203909673
160213,0.285723933009
17762,0.329928259513
160211,0.243230813452
160216,0.263465969238
29968,0.290112452002
174147,0.258855919241
107446,0.255773183412
11178,0.29548152804
105574,0.280495889684
8987,0.266134104919
7951,0.244778709864
149070,0.276572100928
64304,0.292519358407
7228,0.262159985129
64306,0.317166416792
5071,0.254251547383
64302,0.287471123794
175424,0.278117399592
63798,0.239255824474
63799,0.306061921296
1837,0.268498540424
11770,0.305796472969
63790,0.289042218882
185827,0.309057706355
185532,0.281653574757
185821,0.272230086218
2154,0.261641209573
113530,0.219075234298
122921,0.284417854262
2150,0.264702202202
2403,0.27140932709
4988,0.262762389765
6242,0.268413373089
184807,0.277825201917
10740,0.276608263598
20904,0.275169094693
183920,0.290132345882
18560,0.250266177688
62686,0.217778464072
65610,0.30761960157
1951,0.267649291498
63531,0.273038203407
152249,0.288058278867
62330,0.258050744084
30255,0.269079114729
63538,0.311561119293
25180,0.19715750233
8873,0.277570032146
63083,0.290750412314
63080,0.27669871166
7315,0.297287802136
178600,0.298146712705
24113,0.261900340452
13092,0.282537562604
3246,0.285492577598
11903,0.265549488483
164661,0.299095150573
179077,0.278208837454
176954,0.245974071275
12909,0.283047899385
30161,0.28882517578
112007,0.311125818075
179700,0.248560686171
62755,0.29125077442
9016,0.272633545976
62204,0.277024815033
7034,0.285107816712
10236,0.289101469081
10235,0.293371238386
20297,0.31278184372
5496,0.253778790787
5492,0.272897316821
27823,0.262615604246
5252,0.289477285167
1712,0.285223136039
179380,0.30668309655
29722,0.292985250329
63338,0.288451049905
21503,0.306994630678
156613,0.295770709542
31881,0.262599304866
63337,0.23168327675
157218,0.285801134828
13498,0.254910230148
156614,0.260417307811
176558,0.291130530517
12140,0.321480130689
176556,0.270058083871
178811,0.293513701006
119316,0.224515786681
119314,0.239703132967
178814,0.284513482617
183283,0.318407585792
152809,0.230233443979
184068,0.289615990143
179818,0.271862751398
179819,0.237389889469
28410,0.275617223634
174485,0.252340907735
179817,0.23406727152
144135,0.272107531031
7781,0.250725925926
31764,0.300732106049
122211,0.262762389765
122212,0.25869764598
66301,0.262403870007
124615,0.299285562708
178995,0.26246898263
7146,0.279846550698
10999,0.260433337437
183570,0.314736293982
24363,0.242561485983
29382,0.288943522502
164652,0.27286211789
29386,0.286594865542
29435,0.2571411207
183377,0.27669871166
29389,0.297622397299
1004,0.295234107878
143640,0.287725263516
114880,0.294023627519
12874,0.273922051016
183593,0.275922785966
28380,0.278611879363
110760,0.264420973689
4186,0.232217343578
30384,0.325036490743
6534,0.238931556359
179925,0.259236566387
5667,0.274241638579
109318,0.289457481015
147708,0.230220916313
165123,0.261803106243
166451,0.247426900585
160447,0.265866532613
175978,0.298883865499
4341,0.224135190973
118577,0.278117399592
180711,0.296350773972
28704,0.257720655418
2884,0.281466205428
14535,0.254068336036
2888,0.287979852981
133871,0.272422896143
25980,0.252491496091
174390,0.297016497016
10793,0.268464467005
177996,0.282236008272
8611,0.304651497696
66239,0.256455327919
24293,0.254144641999
24291,0.281484931142
22632,0.259363697664
62016,0.282405553331
163893,0.240425048301
6547,0.279920608667
145701,0.302646638054
65106,0.300433146347
144383,0.190268471466
111581,0.242881745121
30067,0.319586071456
26520,0.275133307322
8479,0.261156718721
8475,0.282141904508
184487,0.305619763074
161000,0.295028240708
7566,0.269233216672
157117,0.300028364771
12471,0.32319914445
150838,0.294269022117
177921,0.265432873275
150837,0.287607912446
12478,0.25955462855
177924,0.295460893855
177925,0.263515196811
184241,0.279329240114
61490,0.293005540166
1598,0.308022714036
155616,0.260963424413
66268,0.285261596548
61655,0.266637257373
28675,0.258539566147
61656,0.253035105556
66438,0.230874167849
61302,0.290013023511
31381,0.273868858826
3905,0.27547366365
145636,0.285454054783
11228,0.339158316633
165785,0.286769689576
180228,0.31626551054
127179,0.212399598394
28877,0.227681214013
13657,0.285338548692
177124,0.284973395299
11482,0.3220674431
165653,0.245645610776
165652,0.289754828106
120774,0.301912373341
163948,0.250755645113
140044,0.270714697038
121257,0.291531730173
140043,0.311423524216
140042,0.287373497249
65045,0.288943522502
3278,0.237389889469
9954,0.228123146601
181445,0.229770826545
7368,0.24764413228
64794,0.290630581124
25167,0.283218421581
25166,0.272125032158
120513,0.276409485856
65317,0.257266204548
63138,0.235815405195
181269,0.273833408841
174136,0.28189752815
32280,0.258586969808
16597,0.267412463658
166789,0.179439331609
183974,0.287100495352
184652,0.261689757546
161952,0.299900765523
161953,0.264173326673
174135,0.293208593209
133764,0.284131354509
12689,0.258429025165
118267,0.297936765017
11796,0.213848875411
2237,0.261576506955
65220,0.295172317567
176760,0.243721198157
65226,0.281222997674
65228,0.282462113626
65229,0.239757465858
133768,0.304607631389
65958,0.324065563725
133769,0.278722002635
12189,0.242867803226
3497,0.276789218893
20847,0.319996974739
25509,0.296933118114
120193,0.325661945813
65552,0.262371325809
65553,0.283541080284
63651,0.282104280571
63650,0.277606456269
65556,0.307039187228
65554,0.265133475373
26071,0.326214340786
16188,0.257987804878
16689,0.299709570022
5313,0.239513161619
61871,0.291491560455
61870,0.273550139006
30651,0.261916553176
16681,0.313105898024
11669,0.297852868708
11465,0.318551422978
24965,0.291752861674
4494,0.31151524076
4600,0.260770416025
11462,0.294863753572
4601,0.332835116425
2663,0.254007324248
134932,0.286459038592
27920,0.267361769352
121136,0.235186214564
27925,0.281916311301
160204,0.298167723749
162559,0.306372194062
10353,0.262893003604
162557,0.328953506453
27928,0.284226790273
135425,0.282688581546
9372,0.260577692924
62922,0.291632202923
4885,0.309464599181
62921,0.269524780227
17151,0.322018418449
25216,0.279439931312
102696,0.288038668391
158743,0.238864111105
158742,0.283940675122
9173,0.276192962987
9171,0.280588898468
10685,0.231632541334
182387,0.279421476687
25186,0.296933118114
25181,0.234391446457
61900,0.251112825687
61903,0.266872713511
65944,0.270075322354
1820,0.240124858116
16974,0.306194818353
10345,0.253156225693
6115,0.252295766249
12262,0.279421476687
105365,0.278282031044
4498,0.218633732947
12266,0.283902569952
10757,0.289774672968
10530,0.27381568729
19965,0.241440310431
184569,0.281410043232
5395,0.298167723749
122841,0.288117126319
184571,0.28216072024
6308,0.280924241418
11805,0.262876669773
1920,0.23017081928
63501,0.296081175647
3275,0.28384543137
160338,0.306128355401
1926,0.346122382199
4225,0.221680813161
148350,0.269079114729
160331,0.272703834998
9715,0.274936643057
157118,0.300113491275
146137,0.274259415311
124046,0.313059563448
62123,0.304805129313
116029,0.281672325411
7366,0.316786463013
8543,0.253672282511
6829,0.27470458382
176725,0.29203478741
176726,0.209839805584
11930,0.229384657089
112876,0.300860413852
30175,0.282424404245
161798,0.29575003495
161072,0.278740364978
161797,0.216852032187
133468,0.277551823668
30170,0.302149539384
12915,0.251023435182
66149,0.267547742507
7022,0.305597688696
62213,0.272440437862
270989,0.208649768222
3310,0.273691700627
10221,0.284685775804
20029,0.294330434783
29733,0.289338712986
140194,0.293941920245
24032,0.309057706355
1728,0.297643334506
5581,0.298125704622
1722,0.278593533944
180822,0.286245856167
180821,0.22891305524
4383,0.30118166287
62745,0.23000815439
179666,0.290052786728
272699,0.273957523958
176540,0.281841193712
13139,0.252461364043
175163,0.275276512687
138321,0.263597283658
108449,0.285088605889
163977,0.262811354743
147175,0.292964963301
178538,0.209881442532
178539,0.302971715002
115121,0.30853934223
30710,0.280905590227
62217,0.248706795203
175271,0.294740508534
30714,0.271600975735
178531,0.289873938065
7799,0.309940663688
174490,0.294228094576
3007,0.276517874649
18358,0.306505360765
27765,0.26518332811
14304,0.242993337928
14309,0.25925245098
7694,0.271600975735
3144,0.270836000512
174647,0.33624731781
174169,0.271950122124
24352,0.279772531905
126036,0.254588122029
24350,0.293452628659
143356,0.29575003495
4409,0.27839189367
144437,0.277006678015
153813,0.281616080937
142251,0.268942283244
29930,0.231822913813
8633,0.265067034206
111000,0.291391184573
164648,0.265866532613
29392,0.245688403693
7691,0.284150436535
30006,0.292985250329
30007,0.268805590851
1210,0.24443930903
183581,0.200663979132
29613,0.305686005346
8068,0.321333637123
178752,0.27360320745
66235,0.318791440627
145552,0.308899759071
143421,0.271339703713
8060,0.235618421785
7486,0.257595129376
7481,0.251306723687
132518,0.270801331285
6529,0.29633001821
9393,0.293941920245
8266,0.257031772067
150937,0.281916311301
163933,0.246705539359
30398,0.295419634129
30399,0.255464315904
133869,0.305377120173
133868,0.275545424943
174389,0.261043928924
29734,0.218667631402
11060,0.277260812582
11065,0.247137850467
23002,0.299116295511
29649,0.279439931312
31629,0.244538203676
156155,0.27360320745
156156,0.255110039192
156157,0.254435023152
183101,0.293676684945
17694,0.299561030869
17890,0.227106816962
28967,0.309396709324
174541,0.282764151574
66061,0.235055555556
114524,0.266754933485
129823,0.267446270544
66065,0.237216864768
4087,0.241316374836
3863,0.255726805681
183636,0.314105419451
144396,0.261431043005
66592,0.214880650076
160541,0.27753361758
66597,0.288274170471
176899,0.287686135854
177930,0.315982076176
161013,0.286303965354
8402,0.246533038107
160549,0.257610813444
23226,0.26541622232
3735,0.265233199599
23224,0.256020815684
161014,0.291010385859
177446,0.222158046731
184239,0.283503082284
160781,0.297978730897
19137,0.314666071694
5723,0.246619258568
160838,0.253459533936
6416,0.234964180596
6410,0.285396290051
9812,0.270680058857
61487,0.302322257949
28608,0.287705698354
27828,0.285165464717
7772,0.281353903445
66446,0.272090032154
61646,0.273868858826
144559,0.27021330949
144809,0.270541594731
2136,0.294617366479
65148,0.274348333549
29955,0.271845283989
60992,0.245147459297
117768,0.277606456269
14938,0.272563293178
6733,0.301331813973
166460,0.249749129331
133166,0.277369870198
141469,0.262241229701
5835,0.269438960708
4156,0.235710306407
11259,0.302300657331
60846,0.305553549505
163930,0.262762389765
140073,0.269971924451
9299,0.267971372475
61004,0.292944679083
165468,0.224754316069
110533,0.230245973008
165466,0.298399040835
9921,0.236739033124
9922,0.231873732668
165465,0.306460959003
28119,0.283940675122
28118,0.276247061896
19262,0.317857411164
162459,0.28888433702
64784,0.310486534087
22772,0.257799171338
65491,0.300625266449
25173,0.313965568418
16763,0.304454198748
164364,0.303449759736
145049,0.319393070129
141462,0.286536638223
145042,0.259618334663
12075,0.280868295273
145041,0.279384574749
145046,0.302538434036
119574,0.303929315423
140672,0.27474025974
161942,0.317451980792
6649,0.234261668789
31843,0.282386704932
31846,0.259300116443
10813,0.255927897411
15087,0.22380322666
165209,0.283465094466
65967,0.307910632414
10816,0.257704957973
25774,0.28443697479
150481,0.272107531031
19318,0.302063254087
184449,0.295419634129
110164,0.3189596683
63640,0.244807035816
106261,0.261237342554
63643,0.286362098139
24825,0.293717459216
8215,0.287901469788
12559,0.268600812595
65569,0.301890831252
11099,0.275976779075
65765,0.230220916313
184735,0.279218636574
4560,0.317571117616
109826,0.267835665
3647,0.22274282706
148476,0.276680617316
164369,0.306527566471
148470,0.25768926244
11670,0.303254013761
117141,0.317761922644
117142,0.296475369631
64480,0.285434797275
2555,0.246217411546
2556,0.287744831338
7798,0.267226678456
2558,0.304169662114
141389,0.285492577598
12788,0.243077099851
165846,0.285473314891
17367,0.314035478364
2393,0.266318373513
2390,0.252295766249
12782,0.249131484426
12785,0.225882227324
141384,0.210591807277
27932,0.295275315793
63422,0.291672411416
11376,0.236368715084
27936,0.290490902849
27937,0.297329585383
63551,0.309940663688
5018,0.235094738012
2771,0.284379620917
27938,0.298293852228
27939,0.261592679609
160232,0.299074008624
160233,0.322337345726
7658,0.235920597747
24021,0.248312694407
17148,0.309035132569
25201,0.265249827597
17145,0.30053984941
7977,0.281935096955
7970,0.289279365513
16785,0.323767982859
12256,0.271496406571
116387,0.255649546828
16781,0.311240253053
12252,0.268942283244
4418,0.296392294221
176404,0.285531110811
118223,0.257909174032
6268,0.268260207963
21186,0.274651087309
119594,0.28312366167
6066,0.304498020871
125601,0.268226195004
2176,0.276644435726
125604,0.205827982098
17095,0.316478420226
30016,0.24281205165
7526,0.275671097211
122902,0.309283625731
2606,0.268260207963
24463,0.270299623075
174160,0.27200257152
14822,0.315982076176
14820,0.30626131017
113269,0.270178799489
14824,0.302451926514
62826,0.289576346588
10787,0.266536474739
62592,0.27245798184
62590,0.289121224546
10035,0.308967430992
5125,0.238877597109
10789,0.251023435182
6315,0.305818576075
10030,0.251426194438
64218,0.292337455952
146140,0.304914961084
61069,0.321871434005
120301,0.277825201917
25079,0.254511549567
8898,0.317809659731
3980,0.270541594731
8892,0.274312759336
3469,0.2865560447
177882,0.30950987564
11929,0.2658331239
12321,0.26950761195
177881,0.306061921296
31718,0.290930344496
11923,0.275724991854
11925,0.275617223634
180652,0.239255824474
141720,0.292823032736
132988,0.3031019414
14954,0.183565447525
7154,0.283028965148
17173,0.306394380477
30490,0.283826390286
179231,0.310646108664
30495,0.296766500666
30146,0.272721412917
20338,0.224325327395
62553,0.280458703434
25357,0.306172660829
142391,0.241467868965
5046,0.266570060484
29097,0.270541594731
108664,0.311721800634
1585,0.231240094004
27845,0.276048802766
29921,0.219120617329
29101,0.285588930138
176572,0.289516901601
164255,0.258729285146
18699,0.258982677358
9216,0.237830241709
29705,0.251411254382
61676,0.303145375081
5234,0.266201082169
175376,0.275868813979
30540,0.280663349917
164494,0.22529286475
158791,0.300049641869
13124,0.340440939813
176375,0.291632202923
137024,0.294125825513
179657,0.22891305524
15803,0.290013023511
11819,0.303123656684
176378,0.241965000572
15153,0.289437679573
29894,0.220548373645
179342,0.287236931432
179831,0.292398064962
4645,0.2490581587
184009,0.301374741791
137373,0.258082225204
109930,0.240479708992
178834,0.305907020461
24344,0.289695309825
3071,0.315534342606
156095,0.253687492505
28477,0.266368672878
1593,0.277097386862
14311,0.2274608892
2953,0.253413991375
31702,0.304936936937
31703,0.307910632414
65689,0.311813692977
183366,0.260049170252
31707,0.304038516815
5342,0.237123802051
175607,0.293208593209
7163,0.21629773529
126020,0.256626432947
143668,0.271252724708
178633,0.26645254739
62107,0.285820441802
183352,0.258713464596
137573,0.295791387025
30032,0.291230726872
4367,0.255263951735
1209,0.292924397674
66686,0.28266969535
12895,0.263876761881
31521,0.295089970707
23107,0.310714547991
144010,0.246131471786
164109,0.288510057961
18037,0.305553549505
175955,0.310213358751
175953,0.291732744949
8272,0.28762746431
183580,0.295791387025
28278,0.311607011342
2002,0.309080283439
66681,0.306994630678
162892,0.273373392776
4274,0.282236008272
162894,0.304191530664
14555,0.270593502174
1447,0.317547283098
12868,0.278227132242
175007,0.250266177688
175006,0.306994630678
1117,0.252536707652
114959,0.24045237554
114956,0.323347344287
174531,0.298083697337
174024,0.313477068978
175008,0.294248556923
1449,0.291130530517
31147,0.292681239624
4093,0.272090032154
4091,0.260449369037
4090,0.305024872035
13786,0.277515413879
31453,0.301245995016
4094,0.295192911463
185194,0.254419723391
183640,0.266738116253
2005,0.322607701106
23587,0.239269354747
177943,0.256129305648
66588,0.272090032154
177944,0.321944909451
66586,0.298588567396
111721,0.294350911368
11313,0.321651208758
19129,0.280831010222
160797,0.305421208403
107325,0.304585702973
7585,0.282217182497
160798,0.274046246519
19124,0.298947219671
180029,0.260963424413
7741,0.298504303655
61673,0.297120786517
28616,0.27875872974
143283,0.283655135425
127377,0.275366091767
22507,0.268005320834
22500,0.251770306456
150258,0.268703162708
60983,0.307664339732
8264,0.277989487516
8304,0.247412432022
177576,0.257407069417
166414,0.272212571576
6528,0.248677559657
6081,0.263482376386
28853,0.297517755432
61581,0.20975658123
61585,0.302279059799
61584,0.284074123808
61587,0.275509539624
61586,0.298567497001
4145,0.262615604246
163920,0.303732950467
160196,0.255649546828
15208,0.296704067321
8099,0.291612102833
11264,0.286400866446
65021,0.296288515406
65026,0.271845283989
177895,0.234456389228
177896,0.274651087309
160488,0.285646772887
145729,0.302214285714
180118,0.245888301273
9937,0.274811639387
22761,0.241165070679
165691,0.216940983438
1487,0.306794286129
126010,0.251097922849
165699,0.293228913993
16775,0.306861038584
16777,0.294617366479
181931,0.264652530181
128978,0.270265091025
158313,0.29758053172
25691,0.275061760499
110250,0.314947149025
25340,0.291150564272
12065,0.267988345579
6097,0.245517321418
185177,0.296933118114
61285,0.229347354727
12669,0.300347838433
121934,0.294064498193
151403,0.295729363249
6653,0.294064498193
10451,0.29739228228
177099,0.276753008896
107817,0.318263878441
5918,0.272545735635
25749,0.260449369037
25747,0.279255494687
127797,0.297894810955
25745,0.27449072272
64844,0.259969278034
165215,0.275312337324
10801,0.279273927393
65796,0.31028160751
120358,0.264536701263
161996,0.305575617507
161997,0.253550668185
65576,0.279255494687
63639,0.281522390046
24837,0.253080512023
64515,0.27502600104
28940,0.301826223427
266214,0.308854660924
185619,0.222508545885
266216,0.289279365513
65772,0.257109868741
65771,0.229995651229
21066,0.265349639385
19873,0.31431542976
184748,0.2235667107
183822,0.314689475642
13421,0.261060035787
21061,0.307888225877
2547,0.319272562632
139526,0.245119054516
11687,0.317071342926
153895,0.302171118412
114608,0.283674153537
29942,0.261689757546
11440,0.30013478045
165501,0.305907020461
11446,0.243384721583
65482,0.307351445591
65483,0.299222065064
3556,0.238057728014
23006,0.298546429579
64175,0.22482597375
12796,0.281841193712
65587,0.262224976759
25007,0.228640907863
30098,0.253885388539
3580,0.272142535537
3581,0.24281205165
160228,0.288706925964
64423,0.315557875895
175509,0.264090880719
27906,0.254327963453
176275,0.266586856531
140938,0.306239143023
160225,0.286517234374
2285,0.271165801448
64194,0.317309134543
1949,0.29471997771
260774,0.281148249053
16955,0.318935624906
64193,0.30853934223
25234,0.316100112066
17131,0.305200894467
176237,0.283674153537
143974,0.250443944596
17132,0.294884304433
7904,0.266654061889
7906,0.319128073616
17136,0.308336977117
125580,0.302127963439
61925,0.236447971387
114748,0.306883295858
4423,0.262697131504
163927,0.281784881785
4622,0.249175500589
166747,0.283826390286
111179,0.297622397299
62110,0.277151840692
148391,0.296267768364
162404,0.318479488145
64879,0.248853076109
162401,0.266654061889
122916,0.273868858826
122915,0.286110359751
6078,0.279458388375
2615,0.271862751398
176238,0.256129305648
8493,0.31508787608
160312,0.295275315793
163926,0.305222911557
7346,0.262241229701
150761,0.263712291199
66060,0.271217948718
29875,0.294535328924
7343,0.275796884167
16245,0.321944909451
1906,0.213740843647
10795,0.222508545885
63291,0.203913441612
64228,0.320651762031
153793,0.276807327445
13794,0.267886539192
149738,0.23985260771
120824,0.242979383219
179003,0.290570702562
176703,0.295192911463
143910,0.311423524216
146156,0.260979521342
163685,0.282405553331
163680,0.294535328924
163681,0.291672411416
282553,0.26003318788
65467,0.31888754899
12338,0.31412874007
135990,0.273567826199
138126,0.271618411761
138122,0.271757980602
27875,0.306216979084
14960,0.276283139611
27873,0.231543807804
112819,0.20522894839
176963,0.269593475213
163668,0.239784641542
163669,0.274348333549
62768,0.229049372023
29082,0.286905811351
10247,0.268600812595
9023,0.248984876125
30558,0.262046327264
12815,0.273373392776
5229,0.264785030352
63166,0.30303681421
176567,0.283370169446
176565,0.298947219671
185209,0.29618480924
29710,0.294740508534
143870,0.297538677918
29241,0.295956911024
11861,0.308809575943
14815,0.284188608275
179648,0.276879785354
176361,0.19383360821
176363,0.300796246268
176362,0.267007446674
138341,0.278611879363
175490,0.246031284526
163594,0.291672411416
163595,0.270507000831
113490,0.261592679609
179132,0.260690080099
15142,0.291672411416
178519,0.286614279908
162958,0.275366091767
29887,0.285261596548
184035,0.294187178417
238157,0.281841193712
156953,0.31028160751
162957,0.259841552539
112721,0.284590031614
14369,0.271061567045
14368,0.25342917041
7171,0.289239814055
180905,0.256984936832
2942,0.261060035787
2940,0.320239176506
5357,0.28786229419
62168,0.272651114834
174148,0.286303965354
31739,0.301611063587
31738,0.268515580377
122263,0.286362098139
14401,0.294146273637
160173,0.32558676414
122266,0.247282291058
112030,0.266100628931
178608,0.273567826199
133288,0.284762417553
1690,0.271183181643
112034,0.261318016182
164664,0.257846303858
164663,0.301826223427
179739,0.287314953144
164660,0.249778617392
1279,0.282839762016
118502,0.281541123237
178172,0.216353037431
30029,0.269147582697
160785,0.237123802051
12886,0.266822223624
1274,0.314502341485
61763,0.263778054863
122380,0.267429366032
184109,0.253520282821
14563,0.247716627635
14561,0.276138885263
184101,0.308202214452
8240,0.250963876861
137602,0.26271344303
24483,0.294289490158
8247,0.272493076576
8245,0.329568468609
66261,0.285839751385
111064,0.283522080011
62602,0.285011788481
3116,0.271618411761
165675,0.24908748381
162887,0.304958915958
64165,0.239026043726
28543,0.295048814505
63901,0.245019689599
157955,0.328060789331
29061,0.298693963996
28590,0.254910230148
31607,0.305178880554
23027,0.229198266522
23753,0.276445606011
31460,0.311607011342
28919,0.298420087459
8423,0.274811639387
2595,0.307150635209
22373,0.224491961585
66000,0.302127963439
1308,0.262974703213
140902,0.233756906077
163939,0.279772531905
144139,0.205388349515
177953,0.268022298239
136186,0.276517874649
122917,0.26025712001
11300,0.276789218893
11301,0.289655644554
11302,0.253961584634
185346,0.247080121467
11304,0.276499803947
184219,0.275635179153
9125,0.254511549567
30939,0.210560366278
61662,0.267530825166
28620,0.309261018931
30932,0.307888225877
15363,0.306505360765
9831,0.285608208451
12407,0.30531101169
28629,0.320967986648
9835,0.266822223624
110732,0.288647837358
7759,0.27490091612
23111,0.306239143023
63058,0.32179799209
7300,0.260690080099
180698,0.272160041168
7750,0.301439156455
109699,0.304739268222
126417,0.290610618861
61448,0.271757980602
180272,0.24908748381
27914,0.315228728952
3937,0.239012540956
61112,0.300092205121
66484,0.297183395378
163916,0.288844893501
166402,0.227607724999
8334,0.256782181222
21238,0.279587656116
25929,0.262778709397
175347,0.262615604246
9904,0.288313458262
61591,0.276934153685
61596,0.239934217988
127094,0.289893799246
24660,0.207046733545
24436,0.269113344358
25874,0.293819444444
24669,0.267176054559
175483,0.269370344432
11220,0.30249517409
5690,0.241605756053
61061,0.304125934445
5697,0.222099737533
28135,0.306061921296
24898,0.270075322354
28139,0.282783050394
177884,0.290291595197
24468,0.292337455952
65011,0.269971924451
19209,0.273232160155
25356,0.307865822601
177376,0.269903036489
60887,0.232459754959
153668,0.277151840692
64768,0.292539583765
64766,0.276337273855
64767,0.294637883008
22797,0.241343905082
1300,0.250562596234
119756,0.307686713694
9324,0.254987042729
110065,0.30471732085
29086,0.277388054809
183312,0.266486111986
117018,0.297517755432
25680,0.253156225693
25681,0.256704283461
7911,0.244807035816
4045,0.285107816712
23978,0.280886941512
6669,0.296995647901
4040,0.197442717812
230796,0.200094585008
6661,0.256782181222
161966,0.290610618861
177088,0.270818664789
185370,0.294535328924
160580,0.282047863476
22086,0.301482114864
24893,0.234106125159
65905,0.269989151937
65904,0.287549272801
10877,0.279347682556
1602,0.298693963996
16890,0.328749028749
63621,0.307217542841
25536,0.173543888433
17239,0.303406238795
2282,0.278355263158
24800,0.288313458262
17233,0.303754756264
124198,0.285492577598
64699,0.308112438101
183838,0.209663032706
13431,0.280831010222
64690,0.266704488149
183830,0.295791387025
183833,0.297664274659
124196,0.295440262551
121817,0.274811639387
121816,0.32026341685
121815,0.263482376386
11499,0.275976779075
2577,0.290770393787
11694,0.28124169104
2573,0.287803550779
10905,0.282858670945
65345,0.28786229419
29709,0.253459533936
65343,0.272160041168
147349,0.252989715379
10903,0.323743209121
10902,0.253809238152
11455,0.283807351757
11456,0.276988543372
64163,0.266570060484
11450,0.241937328454
150049,0.185301975211
64166,0.282198359234
21237,0.267378665319
64341,0.29649614576
2596,0.234456389228
64344,0.25995330548
140905,0.28906196625
64346,0.22325998628
2593,0.275922785966
121493,0.275169094693
61839,0.267041151224
294524,0.288805460751
27913,0.255958862674
17438,0.309283625731
2049,0.305355080831
10086,0.244877879384
4430,0.297852868708
13323,0.248940927277
25224,0.244044529042
7912,0.286420254536
17120,0.314572490706
13328,0.268856834212
1878,0.265399573454
1082,0.278153967524
12603,0.294596852806
4941,0.280384360504
118081,0.268720228644
138205,0.277806959947
62501,0.279016090741
12138,0.303123656684
185119,0.258586969808
136646,0.27021330949
184689,0.321089777643
184688,0.310600499192
2111,0.292681239624
184684,0.225701482983
1559,0.28384543137
29040,0.267937432715
122078,0.306327830872
63281,0.291451401805
160364,0.266670868524
62378,0.282179538482
2628,0.245019689599
62374,0.250029547335
63288,0.286594865542
61181,0.268703162708
1919,0.289834223866
149177,0.253717917966
8087,0.213170092705
149721,0.26814120033
62575,0.294637883008
122674,0.255171581931
176289,0.245802591065
10016,0.189824577146
121077,0.302624991059
120816,0.273673997413
184079,0.293005540166
5831,0.283693174199
2025,0.29069048437
61408,0.307016907336
10499,0.266368672878
2751,0.271845283989
62979,0.304432292416
174355,0.236263122627
163051,0.300689361097
177782,0.296704067321
10277,0.28825453059
179586,0.32606350185
163931,0.27200257152
5903,0.264288837529
163673,0.28900273224
179583,0.268942283244
14790,0.26220872583
184996,0.224075839424
14793,0.289953399123
163679,0.291873620309
163678,0.307552518718
176914,0.252974588939
10278,0.324214559387
121673,0.293310225303
184070,0.208783617074
5210,0.317118872733
125000,0.268124207858
29246,0.306039783002
163935,0.292904119072
5218,0.324936640811
14027,0.261092255477
175157,0.287139463862
163586,0.257250562413
29278,0.267311094263
63172,0.29209527097
264265,0.27529442384
14592,0.307933042213
176594,0.277079240341
149618,0.295357766143
176592,0.29209527097
176593,0.267209801693
63178,0.292155779588
29274,0.270127051012
11872,0.265766331658
176351,0.297517755432
24725,0.29241827355
112626,0.290530797226
11877,0.26692322251
112624,0.25326230097
133726,0.262224976759
146500,0.300667993178
142088,0.314736293982
176602,0.323248529299
164471,0.287158952084
179360,0.245845438698
179361,0.296662459683
112759,0.239134120839
164293,0.276988543372
164290,0.266721301141
31673,0.311194468961
147101,0.245702671312
142460,0.271183181643
65036,0.282085472365
17982,0.287081015063
112754,0.274437309464
11976,0.246131471786
179690,0.289794520548
28408,0.234599390075
19658,0.314175391698
7106,0.27140932709
7107,0.260561645523
6865,0.342979896239
14370,0.268583761823
6867,0.293819444444
271794,0.286925267869
143526,0.21174056651
176282,0.315864128406
62396,0.245133256083
62391,0.290790378007
178097,0.292155779588
1045,0.231088535693
143605,0.281204306793
31720,0.289854079605
166623,0.299200905169
175739,0.246432523735
62399,0.279292362532
180109,0.292580042874
178847,0.283161558024
178619,0.296974801713
5109,0.317881292261
1686,0.188572447297
164612,0.302063254087
5439,0.225496988754
164611,0.250740784639
142260,0.267446270544
30059,0.320773313116
182827,0.161174812388
184114,0.290132345882
14163,0.227070251704
264713,0.248765286924
8253,0.281766116143
61589,0.303732950467
111631,0.255989835431
30055,0.325086438725
1266,0.258397459387
11051,0.24744137084
8789,0.294084937791
183963,0.283010033445
62766,0.311423524216
1913,0.284074123808
112774,0.289794520548
31616,0.309215815245
3129,0.275850828009
8867,0.272300167332
3121,0.222883632724
183480,0.230534517518
178507,0.281691078562
29052,0.318239939827
137351,0.30000709069
1468,0.2490581587
174282,0.257657877109
115404,0.323891908444
183247,0.307373774065
144727,0.281559858921
1823,0.251321651322
115077,0.28025435517
8431,0.302733257012
126318,0.258192469641
137232,0.299879509533
23768,0.236540504277
23767,0.302711597625
65365,0.282594175795
31477,0.270541594731
66016,0.279034491855
6338,0.29203478741
28900,0.316644214938
164708,0.307262164125
164408,0.242798117755
12433,0.25412937714
147639,0.27724264465
147638,0.306505360765
165053,0.264107365793
165052,0.277061096195
160571,0.323916704946
160570,0.244129017368
114370,0.283769282361
61610,0.242228201752
160809,0.27669871166
133949,0.268430402233
5594,0.270905365604
5597,0.224408613557
162988,0.305818576075
142339,0.279016090741
105936,0.273567826199
133944,0.278336951516
133945,0.271967603008
178767,0.284150436535
110728,0.235854841407
1013,0.287236931432
183797,0.29739228228
61439,0.298672878724
61129,0.316928838951
14386,0.272247603114
185921,0.281841193712
61122,0.291010385859
61121,0.264520162551
61435,0.256455327919
13906,0.221553123527
66708,0.316525772425
66496,0.241275091241
25376,0.30732912036
181794,0.247369036483
166434,0.288706925964
28397,0.280570291777
166436,0.291934037121
166433,0.245788311839
183446,0.29575003495
63876,0.260786489152
24678,0.308471857684
4127,0.272090032154
4124,0.24316091954
65009,0.285146246125
62972,0.307977871597
61725,0.286964188823
6213,0.295812067398
61055,0.316525772425
61726,0.264851330203
5680,0.268430402233
65006,0.284896639957
27786,0.285743229554
31849,0.31576983357
6386,0.228431054962
62977,0.267058006691
60894,0.252250640911
10498,0.28682801166
183932,0.184188759741
1239,0.251396316102
23945,0.267058006691
23943,0.305046863735
176256,0.29548152804
23940,0.218633732947
22144,0.259188924283
185797,0.285184685899
177744,0.273444063853
177745,0.297434094903
4052,0.286594865542
163879,0.259014386287
163878,0.266788574311
163877,0.24752822793
11514,0.290172141828
23852,0.253992075879
11511,0.296143347099
11513,0.319682659615
4058,0.235881139544
110387,0.28786229419
65176,0.324488074239
5978,0.27857519094
110382,0.316525772425
128098,0.267480085978
8699,0.285588930138
10860,0.294494327278
65911,0.255248552124
10867,0.302624991059
150278,0.291351053574
21828,0.292357656164
150699,0.293819444444
9815,0.269164705134
15709,0.281503659348
116284,0.248721415555
3619,0.237230165405
2290,0.303254013761
108645,0.291190640055
19508,0.303493293164
25783,0.287588363241
141198,0.274811639387
25789,0.268311243579
141197,0.278318642284
25030,0.313430624491
148249,0.276662525338
5902,0.268805590851
162338,0.283541080284
29736,0.303210548947
141359,0.251336580729
114628,0.312135743268
177654,0.278501843075
162335,0.195427251732
10916,0.313756025213
133432,0.287197936465
135044,0.272422896143
24922,0.21976937461
8692,0.247600655431
24925,0.270299623075
62057,0.264057916745
7291,0.294822660442
17115,0.28384543137
8512,0.284628321561
7923,0.313988868275
2581,0.243594910473
64404,0.297475919286
14794,0.236447971387
64408,0.285974991551
25972,0.243454744232
1860,0.262958359229
13353,0.28762746431
13354,0.272317693248
63763,0.289794520548
14418,0.256098299134
164585,0.266603654694
64867,0.279939129284
176169,0.212805552761
145977,0.304366592331
162584,0.300774863155
4685,0.308045140153
163118,0.236699300699
4936,0.24032945186
62897,0.241564373394
138747,0.276970411102
163117,0.294966536531
138741,0.269765365978
13599,0.273285105284
163113,0.257673568819
64536,0.296226282994
140821,0.254910230148
154357,0.296143347099
24810,0.295502165107
25979,0.213719250391
2101,0.256533074638
13013,0.263646560319
63814,0.319730975591
160373,0.292458699108
5116,0.232728272827
160375,0.301203103866
122355,0.297622397299
10002,0.277715786019
125014,0.263794500904
160378,0.323520415966
122061,0.266654061889
10008,0.213589782422
176291,0.329209461562
5256,0.227693466796
9599,0.281953885113
20791,0.295048814505
20019,0.314432223543
157153,0.270784
64568,0.258003536801
17069,0.283294275193
178896,0.196553005668
3439,0.298672878724
176762,0.306283480527
185419,0.262078790882
176764,0.279791032932
176766,0.314947149025
176768,0.278026021816
146171,0.266435768262
179027,0.307106046309
163069,0.28941788084
184785,0.243721198157
162517,0.230195865071
20548,0.301203103866
62965,0.291330992219
4844,0.289734985962
4598,0.256470873492
13011,0.29975203684
4842,0.289239814055
4843,0.272738993103
14908,0.261803106243
63724,0.285955663693
179597,0.23383442025
112295,0.300924608819
179598,0.269593475213
10550,0.297978730897
133424,0.289022474213
5254,0.227131200344
10466,0.295605393698
29265,0.292499135845
174729,0.26810721754
20570,0.205298655927
5205,0.257438393672
152109,0.24105515041
17795,0.291652305783
30671,0.254144641999
62700,0.242881745121
29268,0.304849052525
63383,0.259443218052
121440,0.296433826105
264270,0.290750412314
29627,0.264586329811
164571,0.279883574783
31574,0.279476847876
179110,0.265849827207
28490,0.292721737927
164266,0.267294206836
62494,0.276952281207
62382,0.271810355904
134026,0.314082102294
183902,0.290311513654
18533,0.296662459683
176343,0.279606132699
13174,0.245161664156
25108,0.290251766481
11191,0.245332250957
176595,0.290311513654
108188,0.232000877337
2960,0.309396709324
29868,0.273373392776
179378,0.27388658726
164270,0.274972379281
1783,0.22370856025
175834,0.22838173378
2968,0.318791440627
30220,0.242853862932
1613,0.272633545976
62634,0.304388489209
122536,0.245560069646
7117,0.252929220469
7116,0.228653264159
24318,0.311194468961
24316,0.242909633712
176591,0.312158772318
176070,0.27459761163
17641,0.316052887129
108740,0.257281848586
176350,0.318072470305
29466,0.325111418472
163884,0.309827182191
1078,0.266033702213
1076,0.272352751851
3643,0.316739032789
1075,0.279347682556
1072,0.286091013591
62388,0.2476296383
164609,0.312596970816
179202,0.254726068633
1678,0.27789819376
30137,0.270282355947
13003,0.26101172116
23898,0.298799435028
178371,0.284264982532
30138,0.313779293978
164607,0.253110792056
164606,0.218351654023
1094,0.275079643716
3806,0.234755590079
175900,0.272932524836
184167,0.309441965918
30822,0.300582551861
175903,0.300625266449
8229,0.245417633411
66393,0.291934037121
177764,0.263992013477
118525,0.308112438101
4331,0.287100495352
65590,0.268617865532
1050,0.241923494768
178976,0.268771439461
23291,0.298588567396
14581,0.268158194955
3138,0.231353893263
14583,0.297936765017
117145,0.256751016445
178083,0.297831902013
174053,0.298904980572
28022,0.319827651372
174507,0.282198359234
160600,0.272020059149
28027,0.268737296748
20202,0.23784361122
62055,0.318479488145
178089,0.277770483193
20209,0.306039783002
156933,0.279163367643
8348,0.27839189367
164046,0.236355510865
117260,0.303558616731
29517,0.270092563039
183257,0.27852017642
1414,0.255387215549
29511,0.25148597242
164296,0.256797766448
28938,0.268498540424
1327,0.281391327481
133547,0.277115535761
28930,0.308899759071
9850,0.280477295326
12421,0.28762746431
137434,0.272510627335
15343,0.262566712176
137432,0.259188924283
2999,0.267007446674
12428,0.28084965151
23577,0.28025435517
5764,0.256704283461
4201,0.291471479746
5763,0.294371390802
177975,0.254649413181
8133,0.312320070864
12789,0.247760145225
61600,0.289200273411
5568,0.263745168932
183780,0.300326519023
137310,0.30937408599
160742,0.204267851108
5567,0.273267454628
5560,0.24636077792
177405,0.247832708529
1257,0.288726627542
1526,0.293350897871
24912,0.234859839023
28338,0.237270076267
178798,0.290052786728
1523,0.268362298617
7733,0.278685285206
178797,0.248516886931
31099,0.254159908692
63520,0.239282886551
111629,0.286575453807
26246,0.248970224785
28806,0.270507000831
66731,0.304892988398
142462,0.265033826109
126434,0.303645758576
174876,0.254343252179
61420,0.215515484923
122257,0.285492577598
108753,0.247513747514
6435,0.229558895339
14489,0.262403870007
8358,0.280310056976
4115,0.276247061896
6730,0.274046246519
64254,0.257830591103
162264,0.230559642526
8350,0.269954699164
260778,0.319128073616
140033,0.264785030352
163891,0.263138254867
62139,0.300903207453
164116,0.228086253369
19049,0.304695376638
30312,0.274668917164
24440,0.303340980786
24447,0.318096383731
7422,0.285338548692
61739,0.279957652352
178672,0.29548152804
127234,0.273038203407
27790,0.28794065605
61735,0.274668917164
28155,0.298672878724
66029,0.293289893248
181290,0.244665471578
61557,0.285723933009
25331,0.25950686948
61552,0.285859063577
25334,0.259713952489
116526,0.276030793319
65615,0.25350509287
25338,0.305884904569
25339,0.284800753904
62919,0.279016090741
145080,0.284685775804
16889,0.302041690463
29616,0.209434709435
12635,0.292175954699
28518,0.274811639387
176369,0.239784641542
31887,0.270489707199
19057,0.335128712871
117034,0.293880669584
117035,0.296454596413
117036,0.257016158425
65290,0.304783172454
4060,0.281653574757
4066,0.27057619748
23793,0.299922024527
65921,0.234677464086
11509,0.248007033998
11506,0.294412358221
182308,0.291090471276
26013,0.27852017642
5786,0.31951366863
150201,0.281522390046
65105,0.30824712225
5783,0.26136644428
120656,0.249513475261
65108,0.280831010222
5788,0.264751892873
154760,0.318431549635
127439,0.303667551855
3607,0.234638420586
183812,0.258855919241
63600,0.276825438367
19538,0.306972357252
63605,0.304980898147
63971,0.235382475661
17780,0.293615544761
148234,0.28443697479
16637,0.331765074884
148239,0.258919282786
157755,0.257940620618
12181,0.266251337235
25021,0.269971924451
176017,0.270092563039
182788,0.307910632414
149379,0.217655229178
6116,0.29107044579
184576,0.282518696581
6110,0.296247024226
106853,0.276952281207
64745,0.189221824687
10920,0.289854079605
166197,0.289200273411
64741,0.267649291498
165880,0.281653574757
7309,0.294637883008
3855,0.270784
7281,0.273922051016
63928,0.255079278953
64418,0.265716259499
17106,0.302928331066
7936,0.269027786609
10894,0.296454596413
64410,0.24581687195
134384,0.276517874649
13342,0.283864475008
16989,0.318000751597
4450,0.254864164809
254096,0.278007753466
65430,0.301374741791
7974,0.321260440395
118264,0.294105380231
16981,0.331765074884
3734,0.288805460751
1891,0.234547369588
16985,0.30773147138
16456,0.299922024527
13580,0.279939129284
4690,0.308651882113
162457,0.268788514072
6737,0.325361427253
148349,0.265050429117
4699,0.324786980886
163102,0.266335137857
130041,0.250473596969
154434,0.300881809131
179741,0.297706163805
11721,0.210466099587
154439,0.192379393443
6025,0.286730821361
11729,0.276843551659
121053,0.286129708528
6266,0.254251547383
13128,0.247051267079
5165,0.249263579592
6223,0.243580886586
62823,0.260754344879
160340,0.278483512144
160341,0.290231856222
138483,0.278026021816
21499,0.280942895086
17074,0.304914961084
147908,0.260931236509
17076,0.307798632329
17070,0.292478916079
21496,0.271862751398
17072,0.301460634129
17073,0.284379620917
179782,0.287549272801
3429,0.279181788189
178610,0.293411927878
20488,0.236951164875
61494,0.282236008272
125595,0.289873938065
176022,0.289814370847
120877,0.216341974741
3424,0.320870620355
6334,0.28189752815
6335,0.270040847587
184797,0.274829490094
144436,0.259729895641
6331,0.294535328924
9698,0.288963256386
6333,0.306128355401
62954,0.293534064104
13341,0.30094601323
165124,0.19098131263
184117,0.308606856309
12625,0.291974328894
14170,0.250295787979
62732,0.285627489367
14172,0.306927820094
62730,0.308651882113
27886,0.296475369631
10297,0.229733398491
264391,0.263236483544
27882,0.261447197677
264397,0.228542105547
264395,0.285146246125
10453,0.291873620309
63029,0.244086765894
9555,0.321138519924
29217,0.258350125176
24040,0.272177549051
3026,0.210864689758
66059,0.233731079439
175131,0.302754919499
175130,0.288293813028
166569,0.267378665319
160293,0.313569999259
10581,0.271810355904
13169,0.303123656684
178003,0.222134719378
13163,0.268464467005
8901,0.26008114089
1706,0.250310595752
11856,0.301890831252
8902,0.23846023784
65930,0.272879716221
30219,0.261495673671
157217,0.250919226664
179303,0.264652530181
1794,0.306972357252
174663,0.250133018031
6848,0.268362298617
11538,0.29125077442
110039,0.284074123808
17919,0.293127338229
180466,0.234248698926
24302,0.300177367861
24304,0.255448892109
152008,0.271513829173
6845,0.27381568729
107755,0.290451019427
164633,0.288647837358
5301,0.275509539624
29453,0.277479013641
21440,0.277642889953
176247,0.245005501187
12096,0.208392848348
147340,0.278666930119
106418,0.285801134828
157635,0.293228913993
176939,0.24218660561
1661,0.285878378378
176249,0.272528180354
175913,0.281036200598
30674,0.275742961418
157855,0.311721800634
156859,0.221576328882
179413,0.290192043896
30857,0.312227879861
4321,0.274508531759
11537,0.240002268989
156857,0.276120864061
4322,0.261786907561
14828,0.292377859167
18049,0.310463751101
12091,0.275133307322
162809,0.277916447714
2829,0.28667253879
24491,0.279163367643
14597,0.26130187747
24278,0.312181804766
14590,0.245588576736
20217,0.289953399123
28034,0.264140342115
7632,0.289576346588
4807,0.24179906275
17861,0.307351445591
7636,0.256315502514
7637,0.273656296488
109599,0.315982076176
136884,0.299561030869
142337,0.277169996725
1408,0.211687596938
9699,0.236699300699
157452,0.277315330668
113491,0.279587656116
165728,0.253338123466
28152,0.304366592331
31418,0.247876266917
164407,0.197433504433
4213,0.219975044193
183526,0.225689443644
16582,0.252521635333
162733,0.297266914916
185318,0.27857519094
60800,0.281372614218
122273,0.255757722299
6932,0.293615544761
177601,0.240015883821
6936,0.259729895641
9846,0.28999314599
8694,0.26810721754
9849,0.275832844384
8123,0.254542173024
147657,0.250295787979
29698,0.236025884191
166491,0.243412725808
61635,0.272738993103
115766,0.309691114039
66654,0.307396105783
3093,0.278685285206
126555,0.288333106174
126554,0.279920608667
1533,0.214011127972
29143,0.286284593004
114829,0.302863278454
25870,0.276192962987
174401,0.305553549505
28322,0.308449369396
28323,0.299985819626
25877,0.298609640765
136265,0.292701487375
174049,0.232383149338
66728,0.285878378378
180083,0.250162596819
61380,0.306084062794
28819,0.268634920635
22542,0.2232953346
22543,0.27198508614
126423,0.27662634848
183324,0.30835944902
61388,0.294617366479
9317,0.304541855611
2352,0.304563777714
31095,0.278208837454
17341,0.272195059187
177697,0.252717715924
63645,0.316218236173
109621,0.308696921056
140023,0.291090471276
4108,0.267344875521
25895,0.325286384255
19932,0.32246017834
12568,0.20400192864
160913,0.262176230016
155174,0.314198722709
15240,0.244143104443
31674,0.267683158294
3639,0.26025712001
15247,0.285030988952
63511,0.305443257291
28924,0.313105898024
174317,0.293799041733
66032,0.272844521829
25906,0.26906200318
174312,0.28786229419
174313,0.316312799043
174310,0.225725565514
1634,0.285917015813
61703,0.276535947712
183684,0.284915824916
180402,0.277206315927
180405,0.280775101201
3897,0.289695309825
106589,0.274829490094
61562,0.288588772935
109919,0.251560734883
16531,0.229596266551
61567,0.244396950092
117020,0.307128339141
65607,0.270732019452
155754,0.31412874007
3465,0.27140932709
166562,0.293005540166
166563,0.28124169104
64848,0.204891041162
12621,0.259618334663
6617,0.249425219596
166564,0.292985250329
29359,0.277952962817
13962,0.271757980602
31895,0.316715323003
62626,0.270749344084
112362,0.308314508489
10840,0.254572803851
185138,0.255788646394
148169,0.272352751851
65286,0.271287509618
5860,0.260818641351
282189,0.291873620309
65937,0.220594369135
5959,0.228258523953
13765,0.245902592119
4077,0.207850265278
161088,0.266704488149
61899,0.277770483193
11535,0.310509320417
4072,0.308045140153
154758,0.263959074178
61140,0.276897905759
3964,0.29833591877
3962,0.268396346105
5792,0.22347224423
5791,0.251620576866
177216,0.283408131824
145024,0.293350897871
180249,0.21423869563
60942,0.256346561648
154755,0.323446219708
165723,0.32048174519
154757,0.292600276625
7152,0.256051803437
63986,0.27433054529
266316,0.27677111271
165943,0.291793103448
177031,0.236223549774
3504,0.27295013225
175127,0.320045385779
3107,0.264371407148
148221,0.251935214958
183945,0.299370268167
148223,0.259618334663
65739,0.30256006865
22053,0.287901469788
117115,0.263318396814
65732,0.264602876798
162076,0.267852620917
15364,0.312227879861
266257,0.278007753466
22059,0.265666206204
179605,0.261560336301
148469,0.277934704066
2342,0.306438762946
140759,0.298377997179
166366,0.236276316524
6104,0.262648209076
119414,0.31331457346
20109,0.314900267937
6100,0.27200257152
10938,0.289933529775
63290,0.276391429318
124038,0.286303965354
140979,0.295295924065
63700,0.275043879607
25274,0.248633719222
155133,0.253520282821
63708,0.250621964222
9445,0.289675475832
117026,0.295729363249
161869,0.246016978718
24538,0.273408723748
3708,0.249852368017
118042,0.324115213728
150720,0.189594909482
65421,0.25620685479
7959,0.282104280571
61685,0.278373577209
4462,0.241923494768
3707,0.287412539909
4460,0.279421476687
17101,0.291954181617
25241,0.281653574757
13579,0.306950087057
6109,0.275850828009
4918,0.287061537418
162449,0.27610284521
162448,0.27806256572
13570,0.263810948996
4911,0.285511842904
162283,0.264984029561
12756,0.224004659043
5750,0.278832212996
64088,0.262680822003
17269,0.304410389237
24878,0.252325858779
13235,0.253931100708
156578,0.267294206836
184542,0.284226790273
166705,0.297748064743
10063,0.325561711296
21487,0.232306594191
24782,0.263007397277
9203,0.285550381319
5179,0.202488633644
24783,0.221866806502
62549,0.27547366365
3416,0.309035132569
8530,0.283997852061
176973,0.279476847876
20779,0.304322808027
182309,0.274170554692
3410,0.295791387025
121713,0.324911687913
182307,0.277260812582
165051,0.234833768108
21374,0.309736456808
30310,0.236434758312
10000,0.257563766969
146354,0.317071342926
12377,0.214575514758
176035,0.26761543327
12379,0.255495169082
15293,0.248268982514
62948,0.286517234374
6326,0.260866884518
30234,0.285396290051
8333,0.257109868741
2019,0.314666071694
144998,0.265150090869
65609,0.266016975794
12171,0.283294275193
135484,0.297769019635
4860,0.256082798693
162064,0.259682072055
4864,0.265549488483
25711,0.274579791031
264388,0.266805397906
113362,0.295089970707
163629,0.2794030245
10286,0.282764151574
14108,0.279976177872
179577,0.237057373375
264385,0.280942895086
15197,0.310486534087
264387,0.273408723748
112410,0.31030436377
17715,0.314082102294
9664,0.266117365872
29206,0.319152146036
125360,0.280161568004
10115,0.257626499422
25495,0.283959731544
10443,0.25147102526
21776,0.264702202202
21777,0.303015111366
148770,0.293330560177
7447,0.296995647901
10839,0.182174381055
63123,0.283940675122
160282,0.232166374012
15347,0.258824249098
176639,0.264818176128
25719,0.307195237058
4485,0.290032903757
1439,0.256222370254
10597,0.27852017642
149082,0.339212699431
5379,0.251396316102
8972,0.262778709397
176325,0.218205260444
29099,0.294228094576
15199,0.30732912036
112168,0.289101469081
17908,0.322558511855
7138,0.311240253053
260737,0.223236426951
122519,0.259347799436
7017,0.292660994674
163889,0.308832116788
175741,0.276174934726
122515,0.287373497249
14616,0.266872713511
179974,0.281297786051
157353,0.286052329119
29448,0.29471997771
29449,0.276807327445
178310,0.285165464717
142230,0.296143347099
29211,0.310054228345
164624,0.250874592351
175404,0.227865144334
178319,0.294966536531
29332,0.257422730591
2856,0.280812371408
29446,0.317213975109
174656,0.290770393787
176255,0.255726805681
18241,0.304498020871
176251,0.289774672968
176928,0.297685217758
30443,0.275617223634
137704,0.265799723583
15521,0.289121224546
133885,0.276337273855
30662,0.257422730591
30847,0.233035910994
156861,0.199688502926
147792,0.301160224927
142546,0.218351654023
109366,0.277260812582
176118,0.290072672426
133888,0.295254710398
3153,0.250666508679
12992,0.213870494869
164155,0.287647018832
3157,0.277551823668
7620,0.288746331809
126772,0.20326687485
112095,0.286149059922
28795,0.271810355904
3158,0.276789218893
185926,0.258429025165
25950,0.280272919979
28791,0.290670513877
1635,0.270524296675
180833,0.230033164791
3394,0.260385254477
3399,0.247571679345
64162,0.272914919693
121717,0.276662525338
174077,0.308112438101
175079,0.245916884627
5408,0.299433828733
30205,0.240356757371
29028,0.293982768205
136725,0.268022298239
129469,0.292539583765
129466,0.268022298239
19807,0.203511303511
164258,0.257422730591
66281,0.321969408721
147660,0.266234583438
147661,0.35030634211
66285,0.306571987537
23553,0.305421208403
66288,0.309668447632
18110,0.308809575943
65540,0.260963424413
15414,0.272352751851
8113,0.290990371389
5237,0.285146246125
13375,0.279791032932
23084,0.291130530517
111103,0.179226500614
184899,0.28236785905
18307,0.298167723749
10598,0.228628552902
5543,0.299773274763
29156,0.226838944885
111864,0.301890831252
13125,0.308269581056
29150,0.302516802517
29151,0.253004843629
175674,0.301740122664
25860,0.318120300752
3082,0.318671386608
28641,0.232830728593
111819,0.312366186785
158053,0.318072470305
61399,0.275204891375
65050,0.303319234354
22207,0.243636991823
22205,0.258476388295
29870,0.285473314891
7506,0.308426884385
8577,0.246031284526
7124,0.24734011458
3946,0.248254415302
14359,0.288628146531
165394,0.267176054559
5899,0.260674018853
11234,0.225029252207
13800,0.303145375081
2124,0.286497833153
28176,0.245688403693
12578,0.22139082204
139201,0.300774863155
61712,0.274419509664
15252,0.239026043726
15253,0.243440736479
12576,0.285781830463
161055,0.291491560455
12575,0.228123146601
28775,0.276554023139
24428,0.261334156887
25915,0.276427544754
174301,0.291632202923
145407,0.237790142191
64915,0.27381568729
7401,0.233370104799
117901,0.305951261841
25918,0.214978913673
117903,0.299095150573
25318,0.317309134543
178684,0.29457634199
183903,0.287725263516
22447,0.295048814505
61574,0.251217195107
61576,0.283028965148
25313,0.207026471596
25314,0.30249517409
182491,0.205837995622
61572,0.277606456269
116504,0.241233821769
163822,0.260834720424
166583,0.243917906146
178529,0.281503659348
12615,0.253687492505
2831,0.216885380357
119714,0.290132345882
185128,0.260706143324
161048,0.293574798779
13710,0.297517755432
2812,0.247094551188
13714,0.27286211789
3971,0.287314953144
137371,0.118664983873
60979,0.21201643616
9890,0.270196053388
61406,0.286653116531
61155,0.246031284526
165710,0.217599259412
61409,0.243314739203
31276,0.314853400804
177206,0.287823129252
30646,0.305619763074
182701,0.312596970816
61885,0.301331813973
30647,0.306505360765
24466,0.336487991093
65702,0.244481682653
120456,0.295832750664
141240,0.279661577104
183879,0.282104280571
165979,0.17070808957
181104,0.284954202586
136804,0.275491600469
2818,0.304498020871
1254,0.26243642228
141363,0.312181804766
148219,0.265516159398
184551,0.285820441802
164075,0.257360097324
18329,0.312412316326
149318,0.248123387286
13623,0.254940949626
2337,0.223732219343
17184,0.288785748413
12761,0.221506727396
156153,0.289259588432
140760,0.212570337621
140761,0.219166019166
8219,0.289160743576
64082,0.287568816693
64891,0.271775436793
64720,0.242325315006
64896,0.216874263161
25481,0.312458459493
24795,0.239296419886
157414,0.275527481115
16477,0.265699572972
9472,0.244962945808
2574,0.280961551232
14252,0.266553266553
29984,0.279255494687
2710,0.225737608707
162384,0.207768611275
162385,0.266956905798
116895,0.232370386643
61971,0.203198540006
141496,0.276753008896
25462,0.277479013641
184884,0.275276512687
61976,0.272598415051
176135,0.281166932483
4477,0.269730970292
24996,0.27038599182
6003,0.279292362532
4678,0.311997640292
4900,0.283712197412
4903,0.277497212566
4674,0.328468286624
13562,0.313849120985
118046,0.304805129313
13561,0.281297786051
7437,0.291913895405
177487,0.275904792957
153191,0.232971752657
24844,0.255448892109
24843,0.271357106208
63959,0.226984978541
9465,0.251770306456
162497,0.278740364978
9273,0.254710733851
64275,0.247876266917
24197,0.261060035787
5149,0.312204840614
10056,0.263564442783
5142,0.253489904739
124775,0.268345278113
266163,0.307977871597
156617,0.300262578951
160163,0.221286610879
29612,0.272615979381
27780,0.310031508757
63000,0.281634826599
135844,0.260305155654
266160,0.287451593179
12389,0.28794065605
7435,0.243931968867
177731,0.134638027049
28460,0.266385443556
10349,0.23795062145
150306,0.317761922644
166005,0.311790714812
12142,0.292256683014
12141,0.300028364771
6311,0.291752861674
10615,0.259141299688
10614,0.263992013477
64383,0.229995651229
185289,0.267937432715
10618,0.19715750233
64389,0.251291797826
3413,0.283332217237
6034,0.233473126586
7161,0.244722077622
64063,0.273993006087
61544,0.26568288854
133366,0.286905811351
133367,0.187536013475
163633,0.301783166904
4926,0.267074864285
125358,0.308336977117
6136,0.258318578668
113371,0.24394603321
175689,0.222883632724
62990,0.283218421581
30576,0.300390486333
28770,0.248604500852
166435,0.27132230345
10121,0.294146273637
175686,0.265233199599
9302,0.277515413879
10124,0.227963362069
21743,0.26626809314
2820,0.229509085978
13142,0.300283889283
10692,0.251366444867
133766,0.291873620309
133767,0.287647018832
157058,0.271740526654
157057,0.29848324515
175111,0.29201463179
175110,0.280551687554
3570,0.291310933627
63135,0.306972357252
4497,0.269079114729
162127,0.285165464717
9783,0.311538178337
17168,0.308674399942
13380,0.289576346588
13381,0.282311336492
63405,0.272370284537
7241,0.298630717109
162129,0.262925677355
6821,0.251515872072
120794,0.296164076718
2938,0.299582241733
17266,0.311308954455
176863,0.290013023511
176861,0.302689941336
176867,0.227754750498
133504,0.279976177872
108778,0.278501843075
5327,0.250029547335
7849,0.277260812582
16845,0.317071342926
174648,0.280681968953
10540,0.261511836331
179417,0.229808266797
14606,0.292499135845
66599,0.283104717297
11896,0.319948578342
25047,0.268788514072
10549,0.21854338843
14603,0.268891007309
62667,0.330857053488
62666,0.279292362532
20204,0.270558894999
63224,0.316620519344
29829,0.290072672426
178304,0.204277713403
22306,0.333359596596
29300,0.303667551855
115757,0.18565160158
29304,0.275455729167
14282,0.299412638879
14934,0.287081015063
4881,0.271705625482
8810,0.292539583765
30473,0.272037549026
18276,0.321651208758
137131,0.251261951422
30477,0.282575302211
164543,0.292802768166
13032,0.265599497803
11094,0.22482597375
8079,0.248706795203
11096,0.243021252154
164365,0.309487235755
178943,0.29848324515
3969,0.265732948122
179437,0.246863877706
30877,0.257563766969
8210,0.262729756582
8213,0.267988345579
29946,0.285511842904
184157,0.253004843629
8214,0.251785289217
164368,0.298757237678
30870,0.245745484115
274165,0.266771752837
24216,0.263449564134
12726,0.301654071011
2802,0.259459127982
12964,0.244129017368
24219,0.310054228345
28785,0.242853862932
162876,0.262729756582
28018,0.287451593179
143153,0.306527566471
29015,0.27165329053
62266,0.28682801166
7092,0.255974348115
3369,0.283674153537
62263,0.282915412905
63490,0.295770709542
66697,0.270299623075
160657,0.300881809131
3362,0.253702704323
31203,0.235029441173
29830,0.262550418864
10658,0.218712845697
29837,0.264917663265
63495,0.2550024108
136864,0.301138790036
178545,0.310258854587
8105,0.216209310644
13963,0.235120866907
109683,0.310099677514
185018,0.294391873087
4279,0.278832212996
183421,0.308741973147
66290,0.227167785235
1356,0.223130471469
61489,0.270680058857
163975,0.233048746902
163946,0.285396290051
5559,0.238688931513
9867,0.286847457627
180646,0.244835368324
163587,0.271339703713
25852,0.279384574749
28303,0.270870678617
174428,0.28667253879
11811,0.30000709069
25859,0.295894817819
133724,0.276030793319
66630,0.262729756582
176637,0.317047583365
141400,0.271513829173
29164,0.306861038584
8582,0.245161664156
185229,0.241868175842
110802,0.243594910473
8363,0.303951149425
145308,0.233010243419
144520,0.294289490158
12994,0.269730970292
114484,0.267176054559
9063,0.256362094038
15267,0.288352756764
144097,0.300049641869
12545,0.235303931928
62723,0.282801951741
179441,0.299243227951
120297,0.31208969536
15261,0.30256006865
12540,0.313407407407
5888,0.258145210494
12818,0.260754344879
180423,0.288963256386
150277,0.298947219671
123017,0.265382926676
123016,0.286226491679
15060,0.279016090741
61766,0.221843540268
165411,0.308696921056
30899,0.227387542323
25923,0.253156225693
25922,0.236487619473
25921,0.282405553331
28762,0.284360508099
145416,0.27518699187
24430,0.288785748413
185227,0.304871018879
22325,0.295894817819
28769,0.307664339732
155738,0.237123802051
165854,0.30249517409
130298,0.218961858925
160961,0.237376570916
19094,0.319296656856
147579,0.285069397655
160592,0.267058006691
25676,0.252793212643
163627,0.270905365604
6639,0.23406727152
11550,0.287393017253
18654,0.209341447726
11555,0.282349015682
11554,0.29633001821
185112,0.286789127635
23450,0.29739228228
264386,0.278044292568
5878,0.261884129735
141982,0.288195627001
9667,0.20416928051
13709,0.260097129157
165702,0.255033152502
25396,0.299264393832
177780,0.289695309825
161067,0.303645758576
13700,0.202789493865
154739,0.308809575943
4016,0.281353903445
11399,0.279108120588
160598,0.212944788364
30277,0.287139463862
19433,0.283427116827
151544,0.300817632421
19431,0.28170983421
9882,0.229546440972
24720,0.256455327919
65133,0.296808137496
61163,0.287666576013
7509,0.255850517022
65710,0.300347838433
65247,0.259300116443
65244,0.27286211789
65713,0.302603347161
65717,0.29201463179
65718,0.252778109691
13432,0.284131354509
120444,0.285203909673
10386,0.260770416025
3612,0.229583808128
144009,0.28589769579
184526,0.212794849872
184527,0.235081675742
119474,0.270507000831
127481,0.272247603114
25130,0.2565797453
61188,0.284188608275
30727,0.244016379261
13634,0.233100104677
135004,0.223106939464
13630,0.256719859232
175004,0.248036112088
2328,0.267024297886
65399,0.238810182311
154714,0.290013023511
10441,0.206209182181
117862,0.26526645768
117861,0.253885388539
157415,0.23207723109
177300,0.292640752525
177650,0.266050430736
177303,0.270040847587
166142,0.277388054809
185518,0.261237342554
9916,0.185010275919
3562,0.301847756296
161843,0.189501500425
161844,0.259046102982
31227,0.253489904739
127455,0.286711391204
148772,0.232472527473
177429,0.19307292142
64102,0.262420145134
63725,0.309193218357
1440,0.286497833153
63723,0.317547283098
31593,0.308314508489
166363,0.285955663693
25320,0.289239814055
7257,0.260915145535
2295,0.211539423029
138707,0.258271273349
111662,0.304739268222
61984,0.232128161519
24980,0.277642889953
9919,0.235356288591
15520,0.204643288996
7251,0.268022298239
142956,0.265067034206
142953,0.236487619473
2490,0.287314953144
4640,0.317095106048
3662,0.281391327481
2497,0.269645019438
13554,0.278556850352
3243,0.285723933009
109580,0.294822660442
116791,0.295791387025
2259,0.279034491855
63120,0.304366592331
253527,0.25993733489
184603,0.291230726872
17245,0.318743408166
24853,0.278099119232
61483,0.330727741734
24856,0.270853338455
17240,0.318695390178
28296,0.288628146531
62525,0.268959379569
121080,0.290291595197
175510,0.302214285714
10735,0.306950087057
162489,0.313779293978
19817,0.311423524216
7875,0.240261215219
185453,0.297434094903
28295,0.210246471874
180635,0.269559123344
63030,0.265432873275
9728,0.23398960292
2787,0.279791032932
17180,0.299179748268
2783,0.275635179153
12304,0.257016158425
4809,0.263285625389
12395,0.312596970816
12392,0.248896993941
26016,0.308471857684
26015,0.26626809314
26012,0.268260207963
11600,0.295915512659
26011,0.282518696581
6304,0.277497212566
6307,0.301010244735
10609,0.251097922849
128663,0.272563293178
22612,0.281204306793
10380,0.278905735003
140736,0.269696583376
62290,0.209434709435
152149,0.304213402358
179082,0.273709406133
9083,0.306861038584
179084,0.295936210394
176781,0.287607912446
63454,0.27038599182
63456,0.252040269256
121153,0.293901083634
27981,0.297246030631
27980,0.232140897619
62984,0.256922516395
147868,0.275401939725
21595,0.295729363249
10426,0.28589769579
21593,0.295151726543
27988,0.267818711229
112366,0.289596167009
132525,0.295192911463
164422,0.272230086218
180597,0.208300512013
7277,0.308764504123
7275,0.24024757254
176659,0.276952281207
176658,0.286633696904
3502,0.228344756868
7279,0.301890831252
5087,0.211581737261
3505,0.208824835892
8958,0.222146382443
155280,0.281953885113
8551,0.270299623075
11672,0.291110499518
162644,0.256828942576
157954,0.298041701888
185584,0.268839750921
148552,0.28680856833
6831,0.306950087057
6830,0.272879716221
6836,0.228628552902
176873,0.251306723687
176874,0.251172454734
113419,0.327375425565
14639,0.290331434845
14150,0.240945330296
62689,0.286265223275
112968,0.260097129157
29312,0.273851132686
65896,0.199867731116
125237,0.274312759336
5338,0.255927897411
125234,0.292721737927
11315,0.243735238205
1682,0.260899056546
65350,0.229459298227
1632,0.281148249053
1633,0.222555362685
1982,0.300390486333
30461,0.300198666099
30463,0.257579447218
121718,0.312550786733
144066,0.275635179153
3218,0.226341411223
11584,0.318479488145
1988,0.224754316069
8823,0.298989470709
61095,0.290850347151
8826,0.237523157245
163601,0.326869592089
13041,0.307239851863
164557,0.263482376386
147312,0.298377997179
18040,0.31532270085
29011,0.257250562413
2817,0.238783227044
2811,0.289457481015
30649,0.265699572972
179428,0.272651114834
30861,0.269713775738
157865,0.273709406133
178939,0.248779914153
30640,0.315934886499
157862,0.263876761881
155282,0.304038516815
14256,0.281073540158
7647,0.322263691066
14253,0.313082729022
151606,0.305134862253
3170,0.223980942298
24225,0.292135607264
7648,0.298947219671
12972,0.297978730897
119275,0.281541123237
122175,0.28384543137
29001,0.24758616654
7085,0.235775982168
122172,0.274099507644
20245,0.269971924451
123097,0.274615434543
29791,0.270801331285
30260,0.184905165632
66286,0.326869592089
175654,0.205119503563
166591,0.275312337324
175308,0.279200211165
6461,0.299412638879
179889,0.296433826105
175307,0.308157319738
16957,0.308922313084
1743,0.302365468449
6497,0.260353209033
178063,0.272020059149
140030,0.277006678015
1161,0.270161547794
8176,0.269713775738
184225,0.285878378378
160329,0.289953399123
4242,0.283503082284
126615,0.284188608275
66515,0.279089709763
4241,0.281129568106
5520,0.252838532329
5523,0.275707024632
160416,0.324712202609
5526,0.278795466526
178846,0.256144811721
7922,0.300518502735
160706,0.290910341034
160417,0.291813228499
7295,0.23776341669
14412,0.204277713403
24539,0.330546875
122514,0.243188872284
14417,0.283826390286
25845,0.204722504476
23812,0.268379321281
24533,0.31197463501
28378,0.228147748719
126296,0.252461364043
7921,0.237576506261
178443,0.225557095639
5742,0.285434797275
31037,0.285531110811
31224,0.245275362319
162909,0.270766670933
178113,0.265766331658
126056,0.260401280158
66354,0.311790714812
1562,0.268686098939
30082,0.329594141933
66602,0.203726887519
29173,0.284647470398
11257,0.271391917896
2990,0.271757980602
5250,0.32106541205
27199,0.307597237368
12804,0.203785762451
156618,0.314338781575
15274,0.289695309825
1659,0.297538677918
65899,0.292438484932
23195,0.252115361697
8007,0.335314629894
16453,0.245788311839
8001,0.297329585383
13824,0.259379597842
184180,0.302733257012
165179,0.242631035669
24405,0.284935012459
25937,0.26229000062
6543,0.239689553592
5639,0.236289511895
16836,0.319344856216
4390,0.211328105489
28194,0.270922712429
63232,0.300390486333
28191,0.255479741561
121381,0.308606856309
30888,0.314222057185
180183,0.31898371532
29729,0.282292500667
28209,0.272651114834
8486,0.222778011794
25279,0.255110039192
25935,0.234820734821
174449,0.307418440747
180636,0.254114114114
1864,0.253383638759
