180167,0,1737,198
61519,0,63,3
184526,0,28,0
19713,0,16075,3859
61513,0,7498,1466
22461,0,29,2
180169,0,47891,16973
63763,0,3570,1471
177795,0,217,10
13733,0,732,7
165284,0,28051,5477
111537,0,44761,36376
111534,0,3905,703
28998,0,893,42
166555,0,27313,15497
4029,0,3227,404
177227,0,27527,16903
177225,0,17018,6977
177224,0,11,1
60914,0,4517,1047
19398,0,862,415
161071,0,25722,10913
5987,0,93,0
132644,0,5177,911
177228,0,21114,37779
61179,0,123,15
24710,0,16001,34237
19159,0,47532,37368
160891,0,24896,8973
160892,0,279,5
160893,0,21,1
180562,0,421,342
19402,0,3006,1126
127475,0,2377,175
19152,0,490,16
16671,0,10148,3369
65270,0,2630,388
277918,0,451,23
16679,0,12887,2011
150179,0,30186,9163
183850,0,153,0
165914,0,683,162
142814,0,9159,3519
22008,0,7340,1783
149337,0,3345,207
61192,0,11,3
142811,0,575,23
142812,0,11817,1069
6158,0,261,1
12708,0,564,36
30646,0,45610,22115
13602,0,403,11
4737,0,42903,28412
6791,0,10780,2513
118126,0,2532,50
118125,0,22514,5129
2312,0,330,7
118121,0,146,88
177313,0,23951,39654
25665,0,15167,1271
165710,0,42,1
177640,0,11248,1280
177315,0,2104,118
177314,0,58335,46619
165358,0,598,30
140541,0,5175,2020
166485,0,1214,46
63739,0,1020,375
161853,0,34996,17058
25283,0,6600,2974
22717,0,51983,33413
184064,0,54871,40788
13599,0,15974,31710
25119,0,83,2
16705,0,38478,26760
30662,0,1719,110
65474,0,1913,154
25110,0,6183,443
30847,0,311,4
166733,0,1126,100
7993,0,11361,4528
140897,0,198,17
141236,0,4279,418
7991,0,48,4
111532,0,3008,683
63930,0,2339,917
2269,0,20046,2042
63936,0,40780,21913
116787,0,7859,1722
19570,0,24394,6452
7881,0,334,64
63938,0,11560,1811
7882,0,3351,255
162254,0,347,34
24996,0,17308,29287
61581,0,38,4
20747,0,679,128
124599,0,9947,4993
17035,0,32213,7550
2444,0,236,10
139804,0,9919,3472
2448,0,668,54
63847,0,112,11
7866,0,361,41
184994,0,6372,812
176066,0,857,46
61585,0,53933,29959
176068,0,321,3
24888,0,8670,661
140982,0,31,0
61584,0,2106,397
138608,0,19118,37748
2044,0,4873,452
11304,0,3916,1560
146659,0,6487,2338
138601,0,1666,37
148414,0,12549,3019
197855,0,51364,39614
163036,0,97,5
148410,0,153,11
185661,0,8945,1986
6379,0,243,30
26021,0,5621,654
124355,0,7511,1271
166028,0,1414,29
6370,0,3689,269
28410,0,465,28
12123,0,14179,1579
124358,0,2718,189
12124,0,11694,1122
10631,0,14640,1148
10411,0,3528,968
63814,0,42280,31246
162742,0,228,20
11944,0,4858,2266
133346,0,2947,249
63447,0,4027,1805
175465,0,3378,354
185227,0,6650,2822
10382,0,155,0
121142,0,1581,438
160256,0,2411,302
160375,0,23454,6947
160255,0,4975,180
63448,0,2563,36
135965,0,15070,4610
16926,0,51333,37127
162560,0,27471,12259
8947,0,1490,82
164416,0,37,0
125014,0,972,41
157074,0,13816,10046
7260,0,778,247
12234,0,24688,7643
63596,0,86,12
12236,0,894,49
125531,0,17204,34226
12233,0,20986,35368
139025,0,3918,187
7781,0,301,2
146017,0,4,0
14624,0,2321,242
62646,0,18110,2746
14622,0,14782,33403
14623,0,8711,3045
160488,0,25398,24479
66300,0,436,68
152049,0,17472,3920
10567,0,62,3
10565,0,731,106
125240,0,1222,163
145729,0,15044,9367
3394,0,577,26
175263,0,110,16
1995,0,13052,5535
10096,0,2575,133
30416,0,40360,23014
175269,0,465,38
178327,0,18,0
182112,0,377,113
163610,0,1098,129
8838,0,3858,413
138466,0,16978,29926
138467,0,10810,2090
147303,0,46745,14476
147307,0,73,3
147305,0,105,78
8832,0,10,0
25062,0,1724,79
164342,0,175,9
143689,0,4645,1304
138861,0,265,40
21440,0,839,425
29962,0,47,1
30637,0,6026,1997
29964,0,53,0
28564,0,10586,5622
61205,0,13575,1786
62088,0,1518,142
12942,0,17604,34589
24232,0,48672,38663
24233,0,20012,4517
24234,0,1136,213
12945,0,3475,320
62243,0,16287,3804
183228,0,725,11
62245,0,52743,31584
183224,0,53,2
175087,0,113,12
157493,0,4635,218
175083,0,25910,11562
13189,0,6138,1995
137641,0,7687,1211
3580,0,289,12
137642,0,18591,34865
175319,0,706,87
135788,0,8394,2510
30259,0,1777,208
175646,0,28888,12978
156383,0,18183,3839
156384,0,37258,10101
29762,0,305,18
1177,0,1249,126
25069,0,364,290
1173,0,458,14
30740,0,24252,2687
157921,0,736,10
13940,0,4285,580
165699,0,12857,4595
31122,0,339,136
31692,0,34165,9292
23500,0,16303,2519
160719,0,1246,137
5530,0,1264,42
5539,0,958,97
162925,0,17338,2475
147453,0,105,86
151708,0,214,27
11169,0,99,2
66438,0,44,0
11161,0,111,1
14403,0,66426,29654
29108,0,14049,6851
178453,0,1402,106
175995,0,17000,29639
8762,0,480,27
66610,0,2199,182
7183,0,9005,2250
7185,0,505,11
7186,0,1972,85
66161,0,45661,26851
8387,0,8120,3938
8386,0,37,6
61693,0,37245,10039
185269,0,209,15
127644,0,28,4
13839,0,1933,18
8087,0,58,0
184392,0,2866,31
8549,0,7630,1566
8017,0,816,19
65884,0,15576,3147
23616,0,5210,721
65886,0,2837,447
8542,0,3049,542
6573,0,291,27
6574,0,775,134
162699,0,10978,782
180193,0,16212,1845
61745,0,19561,19235
27760,0,17,0
28180,0,806,36
12065,0,348,0
66504,0,33882,11730
144435,0,496,26
7696,0,1620,530
143357,0,572,16
28749,0,1859,92
111940,0,49623,33088
126600,0,76,0
28216,0,15493,2367
28742,0,306,63
25946,0,2262,452
3835,0,92,8
63866,0,18615,34548
10884,0,216,9
151544,0,52996,33979
179428,0,19067,31756
155394,0,38,1
155393,0,13231,10486
4036,0,271,9
1228,0,23,0
25462,0,1902,188
60902,0,257,77
60900,0,1975,405
177256,0,47,1
177257,0,10278,2481
177255,0,4226,455
161040,0,785,50
12377,0,9,0
184442,0,12092,9520
11371,0,1038,25
11372,0,282,1
179925,0,1627,73
24708,0,3596,709
4842,0,2579,311
7525,0,17532,2810
5667,0,5626,1054
160888,0,5755,1765
25056,0,1308,230
16668,0,3651,128
25726,0,637,95
30861,0,481,221
12711,0,15360,30836
141339,0,1167,153
5526,0,2817,23
12719,0,186,8
184500,0,2687,114
16957,0,60973,46616
6781,0,9823,2516
64708,0,2320,56
23877,0,2830,219
13619,0,33917,32865
64383,0,79,2
6788,0,7974,3234
185006,0,518,6
4723,0,50374,32347
65643,0,8872,4641
65640,0,36618,5027
120048,0,2018,125
177674,0,280,4
62919,0,15357,1057
177677,0,585,21
118577,0,14427,2198
5918,0,3633,589
165832,0,30,1
3203,0,67,2
21118,0,12887,1671
65872,0,18270,32751
177108,0,212,15
177109,0,157,7
148313,0,776,335
25921,0,732,101
16716,0,7357,2486
25430,0,1956,132
16714,0,41410,12391
25434,0,1850,127
16710,0,14680,3845
25124,0,1911,155
10466,0,8346,1835
2271,0,37,0
2270,0,2260,223
155174,0,10291,2782
10801,0,4459,487
120134,0,12120,3071
65796,0,51449,38842
63907,0,916,123
166230,0,299,40
9248,0,4501,2393
65467,0,51427,40697
133871,0,17759,33417
63057,0,7612,1979
9538,0,280,9
141846,0,20312,36916
113093,0,65106,47158
9242,0,2323,675
25980,0,144,30
64028,0,831,17
153128,0,400,34
65515,0,41215,15666
138613,0,8832,1345
174390,0,28179,15728
13289,0,53898,40364
13288,0,8145,475
17534,0,49963,33054
24890,0,348,2
62700,0,1412,21
158414,0,34387,17177
29433,0,793,28
2052,0,4938,838
146648,0,11811,1921
4826,0,16157,3061
113140,0,723,397
13440,0,4277,896
13443,0,2651,151
175307,0,9615,1143
7982,0,45067,25876
64930,0,46342,22780
26038,0,1376,38
7985,0,1163,245
64934,0,490,12
264386,0,4304,700
26037,0,562,28
24096,0,1184,116
10156,0,4976,848
10405,0,1641,160
62472,0,54637,38266
10407,0,1208,75
4740,0,9519,1473
30067,0,18343,4234
24466,0,31985,7572
24099,0,940,60
161852,0,6081,740
10390,0,236,13
64334,0,18981,34470
124434,0,2753,216
147849,0,4034,401
27965,0,8041,3740
179298,0,52795,39722
63479,0,43087,21113
27960,0,25,3
149683,0,60,4
1949,0,14702,1259
24291,0,1494,741
1979,0,848,2
14898,0,242,4
176670,0,28626,12914
18844,0,149,17
185619,0,56,1
14891,0,431,39
164404,0,3,0
6216,0,201,13
63874,0,5452,2518
176479,0,54296,44873
148531,0,557,225
15708,0,20026,31343
14650,0,7619,2207
176999,0,50862,17898
62654,0,44175,39214
62655,0,123,10
16245,0,68584,49020
185018,0,4846,1751
179621,0,1106,133
61996,0,12835,2760
62895,0,46530,37402
65732,0,604,68
3231,0,45759,32220
1968,0,84,5
164572,0,10508,2746
1618,0,36,1
3238,0,41732,26827
157865,0,15675,34263
175523,0,1608,91
21429,0,244,0
158053,0,60292,24261
179534,0,3206,109
12956,0,17730,1537
2870,0,3277,940
12950,0,248,3
119217,0,7290,2652
142748,0,37,0
294524,0,3428,299
160661,0,226,7
27816,0,956,182
160667,0,28530,14023
27810,0,24342,26408
7883,0,3449,523
122394,0,6123,1233
160668,0,18508,33813
3358,0,5934,777
164756,0,14193,4502
164755,0,1263,255
174236,0,3151,591
7067,0,29825,7442
5442,0,9,0
7065,0,1801,59
7063,0,2664,248
13174,0,238,18
264507,0,79,0
147204,0,6485,1365
30539,0,12434,1868
147208,0,14833,7929
29804,0,2082,368
11687,0,40370,22051
264509,0,5498,882
12482,0,1383,31
12485,0,2231,645
15459,0,46,1
132482,0,3327,430
8151,0,14036,7237
178868,0,6421,1690
11096,0,139,9
179841,0,1550,46
179843,0,7246,1075
184057,0,16310,4604
178862,0,21132,2672
178863,0,11430,3410
178865,0,4075,744
178866,0,8551,1748
24396,0,2133,528
1545,0,4682,637
29868,0,3520,637
11115,0,9970,1424
14477,0,1239,39
183528,0,4136,214
66379,0,219,86
11440,0,3225,137
8716,0,1242,37
8717,0,2249,239
66371,0,106,5
148950,0,215,13
31751,0,904,12
31752,0,342,1
109186,0,2854,307
31576,0,56925,43464
4390,0,45,1
65482,0,2537,251
66155,0,35124,9520
175834,0,257,30
127383,0,6,0
66158,0,48257,36333
183700,0,1344,83
8539,0,4569,2042
27776,0,2093,423
160471,0,153,26
12828,0,22274,13628
160474,0,791,97
12824,0,606,16
12825,0,423,68
160479,0,8797,2227
12821,0,10101,5988
15291,0,7973,3923
133825,0,5689,898
61759,0,5166,617
66085,0,54524,27834
14503,0,263,1
6565,0,5107,1400
8105,0,30,0
29607,0,3414,871
7685,0,316,2
7682,0,7195,2670
1257,0,3589,805
28733,0,14821,1841
1380,0,6257,1118
1382,0,80,89
29609,0,385,57
9155,0,1854,187
160989,0,1111,107
3820,0,421,6
177924,0,3309,232
3946,0,97,0
161056,0,546,69
8446,0,2843,507
160228,0,3487,889
8440,0,13543,9958
24316,0,260,64
109079,0,258,4
11566,0,1070,305
144356,0,341,43
13990,0,1649,453
9258,0,1214,204
24428,0,1558,47
160505,0,6357,2556
115876,0,43402,31187
160503,0,510,17
60931,0,841,39
11361,0,37,0
61350,0,4455,429
66798,0,145,26
62516,0,83,1
126496,0,1779,74
174301,0,13439,2877
28648,0,1863,249
145407,0,205,21
65218,0,28072,24005
19355,0,23313,3356
19605,0,10235,418
25737,0,2325,793
10187,0,39588,28330
16650,0,559,123
114698,0,4490,580
65180,0,217,2
30877,0,331,237
184514,0,19031,4369
4759,0,540,68
64857,0,15820,34835
64850,0,519,0
64851,0,2476,240
64853,0,12666,4594
6774,0,1540,300
10984,0,3005,751
140529,0,204,6
10981,0,729,34
10983,0,1168,200
117901,0,51120,23259
5870,0,4926,1932
25918,0,68,3
65676,0,2077,82
60801,0,7177,797
11291,0,1925,583
11296,0,5116,2117
9969,0,22201,7259
65671,0,521,87
16955,0,41100,10381
177111,0,5916,1090
177110,0,20906,37225
177112,0,16633,34942
154056,0,1302,33
25234,0,6494,2307
25138,0,1606,77
64103,0,6158,904
65459,0,44,0
164557,0,743,120
158563,0,17553,36360
4632,0,22007,6248
120093,0,14342,5850
13526,0,6883,1333
19911,0,275,28
16721,0,838,72
175079,0,7428,385
162233,0,43,1
149268,0,13474,10359
64584,0,52530,40791
11748,0,332,28
7904,0,3908,1071
3581,0,498,9
165934,0,22369,34935
63919,0,12018,1938
165244,0,13781,3203
161909,0,36041,9726
11580,0,1253,164
16929,0,22835,4259
166593,0,3753,251
61576,0,5016,645
161903,0,163,6
179084,0,10529,2929
25313,0,16,0
141859,0,6623,890
138662,0,18951,33234
121382,0,394,14
65521,0,1328,107
65527,0,6276,683
16832,0,40392,24968
260893,0,327,5
63687,0,58517,44713
153130,0,7405,2037
64030,0,430,42
63029,0,1030,7
4839,0,33,2
6357,0,159,8
4045,0,4967,595
61925,0,72,5
141459,0,765,12
162585,0,18444,37154
4523,0,4259,2001
13453,0,35675,4717
7346,0,3243,392
6194,0,11224,8122
6196,0,1004,32
64929,0,1230,6
162349,0,42161,18856
162346,0,4292,1194
64925,0,14307,2177
11636,0,1446,44
140983,0,35189,17076
26045,0,47,1
4818,0,175,21
9346,0,12555,1083
9611,0,4215,916
13657,0,2445,105
9619,0,30,0
13184,0,15611,31992
64327,0,22474,10641
3532,0,1591,117
63468,0,364,72
22817,0,53,0
22815,0,4005,270
10364,0,2716,224
160272,0,23210,34735
63467,0,43778,22440
5050,0,1200,21
20653,0,13179,9746
63462,0,8329,1657
9411,0,1156,163
7203,0,444,124
116104,0,5346,2689
7205,0,2390,155
30870,0,430,6
12212,0,8289,1591
63863,0,549,32
12216,0,7452,2912
12215,0,18037,7545
162160,0,3750,391
21743,0,3242,330
160183,0,162,3
160181,0,876,30
18549,0,8286,1513
17072,0,14351,3590
178015,0,2392,324
64901,0,262,1
143153,0,50052,23726
9761,0,81,7
14084,0,256,8
162404,0,16329,2078
62317,0,6002,847
122015,0,37509,17666
10504,0,483,20
62313,0,5696,769
13071,0,1102,48
24171,0,3866,1537
164506,0,52,0
179299,0,3123,360
7331,0,61,2
5518,0,186,4
1976,0,708,111
3226,0,1926,576
3221,0,3605,340
176229,0,17990,30331
175533,0,18102,36602
6375,0,355,68
147988,0,26,2
8858,0,2936,274
122915,0,11841,6303
179058,0,57,2
148170,0,19402,30146
138402,0,8487,1564
133328,0,21710,38397
8850,0,118,6
30185,0,21280,8667
123720,0,55125,44484
12926,0,3587,212
178676,0,1732,132
30188,0,50032,29102
5475,0,5293,1315
14269,0,21,1
10213,0,631,3
156633,0,153,63
30298,0,6514,1614
149477,0,366,28
1773,0,8875,576
62221,0,64,3
129438,0,39,3
3138,0,133,36
112111,0,396,14
112112,0,46215,38526
9890,0,5861,1936
8148,0,9067,2056
2999,0,156,5
6994,0,13,1
6995,0,1870,511
184281,0,540,17
61155,0,133,60
184287,0,41834,11166
30293,0,7551,1969
18364,0,43,1
28022,0,47426,34348
24547,0,55341,19978
61409,0,650,95
184046,0,20755,36537
15111,0,8988,2526
184040,0,8864,4645
162906,0,587,20
162907,0,16947,4604
29127,0,24540,39919
28349,0,36901,11487
66366,0,21999,33265
1554,0,27,0
183554,0,2854,322
183555,0,820,224
28340,0,1819,87
2991,0,8507,1808
3036,0,6293,1425
66368,0,1193,35
3031,0,5240,463
29129,0,177,102
31587,0,3787,1474
174118,0,13249,2082
174119,0,157,1
23195,0,295,23
30614,0,88,1
30612,0,3031,332
31748,0,7333,806
31744,0,69315,53751
31214,0,28,18
31743,0,19625,7613
30618,0,86,2
178704,0,3640,1447
31564,0,3333,287
66148,0,11964,1859
126718,0,2170,145
178703,0,2370,278
61885,0,46392,37705
163983,0,618,125
111491,0,923,35
27997,0,867,177
163987,0,2423,552
144567,0,49308,24400
25896,0,4587,716
177872,0,8239,1504
17724,0,39772,24375
12589,0,671,56
5606,0,3152,316
5600,0,80,3
178493,0,5295,987
178492,0,27725,13403
12850,0,727,26
12581,0,1029,38
28347,0,2467,202
12855,0,176,55
5608,0,453,70
29901,0,2,0
25964,0,243,11
11032,0,6989,1262
29900,0,3591,423
66098,0,46207,38467
25860,0,43607,28865
151161,0,325,13
15027,0,193,22
161120,0,176,0
111961,0,22,3
105538,0,16541,2909
111965,0,17540,35258
29634,0,2102,123
1397,0,186,1
151364,0,769,29
9325,0,101,2
11600,0,491,15
1974,0,70,2
183606,0,26868,3622
3813,0,3125,569
127282,0,2444,307
181104,0,2094,135
22650,0,616,97
183603,0,16057,2129
3814,0,8054,3181
160991,0,3723,766
160990,0,9460,1714
180150,0,161,4
23253,0,24209,19333
23252,0,1652,166
8455,0,6493,2898
109084,0,528,3
30964,0,261,5
15337,0,207,32
15331,0,3227,639
143910,0,58286,39775
184263,0,2866,423
165742,0,20578,30040
146156,0,6689,490
12459,0,6913,345
12458,0,19,0
174115,0,53268,24882
61321,0,12585,2947
7549,0,133,4
61325,0,1413,111
31368,0,45149,32096
29511,0,242,22
28296,0,11194,9279
31567,0,54,0
16641,0,38148,8939
164411,0,25347,21330
30473,0,642,73
154595,0,13341,1790
130305,0,2802,213
8031,0,13125,2806
8030,0,462,58
64821,0,7789,1768
31560,0,334,30
166458,0,15198,10339
6768,0,2325,853
23810,0,119,25
114421,0,408,52
166451,0,281,69
24617,0,1033,394
24610,0,1151,55
118795,0,10336,7730
180395,0,10,1
150562,0,1249,42
25633,0,55758,13476
25632,0,7683,408
5862,0,273,41
25140,0,52959,31084
65444,0,33926,11373
177125,0,14855,2679
177127,0,14841,2942
64132,0,23301,18275
64130,0,732,51
124634,0,22153,10856
64135,0,161,9
184676,0,4534,906
22729,0,29,0
4608,0,40,0
2184,0,1840,77
4605,0,12197,3472
19907,0,44376,37454
25389,0,347,41
13510,0,6397,774
9999,0,13387,5867
138126,0,14394,33104
158354,0,277,3
178494,0,30,0
28770,0,368,5
177871,0,3299,518
153728,0,7807,1073
165924,0,91,0
64626,0,530,46
166213,0,992,35
121974,0,50113,38113
12761,0,52,1
254399,0,23339,8144
64554,0,45416,12175
124254,0,248,28
64004,0,19448,36189
64550,0,43,1
64552,0,1398,60
140760,0,21,0
15347,0,567,16
2436,0,3381,1188
2435,0,258,16
13709,0,554,6
16821,0,46417,18141
116772,0,1084,111
185654,0,11033,9461
16824,0,54103,30663
65532,0,48856,30635
61811,0,213,81
179186,0,5031,553
61815,0,47411,27505
6346,0,659,323
4510,0,346,26
62640,0,521,39
141460,0,18207,37751
4517,0,5586,2508
184700,0,479,6
11649,0,151,1
6185,0,136,0
119493,0,16050,6086
17197,0,24012,3080
162354,0,6820,844
17195,0,36822,27987
2504,0,3392,184
11644,0,847,140
141913,0,433,62
162576,0,29351,15024
9355,0,1271,8
9359,0,1570,138
3562,0,10318,2273
5284,0,560,225
11035,0,284,0
22829,0,2691,647
21241,0,26,0
5047,0,38,0
212340,0,15808,29694
10374,0,4926,617
63415,0,3602,380
63417,0,4438,465
63789,0,16094,31914
3785,0,367,3
63781,0,37515,10151
183780,0,16933,1678
16910,0,12947,2409
163772,0,7291,3525
6239,0,12074,1185
10777,0,122,1
4990,0,6038,2156
63895,0,17275,3684
12206,0,1950,404
141001,0,298,66
162175,0,774,31
160742,0,18,1
63892,0,819,90
125274,0,13602,3264
164680,0,247,19
63527,0,786,4
10519,0,525,82
9778,0,169,0
9774,0,82,5
9777,0,530,139
29353,0,1009,46
9771,0,14,0
121759,0,1633,32
164510,0,17014,33740
8864,0,4263,1022
179288,0,716,59
9289,0,291,8
176235,0,940,52
182383,0,16638,28681
2942,0,1129,25
9284,0,1120,57
176239,0,20929,2328
175503,0,244,120
63099,0,3677,612
19150,0,43087,27040
11910,0,7061,1805
162770,0,21258,37722
146119,0,5772,1123
11914,0,6266,467
146114,0,51591,25931
2859,0,11611,6033
264418,0,44121,10627
264414,0,16286,32810
264416,0,1407,104
24157,0,21558,2408
133246,0,14659,33782
14219,0,49936,37524
2295,0,74,11
3336,0,542,23
10200,0,5885,1776
108693,0,94,15
160684,0,2207,97
162385,0,476,2
175342,0,35,0
29755,0,655,61
10195,0,77,5
1704,0,8893,3529
29751,0,201,18
10190,0,2000,311
61971,0,10,0
174744,0,1420,178
14182,0,553,11
62236,0,26556,10955
10198,0,143,1
14186,0,25504,20466
15855,0,6424,1224
112101,0,30690,10596
17120,0,18089,3117
29282,0,29026,4257
184885,0,3475,252
176523,0,355,12
178803,0,1189,143
178806,0,997,61
120193,0,52428,40111
29001,0,336,10
30990,0,43484,10160
1121,0,12745,5674
8606,0,1626,90
8605,0,12234,1264
14324,0,14812,7099
106404,0,51089,44422
25880,0,73,0
25882,0,23209,12114
65553,0,17439,31730
15106,0,26801,8590
30281,0,16533,29949
15101,0,65665,22250
29131,0,277,11
66313,0,42136,30825
29133,0,463,19
24379,0,27869,4352
24378,0,557,27
3028,0,282,1
65556,0,29953,4375
3024,0,25716,6246
2986,0,6549,1911
157354,0,239,29
29910,0,4243,313
137230,0,21850,2711
137943,0,353,100
30354,0,8528,1489
110566,0,27,1
8734,0,38173,5968
183388,0,37750,8397
31775,0,229,0
175983,0,231,6
1234,0,12165,1436
8515,0,487,7
1230,0,246,86
1982,0,23611,4995
4199,0,947,57
126721,0,1383,159
4194,0,53,0
12598,0,601,334
4193,0,3497,408
175966,0,16752,33988
5671,0,985,164
29709,0,975,46
12840,0,737,158
4351,0,3529,485
4352,0,931,51
28717,0,1800,160
8457,0,6750,1240
6509,0,7449,2569
28712,0,4241,886
31489,0,62468,32279
31488,0,14445,6594
145979,0,107,3
31170,0,1401,141
174567,0,172,5
113490,0,725,49
23062,0,1546,482
111976,0,12155,2290
24283,0,232,27
180363,0,17824,35287
29621,0,630,15
24287,0,3483,94
163887,0,809,18
61028,0,398,3
183612,0,134,2
62797,0,1211,120
3807,0,19972,4274
23485,0,4411,1127
8463,0,195,7
30328,0,51907,38458
11340,0,12300,1992
11669,0,3278,1068
11343,0,2055,160
136306,0,128,13
23714,0,1222,131
13561,0,16961,1572
111779,0,26897,5240
110685,0,1671,390
108306,0,21053,2731
184603,0,6520,2013
24755,0,237,23
12445,0,119,5
6433,0,58,1
5709,0,463,23
184256,0,16072,31792
12441,0,2684,238
184258,0,24,0
184259,0,5,0
8199,0,11404,5178
177267,0,4767,460
177264,0,6241,501
110179,0,3639,418
177465,0,10,0
61338,0,151,2
140033,0,662,7
176874,0,271,5
31392,0,813,26
177284,0,13455,1842
177287,0,19458,34931
156953,0,38030,11404
180231,0,16096,29114
165798,0,5559,651
11462,0,2324,122
13646,0,394,10
166689,0,17559,6458
28866,0,52591,28037
4771,0,409,17
13988,0,40020,7680
137704,0,6814,2573
165640,0,151,1
23809,0,4965,1050
14368,0,65,1
24843,0,16986,32550
165649,0,14712,9908
166443,0,267,10
65838,0,18400,3789
24620,0,509,106
65831,0,2544,147
19024,0,47358,32162
25623,0,20800,7205
25627,0,15341,8167
154039,0,12067,2532
25405,0,99,0
25406,0,6,0
16748,0,24497,6046
24975,0,9287,1757
165746,0,32,1
12053,0,5704,750
130200,0,887,82
266315,0,5162,1303
141277,0,16610,2360
4611,0,1572,90
141278,0,9703,4854
158587,0,42721,13677
13505,0,851,35
183942,0,459,15
28769,0,15364,3139
161924,0,62030,51540
162559,0,1906,179
12691,0,13406,1968
151630,0,16447,26915
2222,0,17498,33555
2220,0,2748,257
166208,0,1503,76
177734,0,13,0
65235,0,3239,205
24440,0,13704,779
165264,0,41210,11364
151632,0,13999,10868
10832,0,46165,14192
181617,0,19950,32053
177739,0,13280,6317
150139,0,2219,361
64637,0,7032,1186
64547,0,24515,6707
178939,0,226,16
66697,0,16601,29379
18241,0,26011,7976
64549,0,219,18
65548,0,37930,13899
174148,0,26487,12102
146616,0,16306,33951
25579,0,3592,200
4503,0,987,12
127234,0,27026,11907
63667,0,2122,223
25570,0,38696,18668
25572,0,119,0
7824,0,9126,3715
26067,0,48945,29791
166061,0,9523,7379
124394,0,3316,280
25088,0,419,8
26061,0,1485,179
117161,0,3193,76
28155,0,25002,7412
184717,0,195,14
16698,0,19933,3002
2086,0,13969,1377
26069,0,13540,9530
161813,0,209,3
3342,0,174,2
2538,0,170,18
25216,0,1914,96
66029,0,10070,6266
161814,0,1016,141
64942,0,191,2
31593,0,19463,5160
2536,0,2931,262
11657,0,237,8
153028,0,3094,1151
160213,0,11628,5313
17762,0,47456,29266
160211,0,640,286
160216,0,2440,216
29968,0,932,53
160173,0,72161,33916
107446,0,732,14
105574,0,17611,36393
8987,0,1088,59
7951,0,871,143
149070,0,1679,150
64304,0,4304,2012
5073,0,87,4
64306,0,8558,1864
5071,0,462,113
64302,0,925,13
175424,0,20231,34936
63798,0,95,5
63799,0,27581,7278
1837,0,5220,1109
63928,0,981,22
63790,0,17989,37439
185827,0,35025,15551
185532,0,10040,3241
185821,0,9934,628
2154,0,290,35
113530,0,77,2
122921,0,7486,1921
2150,0,590,186
2403,0,16404,29439
4145,0,2577,217
4988,0,513,73
6242,0,1017,6
184807,0,4168,901
10740,0,910,25
20904,0,13038,2064
25339,0,20264,1982
184180,0,35258,16130
18560,0,557,84
62686,0,107,2
1951,0,23532,7515
63531,0,3177,252
152249,0,4543,962
62330,0,969,463
30255,0,16808,35543
63538,0,52192,43671
61900,0,680,7
8873,0,9983,2534
63083,0,24741,9445
63080,0,5326,587
7315,0,3504,97
164663,0,3422,422
24113,0,1007,514
13092,0,1413,756
3246,0,298,12
11903,0,385,34
179739,0,10845,7808
179077,0,4330,456
176954,0,624,54
12909,0,5584,1379
30161,0,2699,123
112007,0,59182,40823
179700,0,617,143
62755,0,39113,8784
9016,0,568,43
62204,0,9255,5336
7034,0,1355,60
10236,0,547,30
10235,0,3346,1372
20297,0,51266,38541
5496,0,268,7
5492,0,3114,502
27823,0,20753,5749
5252,0,1178,70
1712,0,9173,4892
179380,0,31130,15426
29722,0,12143,2580
63338,0,378,107
21503,0,25298,5461
156613,0,8888,2413
117034,0,37126,18276
63337,0,112,0
157218,0,2028,813
12141,0,14512,3401
156614,0,274,7
13710,0,1155,108
176558,0,11359,3469
6311,0,11220,8203
176556,0,4282,574
178811,0,28846,6188
119316,0,48,3
119314,0,312,15
178814,0,6580,470
183283,0,23009,3249
30647,0,42691,33708
6315,0,24306,23950
2259,0,4588,1504
184068,0,4728,805
179818,0,2532,48
179819,0,80,0
11124,0,5428,1435
174485,0,650,11
179817,0,136,25
180958,0,23701,10731
31764,0,26742,8590
122211,0,1382,152
122212,0,565,16
66301,0,374,0
184109,0,1327,20
30640,0,47988,36738
7146,0,1212,166
10999,0,2882,879
183570,0,5959,2165
24363,0,341,15
29382,0,3443,1257
164652,0,854,156
29386,0,14029,5263
147340,0,5102,1022
29435,0,861,23
183377,0,7198,1162
29389,0,12050,1110
1004,0,995,91
143640,0,1023,25
114880,0,12928,2800
7921,0,116,5
12874,0,22521,5327
183593,0,18667,35183
28380,0,19092,5520
110760,0,3128,455
4186,0,29,1
30384,0,36642,6409
6534,0,181,4
160448,0,2148,200
6532,0,10785,5041
109318,0,41199,19253
147708,0,91,12
165123,0,983,244
10991,0,1826,281
160447,0,2125,238
175978,0,28503,17988
4341,0,33,1
4340,0,16662,5653
180711,0,12653,5864
28704,0,359,124
2884,0,1356,461
14535,0,545,201
2888,0,1433,118
11017,0,268,20
174393,0,230,17
11012,0,774,32
150201,0,9575,2334
8611,0,4988,223
116504,0,177,1
66239,0,763,21
24293,0,284,30
126136,0,3105,332
22632,0,14396,2137
66261,0,2779,327
163893,0,64,0
145701,0,8662,894
5783,0,437,192
144383,0,19,1
111581,0,602,5
26520,0,2513,281
8479,0,510,135
8475,0,1880,224
184487,0,24645,29851
161000,0,11768,1087
7566,0,910,534
1920,0,81,1
12471,0,1273,72
150838,0,1996,45
177921,0,1471,21
150837,0,12305,6496
12478,0,699,297
119173,0,1776,286
177925,0,936,59
184241,0,3353,294
61490,0,21046,34479
62990,0,18321,3593
3116,0,17849,31946
61655,0,17418,23760
28675,0,516,9
61656,0,382,2
145367,0,3749,877
61302,0,5008,1439
31381,0,3284,283
3905,0,841,134
145636,0,27475,11961
24980,0,2375,95
147868,0,1103,90
165785,0,822,26
180228,0,49491,8491
127179,0,32,0
28877,0,91,6
6742,0,52054,22787
177124,0,9782,6559
11482,0,41894,27845
165653,0,286,31
165652,0,12983,5265
120774,0,24385,7484
163948,0,296,13
140044,0,15979,34071
140043,0,59271,36973
140042,0,26399,25728
65045,0,10103,2345
9715,0,5562,729
9954,0,286,16
181445,0,142,22
146137,0,6454,2578
64794,0,40012,17134
29698,0,234,2
116895,0,223,8
25167,0,3379,1321
25166,0,7376,2699
120513,0,647,34
65317,0,868,21
13142,0,24458,2712
181269,0,4986,612
174136,0,17673,35838
32280,0,797,190
16597,0,7567,3954
133766,0,1975,142
17168,0,52573,39171
166789,0,3,0
183974,0,6716,755
184652,0,5267,1313
161952,0,23264,5612
161953,0,760,22
174135,0,1161,39
157058,0,1061,46
12689,0,272,52
11796,0,16,1
2237,0,19332,18757
65220,0,10760,8329
65226,0,5354,1208
65228,0,34572,10705
65229,0,1536,39
175111,0,10491,2605
65958,0,25757,4979
175110,0,584,9
2049,0,1725,80
148234,0,2320,433
3497,0,20747,6069
20847,0,3351,442
25509,0,9269,2397
1633,0,104,1
146607,0,32553,15402
65552,0,1649,48
4579,0,275,31
63651,0,2525,235
63650,0,18573,36693
3650,0,301,15
162809,0,16168,34454
65554,0,2907,135
26071,0,45028,15758
148239,0,17952,3047
16689,0,43887,23007
61871,0,25689,10402
61870,0,4600,845
16681,0,72813,47035
64979,0,47900,38101
11465,0,1005,109
24965,0,6580,814
9783,0,39535,26401
4600,0,407,51
64156,0,1104,134
4601,0,59548,34036
134932,0,8226,3966
27920,0,17178,33746
121136,0,58,0
27925,0,4547,335
160204,0,20168,38375
160207,0,3047,511
10353,0,272,8
162557,0,76527,55198
27928,0,3012,350
135425,0,6770,689
9372,0,10925,1751
62922,0,3660,1118
4885,0,9202,784
62921,0,15912,29014
17151,0,36690,8945
17150,0,37235,25477
102696,0,6642,714
158743,0,426,116
158742,0,709,83
9173,0,308,0
9171,0,4699,1423
10685,0,92,1
25186,0,4167,2088
25181,0,89,9
25180,0,12,1
61903,0,3933,388
26016,0,20958,4031
1820,0,77,1
16974,0,51309,32867
149379,0,61,1
12262,0,297,9
105365,0,436,6
6266,0,9206,623
12266,0,695,366
4973,0,2111,34
10530,0,2958,301
5395,0,3655,248
13554,0,1931,569
122841,0,10646,3080
6110,0,31072,12604
11805,0,4561,210
157117,0,5044,1239
63501,0,10882,521
3275,0,4601,554
160338,0,3429,655
1926,0,6275,506
11301,0,3363,684
160331,0,8473,2395
3278,0,78,7
157118,0,10427,2199
7368,0,202,3
177031,0,187,18
64745,0,4,0
116029,0,9879,2914
7366,0,15887,6132
154757,0,28524,13453
8543,0,83,1
176863,0,12006,2837
176725,0,24030,3515
162909,0,4832,588
176726,0,17,0
11930,0,83,0
112876,0,19468,11153
161797,0,48,0
161798,0,28763,14040
161072,0,4200,103
22053,0,9362,5589
30175,0,1758,337
133468,0,18003,35835
30170,0,16972,5110
12915,0,2905,173
66149,0,484,3
7022,0,1837,103
62213,0,882,37
270989,0,18,0
3310,0,3506,486
10221,0,9623,6085
20029,0,25070,3642
29733,0,5780,699
140194,0,15010,11197
24032,0,4453,1541
1728,0,5015,978
28620,0,57920,31813
1722,0,772,79
180822,0,3144,335
180821,0,40,0
4383,0,4628,921
62745,0,123,16
179666,0,6757,1381
176540,0,4145,1047
13139,0,99,3
175163,0,21027,21878
138321,0,1140,362
108449,0,7684,628
147175,0,9823,2516
178538,0,40,1
178539,0,7072,1270
115121,0,42298,19177
30710,0,10194,4588
62217,0,1025,35
30714,0,1329,34
178531,0,23791,38731
7799,0,825,98
174490,0,2708,427
3007,0,916,466
18358,0,42062,34626
27765,0,21462,14922
14304,0,3508,92
14309,0,1358,311
141400,0,4682,525
7694,0,16517,31735
174169,0,7449,3193
24352,0,6304,1537
126036,0,321,91
24350,0,1439,90
143356,0,25353,3377
4409,0,16381,31951
144437,0,7250,2604
142251,0,1502,75
29930,0,46,2
111000,0,2912,286
164648,0,408,25
29392,0,275,38
7691,0,1583,116
30006,0,4259,285
30007,0,15984,32112
1210,0,227,25
177487,0,6130,1114
183581,0,14,0
29613,0,43497,17195
8068,0,3639,200
178752,0,22578,6225
66235,0,49313,41493
145552,0,3211,825
143421,0,24420,9279
63224,0,47809,38211
8060,0,122,1
7486,0,337,47
7481,0,383,25
132518,0,2155,89
6529,0,16900,6270
9393,0,10014,464
8266,0,212,102
150937,0,9331,2153
30398,0,15135,4300
30399,0,244,78
133869,0,11510,2882
133868,0,19920,25355
174389,0,461,27
29734,0,42,0
11060,0,2987,1330
11065,0,186,10
23002,0,15347,11259
29649,0,3082,598
31629,0,85,3
156155,0,915,64
156156,0,1692,17
156157,0,841,1
183101,0,21710,38399
254096,0,26218,29691
17890,0,26,0
28967,0,53094,34477
174541,0,597,7
66061,0,52,2
114524,0,471,17
129823,0,683,248
66065,0,45,1
4087,0,70,4
3863,0,233,5
183636,0,5762,650
144396,0,523,28
66592,0,29,0
13341,0,17999,3104
160541,0,17882,2061
66597,0,16857,2670
176899,0,12542,10165
177930,0,7855,719
161013,0,4459,569
23220,0,848,197
160549,0,853,112
23226,0,1749,113
16981,0,60284,38595
23224,0,465,10
161014,0,27385,13148
177446,0,13,0
184239,0,6019,781
160781,0,32651,16437
19137,0,46371,39359
5723,0,189,3
160838,0,1917,159
6416,0,52,0
6410,0,343,4
9812,0,315,9
61487,0,51188,39137
28608,0,2731,320
27828,0,3144,195
7772,0,7431,2962
66446,0,861,37
61646,0,5572,844
144559,0,7002,879
144809,0,3530,385
3439,0,7909,2871
13580,0,1317,80
266216,0,26578,13174
65148,0,1180,307
60992,0,1612,153
117768,0,8455,2918
14938,0,7957,2979
6733,0,5375,2358
166460,0,890,57
137131,0,6955,357
141469,0,4406,290
5835,0,416,1
4156,0,43,2
11259,0,3046,534
163933,0,133,3
163930,0,144,7
140073,0,4661,370
11094,0,42,0
9299,0,384,228
61004,0,1395,49
165468,0,27,0
110533,0,71,1
165466,0,17465,11649
9921,0,68,0
9922,0,189,1
165465,0,36096,16861
28119,0,3169,538
28118,0,3188,1226
19262,0,29646,8529
130041,0,943,16
64784,0,48011,38012
22772,0,270,4
65491,0,12226,3311
25173,0,45230,39610
16763,0,60412,47991
164364,0,57618,44646
145049,0,3651,845
141462,0,1224,15
145042,0,603,20
12075,0,1001,25
145041,0,2812,835
145046,0,3221,460
119574,0,22076,6345
140672,0,16015,33341
161942,0,73805,38651
6649,0,34,1
31843,0,7548,1359
31846,0,750,602
10813,0,444,23
15087,0,103,4
165209,0,1320,15
65967,0,3916,617
10816,0,231,6
25774,0,1484,48
161843,0,6,1
150481,0,442,207
19318,0,38303,25811
184449,0,3070,644
110164,0,48173,39581
63640,0,228,5
106261,0,20493,16735
63643,0,3267,1015
24825,0,3734,675
184157,0,279,14
23812,0,16382,28987
65569,0,4000,1241
8214,0,206,2
65765,0,74,1
24893,0,201,4
184735,0,6083,429
4560,0,4466,1597
6639,0,147,28
164368,0,53793,29745
3647,0,62,0
148476,0,2370,668
29942,0,460,74
148470,0,754,420
11670,0,2950,68
117141,0,56390,30511
117142,0,28359,28202
64480,0,10896,1492
2555,0,234,2
2556,0,1488,107
7798,0,1132,58
2558,0,23776,4067
141389,0,8523,3155
165845,0,4919,1042
165846,0,10081,4196
17367,0,42688,29322
2393,0,215,11
2390,0,386,49
12782,0,288,50
12785,0,62,11
141384,0,11,0
27932,0,16732,3508
63422,0,886,28
11376,0,82,0
27936,0,3491,1296
27937,0,4563,2320
5018,0,199,28
2771,0,420,16
27938,0,5325,2329
27939,0,21143,21393
178172,0,78,15
160232,0,18875,7182
160233,0,59365,27603
2802,0,159,0
24021,0,1579,41
17148,0,68991,39070
25201,0,2654,75
17145,0,53405,34985
7977,0,10593,4631
7970,0,7962,3302
16785,0,52212,37086
12256,0,6706,1001
116387,0,3055,343
176237,0,16722,36924
16781,0,44699,35846
12252,0,15701,29448
12250,0,21773,35561
176404,0,4989,916
118223,0,935,41
6268,0,222,7
21186,0,19172,23618
119594,0,3176,142
6066,0,7420,1312
125601,0,1342,92
2176,0,512,4
125604,0,22,0
17095,0,29327,8688
30016,0,417,11
7526,0,30531,16867
122902,0,19429,5452
2606,0,628,40
28135,0,46831,20812
174160,0,16704,34870
14822,0,14441,3642
14820,0,59596,28505
113269,0,3391,374
14824,0,37575,10260
160341,0,12049,8775
61574,0,568,62
4903,0,383,11
10787,0,231,6
62592,0,15650,32089
62590,0,5209,2051
10035,0,40587,19839
5125,0,49,0
10789,0,493,3
10030,0,279,2
64218,0,43868,28654
146140,0,7174,2496
177884,0,11015,9081
154760,0,60055,50843
8898,0,60023,20087
8892,0,1804,58
3469,0,11693,9698
24468,0,17799,34338
11929,0,16293,29011
12321,0,330,36
65011,0,25016,11004
31718,0,28843,7555
4331,0,7979,2255
11923,0,8357,3398
11925,0,8476,2862
141720,0,14750,9895
132988,0,51271,34536
14954,0,3,0
7154,0,1074,265
17173,0,42175,22707
30490,0,3781,723
179231,0,62396,51568
30495,0,4566,459
30146,0,498,7
20338,0,127,33
17074,0,32529,8199
177376,0,750,12
142391,0,2177,145
5046,0,920,189
29097,0,3334,621
108664,0,52697,41231
1585,0,65,0
27845,0,21797,17004
29921,0,93,1
29101,0,13704,2458
24005,0,13825,10640
164255,0,873,361
18699,0,1660,81
17070,0,34203,10959
29705,0,866,14
5234,0,253,14
175376,0,1919,221
30540,0,9056,1624
164494,0,106,13
158791,0,19241,5247
13124,0,20448,2386
176375,0,17629,2606
137024,0,12842,6935
179657,0,14,0
15803,0,17952,35889
11819,0,19016,1531
176378,0,289,37
15153,0,24779,2609
29894,0,43,0
179342,0,4636,1615
179831,0,12466,9045
184009,0,2533,36
137373,0,385,17
109930,0,112,15
178834,0,35228,16786
24344,0,19845,37527
3071,0,41897,32093
156095,0,251,13
28477,0,2056,127
1593,0,185,4
1598,0,3122,254
2953,0,199,2
31702,0,49327,26707
31703,0,51369,35591
65689,0,51842,29358
183366,0,476,14
17795,0,29521,7976
31707,0,52611,25633
5342,0,111,8
7163,0,12,0
126020,0,428,5
143668,0,6390,1380
178633,0,1310,82
62107,0,320,33
183352,0,923,20
137573,0,6882,1310
30032,0,11289,2583
4367,0,1038,177
1209,0,800,38
66686,0,5975,787
12895,0,615,30
29466,0,61048,48325
31521,0,14460,1298
23107,0,44260,35113
144010,0,207,110
164109,0,11874,9562
18037,0,35900,14074
12789,0,64,0
175955,0,11600,3004
175953,0,3841,560
8272,0,9594,3208
183580,0,30419,14405
28278,0,41932,15819
6334,0,6120,2173
66681,0,32067,8029
162892,0,17331,37139
4274,0,11494,4616
162894,0,6821,1516
14555,0,26309,11980
1447,0,32153,9432
12868,0,2709,1026
175007,0,152,78
175006,0,5690,366
1117,0,149,1
114959,0,66,3
114956,0,49395,38979
174531,0,10645,2181
174024,0,37623,10395
175008,0,21175,38044
1449,0,18412,2727
31147,0,13880,6450
13782,0,88,6
11446,0,115,6
4091,0,573,98
4090,0,6055,2273
13786,0,19432,36294
31453,0,13998,3047
4094,0,15937,1637
185194,0,792,410
183640,0,2244,142
6333,0,25304,4771
23587,0,141,6
177943,0,436,14
66588,0,24286,7081
177944,0,66288,47968
66586,0,5797,469
111721,0,44591,28000
11313,0,2720,557
19129,0,5657,675
160797,0,22071,7844
107325,0,48751,42116
7585,0,4314,471
160798,0,1947,365
19124,0,47793,28695
180029,0,264,6
7741,0,2881,493
61673,0,24010,36379
28616,0,262,7
61676,0,20433,6065
127377,0,2439,147
22507,0,3657,95
22500,0,245,8
150258,0,7402,1327
60983,0,45641,20598
8264,0,461,16
8304,0,191,4
166414,0,16833,32312
6528,0,329,6
66281,0,65776,15878
28853,0,11258,2329
8633,0,2174,139
23697,0,7631,1423
8092,0,370,5
61587,0,4975,1149
61586,0,51434,22702
163921,0,13218,4143
163920,0,53439,32048
160196,0,145,8
15208,0,44253,23499
8099,0,7759,2512
11264,0,905,64
65021,0,14586,3492
65026,0,537,27
177895,0,511,31
177896,0,6035,1675
3851,0,52,73
110529,0,12533,2692
180118,0,37,0
9937,0,3301,287
22761,0,189,5
165691,0,97,15
65376,0,20299,14986
16775,0,30049,6327
16777,0,35030,10247
128978,0,940,54
158313,0,51791,28649
25691,0,4196,782
110250,0,51217,42169
25340,0,1460,92
130762,0,6788,2804
6097,0,75,21
185177,0,2054,307
63511,0,54528,44038
12669,0,1959,275
121934,0,10103,5745
6653,0,3494,710
12994,0,6801,1719
177099,0,3542,222
107817,0,42445,14517
19305,0,126,3
25749,0,201,23
25747,0,1852,67
127797,0,35867,17332
25745,0,5689,1715
64844,0,611,95
165215,0,15539,34882
65971,0,51888,37112
120359,0,3236,277
120358,0,1982,340
161996,0,37364,17504
161997,0,176,9
65576,0,3393,672
63639,0,20967,4088
24837,0,1951,39
64515,0,17008,36183
266214,0,26755,4059
150477,0,199,14
185618,0,7447,1018
65772,0,530,34
65771,0,142,2
21066,0,9910,753
19873,0,55247,41848
184748,0,21,0
183822,0,37028,9563
13421,0,4636,651
21061,0,49017,14815
2547,0,18559,2480
139526,0,2213,133
64997,0,34,2
153895,0,51352,42519
114608,0,1728,509
166639,0,762,106
165501,0,36309,9625
165856,0,26,1
165855,0,4724,972
65483,0,27489,8527
23006,0,4880,1209
64175,0,15,10
12796,0,7114,225
2282,0,1115,410
177764,0,16506,27417
24491,0,3621,297
10332,0,5295,332
64356,0,11287,2727
124615,0,36876,16573
64423,0,11897,2792
175509,0,895,74
27906,0,216,19
121381,0,41727,34024
140938,0,53185,45892
160225,0,1671,75
17233,0,28847,6771
64194,0,50432,42073
182387,0,6545,1217
260774,0,908,61
25236,0,49152,40131
64193,0,49252,29457
16401,0,6870,3172
17131,0,10346,2927
260779,0,4792,858
17132,0,47125,28929
64199,0,44524,23371
7906,0,2116,297
17136,0,42732,31706
125580,0,50323,39421
16790,0,23827,7013
4423,0,294,17
163927,0,10239,3533
4622,0,217,9
137371,0,1,0
166747,0,24054,10791
111179,0,20503,4715
62110,0,16306,28454
148391,0,4703,2189
148390,0,5601,1724
64879,0,4961,963
162401,0,321,45
122916,0,828,87
2163,0,1778,684
6078,0,483,28
2615,0,1158,49
176238,0,1286,136
8493,0,13056,1253
160312,0,8546,582
163926,0,60359,46555
64223,0,121,2
150761,0,18101,3424
66060,0,24071,31462
7343,0,8054,3996
19965,0,95,16
1906,0,27,1
10795,0,54,63
63291,0,25,0
64228,0,46125,35217
64690,0,494,3
10793,0,493,40
149738,0,28,0
120824,0,161,1
179003,0,26009,11972
176703,0,29956,14583
176701,0,307,26
13200,0,4908,1329
163685,0,4620,350
163680,0,24919,2969
163681,0,29012,14767
112254,0,37441,12886
12338,0,7866,1384
135990,0,7314,2733
184961,0,15167,28823
138122,0,16347,35325
1414,0,439,10
27875,0,4712,374
14960,0,6526,434
27873,0,111,13
12096,0,17,0
112819,0,6,0
176963,0,23642,15410
163668,0,107,42
163669,0,3251,531
62768,0,136,0
29082,0,3732,504
24483,0,3499,1135
10247,0,570,25
9023,0,97,1
164155,0,4617,263
30558,0,104,1
15267,0,523,43
5229,0,804,218
63166,0,49394,33210
176567,0,9444,1592
176565,0,15907,10162
144097,0,16613,10959
29710,0,1897,236
143870,0,10282,2550
29241,0,10358,2589
11861,0,46183,16944
14815,0,9177,5194
179648,0,3746,428
176361,0,3,0
176363,0,17371,5318
176362,0,1448,153
138341,0,19390,38322
175490,0,206,14
8902,0,125,4
163594,0,11639,5897
163595,0,1386,97
163596,0,4050,605
179132,0,1744,141
15142,0,12154,899
178519,0,1377,111
162958,0,15593,34041
29887,0,1897,149
184035,0,14327,9295
238157,0,1977,252
109926,0,3611,738
162957,0,450,53
112721,0,34147,10239
14369,0,1735,384
3062,0,2161,109
7171,0,1037,49
133724,0,16503,33599
180905,0,839,72
272699,0,563,9
2940,0,15429,1719
5357,0,4418,276
62168,0,12403,2076
62169,0,7697,380
31739,0,50345,27622
31738,0,3702,410
174637,0,213,2
14401,0,37489,7793
174147,0,836,197
122266,0,1248,121
112030,0,647,36
178608,0,3050,286
133288,0,13786,6342
1690,0,3479,204
112034,0,521,73
164664,0,15003,2892
178600,0,31056,15355
164661,0,22095,2553
164660,0,171,4
1279,0,9770,4042
118502,0,1235,51
147750,0,1297,358
30029,0,2585,170
160785,0,111,8
12886,0,1023,292
1274,0,37685,11124
123017,0,229,2
122380,0,160,9
178995,0,268,25
14563,0,226,12
14561,0,4252,529
184101,0,17242,3808
8240,0,950,3
1794,0,621,12
178851,0,1265,40
8247,0,526,46
8245,0,51518,33099
62016,0,3151,199
174663,0,525,130
66268,0,5284,787
165675,0,917,153
3734,0,721,68
162887,0,26714,25699
150049,0,16,1
63901,0,5123,244
157955,0,63476,30327
29061,0,50748,29511
28590,0,449,1
31607,0,18062,5207
15363,0,47268,25187
23027,0,50,0
23753,0,316,13
31460,0,3019,635
28919,0,15913,8914
8423,0,2211,104
64341,0,24783,8501
22373,0,148,2
66000,0,10206,2091
1308,0,1110,153
2596,0,243,48
144139,0,15,0
177953,0,577,34
136186,0,17666,36642
122917,0,1189,164
62139,0,43928,24362
11300,0,1273,286
4225,0,22,1
11302,0,296,12
185346,0,1563,33
144135,0,3317,428
184219,0,4053,524
9125,0,1380,21
30939,0,6,0
61662,0,2761,280
5581,0,2147,166
30932,0,56372,29738
12403,0,5062,1773
9831,0,5483,1297
12407,0,10216,615
28629,0,7889,1735
9835,0,5307,744
110732,0,8548,2017
121493,0,3656,430
7759,0,592,13
23111,0,50259,22857
63058,0,53915,34474
7300,0,189,6
180698,0,15457,33838
7750,0,4393,884
109699,0,40640,14286
139225,0,12406,8852
29300,0,60092,43750
61448,0,16930,33657
180272,0,1021,5
17438,0,43225,33894
3937,0,39,3
61112,0,12648,641
66484,0,43127,19708
163916,0,4545,816
166402,0,55,3
8334,0,570,12
27780,0,8193,2713
157452,0,2158,62
24430,0,16475,1163
175347,0,548,46
9904,0,11341,9506
61591,0,5959,862
61596,0,179,17
127094,0,1836,113
24660,0,12,0
156861,0,4,0
19817,0,18485,2411
24669,0,503,8
2593,0,544,57
5690,0,54,2
61061,0,6837,1122
5697,0,197,1
24463,0,766,106
24898,0,19336,28244
28139,0,7839,1503
61069,0,20759,4472
177882,0,3778,879
177881,0,30984,17125
19209,0,313,7
25356,0,19804,3403
25357,0,4586,1602
60887,0,87,1
153668,0,4301,763
64768,0,1610,113
64766,0,9275,3461
64767,0,3118,123
22797,0,44,0
1300,0,441,30
13963,0,200,0
119756,0,13155,1023
9324,0,2671,338
110065,0,7192,1142
29086,0,16687,33492
117018,0,45901,21118
7912,0,12071,8515
25680,0,2588,126
25681,0,70,1
7911,0,316,4
165993,0,18274,1900
23978,0,4706,519
6669,0,1775,103
4040,0,4,0
230796,0,20,0
6661,0,387,19
161966,0,28622,5029
177088,0,2120,113
160580,0,6462,927
22086,0,17087,2353
61285,0,103,2
65905,0,15927,2253
65904,0,12690,5922
10877,0,10471,5926
1602,0,21140,35957
16890,0,55012,37912
63621,0,4639,1797
25536,0,2,0
17239,0,3639,418
65587,0,190,1
24800,0,12670,3565
2285,0,722,118
124198,0,3907,568
64699,0,44281,21174
183838,0,23,0
13431,0,10390,4808
153793,0,16706,34705
183830,0,5058,903
183833,0,6166,1263
124196,0,12533,3226
121817,0,720,226
121816,0,48846,37658
121815,0,292,20
11499,0,257,6
2577,0,2485,150
11694,0,7287,1892
2573,0,11174,1998
10905,0,7308,2631
65345,0,16430,1813
282553,0,490,25
65343,0,543,22
1661,0,4297,545
10903,0,20444,2159
10902,0,1318,12
11455,0,1629,235
11456,0,585,18
64163,0,4800,565
11450,0,149,7
64165,0,81,0
64166,0,11672,1248
21237,0,7487,1224
2595,0,6198,3130
140902,0,334,21
140904,0,379,40
21232,0,843,23
64346,0,32,1
3594,0,10030,4306
13794,0,25110,15827
61839,0,4325,487
10305,0,114,5
27913,0,1614,51
27914,0,3915,621
125595,0,11534,2875
21238,0,7719,2008
11315,0,100,13
10086,0,1860,18
4430,0,17866,10411
13323,0,161,18
25224,0,339,12
30778,0,314,33
121257,0,10830,2478
13328,0,1035,44
1878,0,1543,52
179413,0,27172,21635
26015,0,7885,2855
12603,0,19454,3661
4941,0,1584,135
118081,0,18293,3561
138205,0,12884,1804
29729,0,1427,11
62501,0,7640,1493
12138,0,12208,1024
4321,0,912,62
2811,0,565,3
184689,0,54028,24379
184688,0,5236,793
2111,0,13699,1283
184684,0,41,0
1559,0,1866,137
122078,0,1006,14
63281,0,9502,2150
160364,0,1611,145
62378,0,681,393
2628,0,1280,99
62374,0,637,14
63288,0,12212,2072
142956,0,507,12
1919,0,2175,75
163939,0,6218,1295
149721,0,930,135
62575,0,43307,23997
5237,0,529,36
122674,0,1084,156
176289,0,105,2
10016,0,3,0
121077,0,20316,5873
120816,0,1712,93
184079,0,21160,36310
5831,0,1315,72
2025,0,7965,875
61408,0,20054,4902
10499,0,7903,3797
60846,0,18573,7632
62979,0,41123,16425
174355,0,71,13
163051,0,4298,2226
13700,0,11,1
10277,0,10682,4319
179586,0,62447,48299
163931,0,15675,28947
174077,0,11983,3379
163673,0,42710,24890
179583,0,3836,476
14790,0,285,56
184996,0,64,3
14793,0,14334,7288
163679,0,11415,5721
163678,0,1904,138
176914,0,5001,553
10278,0,28319,8043
121673,0,2578,252
184070,0,19,1
5210,0,4613,428
125000,0,18351,4216
29246,0,50654,28145
163935,0,11856,6042
5218,0,1716,73
14027,0,669,13
175157,0,11954,9922
163586,0,288,28
29278,0,20139,21267
63172,0,3354,311
264265,0,17516,35565
24278,0,47964,20249
176594,0,16650,35558
21542,0,216,4
176592,0,2998,121
176593,0,745,44
63178,0,30294,4347
29274,0,2780,390
11872,0,900,120
176351,0,30527,13763
19431,0,789,39
112626,0,40158,15362
11877,0,328,14
112624,0,1101,46
133726,0,3653,652
175483,0,17661,3394
142088,0,54466,43451
176602,0,50281,20118
164471,0,1327,406
179360,0,477,10
179361,0,47759,13929
112759,0,192,2
164293,0,27212,21540
164290,0,2027,679
20217,0,13037,9260
29875,0,4553,723
142460,0,934,35
65036,0,11936,5676
152008,0,18155,30726
126010,0,61,3
112754,0,16398,29167
11976,0,490,33
179690,0,9171,2683
176595,0,2922,143
28408,0,80,7
19658,0,47639,20163
7106,0,2889,249
7107,0,237,2
6865,0,8569,513
14370,0,211,11
6867,0,16340,8894
271794,0,25330,26714
62123,0,57073,14815
176282,0,18571,8931
13800,0,5525,914
62396,0,302,21
62391,0,5509,1089
28034,0,441,11
1045,0,79,77
143605,0,512,10
31720,0,5633,1302
166623,0,5142,711
175739,0,318,18
62399,0,3163,445
180109,0,30763,14813
178619,0,27521,12052
5109,0,5363,1476
1686,0,4,0
164612,0,28329,17505
164611,0,766,51
142260,0,2848,293
30059,0,5109,1605
182827,0,1,0
184114,0,19441,38425
264713,0,674,15
8253,0,445,7
61589,0,9167,3240
111631,0,669,22
30055,0,64554,51974
1266,0,168,0
11051,0,2887,232
8789,0,38657,8794
65713,0,29373,10147
183963,0,2652,376
21593,0,15893,3407
62766,0,47917,16766
1913,0,340,14
136884,0,20853,37160
31616,0,12469,1770
3129,0,212,4
8867,0,3908,454
3121,0,111,4
183480,0,164,0
178507,0,1051,102
29052,0,20047,3938
137351,0,56106,46298
1468,0,179,6
174282,0,3249,234
115404,0,7892,650
183247,0,31182,13710
144727,0,2035,477
1823,0,214,7
115077,0,1773,118
8431,0,10810,3280
126318,0,3206,246
156859,0,40,0
29837,0,14820,29004
137232,0,10326,1153
23768,0,167,5
23767,0,16300,6991
65365,0,9466,540
31477,0,7176,1592
66016,0,590,39
28900,0,9721,2736
19057,0,67863,50168
24782,0,20940,6765
164408,0,318,21
12433,0,3036,264
147639,0,284,77
15350,0,2760,121
185370,0,14757,957
165052,0,1332,223
160571,0,9655,3448
160570,0,226,10
114370,0,11428,6231
122273,0,425,98
61610,0,292,8
160809,0,17128,36138
133949,0,3583,297
5594,0,2864,349
5597,0,174,14
162988,0,6297,2268
105936,0,2088,660
133944,0,5924,1065
133945,0,5648,1063
115766,0,27657,6629
178767,0,4254,990
110728,0,102,1
1013,0,4323,641
183797,0,6238,623
61439,0,3817,213
61129,0,50093,13622
119474,0,1809,209
61122,0,1569,170
61121,0,712,2
61435,0,2829,275
31418,0,8299,521
66708,0,31225,9287
185289,0,18969,24847
66496,0,434,15
25376,0,26636,7998
181794,0,4327,129
12304,0,330,0
166434,0,9969,766
28397,0,1481,410
166436,0,12483,9779
166433,0,1183,100
4213,0,55,1
63876,0,561,115
24678,0,48246,18539
4127,0,984,196
4124,0,1086,31
65009,0,9606,4369
62972,0,49673,41458
61725,0,3685,257
6213,0,3576,330
61055,0,28143,7317
6081,0,306,13
5680,0,924,64
65006,0,10205,5422
27786,0,10379,8190
31849,0,4496,1134
6386,0,52,0
62977,0,15280,31195
60894,0,481,31
2751,0,403,23
183932,0,10,0
1239,0,100,3
23945,0,15219,32300
23943,0,17480,7107
176256,0,50516,22128
23940,0,18,0
22144,0,864,8
185797,0,1700,140
135004,0,279,1
177744,0,3017,335
177745,0,3180,343
113491,0,3488,664
4052,0,12491,8765
163879,0,1779,358
163878,0,828,158
163877,0,306,4
11514,0,2129,32
11511,0,3701,854
11513,0,48178,27523
4058,0,103,4
110387,0,2348,72
65176,0,66576,47892
5978,0,253,1
177983,0,1350,137
128098,0,3462,301
6936,0,3503,347
10860,0,10485,4735
65911,0,193,19
10867,0,4321,553
150278,0,3707,1227
21828,0,4026,1924
150699,0,9443,3516
15709,0,434,26
116284,0,309,36
3619,0,103,9
2290,0,2381,236
108645,0,13436,10687
19508,0,41757,13222
65399,0,130,40
25783,0,7750,1499
141198,0,2609,253
25789,0,606,23
141197,0,19098,35381
25030,0,10044,1148
148249,0,1157,444
5902,0,16743,32257
162338,0,830,360
29736,0,3777,1541
184569,0,11342,5661
114628,0,6468,231
117861,0,233,49
162335,0,8,0
10916,0,41701,24643
10917,0,7997,1387
135044,0,9576,3751
24922,0,50,3
24925,0,753,26
7291,0,2577,126
17115,0,5703,1428
8512,0,10414,8542
7923,0,2120,157
2581,0,1493,201
64404,0,3244,624
14794,0,117,3
61544,0,3657,123
64408,0,6143,831
25972,0,141,3
1860,0,1227,183
13353,0,8206,3283
28785,0,178,1
13354,0,1618,70
4448,0,42,1
164585,0,647,108
166142,0,514,266
176169,0,21,1
145977,0,3436,945
162584,0,5752,1142
4685,0,38888,30848
163118,0,327,14
4936,0,35,2
62897,0,30,0
1613,0,371,25
138747,0,17706,34781
163117,0,48997,23312
138741,0,15952,2952
138743,0,7385,1096
163113,0,323,2
64536,0,989,50
140821,0,147,21
154357,0,14534,7437
24810,0,15515,10469
25979,0,25,1
2101,0,141,6
29156,0,40,1
10005,0,50,0
160373,0,2289,197
5116,0,123,5
63543,0,49876,25155
10002,0,750,75
160376,0,5891,1714
160378,0,63362,19478
122061,0,2724,234
10008,0,25,0
176291,0,26268,3454
5256,0,60,3
9599,0,10571,4588
20791,0,22370,3401
20019,0,46830,37487
157153,0,1224,73
64568,0,1889,167
17069,0,18100,2833
176760,0,176,52
176762,0,66796,51901
185419,0,5494,361
176764,0,4632,496
176766,0,39179,16828
176768,0,5136,845
146171,0,1268,217
179027,0,2983,412
163069,0,27617,13381
184785,0,116,20
162517,0,109,5
62967,0,887,109
62965,0,2199,97
4844,0,10873,8303
4598,0,96,3
141178,0,15696,3900
4843,0,17929,30265
14908,0,4659,753
179597,0,47,1
160657,0,38742,18458
155282,0,56814,37815
112295,0,34731,12238
179598,0,15956,32200
133424,0,17949,37394
29264,0,3454,1382
29265,0,1618,49
174729,0,338,31
20570,0,6,0
5205,0,158,3
152109,0,272,37
14163,0,104,20
10345,0,247,15
29268,0,4701,1296
63383,0,1444,92
121440,0,19437,37220
264270,0,21858,38624
29627,0,277,18
164571,0,1028,76
179110,0,2083,400
19932,0,56049,39591
28322,0,6409,1013
164266,0,15682,34182
62494,0,1220,43
28323,0,6987,1777
25047,0,16647,26201
134026,0,20375,1963
183902,0,19534,3180
18533,0,16788,4479
176343,0,2712,150
11842,0,48134,23253
11191,0,352,7
149618,0,31247,15703
108188,0,75,1
2960,0,9018,1389
176833,0,4577,1157
179378,0,2294,126
164270,0,17216,31859
1783,0,25,1
30222,0,53404,34991
2968,0,46469,27277
30220,0,110,2
137611,0,616,17
62634,0,5381,490
122536,0,469,20
7117,0,349,2
7116,0,108,7
24318,0,36478,10281
179686,0,24339,37590
176591,0,38819,11102
176070,0,8382,5104
17641,0,45194,25541
108740,0,583,10
176350,0,41527,17830
62382,0,15093,29576
163884,0,24527,3387
1078,0,8707,557
1076,0,513,11
3643,0,45613,32137
1075,0,9357,3649
1072,0,2380,126
62388,0,302,3
164609,0,30419,30139
179202,0,1285,85
1678,0,7463,3241
30137,0,14905,30679
13003,0,240,13
28819,0,3388,398
178371,0,7034,2162
30138,0,8075,3124
164607,0,808,166
164606,0,72,1
1094,0,265,11
175004,0,587,25
3806,0,423,19
175900,0,2204,418
184167,0,19102,3232
30822,0,7717,1517
175903,0,2630,496
8229,0,51,0
66393,0,14583,3029
264708,0,4959,2128
118525,0,54066,38794
148932,0,6098,2183
29151,0,164,106
65590,0,600,30
1050,0,162,8
178976,0,1094,197
23291,0,20575,5757
14581,0,9675,1090
178973,0,15,0
14583,0,4216,1005
117145,0,578,277
178083,0,15708,4366
174053,0,15104,2876
178081,0,1493,216
174507,0,17778,33856
160600,0,1748,92
28027,0,15513,33148
20202,0,128,3
178089,0,1280,83
20209,0,1167,22
156933,0,478,14
31095,0,1784,120
164046,0,1306,67
2490,0,967,19
29517,0,14258,1735
183257,0,5393,415
29040,0,6296,554
175055,0,1876,39
164296,0,820,112
28938,0,6457,2312
1327,0,12273,4346
133547,0,2563,364
28930,0,987,62
9850,0,5340,2256
12421,0,2712,379
137434,0,1814,80
15343,0,382,28
137432,0,851,69
6900,0,451,8
12428,0,8373,3603
23577,0,3204,988
5764,0,230,4
4201,0,7013,658
5763,0,6310,1603
177975,0,893,13
8133,0,20088,2985
143526,0,180,1
61600,0,3693,86
5568,0,500,74
175130,0,24797,10989
12788,0,486,13
137310,0,22007,8590
61608,0,28513,4509
5567,0,1430,122
5560,0,169,64
177405,0,292,109
147101,0,194,3
1487,0,51870,23039
24912,0,418,17
28338,0,481,103
178798,0,11569,9262
1523,0,348,3
7733,0,9348,2183
178797,0,221,110
31099,0,225,90
63520,0,72,1
111629,0,6507,1069
26246,0,4845,413
28806,0,18767,23927
66731,0,38068,8352
142462,0,2505,180
126434,0,7622,1232
174876,0,1714,36
61420,0,27,0
10618,0,12,1
6435,0,95,4
14489,0,1666,78
8358,0,1555,141
5408,0,4424,807
4115,0,368,15
6730,0,17988,29307
162264,0,104,16
8350,0,618,38
24783,0,47,3
260778,0,14531,1660
8357,0,774,86
163891,0,907,577
177576,0,176,2
164116,0,57,0
19049,0,25945,7803
180183,0,34944,9206
122257,0,18180,36307
24447,0,24311,4985
7422,0,10906,9231
61739,0,2652,347
178672,0,13760,5418
61737,0,14500,5748
27790,0,579,80
61735,0,1538,29
61732,0,1716,68
27794,0,6746,2175
181290,0,250,2
61557,0,1358,47
25331,0,1280,128
61552,0,5729,577
25334,0,903,427
116526,0,9667,4087
65615,0,136,6
25338,0,4783,1498
183920,0,3243,611
156618,0,72854,44312
65610,0,21513,4845
145080,0,5917,618
29616,0,29,1
12635,0,2258,47
28518,0,208,6
176369,0,80,1
31887,0,12050,1728
114748,0,1383,60
31881,0,2546,376
117035,0,37187,18330
117036,0,198,91
65290,0,7551,2240
4060,0,792,86
4066,0,291,6
23793,0,5241,1182
65921,0,286,63
11509,0,79,19
11506,0,14328,8258
182308,0,4773,510
26013,0,9468,5452
5786,0,48446,31394
177996,0,4090,859
65105,0,4719,1421
65106,0,39150,14086
120656,0,2046,52
65108,0,878,38
5788,0,651,14
120301,0,722,237
127439,0,9873,1342
174313,0,62606,48523
3607,0,151,16
183812,0,836,197
63600,0,9235,3964
19538,0,56959,46791
63605,0,13277,6892
63971,0,81,4
17780,0,17372,2834
12189,0,259,1
16637,0,68973,54383
16188,0,2346,120
157755,0,1042,88
12181,0,18514,26503
25021,0,250,6
176017,0,18184,34079
182788,0,47559,9742
6115,0,731,54
6116,0,599,29
184576,0,1265,64
184571,0,1545,16
124046,0,5131,602
10920,0,500,121
166197,0,26673,12888
64741,0,6547,2423
165880,0,9245,4696
109621,0,45562,20412
7309,0,11951,8974
3855,0,4161,1116
7281,0,386,22
64418,0,572,23
17106,0,42926,30084
7936,0,15134,33354
10894,0,5522,1374
64410,0,94,10
134384,0,8289,1738
13342,0,5735,2179
16989,0,43660,33360
4450,0,231,0
17694,0,42072,31902
65430,0,4363,1471
7974,0,9026,1806
118264,0,5414,631
3735,0,548,28
118267,0,1912,147
1891,0,48,1
16985,0,60696,43508
16456,0,7340,1162
2136,0,14205,3716
4690,0,41888,26526
162457,0,10669,1028
6737,0,1820,77
148349,0,299,52
4699,0,46823,30506
163102,0,23147,8750
162459,0,14040,10778
154434,0,18294,6837
179741,0,12696,1316
11721,0,28,0
154439,0,1,0
6025,0,733,38
11729,0,4095,956
121053,0,1330,56
63551,0,45296,38404
155754,0,38903,7240
5165,0,1053,47
6223,0,224,18
62823,0,229,13
160340,0,19305,36456
62826,0,18538,35694
138483,0,3266,331
21499,0,2953,179
62553,0,2130,117
147908,0,1711,72
17076,0,54380,36399
9216,0,125,0
21496,0,861,146
64254,0,214,5
17073,0,7575,1388
179782,0,12941,10520
3429,0,1605,109
178610,0,2349,424
20488,0,236,88
61494,0,2534,52
4418,0,24556,34672
176022,0,19695,35955
120877,0,34,1
3424,0,4467,645
2002,0,43003,30649
6335,0,924,62
184797,0,1605,102
144436,0,2123,95
6331,0,582,43
9698,0,757,120
2005,0,48779,34454
62954,0,27806,13364
6338,0,13875,6433
165124,0,15,1
184117,0,56392,43764
14170,0,161,3
62732,0,2363,147
14172,0,45547,29317
62730,0,13450,2987
27886,0,41965,24345
10297,0,152,1
264391,0,677,43
27882,0,396,11
264397,0,18,0
264395,0,1931,137
10453,0,12854,5128
10451,0,11637,2771
9555,0,1432,142
29217,0,771,20
24040,0,18402,29627
3026,0,44,0
66059,0,41,2
175131,0,7049,804
3556,0,83,0
31895,0,44900,21563
160293,0,47259,13616
10581,0,609,50
13169,0,1230,15
178003,0,83,1
13163,0,414,8
8901,0,1351,220
1706,0,291,18
11856,0,38205,25120
153813,0,7673,1102
10840,0,115,2
30219,0,111,5
157217,0,1130,67
179303,0,509,2
137602,0,4602,1146
62602,0,4289,620
6848,0,3416,329
148169,0,14849,31584
17919,0,7649,768
24302,0,20606,34600
24304,0,12659,1708
108753,0,4480,150
6845,0,278,3
185518,0,555,77
107755,0,15714,10818
164633,0,42233,13497
5301,0,790,97
29453,0,7768,1796
183312,0,1240,20
176247,0,174,6
13013,0,10902,1606
13011,0,19442,5572
106418,0,8959,3685
157635,0,13700,5339
176939,0,345,59
147349,0,1701,90
176249,0,990,633
175913,0,14551,2753
30674,0,19076,37645
157855,0,14153,3758
30671,0,155,8
1082,0,314,5
30857,0,45410,25834
136646,0,375,7
161088,0,15226,28558
156857,0,19303,37380
4322,0,195,1
14828,0,33485,9180
18049,0,32975,10241
133432,0,7241,1887
12091,0,22198,4634
3144,0,406,56
2829,0,5359,476
1526,0,6812,738
14597,0,16869,24983
14592,0,2210,344
14590,0,503,65
31673,0,7497,444
178097,0,18403,34027
7632,0,3459,375
17861,0,53700,35765
7636,0,267,14
7637,0,22359,14917
109599,0,45273,36459
112774,0,4093,288
142337,0,8831,6249
1408,0,32,3
9699,0,267,1
164708,0,8963,902
142339,0,8762,4858
5792,0,54,9
28152,0,25403,7374
13906,0,39,0
164407,0,23,1
183446,0,13302,1362
183526,0,71,3
16582,0,1482,98
9083,0,32878,6392
185318,0,396,236
154714,0,25563,11355
176782,0,775,35
6932,0,13090,6392
177601,0,231,91
8699,0,410,12
9846,0,11021,5039
8694,0,3750,1326
9849,0,571,12
8123,0,108,4
147657,0,154,100
8692,0,250,9
166491,0,41,0
61635,0,4942,652
178896,0,6,0
66654,0,47250,19781
3093,0,539,24
126555,0,6315,1113
126554,0,2884,233
1533,0,33,1
29143,0,1226,198
114829,0,54425,22907
25870,0,472,29
174401,0,51832,24736
28490,0,46545,30653
25874,0,11866,9749
25877,0,20561,4656
136265,0,46263,17664
174049,0,57,1
66728,0,8199,1001
180083,0,299,127
61380,0,4026,336
23898,0,9887,2216
22542,0,12,0
22543,0,837,392
126423,0,6370,1696
183324,0,50488,17810
61388,0,6906,2324
62984,0,441,77
2352,0,1533,68
8348,0,4002,429
17341,0,3310,403
177697,0,351,37
63645,0,26248,35142
11228,0,3946,391
140023,0,23114,34042
4108,0,197,3
9728,0,148,75
25895,0,60973,35437
11220,0,14163,2357
12568,0,29,1
160913,0,4709,616
160912,0,503,66
15240,0,2071,81
31674,0,1055,45
3639,0,742,233
15247,0,6629,1427
181931,0,450,44
28924,0,5240,1496
174317,0,11330,3013
66032,0,7101,2920
25906,0,20384,21447
174312,0,12980,6918
5903,0,5578,818
174310,0,84,10
61703,0,30548,22708
183684,0,1395,146
180402,0,1784,109
180405,0,1344,99
3897,0,9133,3510
106589,0,15292,30559
61562,0,6948,1615
109919,0,219,10
16531,0,211,1
61567,0,924,113
117020,0,62911,50599
65607,0,784,15
144640,0,104,10
3465,0,200,4
166562,0,6968,1136
166563,0,7500,1599
64848,0,10,0
12621,0,2274,98
6617,0,254,0
166564,0,14730,10977
12625,0,771,342
166569,0,18418,32833
62626,0,7573,3830
7277,0,15901,8813
65930,0,22433,17000
185138,0,859,24
11538,0,2483,671
65286,0,6241,2049
5860,0,772,208
282189,0,11173,7418
65937,0,266,1
5959,0,34,1
13765,0,67,7
4077,0,13,0
11537,0,56,2
148223,0,1132,62
11535,0,1898,148
4072,0,7173,3109
154758,0,432,12
61140,0,16376,33454
3964,0,3315,1045
65739,0,19598,8535
3962,0,226,2
165728,0,1257,198
5791,0,952,40
177216,0,19331,2695
145024,0,6463,396
180249,0,42,5
60942,0,1199,53
154755,0,37765,7915
165723,0,51583,21775
61418,0,50,0
7152,0,503,50
63986,0,1523,50
7279,0,2842,115
266316,0,22796,38314
165943,0,27551,26875
31574,0,3122,47
5087,0,20,0
175127,0,42681,18143
3107,0,2764,271
148221,0,176,27
183945,0,25480,39778
61899,0,16103,34377
10498,0,467,7
148224,0,5267,2139
117115,0,395,1
151928,0,1395,49
162076,0,359,3
15364,0,50124,18704
266257,0,12409,1534
22059,0,2036,355
179605,0,21168,13965
148469,0,5232,1090
2342,0,1985,70
140759,0,16182,4497
166366,0,322,30
6104,0,539,6
119414,0,46631,20842
20109,0,39803,31716
6100,0,6652,1004
10938,0,8367,1762
63290,0,3902,719
124038,0,6720,1153
140979,0,11826,3024
63700,0,17000,33485
25274,0,1149,87
155133,0,1457,101
63708,0,224,21
9445,0,5591,1948
117026,0,38635,18962
161869,0,236,43
3708,0,718,313
150720,0,12,1
65421,0,1596,67
7959,0,878,22
61685,0,2855,218
4462,0,131,0
3707,0,1891,74
4460,0,1836,277
17101,0,16842,35655
25241,0,861,35
13579,0,12530,2401
6109,0,7712,2638
4918,0,697,375
162449,0,807,33
162448,0,3208,335
148350,0,481,10
4911,0,1362,626
162283,0,2860,290
12756,0,94,21
5750,0,457,68
64088,0,2651,237
17269,0,42321,27316
24878,0,17450,3612
13235,0,21662,9697
184542,0,28271,31660
166705,0,24794,5719
10063,0,45674,30064
21487,0,172,19
105670,0,22354,2980
9203,0,846,29
5179,0,35,4
147638,0,2830,487
62549,0,2235,192
3416,0,1233,329
165053,0,1722,219
176973,0,3689,435
64061,0,2099,164
182309,0,16504,35323
3410,0,12158,1231
182307,0,3693,725
165051,0,211,23
21374,0,38407,32329
10000,0,367,22
146354,0,40697,12015
65944,0,16922,34020
176035,0,7249,1927
149177,0,470,205
15293,0,2355,566
62948,0,15332,2767
6326,0,705,129
30234,0,9898,6742
8333,0,14433,2379
2019,0,40946,23761
144998,0,374,213
65609,0,397,297
12171,0,2063,101
135484,0,1789,627
4860,0,81,1
162064,0,547,50
4864,0,959,89
25711,0,1787,52
151403,0,5690,813
113362,0,9178,1861
163629,0,4435,436
10286,0,2448,192
14108,0,8591,2394
179577,0,113,0
118046,0,30945,11184
264385,0,25093,11913
15197,0,45848,35083
264387,0,23774,8076
112410,0,67234,52291
17715,0,42218,11418
9664,0,1112,390
29206,0,2051,279
125360,0,7404,1388
10115,0,3275,266
25495,0,9883,4301
10443,0,167,34
21776,0,16033,28854
21777,0,27333,12056
148770,0,13416,10016
7447,0,4878,1174
10839,0,3,0
63123,0,1611,197
160282,0,81,1
176639,0,701,37
25719,0,41730,35039
4485,0,17505,3724
1439,0,2335,90
10597,0,317,5
149082,0,10059,664
5379,0,1246,138
8972,0,1283,284
176325,0,18,0
29099,0,4339,1530
15199,0,18794,5152
112168,0,7667,1849
17908,0,48630,35436
7138,0,2601,53
260737,0,65,1
122519,0,672,43
7017,0,14115,7914
163889,0,31095,29128
175741,0,8755,4372
122515,0,43438,22810
14616,0,834,174
179974,0,3389,311
157353,0,2765,538
29448,0,42004,11893
29449,0,715,18
178310,0,5601,1080
142230,0,13646,8233
29211,0,31206,6824
164624,0,195,38
5313,0,72,1
178319,0,13994,11225
29332,0,2958,242
2856,0,4453,1485
29446,0,47378,38412
176255,0,1542,110
8807,0,5476,2328
176251,0,2445,239
176928,0,1255,14
30443,0,609,54
30666,0,6,0
15521,0,3535,710
133885,0,16516,34738
179957,0,348,84
184149,0,117,95
31242,0,45366,19635
147792,0,35926,17035
142546,0,13,0
109366,0,14450,1048
176118,0,6566,765
133888,0,9816,2871
3153,0,613,60
12992,0,26,0
121713,0,56643,44786
3157,0,5992,1537
7620,0,8035,2229
126772,0,92,1
112095,0,12103,4389
28795,0,14791,34055
3158,0,7027,1897
185926,0,257,17
25950,0,2800,430
28791,0,7414,1729
30461,0,56558,45117
180833,0,424,4
176572,0,5226,647
3399,0,754,7
64162,0,8369,526
30463,0,768,69
122355,0,2294,192
62057,0,1308,92
62055,0,26006,2612
30205,0,4672,136
29028,0,3733,763
136725,0,18176,4843
129469,0,11633,2564
129466,0,16646,31002
19807,0,16,0
164258,0,514,1
122263,0,2389,302
147660,0,1424,139
147661,0,11578,2720
66285,0,49381,41571
23553,0,19099,3462
66288,0,54358,37557
18110,0,43527,36037
65540,0,383,32
15414,0,19208,4010
8113,0,13203,8136
15417,0,9427,1086
13375,0,3078,752
23084,0,5051,523
111103,0,2,0
184899,0,7192,228
18307,0,43834,23842
8823,0,2123,208
5543,0,6510,702
180658,0,3163,447
111864,0,5896,1193
13125,0,6292,1170
29150,0,4367,1317
8599,0,761,13
175674,0,6041,441
180652,0,71,1
3082,0,44888,32412
111819,0,59146,45961
61398,0,15784,4797
61399,0,25451,17290
65050,0,45623,31259
22207,0,89,10
22205,0,1263,401
29870,0,329,21
8577,0,638,51
7124,0,997,30
184321,0,9057,2203
14359,0,11492,8395
165394,0,1204,143
5899,0,312,1
11234,0,113,3
8579,0,2157,191
2124,0,8463,1739
28176,0,55,1
12578,0,60,3
139201,0,38169,9629
61712,0,4196,379
15252,0,164,6
15253,0,159,14
12576,0,3873,181
161055,0,3099,694
12575,0,83,2
28775,0,1190,33
140905,0,12628,9391
25915,0,2276,60
129840,0,711,13
13128,0,994,15
5878,0,576,33
7401,0,43,1
2080,0,1583,82
117902,0,419,187
117903,0,4844,316
25318,0,9228,1302
18040,0,43103,35723
183903,0,12468,3565
22447,0,12028,8018
116503,0,1168,717
25312,0,338,7
65630,0,2563,290
25314,0,1670,188
182491,0,5,0
61572,0,8559,1885
13570,0,196,1
266160,0,12319,1049
163822,0,5354,795
166583,0,3789,77
178529,0,20139,2647
12615,0,168,55
2831,0,33,1
119714,0,12567,891
185128,0,1865,140
161048,0,2700,415
4001,0,29,0
2812,0,147,16
9919,0,73,1
13714,0,1611,378
3971,0,1652,148
61153,0,427,4
60979,0,51,3
24731,0,7234,1898
61406,0,8141,2033
61407,0,492,19
155616,0,294,15
19428,0,49745,35056
31276,0,66719,52336
177206,0,7115,1932
9899,0,3458,779
182701,0,10001,2496
65706,0,5249,724
25007,0,289,0
65703,0,203,1
65702,0,45,1
120456,0,11014,583
141240,0,4043,383
183879,0,19640,38400
165979,0,1,0
3622,0,1750,161
157862,0,354,15
1254,0,381,8
141363,0,7382,1380
148219,0,15150,29471
184551,0,9351,4329
164075,0,1253,136
18329,0,44086,33224
149318,0,130,45
13623,0,4221,506
2337,0,61,8
17184,0,13099,3033
6130,0,16150,5334
156153,0,10679,5571
161897,0,445,3
140761,0,33,0
64082,0,17830,4542
64891,0,2222,869
64720,0,133,7
64896,0,27,5
25481,0,43380,30741
140565,0,20657,5193
16477,0,983,45
9472,0,302,40
2574,0,3143,236
151606,0,56258,27868
29984,0,3393,672
2710,0,45,8
162384,0,36,1
16478,0,13279,9128
65413,0,14461,3284
116894,0,49518,41388
141496,0,17151,35214
65417,0,937,320
184884,0,19363,35997
61976,0,16625,31218
176135,0,18282,34692
62723,0,2453,300
4477,0,950,4
4476,0,20435,6595
6003,0,12228,5709
4678,0,41553,31893
4900,0,5334,549
118042,0,49214,36849
4674,0,51334,31237
13562,0,20651,3215
6008,0,13317,5881
14311,0,44,2
7437,0,12217,5566
28641,0,245,3
153191,0,42,1
24844,0,961,32
162272,0,10357,3832
63959,0,151,0
162497,0,19939,38122
9273,0,321,128
64275,0,173,18
24197,0,3233,322
5149,0,4649,512
10056,0,353,31
8810,0,7257,2412
5142,0,121,4
124775,0,626,66
266163,0,5907,600
156617,0,20706,35103
160163,0,22,0
29612,0,467,235
180466,0,90,1
63000,0,273,3
135844,0,730,67
61726,0,3836,259
12389,0,761,35
7435,0,97,4
177731,0,2,0
28460,0,5233,1436
10349,0,55,1
150306,0,53758,18795
166005,0,45668,16969
12142,0,8122,2055
13498,0,147,21
12140,0,26457,4783
10615,0,6453,1855
10614,0,3590,396
152809,0,122,1
8530,0,20824,20639
2061,0,2429,611
64389,0,181,25
3413,0,7406,2854
6034,0,25,0
7161,0,64,0
64063,0,6016,1384
62288,0,17307,23608
133366,0,24193,7196
133367,0,9,0
163633,0,26555,12131
4926,0,385,24
125358,0,14676,3813
6136,0,179,4
113371,0,248,38
175689,0,42,0
175688,0,3498,878
7228,0,4573,406
166435,0,15355,32046
10121,0,32777,6832
175686,0,855,22
9302,0,600,60
10124,0,55,0
164432,0,675,83
2820,0,19,3
63138,0,330,10
10692,0,386,50
29359,0,5158,873
133767,0,2039,346
133764,0,25831,10699
157057,0,36509,10306
133768,0,27815,6659
133769,0,8887,2139
3570,0,3233,771
63135,0,50383,27643
4497,0,484,37
162127,0,4180,839
4494,0,884,69
2663,0,405,60
13380,0,4205,1989
13381,0,3894,1875
63405,0,19569,29616
7241,0,2753,172
4498,0,18,0
6821,0,237,27
120794,0,14717,9365
2938,0,5188,2702
17266,0,33848,7031
6829,0,1719,177
176861,0,21194,37217
176867,0,97,13
133504,0,13636,1685
108778,0,259,1
5327,0,908,143
16845,0,55448,38661
174648,0,19067,38023
10540,0,339,17
179417,0,102,8
14606,0,2322,470
66599,0,3796,484
11896,0,45202,34158
174647,0,41663,8381
10549,0,19,2
14603,0,15163,30812
62667,0,7292,1573
62666,0,3043,338
20204,0,1861,589
175404,0,144,22
178304,0,6,0
65718,0,117,15
22306,0,76210,54052
10757,0,13247,6136
115757,0,1,0
29304,0,4587,432
14282,0,8192,1198
14934,0,10156,6112
4881,0,249,5
12379,0,223,12
176268,0,8455,2555
18276,0,43925,33116
133166,0,6991,3443
30477,0,269,9
164543,0,11243,6067
13032,0,4863,92
8219,0,3149,1246
8079,0,1205,160
30651,0,287,16
164365,0,39987,18122
178943,0,15096,4710
3969,0,6446,2202
179437,0,2578,284
179438,0,16668,35255
8210,0,392,20
8213,0,287,5
29946,0,16694,3108
8215,0,443,43
11099,0,1127,168
109826,0,2142,181
164369,0,16341,3714
274165,0,190,13
24216,0,142,0
12726,0,36090,9745
7658,0,49,2
12964,0,571,13
24219,0,8227,1435
2807,0,2387,231
162876,0,562,46
28018,0,3872,1324
139665,0,15937,1637
29015,0,2354,769
62266,0,7809,1118
7092,0,2378,130
3369,0,1425,730
62263,0,19903,36512
63490,0,10106,727
66602,0,7,2
5439,0,176,14
28543,0,2154,259
3362,0,466,96
31203,0,595,33
29830,0,313,16
10658,0,37,0
126417,0,16234,4248
63495,0,803,8
136864,0,26117,4475
178545,0,59234,48489
13962,0,3176,343
9815,0,635,37
109683,0,66495,52350
163977,0,1292,248
4242,0,5381,1014
4279,0,2487,296
183421,0,3180,723
66290,0,34,1
1356,0,48,1
126615,0,7420,1422
61489,0,1866,551
163975,0,122,12
163946,0,8025,1456
5559,0,193,1
9867,0,10052,3081
180646,0,157,9
163587,0,413,25
25852,0,21053,3123
28303,0,3010,1253
3502,0,27,1
174428,0,20633,3831
11811,0,8418,383
25859,0,6881,1845
146500,0,2010,250
66630,0,733,37
176637,0,47797,18407
30098,0,222,18
29164,0,10127,1215
8582,0,180,10
61163,0,4723,976
185229,0,155,15
110802,0,208,0
8363,0,6780,1741
145308,0,81,0
144520,0,1754,149
264388,0,382,4
114484,0,1218,400
9063,0,182,16
12815,0,2090,172
185209,0,29493,14317
12545,0,69,2
12544,0,565,34
179441,0,17562,3552
120297,0,6378,1118
15261,0,48795,23659
12540,0,18140,3759
29312,0,19942,24192
5888,0,13386,1940
12818,0,22780,7168
180423,0,2048,24
150277,0,14796,10213
61763,0,1422,157
123016,0,5668,945
15060,0,7552,3811
61766,0,69,1
165411,0,60159,49532
30899,0,19,0
25923,0,185,18
25922,0,89,0
28940,0,1112,33
28762,0,1825,293
145416,0,25190,10163
25929,0,589,3
24436,0,794,71
22325,0,14863,6717
110382,0,9124,2592
155738,0,552,2
165854,0,16581,3578
130298,0,35,0
160961,0,113,8
19094,0,44730,32894
147579,0,4068,374
160592,0,1550,110
25676,0,2152,146
163627,0,909,82
110039,0,11213,5647
11550,0,8454,3345
18654,0,11,0
11555,0,6202,2344
11554,0,1811,155
185112,0,11387,5587
23450,0,38646,28398
8402,0,62,4
185119,0,707,96
1440,0,8050,3468
141982,0,10729,7233
9667,0,9,0
60800,0,882,296
165702,0,929,32
25396,0,1609,33
177780,0,3114,140
161067,0,2728,207
177782,0,9766,1027
154739,0,32086,5328
4016,0,2392,545
11399,0,5282,581
160598,0,25,2
30277,0,3712,1702
19433,0,6091,1110
7506,0,19927,7121
24725,0,7033,196
9882,0,73,75
24720,0,223,15
65133,0,44793,20946
3980,0,1223,152
7509,0,263,10
65710,0,4279,698
65247,0,522,11
65244,0,4920,485
14418,0,204,61
65717,0,13749,1138
25079,0,256,112
13432,0,9736,6609
120444,0,988,32
10386,0,132,0
3612,0,38,0
61181,0,24971,8280
184527,0,80,4
64344,0,399,67
127481,0,16027,30400
25130,0,2643,167
61188,0,2342,186
30727,0,3086,217
13634,0,48,1
30576,0,10175,2275
13630,0,322,10
23852,0,140,1
2328,0,2777,463
157414,0,15954,31402
20779,0,22079,6218
10441,0,12,0
117862,0,127,4
177654,0,6792,1219
157415,0,177,45
177300,0,26394,11540
177650,0,6426,996
177303,0,499,22
64867,0,9745,335
117868,0,46842,41438
9916,0,4,0
3761,0,10070,2858
16889,0,47558,27695
161844,0,354,41
127455,0,19388,3935
148772,0,160,7
177429,0,2,0
64102,0,629,114
63725,0,47498,38026
63724,0,907,67
63723,0,61602,47583
162129,0,2825,280
9465,0,783,87
166363,0,11619,6324
25320,0,3520,501
7257,0,16217,25889
25108,0,3845,2153
138707,0,12447,1488
66354,0,12258,1348
61984,0,41,3
65406,0,1150,77
156578,0,2677,269
15520,0,9,0
7251,0,7146,2023
106853,0,26970,5042
142953,0,272,59
174449,0,42361,12147
117260,0,7011,914
4640,0,40481,22074
3662,0,2487,263
2497,0,710,18
4645,0,260,1
3243,0,9822,408
109580,0,1837,316
116791,0,29587,6319
63927,0,2269,288
63120,0,12566,1148
253527,0,18313,23762
11770,0,40491,9059
17245,0,54082,24489
24853,0,27242,23873
61483,0,22491,4002
24856,0,16563,29238
17240,0,47206,35299
4093,0,5085,2079
62525,0,14870,27821
121080,0,1918,67
175510,0,15044,9367
10735,0,2698,184
162489,0,51594,42120
143974,0,179,3
7875,0,91,1
185453,0,4473,1423
28295,0,11,0
24795,0,101,1
63030,0,19626,21662
185921,0,661,6
2787,0,463,64
17180,0,18417,1497
2783,0,5813,2015
4807,0,534,14
4809,0,727,54
12395,0,3394,250
12392,0,105,86
64915,0,5103,1144
9466,0,389,24
26012,0,597,9
6308,0,831,23
26011,0,6394,2027
6304,0,8951,3696
6307,0,2487,384
10609,0,180,10
128663,0,25724,11403
22612,0,2470,554
10380,0,329,3
140736,0,5872,697
62290,0,45,3
152149,0,2825,586
179082,0,6918,1737
162733,0,7479,992
162732,0,15826,35972
176781,0,14218,4058
63454,0,5465,706
63456,0,146,1
121153,0,12797,3257
27981,0,4854,2630
27980,0,54,0
9317,0,8325,904
10420,0,5138,966
21595,0,18439,4473
10426,0,1487,82
10598,0,74,1
27988,0,15940,33545
112366,0,6355,477
132525,0,11380,2890
164422,0,623,18
180597,0,56,5
112362,0,50700,39383
7275,0,337,5
176659,0,10334,3594
176658,0,4593,890
22861,0,2704,168
141359,0,154,9
3504,0,19636,5207
3505,0,26,6
8958,0,101,0
155280,0,529,68
8551,0,2409,927
11672,0,3770,1489
162644,0,346,2
157954,0,19765,36995
185584,0,1043,62
148552,0,18644,34786
6831,0,3692,1253
6830,0,474,41
122514,0,396,34
6836,0,31,1
176873,0,391,11
14386,0,1515,71
113419,0,3092,198
14639,0,6108,309
14150,0,325,23
62689,0,5832,1965
112968,0,1744,38
10550,0,29946,15154
65896,0,26,14
125237,0,1434,111
5338,0,300,11
125234,0,19030,4395
174656,0,12210,10182
1682,0,6044,1814
65350,0,122,10
1632,0,8334,3282
175271,0,12776,10041
1634,0,803,28
1635,0,4368,343
121717,0,1016,46
121718,0,24118,6898
30260,0,4,0
3218,0,34,0
11584,0,1729,52
1988,0,22,1
20548,0,13831,6484
61095,0,990,23
8826,0,1420,34
163601,0,10245,3083
13041,0,46377,32755
176275,0,23142,13708
147312,0,34104,16293
178684,0,14638,11543
29011,0,333,134
2817,0,91,3
18732,0,37622,14630
30649,0,3913,252
17982,0,15153,1372
111064,0,2856,285
15092,0,2168,516
29955,0,18991,24560
30312,0,934,36
2818,0,4700,2469
30310,0,92,1
14256,0,8022,3257
7647,0,40357,11644
14253,0,42170,30033
14252,0,2342,194
3170,0,34,0
24225,0,1845,117
7648,0,826,9
12972,0,3170,491
119275,0,6183,1282
5639,0,126,0
122175,0,8941,1710
164086,0,3426,379
7085,0,82,6
122172,0,3452,346
20245,0,15808,35280
123097,0,2377,171
29791,0,9275,3094
137874,0,1530,88
66286,0,62085,49875
175654,0,14,0
166591,0,17239,34911
175308,0,16363,35383
6461,0,6472,998
179889,0,38482,14847
178201,0,2135,391
29829,0,2580,592
1743,0,2148,516
6497,0,278,6
178063,0,4653,737
140030,0,10546,2611
1161,0,8157,2398
8176,0,2064,278
184225,0,11306,5003
160329,0,6861,1125
144009,0,1060,51
175607,0,43875,15703
66515,0,8781,5367
4241,0,9883,4004
5520,0,219,10
5523,0,2030,200
30888,0,49677,39676
178848,0,3570,162
178846,0,784,15
178847,0,26007,33482
160706,0,3123,428
160417,0,9207,441
7295,0,28,0
14412,0,6,0
24539,0,3511,555
24538,0,266,3
14417,0,5670,700
25845,0,6,0
180635,0,6078,942
24533,0,9805,725
28378,0,197,18
126296,0,265,11
11178,0,1618,166
7922,0,3970,1051
178443,0,24,1
5742,0,12966,7124
31037,0,1504,164
31224,0,140,104
31227,0,282,2
178113,0,813,15
126056,0,890,232
111662,0,5429,2737
1562,0,2016,146
30082,0,46900,31337
144066,0,1855,180
29173,0,8469,4445
11257,0,4843,597
2990,0,15806,33993
5250,0,1418,146
27199,0,4346,488
12804,0,20,0
181904,0,6981,1430
15274,0,12906,6517
1659,0,1520,90
65899,0,11033,1399
25935,0,38,1
12559,0,215,12
8007,0,44939,24498
16453,0,954,29
8001,0,16320,8010
13824,0,1804,127
6547,0,4747,1159
165179,0,736,6
24405,0,5145,443
25937,0,15154,27499
6543,0,156,16
5254,0,63,0
16836,0,53023,36315
28195,0,2191,95
28194,0,673,99
63232,0,49984,28243
28191,0,185,26
160415,0,1359,63
160416,0,9362,1622
143283,0,264,1
136804,0,18646,3616
28209,0,20378,31005
8486,0,53,5
25279,0,9117,1182
7849,0,6657,2258
28206,0,9544,4846
180636,0,353,22
1864,0,270,26
