18,49,1.0
206,78,1.0
169,99,1.0
207,69,1.0
96,215,0.3333333333333333
202,120,1.0
2,160,0.3333333333333333
131,49,1.0
125,149,0.45454545454545453
92,78,1.0
92,69,0.3333333333333333
163,179,1.0
60,92,0.2631578947368421
34,149,0.29411764705882354
212,136,1.0
163,125,1.0
173,102,1.0
1,221,1.0
169,18,0.2
123,69,0.5
140,49,1.0
137,191,1.0
85,29,1.0
126,26,1.0
123,69,0.5
179,123,0.6
102,149,0.07692307692307693
184,209,1.0
126,100,1.0
184,29,1.0
208,219,1.0
117,178,1.0
197,82,1.0
179,55,1.0
143,212,1.0
84,149,0.5
214,183,0.3333333333333333
67,123,0.5
183,176,0.3333333333333333
151,48,1.0
176,45,0.75
151,124,1.0
117,85,0.3333333333333333
159,12,1.0
55,149,0.45454545454545453
92,100,0.5384615384615384
159,78,1.0
140,206,0.5
105,167,1.0
173,149,0.7142857142857143
176,60,0.23809523809523808
85,215,1.0
126,100,1.0
60,26,0.5555555555555556
126,102,0.75
184,169,0.7142857142857143
159,191,1.0
125,110,1.0
149,192,1.0
140,132,1.0
92,149,0.5555555555555556
197,209,0.6666666666666666
176,69,0.7894736842105263
92,100,0.5384615384615384
88,24,1.0
60,208,1.0
169,137,0.125
126,60,0.8181818181818182
60,69,0.5789473684210527
163,55,1.0
60,85,0.047619047619047616
54,83,0.2
140,96,1.0
60,85,0.047619047619047616
140,48,1.0
60,120,1.0
45,125,0.6666666666666666
34,192,1.0
128,5,1.0
215,124,1.0
88,209,1.0
92,45,0.5
96,73,1.0
2,15,1.0
161,170,1.0
184,2,1.0
143,111,1.0
92,55,0.42857142857142855
55,77,1.0
102,120,0.7777777777777778
184,118,1.0
55,34,0.6666666666666666
45,149,0.5
114,198,1.0
208,124,1.0
169,170,1.0
169,49,0.6363636363636364
96,78,0.8333333333333334
206,49,0.7777777777777778
85,34,0.75
125,149,0.45454545454545453
92,132,1.0
86,212,1.0
126,60,0.8181818181818182
99,96,1.0
150,201,1.0
92,125,0.5555555555555556
100,55,0.3333333333333333
34,149,0.29411764705882354
163,77,1.0
117,132,1.0
184,82,1.0
67,149,0.2
60,45,0.5384615384615384
209,78,1.0
60,120,1.0
197,159,1.0
77,192,1.0
176,149,0.4117647058823529
105,193,1.0
147,114,0.3333333333333333
183,120,1.0
111,96,1.0
176,125,0.5384615384615384
86,170,1.0
48,78,1.0
140,82,1.0
92,100,0.5384615384615384
209,201,1.0
96,201,1.0
126,176,0.5
140,159,1.0
45,26,0.2
49,78,1.0
60,123,0.25
178,78,1.0
102,85,0.1111111111111111
214,102,1.0
92,136,1.0
124,78,0.3333333333333333
131,170,1.0
179,120,1.0
55,34,0.6666666666666666
84,100,0.3333333333333333
200,120,0.6666666666666666
184,208,1.0
136,167,1.0
179,123,0.6
208,96,0.5384615384615384
173,69,1.0
95,117,1.0
163,156,1.0
96,219,1.0
123,34,0.3333333333333333
60,125,0.5
214,121,1.0
117,193,1.0
214,102,1.0
18,215,1.0
176,60,0.23809523809523808
99,209,0.5
126,34,1.0
149,77,0.8333333333333334
100,120,1.0
96,124,0.6666666666666666
30,198,1.0
96,78,0.8333333333333334
157,124,1.0
85,149,0.45454545454545453
85,142,0.6
60,34,0.6
208,96,0.5384615384615384
143,140,1.0
100,149,0.3125
30,147,1.0
60,92,0.2631578947368421
60,34,0.6
208,96,0.5384615384615384
117,154,1.0
126,60,0.8181818181818182
18,48,1.0
112,215,1.0
24,96,1.0
60,100,0.2631578947368421
173,110,1.0
147,83,0.3333333333333333
183,207,1.0
100,110,0.42857142857142855
60,26,0.5555555555555556
85,149,0.45454545454545453
149,69,0.5
214,45,1.0
117,209,0.5555555555555556
169,24,1.0
137,48,0.2
55,125,0.5
169,157,1.0
54,221,1.0
176,102,0.5
105,99,1.0
100,120,1.0
18,208,0.6
176,123,0.4
111,96,1.0
206,39,1.0
200,63,0.3333333333333333
96,124,0.6666666666666666
160,159,0.3333333333333333
159,96,0.45454545454545453
137,209,0.09090909090909091
100,69,0.5714285714285714
86,136,1.0
183,69,0.75
176,220,1.0
125,77,1.0
100,123,0.09090909090909091
184,112,1.0
123,102,0.3333333333333333
169,197,0.7142857142857143
49,201,1.0
92,78,1.0
163,69,0.3333333333333333
118,215,1.0
60,69,0.5789473684210527
126,123,1.0
159,167,1.0
84,149,0.5
100,69,0.5714285714285714
149,156,1.0
49,193,1.0
88,60,1.0
140,96,1.0
184,206,1.0
161,159,1.0
55,125,0.5
102,121,1.0
161,49,1.0
126,149,0.6666666666666666
49,201,1.0
29,49,0.3333333333333333
118,201,1.0
197,15,1.0
99,197,1.0
207,69,1.0
215,78,1.0
118,137,1.0
49,136,1.0
60,149,0.5862068965517241
156,77,1.0
34,120,0.3333333333333333
18,193,1.0
206,208,0.6
169,2,1.0
154,193,1.0
137,99,0.3333333333333333
176,102,0.5
60,149,0.5862068965517241
123,149,0.5384615384615384
120,220,1.0
206,191,1.0
117,78,1.0
208,170,1.0
100,102,0.5555555555555556
117,82,1.0
147,162,1.0
212,137,1.0
176,120,1.0
209,124,1.0
159,111,1.0
178,49,0.3333333333333333
85,159,1.0
143,49,1.0
137,201,1.0
209,96,0.375
161,169,0.6
215,124,1.0
34,149,0.29411764705882354
92,118,1.0
179,149,0.6
2,48,1.0
208,159,0.3333333333333333
159,170,1.0
49,167,1.0
102,30,1.0
161,197,1.0
29,154,1.0
123,69,0.5
26,77,1.0
140,48,1.0
156,220,1.0
125,69,0.6
118,159,1.0
140,88,0.3333333333333333
60,45,0.5384615384615384
160,208,0.5
48,201,1.0
209,96,0.375
82,96,0.3333333333333333
99,159,1.0
60,137,1.0
161,208,1.0
140,18,0.5
214,120,1.0
147,1,0.6
149,77,0.8333333333333334
60,69,0.5789473684210527
96,73,1.0
176,100,0.3
184,206,1.0
190,5,1.0
126,123,1.0
49,24,0.3333333333333333
215,167,1.0
100,110,0.42857142857142855
163,102,1.0
1,162,1.0
60,77,1.0
86,29,1.0
183,100,0.2
18,96,0.6666666666666666
92,170,1.0
173,156,1.0
126,92,1.0
117,112,1.0
102,120,0.7777777777777778
143,48,1.0
26,149,0.5384615384615384
55,220,1.0
92,131,1.0
131,48,1.0
149,69,0.5
102,69,0.7777777777777778
60,200,0.25
184,96,1.0
207,63,1.0
176,26,0.6
184,137,1.0
102,220,1.0
55,125,0.5
173,179,1.0
85,12,1.0
161,96,1.0
85,132,1.0
161,88,1.0
105,78,1.0
131,49,1.0
140,78,1.0
184,197,0.6
92,160,1.0
2,208,1.0
126,176,0.5
88,48,1.0
100,179,0.6
142,100,0.5
60,85,0.047619047619047616
34,125,0.2
149,69,0.5
176,115,1.0
65,1,1.0
85,149,0.45454545454545453
176,69,0.7894736842105263
60,85,0.047619047619047616
150,178,1.0
86,150,1.0
169,96,1.0
29,215,1.0
209,96,0.375
26,149,0.5384615384615384
126,115,1.0
123,149,0.5384615384615384
88,154,1.0
178,167,1.0
208,170,1.0
92,120,1.0
84,102,0.5
26,63,0.3333333333333333
2,12,1.0
73,12,1.0
60,69,0.5789473684210527
209,96,0.375
126,102,0.75
137,209,0.09090909090909091
1,5,1.0
110,192,1.0
169,2,1.0
126,115,1.0
111,82,1.0
169,131,0.6
123,69,0.5
26,69,1.0
60,149,0.5862068965517241
184,160,1.0
60,78,1.0
125,207,1.0
176,120,1.0
209,96,0.375
96,170,1.0
92,88,1.0
85,167,1.0
88,49,0.25
118,167,1.0
60,92,0.2631578947368421
184,88,1.0
176,34,0.2727272727272727
197,159,1.0
85,63,1.0
176,100,0.3
200,149,0.2857142857142857
100,45,0.5555555555555556
55,34,0.6666666666666666
92,149,0.5555555555555556
160,73,1.0
131,73,1.0
85,200,1.0
18,159,1.0
60,67,0.3333333333333333
140,118,1.0
60,120,1.0
209,96,0.375
60,85,0.047619047619047616
209,159,0.75
137,88,0.2
163,149,0.6666666666666666
55,60,0.42857142857142855
126,60,0.8181818181818182
126,200,1.0
117,208,1.0
73,124,1.0
197,131,1.0
143,140,1.0
176,102,0.5
126,149,0.6666666666666666
26,34,0.6
5,221,1.0
49,215,0.14285714285714285
55,200,0.3333333333333333
88,49,0.25
161,160,1.0
137,112,1.0
178,124,1.0
100,30,1.0
84,77,1.0
208,215,1.0
169,78,1.0
49,167,1.0
126,125,1.0
214,149,0.3333333333333333
60,69,0.5789473684210527
184,48,1.0
96,191,1.0
131,12,1.0
92,219,1.0
176,100,0.3
183,200,1.0
170,136,1.0
85,163,1.0
55,207,1.0
100,63,0.7142857142857143
88,78,1.0
160,209,0.25
149,69,0.5
169,131,0.6
60,24,1.0
176,102,0.5
85,67,0.3333333333333333
197,191,1.0
86,2,1.0
149,192,1.0
69,120,0.5555555555555556
105,219,1.0
176,123,0.4
184,12,1.0
117,48,1.0
48,78,1.0
131,78,1.0
26,69,1.0
157,208,1.0
84,102,0.5
96,78,0.8333333333333334
137,157,0.6
173,207,1.0
209,49,0.2
212,170,1.0
105,96,0.8
161,49,1.0
169,197,0.7142857142857143
137,160,0.14285714285714285
209,96,0.375
2,96,1.0
149,69,0.5
117,132,1.0
197,29,1.0
49,208,0.1111111111111111
208,96,0.5384615384615384
161,206,0.3333333333333333
96,78,0.8333333333333334
126,92,1.0
60,34,0.6
206,157,1.0
88,167,1.0
207,192,1.0
18,160,1.0
140,178,1.0
60,48,1.0
99,39,1.0
132,124,1.0
105,73,1.0
26,69,1.0
85,200,1.0
176,125,0.5384615384615384
60,149,0.5862068965517241
214,69,0.6666666666666666
54,221,1.0
100,125,0.3333333333333333
60,100,0.2631578947368421
100,149,0.3125
117,209,0.5555555555555556
206,209,0.5
184,197,0.6
183,125,1.0
126,85,0.6
26,200,0.2
60,96,1.0
92,49,1.0
86,178,1.0
84,30,1.0
100,220,1.0
206,215,1.0
15,215,1.0
160,124,1.0
150,48,1.0
54,1,0.2
183,60,0.2727272727272727
54,128,1.0
169,96,1.0
86,88,1.0
150,96,1.0
184,88,1.0
92,173,1.0
161,137,0.6666666666666666
126,125,1.0
206,99,1.0
169,159,0.5
99,96,1.0
88,96,0.3333333333333333
126,100,1.0
48,219,1.0
161,15,1.0
197,78,1.0
214,123,0.5
151,208,1.0
179,26,0.6
202,100,0.3333333333333333
197,178,1.0
214,173,1.0
126,207,1.0
88,215,1.0
125,149,0.45454545454545453
209,12,1.0
137,170,1.0
149,120,0.16666666666666666
95,137,1.0
117,61,1.0
60,49,1.0
176,60,0.23809523809523808
169,209,0.5
176,207,1.0
92,82,1.0
60,149,0.5862068965517241
184,48,1.0
117,88,1.0
60,69,0.5789473684210527
179,149,0.6
49,12,1.0
161,117,1.0
169,137,0.125
88,49,0.25
60,136,1.0
176,200,1.0
184,137,1.0
126,60,0.8181818181818182
126,60,0.8181818181818182
60,45,0.5384615384615384
117,18,1.0
143,2,1.0
176,179,1.0
214,125,1.0
18,154,1.0
126,125,1.0
92,45,0.5
176,123,0.4
30,77,1.0
169,18,0.2
149,121,1.0
143,24,1.0
169,197,0.7142857142857143
163,121,1.0
149,120,0.16666666666666666
154,49,0.6666666666666666
84,100,0.3333333333333333
163,200,1.0
60,149,0.5862068965517241
105,137,0.6
143,137,1.0
209,193,1.0
197,88,1.0
137,160,0.14285714285714285
183,149,0.3333333333333333
60,170,1.0
55,125,0.5
197,96,0.8
163,179,1.0
117,12,1.0
161,49,1.0
137,39,1.0
117,124,1.0
85,69,0.6
49,136,1.0
149,115,1.0
100,45,0.5555555555555556
2,73,1.0
140,105,1.0
214,69,0.6666666666666666
49,73,1.0
209,154,1.0
54,128,1.0
159,201,1.0
117,92,0.6
67,34,0.3333333333333333
140,49,1.0
60,92,0.2631578947368421
143,219,1.0
88,136,1.0
117,157,0.5
55,149,0.45454545454545453
85,24,1.0
206,49,0.7777777777777778
123,77,1.0
55,26,1.0
154,49,0.6666666666666666
69,115,1.0
214,156,1.0
18,48,1.0
214,63,1.0
24,193,1.0
163,26,1.0
208,48,1.0
2,78,1.0
149,69,0.5
60,92,0.2631578947368421
179,123,0.6
126,60,0.8181818181818182
26,69,1.0
117,92,0.6
55,149,0.45454545454545453
176,125,0.5384615384615384
117,201,1.0
102,149,0.07692307692307693
49,124,1.0
118,88,1.0
176,120,1.0
160,88,1.0
163,77,1.0
142,176,0.047619047619047616
117,193,1.0
12,193,1.0
208,137,0.09090909090909091
184,73,1.0
140,82,1.0
82,78,1.0
206,159,1.0
100,30,1.0
55,120,0.6666666666666666
140,24,1.0
102,67,0.2
159,124,1.0
183,176,0.3333333333333333
15,96,0.5
159,170,1.0
190,198,1.0
125,30,1.0
159,137,0.25
163,63,1.0
169,209,0.5
157,131,1.0
100,149,0.3125
85,34,0.75
183,149,0.3333333333333333
160,48,1.0
206,96,1.0
176,120,1.0
60,149,0.5862068965517241
78,191,0.3333333333333333
85,69,0.6
61,54,1.0
160,48,1.0
157,96,0.42857142857142855
183,69,0.75
183,120,1.0
100,125,0.3333333333333333
149,69,0.5
85,179,1.0
117,78,1.0
214,92,0.5
126,69,1.0
207,67,1.0
183,92,0.2
184,209,1.0
92,69,0.3333333333333333
85,115,1.0
125,120,1.0
117,48,1.0
115,120,1.0
142,125,0.25
117,96,0.7333333333333333
125,207,1.0
85,45,0.42857142857142855
132,215,1.0
125,220,1.0
161,157,1.0
102,202,0.5
126,173,1.0
163,120,1.0
49,215,0.14285714285714285
114,162,1.0
169,208,1.0
118,49,1.0
131,208,0.3333333333333333
154,219,1.0
88,60,1.0
142,120,1.0
100,156,1.0
184,132,1.0
207,120,1.0
184,118,1.0
149,77,0.8333333333333334
60,179,1.0
184,191,1.0
92,77,1.0
117,131,1.0
147,190,0.5
161,191,1.0
60,34,0.6
26,63,0.3333333333333333
30,128,1.0
207,30,1.0
126,92,1.0
157,209,0.6
214,60,0.25
60,123,0.25
115,120,1.0
114,221,1.0
117,78,1.0
105,209,0.42857142857142855
176,179,1.0
49,96,0.6
105,78,1.0
142,163,1.0
49,96,0.6
169,209,0.5
154,124,1.0
183,85,0.2
49,78,1.0
169,157,1.0
54,190,1.0
149,30,1.0
18,96,0.6666666666666666
169,160,1.0
92,55,0.42857142857142855
102,120,0.7777777777777778
142,45,0.3333333333333333
176,149,0.4117647058823529
105,209,0.42857142857142855
100,77,1.0
69,77,0.5
183,69,0.75
88,24,1.0
88,48,1.0
157,209,0.6
161,96,1.0
140,167,1.0
100,55,0.3333333333333333
60,179,1.0
86,111,1.0
161,160,1.0
161,208,1.0
63,69,0.6
123,120,0.7142857142857143
117,167,1.0
105,215,1.0
136,78,1.0
140,48,1.0
48,78,1.0
18,96,0.6666666666666666
208,48,1.0
173,34,1.0
200,149,0.2857142857142857
163,149,0.6666666666666666
137,73,1.0
117,78,1.0
126,176,0.5
92,55,0.42857142857142855
209,159,0.75
100,149,0.3125
100,149,0.3125
102,85,0.1111111111111111
49,78,1.0
157,209,0.6
60,100,0.2631578947368421
123,120,0.7142857142857143
60,149,0.5862068965517241
159,124,1.0
214,126,0.3333333333333333
48,24,1.0
212,2,1.0
82,137,0.3333333333333333
45,69,0.5
159,215,1.0
67,142,1.0
99,2,1.0
208,209,1.0
1,221,1.0
137,78,1.0
214,179,1.0
163,179,1.0
209,78,1.0
214,120,1.0
30,190,1.0
60,179,1.0
102,26,0.5
183,69,0.75
169,78,1.0
161,159,1.0
142,115,1.0
82,88,1.0
29,159,1.0
176,173,0.6
142,26,1.0
176,60,0.23809523809523808
214,200,1.0
169,136,1.0
60,45,0.5384615384615384
102,120,0.7777777777777778
34,69,1.0
123,149,0.5384615384615384
140,191,1.0
110,121,1.0
60,132,1.0
212,208,1.0
92,123,0.2
161,96,1.0
117,209,0.5555555555555556
48,215,0.5
157,215,1.0
140,73,1.0
197,208,1.0
96,78,0.8333333333333334
95,169,1.0
190,221,1.0
169,219,1.0
85,149,0.45454545454545453
173,110,1.0
161,209,1.0
100,125,0.3333333333333333
137,78,1.0
157,48,1.0
209,159,0.75
184,159,1.0
60,85,0.047619047619047616
215,193,1.0
200,77,1.0
60,26,0.5555555555555556
190,221,1.0
124,191,1.0
169,96,1.0
147,190,0.5
85,48,1.0
206,159,1.0
60,2,1.0
126,149,0.6666666666666666
85,120,1.0
183,149,0.3333333333333333
215,201,1.0
159,49,0.1111111111111111
140,201,1.0
18,208,0.6
176,77,1.0
117,60,1.0
61,1,1.0
169,209,0.5
55,34,0.6666666666666666
169,117,0.2
49,208,0.1111111111111111
60,69,0.5789473684210527
140,105,1.0
60,84,0.6
96,124,0.6666666666666666
200,110,1.0
60,125,0.5
100,69,0.5714285714285714
67,69,0.42857142857142855
197,48,1.0
96,78,0.8333333333333334
140,197,0.3333333333333333
60,69,0.5789473684210527
147,128,1.0
176,156,1.0
83,221,1.0
214,120,1.0
176,110,1.0
176,67,1.0
176,34,0.2727272727272727
86,208,1.0
86,169,1.0
183,100,0.2
131,18,1.0
206,160,0.3333333333333333
159,48,0.6
126,183,0.3333333333333333
142,77,1.0
54,162,1.0
88,170,1.0
15,96,0.5
100,149,0.3125
137,191,1.0
209,78,1.0
159,193,1.0
197,15,1.0
142,92,1.0
206,96,1.0
48,193,1.0
209,215,1.0
202,120,1.0
202,176,0.5
137,124,1.0
100,120,1.0
200,34,0.2
92,34,0.6666666666666666
132,201,1.0
18,49,1.0
142,176,0.047619047619047616
197,48,1.0
214,69,0.6666666666666666
140,154,1.0
190,221,1.0
67,34,0.3333333333333333
169,137,0.125
117,193,1.0
60,120,1.0
102,69,0.7777777777777778
15,48,1.0
140,49,1.0
137,78,1.0
117,105,0.3333333333333333
100,121,1.0
125,149,0.45454545454545453
169,48,1.0
169,208,1.0
126,69,1.0
161,82,1.0
137,157,0.6
169,78,1.0
207,220,1.0
18,170,1.0
117,49,1.0
206,124,1.0
179,149,0.6
126,69,1.0
69,120,0.5555555555555556
126,100,1.0
178,48,1.0
184,160,1.0
49,48,0.6666666666666666
208,88,1.0
140,159,1.0
49,208,0.1111111111111111
214,179,1.0
99,96,1.0
206,18,1.0
100,123,0.09090909090909091
117,49,1.0
55,142,1.0
126,192,1.0
208,29,1.0
82,124,1.0
117,92,0.6
29,18,1.0
169,208,1.0
176,123,0.4
169,215,1.0
214,207,1.0
202,214,1.0
137,209,0.09090909090909091
84,176,0.2
55,26,1.0
85,178,1.0
96,191,1.0
200,120,0.6666666666666666
102,192,1.0
215,78,1.0
176,92,0.1111111111111111
140,85,1.0
95,157,1.0
176,125,0.5384615384615384
18,49,1.0
156,67,1.0
126,149,0.6666666666666666
209,78,1.0
54,190,1.0
117,215,1.0
92,100,0.5384615384615384
102,60,0.09090909090909091
85,49,1.0
176,156,1.0
92,26,1.0
124,12,1.0
60,100,0.2631578947368421
132,78,1.0
176,77,1.0
100,77,1.0
114,5,1.0
92,29,1.0
60,92,0.2631578947368421
169,48,1.0
105,206,1.0
92,100,0.5384615384615384
183,123,0.3333333333333333
49,191,1.0
120,77,1.0
117,118,0.5
209,124,1.0
214,183,0.3333333333333333
169,96,1.0
151,215,1.0
126,183,0.3333333333333333
176,26,0.6
92,69,0.3333333333333333
160,96,0.5555555555555556
169,15,1.0
85,105,1.0
29,96,1.0
100,192,1.0
184,137,1.0
55,26,1.0
206,170,1.0
102,192,1.0
157,96,0.42857142857142855
176,120,1.0
169,197,0.7142857142857143
191,167,1.0
136,193,1.0
150,215,1.0
208,209,1.0
137,112,1.0
69,121,1.0
206,73,1.0
126,163,1.0
176,102,0.5
26,77,1.0
197,96,0.8
143,159,1.0
201,170,1.0
169,96,1.0
2,92,1.0
105,209,0.42857142857142855
159,24,1.0
100,67,0.6
169,96,1.0
92,149,0.5555555555555556
123,63,0.5
143,197,1.0
121,123,1.0
120,26,0.2
209,215,1.0
117,48,1.0
60,34,0.6
105,48,0.3333333333333333
65,221,1.0
173,100,0.6666666666666666
82,191,1.0
160,215,1.0
183,102,0.6
137,124,1.0
176,34,0.2727272727272727
137,96,0.625
117,49,1.0
173,200,1.0
123,149,0.5384615384615384
184,151,1.0
154,136,1.0
176,45,0.75
125,77,1.0
83,114,1.0
67,123,0.5
201,167,1.0
85,215,1.0
99,48,1.0
84,100,0.3333333333333333
105,78,1.0
142,176,0.047619047619047616
117,191,1.0
209,96,0.375
206,137,0.09090909090909091
86,140,1.0
140,215,1.0
123,220,1.0
123,63,0.5
63,120,0.5
184,137,1.0
85,34,0.75
85,92,0.75
147,221,1.0
140,191,1.0
92,209,1.0
176,100,0.3
214,163,1.0
15,78,1.0
179,120,1.0
95,157,1.0
111,208,1.0
169,73,1.0
184,136,1.0
86,137,1.0
202,69,0.6666666666666666
26,149,0.5384615384615384
125,192,1.0
100,63,0.7142857142857143
214,149,0.3333333333333333
88,209,1.0
208,82,0.5
200,149,0.2857142857142857
206,160,0.3333333333333333
154,132,1.0
88,215,1.0
197,118,1.0
100,120,1.0
173,156,1.0
78,219,1.0
121,26,1.0
137,151,0.3333333333333333
176,69,0.7894736842105263
209,29,1.0
86,18,1.0
137,170,1.0
154,215,1.0
117,2,1.0
190,162,1.0
85,208,1.0
2,82,1.0
84,192,1.0
45,67,1.0
126,69,1.0
169,118,1.0
88,212,1.0
212,48,1.0
212,96,1.0
100,179,0.6
60,69,0.5789473684210527
207,102,0.3333333333333333
86,24,1.0
169,49,0.6363636363636364
184,99,1.0
206,88,1.0
207,102,0.3333333333333333
208,191,1.0
102,115,1.0
100,67,0.6
85,49,1.0
169,159,0.5
159,78,1.0
215,78,1.0
140,18,0.5
169,160,1.0
126,149,0.6666666666666666
84,149,0.5
176,149,0.4117647058823529
2,159,1.0
100,123,0.09090909090909091
60,202,0.4
102,149,0.07692307692307693
183,34,0.3333333333333333
95,15,1.0
154,24,1.0
206,78,1.0
176,120,1.0
100,120,1.0
176,60,0.23809523809523808
92,45,0.5
176,60,0.23809523809523808
197,208,1.0
100,123,0.09090909090909091
60,149,0.5862068965517241
85,173,1.0
96,170,1.0
84,120,1.0
183,149,0.3333333333333333
179,149,0.6
176,77,1.0
84,149,0.5
214,67,1.0
151,209,0.5
95,2,1.0
184,160,1.0
140,137,0.6666666666666666
178,137,1.0
126,176,0.5
161,39,1.0
34,149,0.29411764705882354
85,170,1.0
149,69,0.5
55,69,1.0
137,96,0.625
100,156,1.0
173,149,0.7142857142857143
208,191,1.0
206,117,1.0
48,191,1.0
156,179,1.0
45,26,0.2
208,12,1.0
173,102,1.0
114,221,1.0
173,63,1.0
18,159,1.0
82,191,1.0
147,1,0.6
214,176,0.3333333333333333
179,34,0.3333333333333333
140,2,1.0
159,96,0.45454545454545453
160,131,1.0
126,45,1.0
184,78,1.0
161,78,1.0
117,78,1.0
100,125,0.3333333333333333
117,49,1.0
131,78,1.0
197,160,0.5
100,77,1.0
206,137,0.09090909090909091
123,45,0.5
169,29,1.0
140,219,1.0
161,2,1.0
176,34,0.2727272727272727
60,163,0.2
12,201,1.0
197,49,1.0
200,110,1.0
159,137,0.25
92,163,0.3333333333333333
45,77,1.0
178,49,0.3333333333333333
197,96,0.8
126,100,1.0
126,67,1.0
157,78,1.0
67,69,0.42857142857142855
100,125,0.3333333333333333
67,149,0.2
34,149,0.29411764705882354
29,201,1.0
123,149,0.5384615384615384
49,191,1.0
208,159,0.3333333333333333
117,215,1.0
202,176,0.5
105,132,1.0
117,78,1.0
85,69,0.6
67,142,1.0
191,193,1.0
54,147,0.2
126,102,0.75
212,49,1.0
61,83,1.0
157,18,1.0
85,69,0.6
179,149,0.6
173,123,1.0
208,78,1.0
149,63,0.2
149,207,0.6
208,78,1.0
209,48,1.0
183,115,1.0
60,77,1.0
86,124,1.0
159,96,0.45454545454545453
49,124,1.0
184,201,1.0
60,202,0.4
105,170,1.0
102,60,0.09090909090909091
125,149,0.45454545454545453
63,69,0.6
82,132,1.0
214,67,1.0
140,24,1.0
124,170,1.0
126,125,1.0
29,132,1.0
117,96,0.7333333333333333
85,92,0.75
207,69,1.0
111,137,1.0
176,77,1.0
67,92,0.3333333333333333
173,34,1.0
105,12,1.0
179,121,1.0
82,209,1.0
55,149,0.45454545454545453
184,117,0.3333333333333333
169,15,1.0
208,78,1.0
117,88,1.0
169,15,1.0
176,69,0.7894736842105263
60,212,1.0
95,151,1.0
85,154,1.0
96,215,0.3333333333333333
85,67,0.3333333333333333
55,69,1.0
111,78,1.0
45,69,0.5
65,162,1.0
214,60,0.25
169,191,1.0
154,170,1.0
128,162,1.0
176,100,0.3
142,92,1.0
48,124,1.0
60,85,0.047619047619047616
114,65,1.0
85,100,0.8
85,200,1.0
184,92,0.5
140,96,1.0
140,96,1.0
160,209,0.25
208,96,0.5384615384615384
45,149,0.5
212,105,1.0
142,125,0.25
176,207,1.0
105,88,1.0
45,149,0.5
100,179,0.6
85,184,1.0
209,131,0.5
92,149,0.5555555555555556
92,149,0.5555555555555556
85,48,1.0
206,48,1.0
173,120,1.0
117,197,0.2
100,69,0.5714285714285714
54,5,1.0
100,69,0.5714285714285714
140,124,1.0
24,136,1.0
86,170,1.0
92,143,1.0
60,202,0.4
92,77,1.0
85,92,0.75
150,170,1.0
100,192,1.0
60,120,1.0
123,102,0.3333333333333333
184,117,0.3333333333333333
60,123,0.25
131,78,1.0
184,131,1.0
55,102,0.5
85,26,0.5
157,118,1.0
67,69,0.42857142857142855
26,34,0.6
88,96,0.3333333333333333
30,221,1.0
117,209,0.5555555555555556
2,96,1.0
169,12,1.0
160,96,0.5555555555555556
197,209,0.6666666666666666
60,92,0.2631578947368421
100,63,0.7142857142857143
126,149,0.6666666666666666
99,157,1.0
55,102,0.5
55,102,0.5
184,159,1.0
2,82,1.0
117,191,1.0
159,219,1.0
88,178,1.0
209,78,1.0
208,88,1.0
140,49,1.0
208,124,1.0
157,78,1.0
197,18,1.0
140,208,1.0
92,100,0.5384615384615384
208,105,0.2
202,69,0.6666666666666666
86,96,1.0
102,77,1.0
161,157,1.0
105,73,1.0
200,63,0.3333333333333333
34,77,1.0
163,125,1.0
149,120,0.16666666666666666
161,48,1.0
197,78,1.0
100,120,1.0
12,191,1.0
123,149,0.5384615384615384
99,112,1.0
92,191,1.0
92,69,0.3333333333333333
96,201,1.0
206,96,1.0
99,92,1.0
121,34,1.0
176,63,1.0
100,77,1.0
100,200,0.4
100,125,0.3333333333333333
149,207,0.6
126,34,1.0
137,78,1.0
154,49,0.6666666666666666
117,92,0.6
176,125,0.5384615384615384
215,78,1.0
178,219,1.0
85,34,0.75
173,63,1.0
208,201,1.0
125,149,0.45454545454545453
126,200,1.0
49,193,1.0
126,45,1.0
82,193,1.0
82,167,1.0
60,45,0.5384615384615384
48,170,1.0
55,207,1.0
137,209,0.09090909090909091
55,200,0.3333333333333333
96,219,1.0
48,136,1.0
26,77,1.0
184,15,1.0
137,48,0.2
85,100,0.8
159,49,0.1111111111111111
105,191,1.0
202,69,0.6666666666666666
86,60,1.0
184,96,1.0
88,219,1.0
117,85,0.3333333333333333
18,48,1.0
212,78,1.0
100,67,0.6
45,120,0.6
198,128,1.0
73,191,1.0
131,159,1.0
85,100,0.8
92,149,0.5555555555555556
83,190,1.0
29,124,1.0
67,120,1.0
92,18,1.0
169,191,1.0
86,208,1.0
100,55,0.3333333333333333
150,154,1.0
176,102,0.5
178,215,1.0
83,198,1.0
99,151,1.0
118,78,1.0
126,69,1.0
95,160,1.0
197,96,0.8
60,207,0.3333333333333333
60,215,1.0
102,85,0.1111111111111111
85,123,0.6
123,77,1.0
125,149,0.45454545454545453
126,26,1.0
100,149,0.3125
173,67,1.0
55,67,0.3333333333333333
169,140,0.14285714285714285
201,124,1.0
179,34,0.3333333333333333
160,78,1.0
60,123,0.25
102,120,0.7777777777777778
88,29,1.0
45,149,0.5
126,142,1.0
207,142,1.0
96,124,0.6666666666666666
173,179,1.0
126,55,0.2
100,207,0.3333333333333333
49,208,0.1111111111111111
176,69,0.7894736842105263
55,149,0.45454545454545453
117,96,0.7333333333333333
60,69,0.5789473684210527
159,212,1.0
102,34,0.3333333333333333
140,170,1.0
117,157,0.5
60,84,0.6
60,207,0.3333333333333333
209,136,1.0
140,193,1.0
176,77,1.0
176,45,0.75
99,197,1.0
117,39,1.0
77,220,1.0
197,48,1.0
15,209,0.5
215,136,1.0
110,8,1.0
163,125,1.0
34,69,1.0
214,102,1.0
176,149,0.4117647058823529
147,83,0.3333333333333333
69,192,1.0
92,149,0.5555555555555556
206,197,1.0
212,170,1.0
117,170,1.0
60,85,0.047619047619047616
157,112,1.0
26,149,0.5384615384615384
118,48,1.0
102,60,0.09090909090909091
55,120,0.6666666666666666
126,55,0.2
142,176,0.047619047619047616
117,12,1.0
100,102,0.5555555555555556
161,208,1.0
55,69,1.0
102,120,0.7777777777777778
92,163,0.3333333333333333
159,178,1.0
67,69,0.42857142857142855
88,170,1.0
100,149,0.3125
117,132,1.0
118,132,1.0
126,123,1.0
140,92,0.3333333333333333
176,149,0.4117647058823529
48,12,1.0
154,215,1.0
2,131,1.0
197,48,1.0
123,115,1.0
208,191,1.0
123,69,0.5
183,63,1.0
117,215,1.0
125,207,1.0
92,179,1.0
183,67,1.0
55,77,1.0
117,215,1.0
18,24,1.0
117,159,1.0
117,49,1.0
157,131,1.0
92,26,1.0
54,190,1.0
92,73,1.0
88,124,1.0
125,110,1.0
54,1,0.2
169,151,1.0
201,193,1.0
96,78,0.8333333333333334
173,149,0.7142857142857143
142,92,1.0
137,96,0.625
126,85,0.6
105,215,1.0
214,100,0.3333333333333333
149,192,1.0
125,149,0.45454545454545453
140,170,1.0
126,120,1.0
206,137,0.09090909090909091
92,78,1.0
105,191,1.0
197,160,0.5
183,142,0.3333333333333333
45,120,0.6
161,96,1.0
149,207,0.6
2,160,0.3333333333333333
154,48,1.0
143,169,1.0
161,184,1.0
85,159,1.0
96,112,1.0
178,212,1.0
202,69,0.6666666666666666
206,170,1.0
125,149,0.45454545454545453
206,49,0.7777777777777778
55,77,1.0
95,206,1.0
126,77,1.0
83,1,0.3333333333333333
209,96,0.375
142,176,0.047619047619047616
197,96,0.8
49,105,0.5
60,202,0.4
92,26,1.0
118,49,1.0
184,48,1.0
169,209,0.5
82,49,0.3333333333333333
100,149,0.3125
55,30,1.0
123,102,0.3333333333333333
149,63,0.2
142,120,1.0
18,136,1.0
197,219,1.0
214,45,1.0
176,100,0.3
85,150,1.0
126,84,1.0
96,124,0.6666666666666666
117,208,1.0
54,83,0.2
140,124,1.0
100,102,0.5555555555555556
169,78,1.0
118,159,1.0
86,49,1.0
176,192,1.0
102,149,0.07692307692307693
163,55,1.0
170,191,1.0
125,192,1.0
78,167,1.0
118,208,1.0
2,208,1.0
132,219,1.0
169,73,1.0
111,170,1.0
117,88,1.0
140,178,1.0
206,96,1.0
150,193,1.0
183,120,1.0
125,69,0.6
159,137,0.25
34,125,0.2
173,77,1.0
95,99,1.0
140,208,1.0
198,221,1.0
140,48,1.0
126,120,1.0
26,34,0.6
100,120,1.0
29,193,1.0
18,167,1.0
206,159,1.0
131,48,1.0
163,67,1.0
184,191,1.0
117,208,1.0
117,96,0.7333333333333333
169,117,0.2
117,73,1.0
159,78,1.0
170,193,1.0
183,120,1.0
92,96,0.6
184,48,1.0
60,69,0.5789473684210527
82,73,1.0
183,176,0.3333333333333333
176,173,0.6
96,191,1.0
85,26,0.5
55,60,0.42857142857142855
179,34,0.3333333333333333
26,200,0.2
149,192,1.0
55,125,0.5
49,78,1.0
85,100,0.8
118,209,1.0
184,49,1.0
137,197,0.14285714285714285
117,136,1.0
85,125,1.0
92,96,0.6
100,120,1.0
118,96,1.0
123,149,0.5384615384615384
140,82,1.0
176,207,1.0
60,96,1.0
55,26,1.0
176,45,0.75
184,48,1.0
206,96,1.0
92,88,1.0
34,149,0.29411764705882354
54,83,0.2
183,207,1.0
169,88,1.0
142,149,0.42857142857142855
15,209,0.5
126,120,1.0
154,159,1.0
60,120,1.0
179,26,0.6
169,208,1.0
156,30,1.0
92,149,0.5555555555555556
85,149,0.45454545454545453
54,114,0.3333333333333333
85,209,1.0
60,100,0.2631578947368421
209,112,1.0
96,12,0.5
207,115,1.0
118,105,1.0
176,60,0.23809523809523808
206,78,1.0
95,105,1.0
140,137,0.6666666666666666
124,219,1.0
69,120,0.5555555555555556
117,215,1.0
96,78,0.8333333333333334
78,191,0.3333333333333333
197,208,1.0
142,179,1.0
60,149,0.5862068965517241
208,88,1.0
137,209,0.09090909090909091
149,207,0.6
169,170,1.0
184,209,1.0
184,209,1.0
102,110,1.0
214,123,0.5
126,69,1.0
92,48,1.0
48,78,1.0
200,120,0.6666666666666666
100,55,0.3333333333333333
26,149,0.5384615384615384
84,69,1.0
176,45,0.75
48,124,1.0
118,209,1.0
149,120,0.16666666666666666
49,96,0.6
117,83,1.0
95,137,1.0
100,55,0.3333333333333333
163,102,1.0
55,149,0.45454545454545453
183,26,0.5
96,73,1.0
159,96,0.45454545454545453
126,67,1.0
95,78,1.0
176,125,0.5384615384615384
140,49,1.0
212,160,1.0
85,92,0.75
117,221,1.0
209,131,0.5
157,96,0.42857142857142855
111,24,1.0
92,209,1.0
92,26,1.0
67,115,1.0
197,159,1.0
60,69,0.5789473684210527
24,219,1.0
126,115,1.0
60,63,0.3333333333333333
85,125,1.0
88,150,1.0
125,77,1.0
84,149,0.5
55,149,0.45454545454545453
55,207,1.0
84,149,0.5
60,178,1.0
126,45,1.0
2,209,0.5
125,149,0.45454545454545453
184,157,1.0
117,12,1.0
18,124,1.0
143,96,1.0
184,78,1.0
209,159,0.75
105,209,0.42857142857142855
102,67,0.2
60,120,1.0
123,200,0.3333333333333333
159,193,1.0
92,120,1.0
142,100,0.5
176,63,1.0
137,78,1.0
49,96,0.6
85,67,0.3333333333333333
100,207,0.3333333333333333
160,131,1.0
140,96,1.0
183,85,0.2
92,125,0.5555555555555556
125,192,1.0
140,206,0.5
126,69,1.0
140,18,0.5
60,115,0.3333333333333333
159,96,0.45454545454545453
67,115,1.0
161,95,1.0
110,69,1.0
176,125,0.5384615384615384
60,69,0.5789473684210527
197,209,0.6666666666666666
132,170,1.0
126,55,0.2
118,215,1.0
55,69,1.0
157,48,1.0
100,102,0.5555555555555556
117,49,1.0
202,45,0.5
88,49,0.25
95,160,1.0
154,49,0.6666666666666666
95,215,1.0
169,124,1.0
100,179,0.6
214,100,0.3333333333333333
117,147,1.0
34,77,1.0
117,88,1.0
140,209,1.0
137,96,0.625
60,67,0.3333333333333333
105,96,0.8
61,54,1.0
176,149,0.4117647058823529
18,49,1.0
82,215,1.0
184,209,1.0
150,49,1.0
85,34,0.75
140,88,0.3333333333333333
118,73,1.0
100,115,1.0
208,96,0.5384615384615384
85,125,1.0
176,63,1.0
197,78,1.0
176,26,0.6
137,197,0.14285714285714285
142,63,1.0
60,85,0.047619047619047616
60,45,0.5384615384615384
45,149,0.5
215,167,1.0
92,192,1.0
60,202,0.4
85,214,0.2
102,120,0.7777777777777778
67,69,0.42857142857142855
184,197,0.6
183,67,1.0
78,193,1.0
170,78,1.0
126,77,1.0
197,136,1.0
184,159,1.0
24,167,1.0
126,34,1.0
169,160,1.0
202,200,1.0
151,131,1.0
183,102,0.6
85,179,1.0
125,77,1.0
48,201,1.0
99,208,1.0
169,2,1.0
190,1,0.3333333333333333
85,78,1.0
126,92,1.0
169,157,1.0
100,77,1.0
208,73,1.0
60,100,0.2631578947368421
214,110,1.0
2,170,1.0
200,34,0.2
125,149,0.45454545454545453
60,149,0.5862068965517241
126,102,0.75
147,114,0.3333333333333333
124,193,1.0
184,78,1.0
184,96,1.0
95,117,1.0
140,78,1.0
160,78,1.0
69,115,1.0
88,136,1.0
179,149,0.6
137,197,0.14285714285714285
65,221,1.0
208,48,1.0
163,207,1.0
60,63,0.3333333333333333
169,208,1.0
150,219,1.0
60,219,1.0
123,120,0.7142857142857143
176,192,1.0
207,69,1.0
45,34,0.3333333333333333
95,209,1.0
117,178,1.0
49,191,1.0
214,60,0.25
100,149,0.3125
197,2,0.3333333333333333
92,49,1.0
85,214,0.2
121,220,1.0
169,151,1.0
24,78,1.0
123,192,1.0
176,207,1.0
55,120,0.6666666666666666
169,49,0.6363636363636364
208,48,1.0
176,92,0.1111111111111111
49,12,1.0
117,96,0.7333333333333333
151,73,1.0
49,201,1.0
18,78,1.0
73,78,1.0
105,201,1.0
142,125,0.25
169,18,0.2
48,215,0.5
176,69,0.7894736842105263
88,124,1.0
55,102,0.5
176,121,1.0
209,39,1.0
105,154,1.0
111,105,1.0
183,60,0.2727272727272727
105,157,0.3333333333333333
18,154,1.0
176,115,1.0
55,102,0.5
45,149,0.5
184,167,1.0
69,120,0.5555555555555556
197,212,1.0
161,112,1.0
84,30,1.0
92,55,0.42857142857142855
184,215,1.0
117,88,1.0
169,151,1.0
82,219,1.0
34,77,1.0
2,96,1.0
30,220,1.0
202,179,1.0
84,192,1.0
149,69,0.5
115,92,1.0
111,208,1.0
161,160,1.0
92,200,0.2
92,125,0.5555555555555556
18,78,1.0
212,124,1.0
65,5,1.0
176,100,0.3
105,112,1.0
85,115,1.0
143,82,1.0
209,170,1.0
131,159,1.0
137,96,0.625
140,154,1.0
45,77,1.0
140,96,1.0
176,60,0.23809523809523808
54,147,0.2
137,154,0.3333333333333333
117,201,1.0
63,30,1.0
209,191,1.0
176,149,0.4117647058823529
92,77,1.0
149,220,1.0
206,112,1.0
86,96,1.0
18,124,1.0
197,124,1.0
176,34,0.2727272727272727
100,63,0.7142857142857143
142,125,0.25
67,92,0.3333333333333333
206,18,1.0
150,105,1.0
67,200,0.3333333333333333
126,45,1.0
160,73,1.0
100,110,0.42857142857142855
131,96,0.2
60,69,0.5789473684210527
200,149,0.2857142857142857
60,125,0.5
147,221,1.0
137,96,0.625
2,96,1.0
151,39,1.0
160,209,0.25
183,45,1.0
2,157,1.0
131,49,1.0
117,12,1.0
55,220,1.0
178,111,1.0
92,125,0.5555555555555556
85,45,0.42857142857142855
85,69,0.6
183,85,0.2
198,162,1.0
29,136,1.0
184,124,1.0
176,60,0.23809523809523808
157,151,1.0
142,176,0.047619047619047616
85,96,1.0
149,69,0.5
159,96,0.45454545454545453
88,132,1.0
65,190,1.0
15,39,1.0
34,120,0.3333333333333333
143,96,1.0
179,55,1.0
2,118,1.0
100,200,0.4
45,149,0.5
60,149,0.5862068965517241
117,48,1.0
102,60,0.09090909090909091
45,192,1.0
163,34,0.3333333333333333
105,78,1.0
176,123,0.4
34,220,1.0
29,178,1.0
92,157,1.0
96,136,1.0
96,48,0.1111111111111111
45,149,0.5
184,12,1.0
99,131,1.0
30,83,1.0
169,131,0.6
92,100,0.5384615384615384
88,132,1.0
126,85,0.6
82,137,0.3333333333333333
157,159,1.0
169,137,0.125
126,142,1.0
150,78,1.0
169,78,1.0
85,69,0.6
88,170,1.0
85,123,0.6
85,88,1.0
140,111,1.0
202,45,0.5
105,151,1.0
92,179,1.0
88,111,1.0
169,197,0.7142857142857143
100,69,0.5714285714285714
202,214,1.0
173,69,1.0
85,49,1.0
160,78,1.0
208,78,1.0
92,193,1.0
100,200,0.4
169,131,0.6
125,149,0.45454545454545453
197,49,1.0
95,208,1.0
18,159,1.0
176,200,1.0
29,111,1.0
169,96,1.0
132,167,1.0
161,105,1.0
214,123,0.5
173,192,1.0
60,34,0.6
160,112,1.0
157,12,1.0
176,69,0.7894736842105263
117,124,1.0
208,96,0.5384615384615384
157,96,0.42857142857142855
140,215,1.0
140,208,1.0
150,159,1.0
82,96,0.3333333333333333
157,82,1.0
86,105,1.0
100,69,0.5714285714285714
86,197,1.0
215,201,1.0
206,208,0.6
202,100,0.3333333333333333
156,120,1.0
34,149,0.29411764705882354
176,200,1.0
159,78,1.0
179,34,0.3333333333333333
150,208,1.0
169,206,0.1111111111111111
92,215,1.0
125,30,1.0
169,178,1.0
126,207,1.0
176,100,0.3
55,69,1.0
159,137,0.25
96,191,1.0
92,55,0.42857142857142855
183,63,1.0
184,92,0.5
102,26,0.5
100,156,1.0
137,197,0.14285714285714285
60,149,0.5862068965517241
176,173,0.6
140,49,1.0
2,151,1.0
208,178,1.0
102,69,0.7777777777777778
54,65,0.3333333333333333
137,88,0.2
60,215,1.0
88,178,1.0
169,78,1.0
117,73,1.0
100,149,0.3125
111,170,1.0
18,209,1.0
137,191,1.0
86,140,1.0
176,69,0.7894736842105263
60,45,0.5384615384615384
176,63,1.0
140,209,1.0
55,149,0.45454545454545453
169,206,0.1111111111111111
100,149,0.3125
63,67,1.0
202,63,1.0
214,176,0.3333333333333333
126,34,1.0
163,100,0.14285714285714285
95,96,1.0
178,193,1.0
184,124,1.0
123,34,0.3333333333333333
176,220,1.0
100,45,0.5555555555555556
82,48,1.0
163,69,0.3333333333333333
29,167,1.0
176,26,0.6
49,48,0.6666666666666666
84,176,0.2
184,137,1.0
45,34,0.3333333333333333
154,111,1.0
26,69,1.0
169,160,1.0
55,149,0.45454545454545453
184,96,1.0
176,69,0.7894736842105263
176,121,1.0
67,121,1.0
197,96,0.8
85,100,0.8
117,96,0.7333333333333333
85,123,0.6
85,92,0.75
207,63,1.0
49,48,0.6666666666666666
26,149,0.5384615384615384
63,110,1.0
118,191,1.0
214,120,1.0
197,131,1.0
137,88,0.2
154,167,1.0
60,192,1.0
176,60,0.23809523809523808
100,77,1.0
179,220,1.0
163,100,0.14285714285714285
176,179,1.0
169,206,0.1111111111111111
29,48,1.0
143,124,1.0
214,67,1.0
184,215,1.0
85,179,1.0
114,128,1.0
212,96,1.0
140,160,1.0
92,149,0.5555555555555556
96,48,0.1111111111111111
2,191,1.0
55,192,1.0
149,69,0.5
92,167,1.0
117,209,0.5555555555555556
137,49,0.23076923076923078
126,183,0.3333333333333333
117,118,0.5
2,159,1.0
140,197,0.3333333333333333
131,191,1.0
184,159,1.0
55,125,0.5
183,69,0.75
150,124,1.0
214,115,1.0
117,219,1.0
1,5,1.0
140,206,0.5
67,120,1.0
55,192,1.0
183,163,1.0
183,60,0.2727272727272727
60,125,0.5
102,115,1.0
45,34,0.3333333333333333
169,191,1.0
102,85,0.1111111111111111
208,215,1.0
176,110,1.0
45,69,0.5
142,176,0.047619047619047616
206,49,0.7777777777777778
2,219,1.0
150,167,1.0
214,176,0.3333333333333333
197,151,1.0
73,78,1.0
209,96,0.375
105,15,1.0
18,212,1.0
34,77,1.0
117,24,1.0
126,85,0.6
92,125,0.5555555555555556
99,124,1.0
131,96,0.2
84,77,1.0
85,45,0.42857142857142855
92,18,1.0
176,220,1.0
125,149,0.45454545454545453
183,100,0.2
169,137,0.125
18,209,1.0
143,169,1.0
183,45,1.0
183,69,0.75
142,125,0.25
209,24,1.0
206,159,1.0
102,77,1.0
143,136,1.0
143,78,1.0
137,39,1.0
49,78,1.0
169,117,0.2
92,150,1.0
208,82,0.5
67,123,0.5
160,96,0.5555555555555556
214,200,1.0
86,159,1.0
45,125,0.6666666666666666
55,102,0.5
92,123,0.2
200,149,0.2857142857142857
184,96,1.0
117,157,0.5
63,120,0.5
55,149,0.45454545454545453
34,69,1.0
15,73,1.0
208,124,1.0
45,120,0.6
117,201,1.0
95,184,1.0
147,128,1.0
126,149,0.6666666666666666
206,15,1.0
92,159,1.0
100,179,0.6
82,12,1.0
60,149,0.5862068965517241
126,102,0.75
92,149,0.5555555555555556
55,149,0.45454545454545453
169,157,1.0
92,179,1.0
208,137,0.09090909090909091
55,120,0.6666666666666666
137,12,1.0
169,78,1.0
183,34,0.3333333333333333
169,49,0.6363636363636364
84,77,1.0
184,96,1.0
197,191,1.0
88,193,1.0
137,15,0.3333333333333333
140,137,0.6666666666666666
92,34,0.6666666666666666
163,149,0.6666666666666666
92,63,1.0
137,124,1.0
143,208,1.0
85,120,1.0
137,78,1.0
183,26,0.5
100,200,0.4
85,34,0.75
102,60,0.09090909090909091
34,115,1.0
118,124,1.0
84,102,0.5
208,12,1.0
117,215,1.0
54,190,1.0
160,209,0.25
105,96,0.8
60,100,0.2631578947368421
176,156,1.0
161,137,0.6666666666666666
176,100,0.3
85,100,0.8
60,125,0.5
102,34,0.3333333333333333
142,176,0.047619047619047616
67,149,0.2
201,136,1.0
184,96,1.0
60,63,0.3333333333333333
176,67,1.0
117,96,0.7333333333333333
126,85,0.6
202,176,0.5
197,73,1.0
123,34,0.3333333333333333
15,96,0.5
120,26,0.2
85,192,1.0
159,191,1.0
183,179,1.0
100,120,1.0
123,34,0.3333333333333333
88,12,1.0
48,12,1.0
157,159,1.0
117,29,1.0
34,69,1.0
126,102,0.75
99,157,1.0
161,209,1.0
157,209,0.6
63,121,1.0
126,207,1.0
176,200,1.0
105,96,0.8
105,39,1.0
102,34,0.3333333333333333
183,120,1.0
149,77,0.8333333333333334
85,142,0.6
26,192,1.0
142,84,1.0
197,157,0.3333333333333333
18,96,0.6666666666666666
125,120,1.0
209,159,0.75
150,160,1.0
176,45,0.75
169,92,0.3333333333333333
26,149,0.5384615384615384
117,159,1.0
197,49,1.0
137,191,1.0
173,100,0.6666666666666666
29,49,0.3333333333333333
200,149,0.2857142857142857
100,179,0.6
82,96,0.3333333333333333
45,120,0.6
92,15,1.0
100,149,0.3125
117,82,1.0
85,92,0.75
209,49,0.2
45,34,0.3333333333333333
126,67,1.0
18,111,1.0
183,67,1.0
111,160,1.0
60,92,0.2631578947368421
184,157,1.0
176,200,1.0
92,45,0.5
126,207,1.0
49,96,0.6
55,120,0.6666666666666666
55,149,0.45454545454545453
85,84,1.0
159,96,0.45454545454545453
85,82,1.0
200,120,0.6666666666666666
200,8,1.0
183,60,0.2727272727272727
124,167,1.0
160,208,0.5
117,78,1.0
55,149,0.45454545454545453
176,69,0.7894736842105263
209,73,1.0
60,200,0.25
60,67,0.3333333333333333
100,200,0.4
49,191,1.0
49,208,0.1111111111111111
176,69,0.7894736842105263
137,15,0.3333333333333333
126,200,1.0
99,215,1.0
183,84,1.0
142,176,0.047619047619047616
161,169,0.6
209,48,1.0
88,96,0.3333333333333333
1,221,1.0
92,159,1.0
197,24,1.0
137,96,0.625
45,67,1.0
92,77,1.0
169,208,1.0
29,24,1.0
209,78,1.0
84,207,1.0
157,191,1.0
63,120,0.5
132,78,1.0
159,49,0.1111111111111111
173,77,1.0
118,131,1.0
176,102,0.5
18,159,1.0
60,163,0.2
184,137,1.0
60,202,0.4
208,136,1.0
169,2,1.0
96,12,0.5
140,137,0.6666666666666666
69,220,1.0
126,67,1.0
48,167,1.0
143,78,1.0
173,30,1.0
49,215,0.14285714285714285
100,179,0.6
214,60,0.25
85,214,0.2
102,149,0.07692307692307693
207,200,1.0
88,201,1.0
197,151,1.0
176,60,0.23809523809523808
184,209,1.0
99,15,1.0
85,100,0.8
140,154,1.0
163,149,0.6666666666666666
60,92,0.2631578947368421
92,120,1.0
105,170,1.0
169,48,1.0
105,88,1.0
183,45,1.0
55,77,1.0
92,125,0.5555555555555556
54,221,1.0
117,136,1.0
88,215,1.0
88,78,1.0
92,69,0.3333333333333333
85,142,0.6
26,69,1.0
45,69,0.5
149,63,0.2
207,156,1.0
82,159,0.3333333333333333
212,82,1.0
69,120,0.5555555555555556
125,156,1.0
96,39,1.0
48,215,0.5
117,18,1.0
105,131,1.0
149,192,1.0
60,67,0.3333333333333333
161,184,1.0
206,209,0.5
95,159,1.0
209,191,1.0
60,150,1.0
49,124,1.0
169,49,0.6363636363636364
30,162,1.0
96,193,1.0
99,209,0.5
30,54,0.3333333333333333
60,125,0.5
88,191,1.0
184,117,0.3333333333333333
163,149,0.6666666666666666
150,49,1.0
126,69,1.0
197,208,1.0
100,69,0.5714285714285714
60,84,0.6
176,123,0.4
65,198,1.0
207,120,1.0
60,77,1.0
60,149,0.5862068965517241
82,159,0.3333333333333333
197,96,0.8
95,39,1.0
92,179,1.0
60,92,0.2631578947368421
206,117,1.0
184,82,1.0
137,157,0.6
86,49,1.0
29,137,1.0
60,26,0.5555555555555556
169,208,1.0
209,112,1.0
95,169,1.0
140,12,1.0
142,120,1.0
159,48,0.6
18,219,1.0
208,193,1.0
183,60,0.2727272727272727
137,136,1.0
140,105,1.0
176,125,0.5384615384615384
117,159,1.0
147,190,0.5
55,34,0.6666666666666666
18,105,1.0
161,169,0.6
149,120,0.16666666666666666
100,55,0.3333333333333333
126,149,0.6666666666666666
184,105,0.3333333333333333
142,92,1.0
142,149,0.42857142857142855
55,123,0.6
125,207,1.0
117,159,1.0
49,96,0.6
18,208,0.6
169,82,1.0
85,201,1.0
163,110,1.0
102,60,0.09090909090909091
151,209,0.5
169,206,0.1111111111111111
208,170,1.0
202,100,0.3333333333333333
88,29,1.0
157,15,1.0
149,77,0.8333333333333334
151,159,1.0
137,49,0.23076923076923078
208,191,1.0
85,77,1.0
190,162,1.0
117,18,1.0
169,140,0.14285714285714285
160,159,0.3333333333333333
149,69,0.5
183,149,0.3333333333333333
117,49,1.0
160,39,1.0
143,208,1.0
60,149,0.5862068965517241
163,45,1.0
92,151,1.0
137,49,0.23076923076923078
206,208,0.6
96,112,1.0
117,54,1.0
169,49,0.6363636363636364
160,170,1.0
184,124,1.0
132,215,1.0
137,73,1.0
176,100,0.3
179,123,0.6
215,136,1.0
137,96,0.625
117,167,1.0
184,169,0.7142857142857143
140,88,0.3333333333333333
2,88,1.0
34,110,1.0
208,105,0.2
125,192,1.0
209,150,1.0
124,78,0.3333333333333333
176,192,1.0
18,49,1.0
183,60,0.2727272727272727
206,49,0.7777777777777778
85,88,1.0
140,184,1.0
2,209,0.5
212,24,1.0
100,102,0.5555555555555556
206,191,1.0
102,77,1.0
92,124,1.0
176,69,0.7894736842105263
183,123,0.3333333333333333
183,92,0.2
18,88,1.0
49,170,1.0
160,209,0.25
96,78,0.8333333333333334
191,201,1.0
85,193,1.0
184,99,1.0
173,120,1.0
45,149,0.5
212,49,1.0
26,149,0.5384615384615384
26,34,0.6
105,48,0.3333333333333333
160,219,1.0
161,117,1.0
111,136,1.0
60,92,0.2631578947368421
117,49,1.0
49,105,0.5
169,78,1.0
169,197,0.7142857142857143
96,193,1.0
150,18,1.0
83,162,1.0
96,136,1.0
85,120,1.0
123,200,0.3333333333333333
200,120,0.6666666666666666
143,105,1.0
184,157,1.0
214,149,0.3333333333333333
117,96,0.7333333333333333
85,200,1.0
169,96,1.0
18,137,0.2
85,69,0.6
207,120,1.0
95,131,1.0
100,45,0.5555555555555556
85,149,0.45454545454545453
169,96,1.0
96,215,0.3333333333333333
117,197,0.2
197,96,0.8
137,157,0.6
49,215,0.14285714285714285
179,120,1.0
117,170,1.0
34,30,1.0
140,191,1.0
159,48,0.6
149,77,0.8333333333333334
214,149,0.3333333333333333
92,178,1.0
184,18,1.0
197,159,1.0
34,214,0.3333333333333333
123,77,1.0
92,48,1.0
184,78,1.0
184,193,1.0
88,150,1.0
176,77,1.0
179,77,1.0
183,26,0.5
117,24,1.0
150,29,1.0
212,111,1.0
29,212,1.0
132,178,1.0
159,137,0.25
169,49,0.6363636363636364
156,200,1.0
192,220,1.0
176,30,1.0
183,176,0.3333333333333333
117,78,1.0
117,88,1.0
45,149,0.5
60,92,0.2631578947368421
117,209,0.5555555555555556
161,151,1.0
169,96,1.0
214,60,0.25
61,83,1.0
86,78,1.0
54,198,1.0
86,160,1.0
163,125,1.0
176,125,0.5384615384615384
184,24,1.0
140,136,1.0
34,214,0.3333333333333333
100,110,0.42857142857142855
208,48,1.0
95,184,1.0
55,149,0.45454545454545453
92,100,0.5384615384615384
140,49,1.0
92,201,1.0
60,173,1.0
176,149,0.4117647058823529
178,136,1.0
60,202,0.4
1,162,1.0
105,96,0.8
45,69,0.5
60,100,0.2631578947368421
85,69,0.6
206,137,0.09090909090909091
159,124,1.0
161,206,0.3333333333333333
100,200,0.4
60,125,0.5
117,49,1.0
60,120,1.0
85,120,1.0
156,110,1.0
209,78,1.0
99,96,1.0
206,49,0.7777777777777778
118,12,1.0
60,120,1.0
140,88,0.3333333333333333
49,167,1.0
126,102,0.75
84,207,1.0
1,221,1.0
54,147,0.2
140,111,1.0
128,221,1.0
137,48,0.2
92,96,0.6
86,78,1.0
159,12,1.0
184,117,0.3333333333333333
206,197,1.0
105,124,1.0
111,124,1.0
169,140,0.14285714285714285
2,96,1.0
176,69,0.7894736842105263
160,96,0.5555555555555556
183,200,1.0
159,49,0.1111111111111111
96,73,1.0
183,200,1.0
85,77,1.0
143,170,1.0
183,85,0.2
126,92,1.0
117,154,1.0
126,149,0.6666666666666666
209,73,1.0
96,39,1.0
105,215,1.0
60,120,1.0
96,78,0.8333333333333334
34,69,1.0
92,48,1.0
209,48,1.0
84,149,0.5
55,115,1.0
102,69,0.7777777777777778
99,209,0.5
169,99,1.0
24,201,1.0
208,82,0.5
208,209,1.0
120,220,1.0
105,96,0.8
140,201,1.0
176,67,1.0
140,132,1.0
126,120,1.0
214,200,1.0
30,69,1.0
202,200,1.0
85,26,0.5
2,96,1.0
161,137,0.6666666666666666
183,176,0.3333333333333333
151,209,0.5
176,149,0.4117647058823529
149,120,0.16666666666666666
117,159,1.0
117,191,1.0
60,125,0.5
100,102,0.5555555555555556
183,125,1.0
137,78,1.0
69,120,0.5555555555555556
160,215,1.0
151,112,1.0
96,48,0.1111111111111111
142,149,0.42857142857142855
45,102,0.2
184,96,1.0
45,69,0.5
99,78,1.0
176,77,1.0
85,118,1.0
143,49,1.0
160,112,1.0
149,77,0.8333333333333334
60,200,0.25
176,60,0.23809523809523808
156,102,1.0
150,24,1.0
154,49,0.6666666666666666
86,48,1.0
92,86,1.0
159,215,1.0
206,88,1.0
85,120,1.0
67,77,1.0
126,100,1.0
169,137,0.125
197,209,0.6666666666666666
102,69,0.7777777777777778
60,179,1.0
208,137,0.09090909090909091
169,99,1.0
83,198,1.0
92,209,1.0
140,49,1.0
140,215,1.0
67,120,1.0
169,96,1.0
169,159,0.5
117,197,0.2
200,30,1.0
137,49,0.23076923076923078
117,1,1.0
202,63,1.0
137,154,0.3333333333333333
88,215,1.0
184,49,1.0
209,48,1.0
85,125,1.0
102,34,0.3333333333333333
209,159,0.75
132,193,1.0
105,96,0.8
149,115,1.0
110,179,1.0
34,69,1.0
214,45,1.0
45,149,0.5
100,149,0.3125
169,137,0.125
49,48,0.6666666666666666
179,26,0.6
184,208,1.0
84,77,1.0
117,18,1.0
26,149,0.5384615384615384
18,96,0.6666666666666666
200,77,1.0
169,219,1.0
117,5,1.0
54,162,1.0
176,149,0.4117647058823529
159,167,1.0
85,84,1.0
208,24,1.0
49,219,1.0
39,112,1.0
149,8,1.0
60,154,1.0
156,69,1.0
82,209,1.0
49,170,1.0
197,12,1.0
131,159,1.0
105,137,0.6
92,192,1.0
18,201,1.0
161,2,1.0
176,67,1.0
140,78,1.0
92,125,0.5555555555555556
69,115,1.0
176,125,0.5384615384615384
102,69,0.7777777777777778
117,105,0.3333333333333333
176,100,0.3
150,2,1.0
140,124,1.0
169,160,1.0
140,29,1.0
137,78,1.0
208,78,1.0
207,67,1.0
78,167,1.0
45,125,0.6666666666666666
2,49,0.3333333333333333
183,69,0.75
88,78,1.0
197,124,1.0
100,149,0.3125
209,49,0.2
137,49,0.23076923076923078
55,173,1.0
85,96,1.0
169,206,0.1111111111111111
208,105,0.2
184,39,1.0
206,208,0.6
88,78,1.0
209,191,1.0
48,73,1.0
206,154,1.0
126,149,0.6666666666666666
26,200,0.2
176,102,0.5
110,77,1.0
96,78,0.8333333333333334
209,48,1.0
60,149,0.5862068965517241
34,125,0.2
200,121,1.0
117,209,0.5555555555555556
137,193,1.0
147,1,0.6
137,124,1.0
140,96,1.0
55,149,0.45454545454545453
184,197,0.6
100,149,0.3125
123,149,0.5384615384615384
85,67,0.3333333333333333
178,215,1.0
184,78,1.0
92,200,0.2
49,24,0.3333333333333333
206,137,0.09090909090909091
105,160,0.3333333333333333
208,96,0.5384615384615384
60,160,1.0
184,154,1.0
60,200,0.25
18,49,1.0
123,102,0.3333333333333333
132,12,1.0
84,220,1.0
30,54,0.3333333333333333
197,18,1.0
102,142,0.3333333333333333
2,78,1.0
179,77,1.0
117,48,1.0
67,120,1.0
208,219,1.0
176,207,1.0
208,137,0.09090909090909091
125,220,1.0
200,34,0.2
24,170,1.0
105,124,1.0
2,209,0.5
143,160,1.0
54,1,0.2
45,125,0.6666666666666666
176,69,0.7894736842105263
214,69,0.6666666666666666
126,120,1.0
105,160,0.3333333333333333
179,55,1.0
96,191,1.0
102,69,0.7777777777777778
169,137,0.125
117,208,1.0
208,137,0.09090909090909091
178,170,1.0
18,137,0.2
45,63,0.3333333333333333
159,78,1.0
150,137,1.0
176,110,1.0
102,67,0.2
95,96,1.0
214,176,0.3333333333333333
96,215,0.3333333333333333
160,96,0.5555555555555556
117,159,1.0
206,157,1.0
173,220,1.0
54,65,0.3333333333333333
184,160,1.0
140,160,1.0
18,49,1.0
54,198,1.0
126,120,1.0
184,137,1.0
100,121,1.0
170,219,1.0
184,169,0.7142857142857143
2,124,1.0
118,193,1.0
176,30,1.0
163,220,1.0
215,170,1.0
161,209,1.0
60,100,0.2631578947368421
147,1,0.6
92,215,1.0
60,123,0.25
60,34,0.6
125,77,1.0
184,157,1.0
60,111,1.0
60,26,0.5555555555555556
183,45,1.0
163,77,1.0
48,124,1.0
176,123,0.4
128,1,1.0
159,78,1.0
49,48,0.6666666666666666
142,176,0.047619047619047616
60,77,1.0
183,67,1.0
92,212,1.0
34,120,0.3333333333333333
149,69,0.5
169,2,1.0
184,209,1.0
125,120,1.0
140,170,1.0
149,77,0.8333333333333334
15,151,1.0
92,96,0.6
18,215,1.0
150,136,1.0
209,12,1.0
85,92,0.75
60,159,1.0
140,78,1.0
176,45,0.75
140,2,1.0
176,69,0.7894736842105263
151,78,1.0
34,149,0.29411764705882354
137,96,0.625
55,149,0.45454545454545453
176,120,1.0
150,212,1.0
118,82,1.0
100,149,0.3125
110,30,1.0
118,96,1.0
105,96,0.8
193,167,1.0
209,178,1.0
111,2,1.0
55,60,0.42857142857142855
82,88,1.0
206,137,0.09090909090909091
184,96,1.0
215,219,1.0
60,77,1.0
69,77,0.5
55,60,0.42857142857142855
160,96,0.5555555555555556
178,24,1.0
63,69,0.6
86,219,1.0
86,82,1.0
159,96,0.45454545454545453
197,2,0.3333333333333333
157,159,1.0
100,220,1.0
102,149,0.07692307692307693
49,105,0.5
154,78,1.0
24,124,1.0
206,92,1.0
184,159,1.0
96,167,1.0
102,202,0.5
92,111,1.0
60,100,0.2631578947368421
169,49,0.6363636363636364
126,69,1.0
60,105,1.0
169,82,1.0
2,48,1.0
173,149,0.7142857142857143
92,149,0.5555555555555556
147,5,1.0
92,77,1.0
125,149,0.45454545454545453
105,157,0.3333333333333333
45,77,1.0
140,29,1.0
120,77,1.0
169,137,0.125
117,150,1.0
142,34,1.0
83,162,1.0
124,136,1.0
163,26,1.0
34,69,1.0
63,156,1.0
60,192,1.0
123,69,0.5
207,110,1.0
117,96,0.7333333333333333
85,120,1.0
85,149,0.45454545454545453
60,120,1.0
102,142,0.3333333333333333
183,102,0.6
118,209,1.0
117,105,0.3333333333333333
100,63,0.7142857142857143
161,78,1.0
96,191,1.0
15,159,1.0
49,96,0.6
60,77,1.0
179,149,0.6
125,149,0.45454545454545453
60,77,1.0
176,67,1.0
29,219,1.0
123,77,1.0
88,193,1.0
67,200,0.3333333333333333
215,193,1.0
200,149,0.2857142857142857
24,137,1.0
15,208,1.0
208,96,0.5384615384615384
143,29,1.0
111,48,1.0
163,123,0.3333333333333333
18,191,1.0
92,34,0.6666666666666666
126,60,0.8181818181818182
169,96,1.0
159,73,1.0
208,159,0.3333333333333333
85,136,1.0
54,221,1.0
117,48,1.0
95,209,1.0
169,82,1.0
60,149,0.5862068965517241
95,197,1.0
160,208,0.5
163,123,0.3333333333333333
169,160,1.0
209,12,1.0
126,26,1.0
140,219,1.0
176,120,1.0
161,137,0.6666666666666666
214,100,0.3333333333333333
84,120,1.0
117,48,1.0
176,179,1.0
169,124,1.0
18,191,1.0
197,160,0.5
117,29,1.0
183,176,0.3333333333333333
126,85,0.6
137,151,0.3333333333333333
63,220,1.0
163,200,1.0
149,192,1.0
120,192,1.0
176,179,1.0
85,69,0.6
92,149,0.5555555555555556
161,137,0.6666666666666666
184,49,1.0
100,125,0.3333333333333333
157,78,1.0
169,160,1.0
163,34,0.3333333333333333
169,159,0.5
34,69,1.0
30,179,1.0
156,120,1.0
157,39,1.0
176,120,1.0
100,179,0.6
18,209,1.0
60,18,1.0
117,124,1.0
92,34,0.6666666666666666
126,120,1.0
143,150,1.0
137,73,1.0
208,96,0.5384615384615384
184,124,1.0
26,149,0.5384615384615384
117,118,0.5
214,126,0.3333333333333333
92,200,0.2
126,60,0.8181818181818182
92,124,1.0
140,159,1.0
200,149,0.2857142857142857
143,60,1.0
55,60,0.42857142857142855
137,160,0.14285714285714285
159,132,1.0
60,149,0.5862068965517241
84,149,0.5
202,69,0.6666666666666666
123,120,0.7142857142857143
150,197,1.0
60,197,1.0
100,149,0.3125
92,63,1.0
30,192,1.0
85,100,0.8
92,12,1.0
202,100,0.3333333333333333
117,170,1.0
209,124,1.0
110,220,1.0
49,170,1.0
85,124,1.0
169,48,1.0
215,219,1.0
123,45,0.5
100,45,0.5555555555555556
214,69,0.6666666666666666
85,45,0.42857142857142855
55,26,1.0
140,167,1.0
15,131,1.0
150,132,1.0
100,77,1.0
126,85,0.6
100,77,1.0
100,77,1.0
88,167,1.0
92,100,0.5384615384615384
178,96,1.0
85,18,1.0
126,30,1.0
118,48,1.0
169,96,1.0
85,200,1.0
160,96,0.5555555555555556
117,96,0.7333333333333333
82,170,1.0
149,77,0.8333333333333334
60,45,0.5384615384615384
120,30,1.0
173,149,0.7142857142857143
60,45,0.5384615384615384
2,49,0.3333333333333333
159,48,0.6
160,39,1.0
184,15,1.0
169,208,1.0
159,191,1.0
190,128,1.0
102,77,1.0
178,96,1.0
169,49,0.6363636363636364
100,45,0.5555555555555556
126,142,1.0
84,100,0.3333333333333333
184,169,0.7142857142857143
197,191,1.0
12,167,1.0
123,120,0.7142857142857143
197,209,0.6666666666666666
176,102,0.5
140,208,1.0
169,140,0.14285714285714285
60,163,0.2
159,201,1.0
149,120,0.16666666666666666
173,100,0.6666666666666666
60,85,0.047619047619047616
200,220,1.0
157,73,1.0
60,149,0.5862068965517241
208,159,0.3333333333333333
60,49,1.0
60,149,0.5862068965517241
99,73,1.0
45,102,0.2
137,49,0.23076923076923078
117,96,0.7333333333333333
212,208,1.0
200,115,1.0
209,132,1.0
183,60,0.2727272727272727
163,45,1.0
176,63,1.0
197,78,1.0
176,92,0.1111111111111111
137,49,0.23076923076923078
60,26,0.5555555555555556
169,92,0.3333333333333333
60,149,0.5862068965517241
200,125,1.0
176,149,0.4117647058823529
60,85,0.047619047619047616
49,78,1.0
82,78,1.0
123,149,0.5384615384615384
131,208,0.3333333333333333
88,201,1.0
92,208,1.0
126,183,0.3333333333333333
202,45,0.5
2,208,1.0
169,159,0.5
137,96,0.625
49,193,1.0
128,221,1.0
142,26,1.0
200,149,0.2857142857142857
100,45,0.5555555555555556
18,88,1.0
132,137,1.0
88,48,1.0
67,26,0.3333333333333333
143,178,1.0
140,96,1.0
184,178,1.0
160,191,1.0
102,202,0.5
169,159,0.5
147,198,1.0
78,193,1.0
159,73,1.0
161,215,1.0
82,96,0.3333333333333333
142,45,0.3333333333333333
207,120,1.0
45,115,1.0
169,209,0.5
184,151,1.0
60,84,0.6
123,120,0.7142857142857143
29,170,1.0
100,69,0.5714285714285714
15,124,1.0
208,137,0.09090909090909091
206,82,1.0
173,100,0.6666666666666666
82,215,1.0
123,45,0.5
18,73,1.0
15,209,0.5
209,215,1.0
137,49,0.23076923076923078
197,157,0.3333333333333333
149,77,0.8333333333333334
126,176,0.5
160,82,1.0
118,96,1.0
18,105,1.0
118,18,1.0
34,149,0.29411764705882354
100,149,0.3125
179,120,1.0
85,100,0.8
85,45,0.42857142857142855
18,132,1.0
88,49,0.25
214,100,0.3333333333333333
102,69,0.7777777777777778
184,209,1.0
102,149,0.07692307692307693
197,159,1.0
18,12,1.0
126,60,0.8181818181818182
92,100,0.5384615384615384
102,85,0.1111111111111111
30,121,1.0
163,100,0.14285714285714285
159,49,0.1111111111111111
48,191,1.0
150,215,1.0
60,63,0.3333333333333333
137,96,0.625
157,208,1.0
176,92,0.1111111111111111
117,105,0.3333333333333333
92,149,0.5555555555555556
118,96,1.0
96,12,0.5
100,123,0.09090909090909091
132,136,1.0
85,69,0.6
45,125,0.6666666666666666
60,100,0.2631578947368421
142,149,0.42857142857142855
30,65,1.0
156,121,1.0
102,26,0.5
84,149,0.5
100,149,0.3125
88,96,0.3333333333333333
169,112,1.0
183,115,1.0
208,132,1.0
60,179,1.0
60,208,1.0
131,49,1.0
161,99,1.0
163,192,1.0
214,163,1.0
88,154,1.0
54,114,0.3333333333333333
92,34,0.6666666666666666
49,96,0.6
161,105,1.0
131,191,1.0
110,77,1.0
100,125,0.3333333333333333
117,212,1.0
209,215,1.0
128,1,1.0
92,24,1.0
45,102,0.2
131,124,1.0
197,208,1.0
209,159,0.75
117,96,0.7333333333333333
105,206,1.0
183,102,0.6
105,96,0.8
60,69,0.5789473684210527
150,111,1.0
173,123,1.0
100,123,0.09090909090909091
60,45,0.5384615384615384
154,78,1.0
34,120,0.3333333333333333
209,96,0.375
123,220,1.0
184,2,1.0
214,63,1.0
63,69,0.6
209,39,1.0
169,96,1.0
55,123,0.6
208,78,1.0
197,96,0.8
137,96,0.625
125,77,1.0
212,219,1.0
60,82,1.0
183,142,0.3333333333333333
169,191,1.0
100,69,0.5714285714285714
176,200,1.0
39,215,1.0
161,209,1.0
34,149,0.29411764705882354
176,30,1.0
184,209,1.0
184,208,1.0
85,149,0.45454545454545453
197,170,1.0
92,120,1.0
137,99,0.3333333333333333
126,67,1.0
117,48,1.0
149,69,0.5
184,131,1.0
55,173,1.0
86,169,1.0
208,88,1.0
176,69,0.7894736842105263
206,154,1.0
173,123,1.0
82,48,1.0
176,34,0.2727272727272727
55,69,1.0
149,69,0.5
169,88,1.0
125,77,1.0
92,49,1.0
169,39,1.0
214,77,1.0
142,100,0.5
137,96,0.625
183,92,0.2
209,131,0.5
77,192,1.0
85,69,0.6
49,136,1.0
85,123,0.6
117,82,1.0
105,88,1.0
173,149,0.7142857142857143
100,63,0.7142857142857143
184,169,0.7142857142857143
183,85,0.2
125,69,0.6
85,191,1.0
184,92,0.5
118,208,1.0
126,45,1.0
161,73,1.0
29,215,1.0
100,200,0.4
137,167,1.0
126,69,1.0
183,85,0.2
176,173,0.6
176,100,0.3
214,92,0.5
197,73,1.0
45,63,0.3333333333333333
169,136,1.0
60,26,0.5555555555555556
69,120,0.5555555555555556
202,179,1.0
176,60,0.23809523809523808
184,96,1.0
179,26,0.6
96,170,1.0
214,102,1.0
105,137,0.6
49,219,1.0
170,78,1.0
82,201,1.0
176,200,1.0
161,96,1.0
143,86,1.0
179,121,1.0
137,160,0.14285714285714285
100,192,1.0
125,77,1.0
55,30,1.0
140,208,1.0
67,120,1.0
92,45,0.5
92,149,0.5555555555555556
85,137,1.0
18,137,0.2
92,154,1.0
149,110,1.0
154,178,1.0
154,201,1.0
221,162,1.0
60,34,0.6
183,120,1.0
48,167,1.0
209,48,1.0
200,125,1.0
140,137,0.6666666666666666
30,114,1.0
140,49,1.0
132,24,1.0
173,100,0.6666666666666666
48,193,1.0
159,136,1.0
197,124,1.0
184,170,1.0
163,100,0.14285714285714285
85,78,1.0
95,112,1.0
85,142,0.6
96,170,1.0
208,167,1.0
149,77,0.8333333333333334
45,149,0.5
18,178,1.0
63,77,1.0
143,18,1.0
176,120,1.0
215,170,1.0
100,69,0.5714285714285714
60,200,0.25
105,137,0.6
100,149,0.3125
140,92,0.3333333333333333
105,209,0.42857142857142855
126,26,1.0
60,125,0.5
82,209,1.0
117,82,1.0
157,49,1.0
126,176,0.5
176,120,1.0
197,82,1.0
154,212,1.0
85,69,0.6
100,110,0.42857142857142855
100,67,0.6
176,69,0.7894736842105263
83,114,1.0
111,219,1.0
92,173,1.0
102,120,0.7777777777777778
206,49,0.7777777777777778
96,48,0.1111111111111111
214,92,0.5
85,34,0.75
126,84,1.0
140,193,1.0
83,190,1.0
65,128,1.0
161,169,0.6
34,149,0.29411764705882354
184,73,1.0
176,120,1.0
60,29,1.0
160,136,1.0
60,124,1.0
209,167,1.0
197,111,1.0
92,69,0.3333333333333333
157,15,1.0
126,123,1.0
214,77,1.0
2,157,1.0
126,85,0.6
184,105,0.3333333333333333
12,78,1.0
125,149,0.45454545454545453
15,112,1.0
206,209,0.5
55,123,0.6
206,151,1.0
125,69,0.6
176,100,0.3
176,149,0.4117647058823529
123,63,0.5
176,92,0.1111111111111111
140,131,1.0
137,219,1.0
84,69,1.0
92,77,1.0
117,124,1.0
96,167,1.0
120,26,0.2
142,149,0.42857142857142855
69,77,0.5
137,209,0.09090909090909091
67,26,0.3333333333333333
207,77,1.0
183,149,0.3333333333333333
85,63,1.0
140,215,1.0
18,208,0.6
60,115,0.3333333333333333
92,208,1.0
131,96,0.2
100,102,0.5555555555555556
183,77,1.0
82,49,0.3333333333333333
45,26,0.2
29,78,1.0
117,208,1.0
18,2,1.0
92,45,0.5
60,100,0.2631578947368421
131,88,1.0
214,55,1.0
142,176,0.047619047619047616
117,215,1.0
123,149,0.5384615384615384
45,173,1.0
184,169,0.7142857142857143
83,1,0.3333333333333333
169,208,1.0
209,78,1.0
48,73,1.0
60,149,0.5862068965517241
140,78,1.0
173,121,1.0
190,1,0.3333333333333333
149,110,1.0
157,96,0.42857142857142855
121,77,1.0
96,48,0.1111111111111111
170,167,1.0
176,34,0.2727272727272727
84,176,0.2
55,67,0.3333333333333333
92,208,1.0
136,219,1.0
169,124,1.0
92,49,1.0
206,49,0.7777777777777778
49,170,1.0
18,170,1.0
126,67,1.0
178,201,1.0
117,96,0.7333333333333333
2,191,1.0
184,215,1.0
214,179,1.0
179,149,0.6
92,123,0.2
55,123,0.6
157,151,1.0
179,77,1.0
49,124,1.0
92,159,1.0
92,120,1.0
117,154,1.0
137,170,1.0
117,167,1.0
-1,-1