208,151,1.0
85,126,1.0
184,131,1.0
100,63,1.0
2,105,1.0
100,156,1.0
92,149,0.5
84,149,1.0
159,151,1.0
140,208,1.0
157,209,1.0
150,49,1.0
157,151,1.0
160,96,1.0
99,209,1.0
124,136,1.0
137,15,1.0
176,149,1.0
2,131,1.0
84,55,1.0
200,69,1.0
118,48,1.0
169,124,1.0
67,85,1.0
173,120,1.0
177,69,1.0
49,48,1.0
92,124,1.0
118,82,1.0
173,77,1.0
26,127,1.0
143,169,1.0
143,18,1.0
184,137,1.0
26,149,1.0
126,69,1.0
85,126,1.0
45,149,1.0
29,48,1.0
55,192,1.0
85,26,1.0
120,163,1.0
206,209,1.0
102,45,1.0
140,2,1.0
127,55,1.0
212,111,1.0
96,82,1.0
60,34,1.0
105,184,1.0
92,149,0.5
140,105,1.0
88,215,1.0
137,160,1.0
34,127,1.0
183,115,1.0
206,208,1.0
143,86,1.0
55,77,1.0
159,49,1.0
60,176,1.0
179,45,1.0
60,149,1.0
131,137,1.0
60,149,1.0
55,60,1.0
209,215,1.0
82,12,1.0
92,69,1.0
126,183,1.0
60,177,1.0
60,77,1.0
45,149,1.0
177,92,1.0
137,169,1.0
169,197,1.0
117,54,1.0
34,214,1.0
173,176,1.0
88,170,1.0
92,149,0.5
126,55,1.0
85,177,1.0
110,192,1.0
137,73,1.0
34,26,1.0
60,69,1.0
206,209,1.0
169,96,1.0
214,100,1.0
60,207,1.0
143,176,0.3333333333333333
115,105,1.0
88,201,1.0
86,111,1.0
176,110,1.0
85,120,1.0
54,124,1.0
85,92,1.0
200,69,1.0
105,96,1.0
184,15,1.0
214,100,1.0
55,149,1.0
60,214,1.0
121,123,1.0
140,169,1.0
169,160,1.0
82,78,1.0
115,67,1.0
117,132,1.0
169,78,1.0
169,111,1.0
100,102,1.0
77,192,1.0
176,102,1.0
209,215,1.0
176,220,1.0
176,100,1.0
34,69,1.0
60,200,1.0
118,12,1.0
161,160,1.0
127,77,1.0
197,124,1.0
197,18,1.0
49,54,1.0
82,208,1.0
126,149,1.0
105,15,1.0
65,190,1.0
85,96,1.0
197,92,1.0
63,156,1.0
200,34,1.0
117,208,1.0
179,100,1.0
126,183,1.0
85,69,1.0
105,137,1.0
169,24,1.0
215,201,1.0
105,160,1.0
176,126,1.0
48,137,1.0
214,77,1.0
157,209,1.0
157,208,1.0
92,179,1.0
200,149,1.0
214,173,1.0
24,48,1.0
183,69,1.0
118,49,1.0
100,149,0.3333333333333333
193,167,1.0
176,126,1.0
126,69,1.0
128,1,1.0
60,219,1.0
49,12,1.0
177,100,1.0
127,149,1.0
197,54,1.0
55,63,1.0
85,149,1.0
88,78,1.0
208,193,1.0
184,160,1.0
170,193,1.0
198,162,1.0
49,96,1.0
123,179,1.0
215,201,1.0
85,149,1.0
184,2,1.0
100,77,1.0
120,163,1.0
169,49,1.0
147,5,1.0
96,124,1.0
197,96,1.0
127,192,1.0
96,73,1.0
115,69,1.0
177,149,0.3333333333333333
117,151,1.0
214,120,1.0
100,69,1.0
60,100,1.0
149,69,1.0
117,49,1.0
179,67,1.0
60,85,1.0
169,54,1.0
85,100,1.0
150,159,1.0
149,102,1.0
78,191,1.0
169,92,1.0
102,30,1.0
169,49,1.0
85,69,1.0
117,184,1.0
92,78,1.0
60,92,1.0
126,67,1.0
183,102,1.0
45,100,1.0
209,201,1.0
149,69,1.0
49,82,1.0
169,96,1.0
178,48,1.0
55,143,1.0
126,149,1.0
54,96,0.3333333333333333
88,191,1.0
85,149,1.0
143,176,0.3333333333333333
143,183,1.0
115,96,1.0
96,24,1.0
176,85,1.0
149,34,1.0
102,60,1.0
100,149,0.3333333333333333
149,69,1.0
88,209,1.0
206,99,1.0
48,96,1.0
82,48,1.0
126,84,1.0
54,96,0.3333333333333333
214,163,1.0
34,110,1.0
173,220,1.0
67,69,1.0
154,170,1.0
15,160,1.0
92,96,1.0
117,157,1.0
48,12,1.0
183,45,1.0
92,54,1.0
126,149,1.0
99,209,1.0
149,69,1.0
60,69,1.0
34,69,1.0
48,73,1.0
54,82,1.0
177,45,1.0
45,92,1.0
214,163,1.0
169,86,1.0
177,149,0.3333333333333333
92,214,1.0
88,215,1.0
60,149,1.0
45,69,1.0
29,24,1.0
200,123,1.0
-1,-1