161,209,1.0
118,96,1.0
207,183,1.0
169,49,0.6666666666666666
140,60,1.0
102,30,1.0
48,78,1.0
99,157,1.0
99,92,1.0
143,176,0.3333333333333333
197,49,1.0
24,48,1.0
176,85,1.0
137,169,1.0
207,102,1.0
173,176,1.0
184,131,1.0
69,100,0.2
34,214,1.0
149,69,0.6666666666666666
190,1,1.0
137,160,1.0
126,115,1.0
161,160,1.0
215,78,1.0
69,102,0.3333333333333333
223,73,1.0
34,115,1.0
105,78,1.0
169,96,1.0
161,137,1.0
184,159,1.0
96,209,0.5
123,45,1.0
143,123,1.0
88,24,1.0
197,209,1.0
126,123,1.0
208,96,0.3333333333333333
105,96,0.5
54,209,1.0
117,208,1.0
200,123,1.0
159,150,1.0
92,84,1.0
137,160,1.0
123,207,1.0
117,88,1.0
118,117,1.0
160,24,1.0
96,73,1.0
48,12,1.0
159,157,1.0
45,149,0.5
117,85,1.0
143,169,1.0
156,69,1.0
99,124,1.0
126,77,1.0
176,69,0.6
169,212,1.0
170,193,1.0
140,208,1.0
200,85,1.0
126,149,0.5
161,206,1.0
45,149,0.5
117,208,1.0
183,102,1.0
96,191,1.0
143,60,0.5
123,183,1.0
176,127,1.0
173,120,1.0
127,149,0.14285714285714285
117,54,1.0
117,209,1.0
29,178,1.0
117,131,1.0
54,96,0.6
105,157,1.0
214,120,1.0
176,149,0.3333333333333333
157,208,1.0
105,48,1.0
169,197,0.5
137,184,1.0
96,151,1.0
169,124,1.0
137,49,1.0
137,159,0.3333333333333333
92,149,0.42857142857142855
49,193,1.0
137,96,1.0
169,49,0.6666666666666666
207,102,1.0
60,34,0.3333333333333333
143,176,0.3333333333333333
209,223,1.0
85,63,1.0
208,78,1.0
169,219,1.0
140,54,1.0
118,49,1.0
60,102,0.6666666666666666
99,96,1.0
45,102,0.3333333333333333
126,55,1.0
92,215,1.0
160,2,1.0
60,69,0.7142857142857143
54,209,1.0
176,69,0.6
48,191,1.0
85,177,1.0
149,63,1.0
176,183,0.2
161,15,1.0
169,197,0.5
54,49,1.0
140,2,1.0
118,48,1.0
85,127,1.0
197,154,1.0
100,120,1.0
126,69,1.0
54,92,1.0
55,149,1.0
206,159,1.0
105,117,1.0
169,209,1.0
34,149,1.0
143,85,1.0
169,49,0.6666666666666666
92,60,0.2
65,1,1.0
176,69,0.6
149,220,1.0
206,154,1.0
117,78,1.0
140,24,1.0
15,96,1.0
190,128,1.0
197,111,1.0
140,96,1.0
176,67,1.0
65,190,1.0
102,100,0.5
176,183,0.2
48,12,1.0
140,208,1.0
60,85,0.2
159,178,1.0
127,110,1.0
85,102,1.0
207,120,1.0
84,192,1.0
60,69,0.7142857142857143
160,96,0.2
82,12,1.0
105,82,1.0
214,176,1.0
18,49,1.0
137,78,1.0
92,127,0.3333333333333333
209,223,1.0
183,60,0.2
160,54,1.0
26,69,1.0
200,34,1.0
206,137,0.3333333333333333
117,82,1.0
84,1,1.0
88,137,1.0
169,111,1.0
117,157,1.0
96,12,1.0
214,179,1.0
115,179,1.0
209,124,1.0
69,102,0.3333333333333333
2,105,1.0
161,209,1.0
114,1,1.0
169,2,1.0
85,69,0.2
207,102,1.0
60,45,0.6666666666666666
160,96,0.2
49,215,1.0
84,190,1.0
183,60,0.2
60,214,1.0
60,45,0.6666666666666666
60,34,0.3333333333333333
123,149,0.3333333333333333
177,45,1.0
85,18,1.0
92,178,1.0
150,136,1.0
60,179,1.0
100,127,0.3333333333333333
209,88,1.0
55,149,1.0
161,157,1.0
60,102,0.6666666666666666
209,215,1.0
84,34,1.0
85,120,1.0
126,123,1.0
55,110,1.0
118,159,1.0
208,88,1.0
176,110,1.0
201,167,1.0
111,212,1.0
54,124,1.0
60,159,1.0
137,12,1.0
206,18,1.0
126,115,1.0
105,82,1.0
60,177,1.0
60,150,1.0
60,100,0.5
176,220,1.0
143,219,1.0
200,214,1.0
54,48,1.0
169,105,1.0
18,49,1.0
96,124,1.0
92,115,1.0
49,132,1.0
169,54,1.0
117,12,1.0
111,219,1.0
100,115,1.0
110,192,1.0
82,208,1.0
161,96,1.0
173,30,1.0
183,45,1.0
159,78,1.0
85,197,1.0
18,96,1.0
48,78,1.0
69,45,0.3333333333333333
67,102,1.0
137,160,1.0
65,128,1.0
169,99,1.0
126,55,1.0
206,49,1.0
110,69,1.0
184,78,1.0
183,60,0.2
131,159,1.0
159,124,1.0
206,99,1.0
140,169,0.3333333333333333
34,100,1.0
177,102,1.0
92,60,0.2
92,200,1.0
48,96,1.0
85,149,0.2
92,215,1.0
92,100,0.5
102,220,1.0
63,156,1.0
183,45,1.0
92,124,1.0
100,127,0.3333333333333333
54,96,0.6
169,85,1.0
200,176,0.3333333333333333
123,102,1.0
88,78,1.0
54,82,1.0
147,198,1.0
60,136,1.0
137,96,1.0
92,34,1.0
12,191,1.0
209,15,1.0
54,167,1.0
159,73,1.0
149,69,0.6666666666666666
92,170,1.0
200,55,1.0
184,96,1.0
126,67,1.0
60,102,0.6666666666666666
34,100,1.0
117,215,1.0
206,96,1.0
100,63,1.0
176,123,0.5
34,149,1.0
126,149,0.5
149,30,1.0
202,63,1.0
55,110,1.0
63,120,1.0
169,159,1.0
169,54,1.0
92,132,1.0
85,45,1.0
132,170,1.0
100,123,0.3333333333333333
117,132,1.0
105,160,0.3333333333333333
207,60,1.0
88,191,1.0
69,214,1.0
207,30,1.0
85,92,1.0
208,193,1.0
197,49,1.0
183,100,1.0
161,78,1.0
49,160,1.0
49,88,1.0
154,48,1.0
178,48,1.0
206,140,1.0
18,49,1.0
147,162,1.0
183,34,1.0
184,208,1.0
60,69,0.7142857142857143
206,49,1.0
54,73,1.0
126,115,1.0
179,123,1.0
88,170,1.0
169,96,1.0
178,78,1.0
96,193,1.0
137,49,1.0
150,178,1.0
173,100,1.0
54,124,1.0
209,208,1.0
223,124,1.0
49,167,1.0
126,102,1.0
123,26,1.0
183,69,0.3333333333333333
92,69,1.0
54,193,1.0
49,201,1.0
143,96,1.0
212,219,1.0
206,78,1.0
200,69,0.5
117,88,1.0
117,209,1.0
178,154,1.0
206,159,1.0
137,169,1.0
200,115,1.0
2,131,1.0
92,78,1.0
176,60,0.25
100,149,0.5
100,77,1.0
161,137,1.0
2,208,1.0
143,49,1.0
105,96,0.5
184,208,1.0
161,105,1.0
85,88,1.0
118,82,1.0
200,121,1.0
84,190,1.0
60,45,0.6666666666666666
206,159,1.0
48,78,1.0
24,170,1.0
60,102,0.6666666666666666
48,191,1.0
137,159,0.3333333333333333
18,154,1.0
110,220,1.0
149,77,1.0
88,201,1.0
176,60,0.25
140,150,1.0
137,78,1.0
92,179,1.0
149,77,1.0
161,191,1.0
209,193,1.0
102,100,0.5
100,149,0.5
96,12,1.0
61,83,1.0
137,124,1.0
200,179,1.0
88,154,1.0
126,149,0.5
200,176,0.3333333333333333
60,85,0.2
176,102,1.0
67,45,1.0
117,99,1.0
179,67,1.0
110,200,1.0
208,96,0.3333333333333333
88,170,1.0
200,69,0.5
126,127,1.0
200,123,1.0
214,77,1.0
169,2,1.0
149,69,0.6666666666666666
137,82,1.0
2,159,1.0
105,209,1.0
140,169,0.3333333333333333
209,201,1.0
149,63,1.0
85,149,0.2
149,60,0.14285714285714285
92,149,0.42857142857142855
85,49,1.0
124,136,1.0
88,215,1.0
85,96,1.0
137,223,1.0
215,201,1.0
201,193,1.0
82,96,0.3333333333333333
85,212,1.0
49,88,1.0
206,88,1.0
169,96,1.0
92,149,0.42857142857142855
120,200,1.0
202,115,1.0
92,123,1.0
202,214,1.0
157,209,0.5
85,49,1.0
67,69,1.0
92,154,1.0
184,54,1.0
120,30,1.0
197,54,1.0
126,84,1.0
105,54,1.0
49,96,1.0
60,219,1.0
184,197,1.0
184,96,1.0
169,197,0.5
143,123,1.0
85,126,0.3333333333333333
110,149,1.0
126,183,1.0
160,15,1.0
140,219,1.0
96,209,0.5
100,120,1.0
126,207,1.0
55,143,1.0
85,184,1.0
105,160,0.3333333333333333
92,77,1.0
202,179,1.0
209,167,1.0
34,85,1.0
120,34,1.0
2,208,1.0
197,18,1.0
54,48,1.0
170,191,1.0
115,69,1.0
206,209,1.0
49,96,1.0
173,102,1.0
34,69,0.3333333333333333
118,54,1.0
110,77,1.0
149,60,0.14285714285714285
118,191,1.0
105,12,1.0
88,29,1.0
18,49,1.0
143,24,1.0
169,92,1.0
200,179,1.0
29,154,1.0
92,214,1.0
137,96,1.0
123,102,1.0
206,169,0.3333333333333333
154,124,1.0
29,48,1.0
169,209,1.0
197,92,1.0
60,102,0.6666666666666666
159,96,1.0
67,77,1.0
29,170,1.0
207,67,1.0
60,69,0.7142857142857143
128,1,1.0
117,209,1.0
45,179,1.0
197,96,1.0
69,45,0.3333333333333333
105,184,1.0
207,45,1.0
170,78,1.0
215,193,1.0
137,136,1.0
179,149,1.0
156,110,1.0
184,169,1.0
149,60,0.14285714285714285
206,54,1.0
215,167,1.0
198,162,1.0
173,220,1.0
140,159,1.0
176,67,1.0
2,78,1.0
140,82,1.0
184,15,1.0
49,24,1.0
183,69,0.3333333333333333
157,209,0.5
183,102,1.0
131,157,1.0
127,110,1.0
173,149,1.0
197,24,1.0
54,12,1.0
206,208,1.0
143,169,1.0
173,207,1.0
55,149,1.0
67,60,1.0
124,73,1.0
78,12,1.0
85,123,1.0
169,54,1.0
54,223,1.0
26,34,0.3333333333333333
167,193,1.0
67,60,1.0
120,69,1.0
177,149,0.3333333333333333
88,201,1.0
215,24,1.0
132,167,1.0
85,69,0.2
209,151,1.0
126,67,1.0
143,176,0.3333333333333333
60,45,0.6666666666666666
117,167,1.0
197,124,1.0
137,48,1.0
169,223,1.0
85,102,1.0
60,137,1.0
197,96,1.0
49,209,1.0
60,77,1.0
176,60,0.25
48,96,1.0
200,45,1.0
161,88,1.0
143,197,1.0
176,120,1.0
92,223,1.0
110,8,1.0
137,73,1.0
209,124,1.0
88,132,1.0
100,156,1.0
29,78,1.0
92,127,0.3333333333333333
169,49,0.6666666666666666
96,78,1.0
215,48,1.0
85,92,1.0
200,149,1.0
184,96,1.0
176,45,0.3333333333333333
118,96,1.0
88,193,1.0
54,96,0.6
85,149,0.2
147,5,1.0
126,92,1.0
126,149,0.5
169,160,1.0
49,78,1.0
197,2,1.0
206,169,0.3333333333333333
126,60,1.0
105,209,1.0
160,96,0.2
120,77,1.0
115,102,1.0
67,102,1.0
183,214,1.0
60,212,1.0
131,137,1.0
143,60,0.5
105,208,1.0
143,60,0.5
209,73,1.0
48,124,1.0
85,193,1.0
82,191,1.0
55,149,1.0
115,67,1.0
105,96,0.5
150,137,1.0
26,34,0.3333333333333333
137,96,1.0
26,200,1.0
137,49,1.0
88,215,1.0
49,215,1.0
54,223,1.0
127,149,0.14285714285714285
45,149,0.5
49,96,1.0
120,110,1.0
207,60,1.0
55,77,1.0
159,208,1.0
92,26,1.0
60,214,1.0
143,45,1.0
63,110,1.0
161,184,1.0
137,48,1.0
2,96,0.3333333333333333
48,96,1.0
67,34,1.0
88,215,1.0
63,69,1.0
60,45,0.6666666666666666
96,167,1.0
49,82,1.0
60,55,1.0
29,124,1.0
85,111,1.0
177,149,0.3333333333333333
200,149,1.0
55,192,1.0
177,127,1.0
102,77,1.0
169,209,1.0
207,69,1.0
117,2,1.0
126,183,1.0
176,100,0.2
126,84,1.0
206,137,0.3333333333333333
117,48,1.0
207,176,1.0
209,151,1.0
24,124,1.0
154,170,1.0
92,149,0.42857142857142855
105,137,1.0
92,29,1.0
118,78,1.0
55,77,1.0
154,24,1.0
137,160,1.0
126,26,1.0
55,123,1.0
137,15,1.0
117,193,1.0
60,100,0.5
197,160,1.0
117,159,1.0
143,111,1.0
34,69,0.3333333333333333
140,54,1.0
126,67,1.0
125,143,1.0
26,149,0.5
118,48,1.0
160,15,1.0
208,193,1.0
131,96,1.0
77,69,1.0
137,54,1.0
169,209,1.0
100,110,1.0
147,114,1.0
207,67,1.0
206,117,1.0
2,96,0.3333333333333333
85,49,1.0
85,100,1.0
92,24,1.0
67,60,1.0
169,151,1.0
115,123,1.0
92,69,1.0
96,78,1.0
169,24,1.0
117,92,1.0
126,192,1.0
117,208,1.0
54,92,1.0
49,12,1.0
197,73,1.0
96,73,1.0
147,221,1.0
18,111,1.0
85,201,1.0
124,78,1.0
206,92,1.0
49,219,1.0
202,179,1.0
29,24,1.0
60,127,1.0
2,54,1.0
105,191,1.0
85,219,1.0
150,124,1.0
127,69,1.0
176,60,0.25
26,149,0.5
34,110,1.0
105,24,1.0
117,96,1.0
143,34,1.0
214,173,1.0
140,136,1.0
137,49,1.0
60,100,0.5
92,60,0.2
215,167,1.0
191,193,1.0
117,191,1.0
176,123,0.5
215,201,1.0
132,201,1.0
176,110,1.0
197,131,1.0
137,191,1.0
126,110,1.0
169,131,1.0
140,160,1.0
18,212,1.0
102,100,0.5
77,192,1.0
126,149,0.5
60,85,0.2
140,96,1.0
96,191,1.0
159,136,1.0
209,88,1.0
131,208,1.0
206,124,1.0
105,137,1.0
197,96,1.0
149,69,0.6666666666666666
126,127,1.0
137,184,1.0
197,18,1.0
34,100,1.0
85,115,1.0
2,82,1.0
169,73,1.0
60,69,0.7142857142857143
85,54,1.0
127,77,1.0
88,48,1.0
131,159,1.0
178,170,1.0
92,48,1.0
118,12,1.0
127,149,0.14285714285714285
157,209,0.5
202,115,1.0
127,192,1.0
159,12,1.0
84,77,1.0
215,170,1.0
54,73,1.0
137,197,1.0
24,78,1.0
179,63,1.0
85,208,1.0
84,110,1.0
149,77,1.0
184,140,1.0
209,215,1.0
176,125,1.0
92,100,0.5
169,78,1.0
176,69,0.6
169,49,0.6666666666666666
197,99,1.0
92,100,0.5
100,77,1.0
159,223,1.0
183,100,1.0
143,212,1.0
177,69,1.0
105,15,1.0
100,149,0.5
206,209,1.0
117,201,1.0
85,209,1.0
127,77,1.0
92,73,1.0
208,170,1.0
123,60,0.3333333333333333
99,54,1.0
154,78,1.0
45,77,1.0
18,24,1.0
30,220,1.0
197,54,1.0
96,157,1.0
121,123,1.0
177,77,1.0
207,85,1.0
179,77,1.0
176,100,0.2
99,159,1.0
197,154,1.0
184,2,1.0
127,192,1.0
92,88,1.0
117,215,1.0
179,120,1.0
161,160,1.0
45,127,1.0
159,78,1.0
45,102,0.3333333333333333
85,77,1.0
105,49,1.0
60,179,1.0
157,160,1.0
197,140,1.0
88,215,1.0
197,105,1.0
169,96,1.0
143,49,1.0
96,209,0.5
96,24,1.0
131,78,1.0
55,192,1.0
54,159,1.0
88,167,1.0
123,77,1.0
214,115,1.0
48,170,1.0
117,170,1.0
67,102,1.0
176,60,0.25
206,49,1.0
92,55,1.0
157,15,1.0
118,137,1.0
54,96,0.6
143,214,1.0
140,96,1.0
110,200,1.0
123,183,1.0
114,128,1.0
60,77,1.0
88,78,1.0
200,34,1.0
69,121,1.0
143,18,1.0
82,96,0.3333333333333333
85,69,0.2
45,63,1.0
92,96,1.0
26,149,0.5
88,132,1.0
115,183,1.0
178,124,1.0
176,102,1.0
55,149,1.0
126,183,1.0
85,45,1.0
69,179,1.0
60,69,0.7142857142857143
2,157,1.0
126,69,1.0
149,69,0.6666666666666666
85,100,1.0
177,100,1.0
169,96,1.0
85,167,1.0
143,176,0.3333333333333333
123,120,1.0
100,26,1.0
123,149,0.3333333333333333
176,149,0.3333333333333333
197,223,1.0
85,126,0.3333333333333333
67,34,1.0
26,221,1.0
143,183,1.0
173,77,1.0
60,214,1.0
215,29,1.0
208,191,1.0
140,49,1.0
100,123,0.3333333333333333
137,191,1.0
200,69,0.5
92,149,0.42857142857142855
178,24,1.0
100,55,1.0
118,105,1.0
117,96,1.0
209,73,1.0
69,100,0.2
132,193,1.0
67,69,1.0
34,77,1.0
49,191,1.0
34,85,1.0
209,15,1.0
215,170,1.0
92,69,1.0
215,78,1.0
60,115,1.0
209,132,1.0
197,96,1.0
197,78,1.0
99,208,1.0
197,209,1.0
26,69,1.0
143,69,1.0
209,208,1.0
137,169,1.0
149,60,0.14285714285714285
99,209,1.0
126,149,0.5
123,60,0.3333333333333333
176,45,0.3333333333333333
99,209,1.0
82,78,1.0
170,78,1.0
160,82,1.0
127,149,0.14285714285714285
69,100,0.2
96,78,1.0
126,69,1.0
176,123,0.5
2,24,1.0
137,78,1.0
202,214,1.0
179,121,1.0
159,82,1.0
176,100,0.2
67,69,1.0
120,102,1.0
176,183,0.2
197,2,1.0
206,157,1.0
96,78,1.0
34,192,1.0
137,15,1.0
-1,-1