92,132,1.0
49,96,1.0
206,137,0.6
176,220,1.0
179,149,1.0
140,82,1.0
48,96,0.3333333333333333
88,215,1.0
209,54,1.0
102,220,1.0
176,207,1.0
149,69,0.6666666666666666
169,208,1.0
60,34,1.0
60,183,0.2
125,143,1.0
26,149,1.0
55,110,1.0
60,179,1.0
60,149,0.42857142857142855
117,201,1.0
197,111,1.0
200,100,0.3333333333333333
126,149,1.0
60,200,0.5
102,30,1.0
149,69,0.6666666666666666
123,26,1.0
143,60,0.5
159,136,1.0
63,69,1.0
176,126,0.5
137,15,1.0
184,15,1.0
88,132,1.0
85,209,1.0
105,96,1.0
132,167,1.0
169,54,1.0
117,206,1.0
215,201,1.0
169,111,1.0
69,121,1.0
92,102,1.0
48,209,1.0
200,120,1.0
84,192,1.0
206,208,1.0
60,45,0.3333333333333333
55,110,1.0
102,149,0.3333333333333333
150,124,1.0
92,149,0.5
207,30,1.0
85,149,1.0
169,159,1.0
184,96,1.0
126,67,1.0
34,69,1.0
140,49,1.0
126,110,1.0
173,100,1.0
169,197,0.5
102,77,1.0
173,176,1.0
184,208,1.0
126,192,1.0
60,214,0.5
143,111,1.0
173,149,1.0
54,167,1.0
137,49,1.0
184,96,1.0
54,124,1.0
96,193,1.0
208,88,1.0
100,8,1.0
48,12,1.0
151,78,1.0
65,128,1.0
137,96,0.2
117,85,1.0
105,54,1.0
100,77,1.0
176,115,1.0
92,124,1.0
92,24,1.0
126,115,1.0
127,149,0.7142857142857143
208,96,0.5
34,100,1.0
92,69,1.0
92,54,1.0
126,149,1.0
118,105,1.0
123,207,1.0
92,55,1.0
110,200,1.0
208,137,1.0
161,96,1.0
197,96,0.5
54,124,1.0
179,55,1.0
169,96,0.3333333333333333
206,137,0.6
18,24,1.0
184,169,1.0
2,54,1.0
85,49,1.0
60,69,1.0
48,78,1.0
206,209,1.0
100,77,1.0
176,100,0.5
184,78,1.0
126,67,1.0
161,15,1.0
82,48,1.0
18,212,1.0
18,49,1.0
169,49,1.0
120,30,1.0
149,69,0.6666666666666666
100,123,0.3333333333333333
92,123,1.0
126,149,1.0
198,162,1.0
183,123,1.0
149,67,1.0
96,124,1.0
209,15,1.0
117,154,1.0
126,149,1.0
84,149,1.0
49,96,1.0
137,136,1.0
115,49,1.0
127,77,1.0
49,219,1.0
55,192,1.0
143,24,1.0
207,102,0.3333333333333333
170,193,1.0
100,102,0.5
209,154,1.0
206,154,1.0
183,102,1.0
100,110,1.0
176,183,0.2
154,78,1.0
117,167,1.0
169,160,1.0
85,60,0.2
45,149,0.6
105,191,1.0
117,208,1.0
49,208,0.3333333333333333
140,208,1.0
92,88,1.0
215,193,1.0
150,136,1.0
86,18,1.0
118,12,1.0
206,159,1.0
161,96,1.0
206,54,1.0
83,190,1.0
49,12,1.0
137,96,0.2
206,73,1.0
85,149,1.0
207,69,1.0
143,96,1.0
117,96,1.0
173,207,1.0
208,151,1.0
99,151,1.0
126,77,1.0
96,78,1.0
117,88,1.0
157,96,1.0
126,26,1.0
214,123,1.0
208,193,1.0
160,54,1.0
117,132,1.0
117,92,1.0
121,123,1.0
85,126,1.0
105,78,1.0
215,170,1.0
60,219,1.0
2,105,1.0
176,45,0.3333333333333333
83,1,1.0
60,100,0.5
126,55,1.0
209,137,1.0
206,159,1.0
110,220,1.0
176,183,0.2
206,49,1.0
209,208,1.0
183,69,1.0
176,220,1.0
105,82,1.0
34,183,1.0
202,179,1.0
92,73,1.0
214,100,1.0
5,221,1.0
118,49,1.0
140,115,1.0
117,193,1.0
126,149,1.0
60,34,1.0
206,151,1.0
208,96,0.5
49,136,1.0
197,96,0.5
169,54,1.0
85,193,1.0
169,99,1.0
92,60,0.2
214,163,1.0
154,215,1.0
100,149,0.6666666666666666
55,149,1.0
176,45,0.3333333333333333
206,49,1.0
60,183,0.2
200,121,1.0
177,149,0.5
105,24,1.0
100,149,0.6666666666666666
85,149,1.0
207,45,1.0
82,78,1.0
55,26,1.0
159,137,1.0
176,102,1.0
209,151,1.0
143,197,1.0
85,100,1.0
117,140,1.0
115,208,1.0
115,102,1.0
49,212,1.0
131,151,1.0
140,124,1.0
184,2,1.0
202,179,1.0
85,77,1.0
18,49,1.0
176,30,1.0
2,197,1.0
143,45,1.0
161,209,1.0
126,207,1.0
215,167,1.0
207,67,1.0
197,154,1.0
179,63,1.0
157,160,1.0
184,137,1.0
82,191,1.0
176,120,1.0
49,208,0.3333333333333333
12,191,1.0
206,99,1.0
88,170,1.0
161,88,1.0
92,26,1.0
176,126,0.5
161,206,1.0
34,26,0.3333333333333333
177,77,1.0
88,167,1.0
149,77,1.0
92,100,0.5
117,157,1.0
197,54,1.0
60,69,1.0
92,34,1.0
202,63,1.0
150,60,1.0
110,192,1.0
214,179,1.0
99,96,1.0
157,209,0.5
48,124,1.0
118,82,1.0
209,201,1.0
45,63,1.0
197,24,1.0
179,100,1.0
184,151,1.0
206,137,0.6
60,69,1.0
197,48,1.0
92,149,0.5
177,69,1.0
140,105,1.0
126,127,1.0
26,149,1.0
84,149,1.0
92,209,1.0
85,69,1.0
88,215,1.0
214,120,1.0
48,191,1.0
115,96,1.0
26,200,1.0
132,170,1.0
60,123,0.3333333333333333
24,136,1.0
60,45,0.3333333333333333
140,96,1.0
169,92,1.0
69,179,1.0
117,99,1.0
137,219,1.0
85,60,0.2
126,55,1.0
78,12,1.0
49,191,1.0
82,208,1.0
143,86,1.0
88,78,1.0
78,197,1.0
176,207,1.0
85,120,1.0
24,124,1.0
177,100,1.0
179,67,1.0
118,48,1.0
120,163,1.0
48,170,1.0
110,149,1.0
140,49,1.0
102,69,0.5
60,200,0.5
169,86,1.0
131,208,1.0
117,170,1.0
127,149,0.7142857142857143
127,77,1.0
110,8,1.0
30,220,1.0
178,78,1.0
60,34,1.0
183,67,1.0
159,78,1.0
209,96,0.5
209,167,1.0
176,115,1.0
157,131,1.0
85,167,1.0
126,123,1.0
159,12,1.0
157,137,1.0
117,49,1.0
60,69,1.0
176,60,0.3333333333333333
48,208,1.0
206,137,0.6
96,191,1.0
179,45,1.0
157,208,1.0
179,121,1.0
85,69,1.0
29,170,1.0
120,77,1.0
118,96,1.0
176,60,0.3333333333333333
45,102,0.3333333333333333
127,149,0.7142857142857143
117,159,1.0
183,102,1.0
127,110,1.0
127,149,0.7142857142857143
169,124,1.0
126,84,1.0
126,149,1.0
85,215,1.0
92,77,1.0
85,69,1.0
183,100,1.0
169,197,0.5
206,18,1.0
176,60,0.3333333333333333
132,193,1.0
117,73,1.0
209,96,0.5
88,215,1.0
126,69,1.0
55,200,1.0
92,29,1.0
100,63,1.0
173,30,1.0
85,45,1.0
92,84,1.0
183,102,1.0
177,149,0.5
176,123,1.0
169,206,1.0
131,197,1.0
150,178,1.0
92,78,1.0
115,78,1.0
88,24,1.0
92,179,1.0
178,48,1.0
118,78,1.0
137,191,1.0
55,143,1.0
105,209,1.0
55,149,1.0
208,170,1.0
88,215,1.0
102,149,0.3333333333333333
60,102,0.3333333333333333
49,82,1.0
85,26,1.0
88,78,1.0
197,212,1.0
60,77,1.0
127,84,0.2
159,151,1.0
214,77,1.0
147,198,1.0
55,120,1.0
154,208,1.0
105,209,1.0
176,126,0.5
92,170,1.0
176,85,1.0
151,96,1.0
45,127,1.0
143,18,1.0
48,136,1.0
126,200,1.0
118,115,1.0
96,167,1.0
159,82,1.0
2,151,1.0
200,8,1.0
137,160,0.3333333333333333
55,149,1.0
2,82,1.0
143,120,1.0
48,209,1.0
206,209,1.0
45,77,1.0
176,110,1.0
69,123,1.0
118,159,1.0
169,78,1.0
99,73,1.0
160,24,1.0
176,110,1.0
215,193,1.0
92,149,0.5
92,209,1.0
96,215,1.0
161,191,1.0
124,136,1.0
85,126,1.0
26,69,1.0
102,67,0.3333333333333333
60,149,0.42857142857142855
206,48,1.0
18,96,1.0
126,115,1.0
169,49,1.0
176,60,0.3333333333333333
190,1,1.0
177,45,1.0
183,115,1.0
140,2,1.0
85,184,1.0
143,176,0.2
169,18,0.3333333333333333
2,157,1.0
207,220,1.0
157,161,1.0
60,163,1.0
88,170,1.0
160,96,0.14285714285714285
96,12,1.0
84,77,1.0
92,127,0.3333333333333333
147,5,1.0
131,78,1.0
92,149,0.5
85,177,1.0
34,69,1.0
176,60,0.3333333333333333
179,120,1.0
159,49,0.3333333333333333
34,77,1.0
169,96,0.3333333333333333
45,69,0.3333333333333333
102,69,0.5
160,82,1.0
45,102,0.3333333333333333
85,200,1.0
85,127,1.0
176,149,0.5
102,67,0.3333333333333333
161,160,1.0
54,96,0.2
48,73,1.0
60,102,0.3333333333333333
92,123,1.0
100,149,0.6666666666666666
84,149,1.0
176,200,0.3333333333333333
88,193,1.0
202,123,1.0
92,154,1.0
100,77,1.0
127,69,1.0
2,96,1.0
2,208,1.0
34,192,1.0
161,96,1.0
209,208,1.0
131,137,1.0
169,206,1.0
197,18,1.0
86,212,1.0
173,77,1.0
88,191,1.0
131,137,1.0
117,209,1.0
84,34,1.0
140,96,1.0
206,49,1.0
110,77,1.0
85,69,1.0
202,214,1.0
2,208,1.0
176,127,1.0
85,96,1.0
143,176,0.2
45,69,0.3333333333333333
92,69,1.0
176,102,1.0
176,69,0.5
214,120,1.0
159,49,0.3333333333333333
200,123,1.0
120,163,1.0
200,123,1.0
88,201,1.0
99,209,1.0
99,92,1.0
123,143,1.0
161,184,1.0
60,100,0.5
60,69,1.0
154,167,1.0
206,124,1.0
159,178,1.0
114,1,1.0
96,78,1.0
67,69,0.3333333333333333
176,63,1.0
140,208,1.0
184,160,1.0
92,200,1.0
60,137,1.0
137,15,1.0
169,137,0.3333333333333333
191,193,1.0
92,96,1.0
149,30,1.0
100,102,0.5
169,96,0.3333333333333333
157,96,1.0
65,190,1.0
150,49,1.0
60,45,0.3333333333333333
54,12,1.0
183,149,1.0
24,170,1.0
156,110,1.0
183,214,1.0
157,15,1.0
55,102,1.0
105,96,1.0
169,49,1.0
123,67,1.0
127,84,0.2
124,73,1.0
177,149,0.5
126,60,1.0
49,167,1.0
115,67,1.0
99,54,1.0
100,55,1.0
215,170,1.0
200,69,0.5
30,221,1.0
159,137,1.0
92,178,1.0
85,215,1.0
137,151,1.0
169,117,1.0
115,48,1.0
88,154,1.0
100,149,0.6666666666666666
184,137,1.0
209,170,1.0
159,124,1.0
96,73,1.0
176,156,1.0
54,96,0.2
137,88,1.0
209,54,1.0
157,160,1.0
140,54,1.0
161,160,1.0
48,96,0.3333333333333333
149,123,0.3333333333333333
92,214,1.0
209,132,1.0
102,69,0.5
55,149,1.0
160,96,0.14285714285714285
176,69,0.5
176,123,1.0
100,149,0.6666666666666666
177,102,1.0
200,123,1.0
184,54,1.0
86,49,1.0
60,102,0.3333333333333333
215,201,1.0
207,85,1.0
149,77,1.0
150,137,1.0
209,73,1.0
18,208,1.0
202,100,1.0
24,78,1.0
118,54,1.0
190,128,1.0
60,149,0.42857142857142855
117,209,1.0
126,183,1.0
149,69,0.6666666666666666
117,209,1.0
34,26,0.3333333333333333
65,1,1.0
208,78,1.0
147,221,1.0
176,102,1.0
85,126,1.0
127,84,0.2
149,123,0.3333333333333333
140,169,0.3333333333333333
126,69,1.0
118,191,1.0
179,100,1.0
209,137,1.0
173,179,1.0
45,127,1.0
197,209,1.0
137,124,1.0
161,209,1.0
143,169,1.0
105,12,1.0
60,179,1.0
143,60,0.5
85,115,1.0
154,132,1.0
214,173,1.0
92,60,0.2
143,34,1.0
117,151,1.0
60,123,0.3333333333333333
209,151,1.0
55,214,1.0
173,102,1.0
115,82,1.0
161,137,1.0
117,137,1.0
88,201,1.0
117,2,1.0
140,160,1.0
137,54,1.0
49,78,1.0
197,209,1.0
132,78,1.0
169,48,1.0
207,102,0.3333333333333333
126,149,1.0
92,60,0.2
149,67,1.0
99,137,1.0
183,149,1.0
176,67,1.0
60,49,1.0
147,221,1.0
176,110,1.0
48,157,1.0
157,96,1.0
100,69,0.6
208,191,1.0
137,160,0.3333333333333333
143,212,1.0
88,154,1.0
115,123,1.0
209,193,1.0
100,110,1.0
85,26,1.0
100,123,0.3333333333333333
100,120,1.0
208,73,1.0
147,162,1.0
29,78,1.0
85,60,0.2
85,201,1.0
88,29,1.0
140,54,1.0
100,8,1.0
60,69,1.0
2,160,1.0
137,78,1.0
200,67,1.0
86,197,1.0
60,77,1.0
200,100,0.3333333333333333
169,212,1.0
184,197,1.0
77,192,1.0
85,45,1.0
159,208,1.0
169,96,0.3333333333333333
183,67,1.0
178,136,1.0
60,149,0.42857142857142855
137,124,1.0
54,159,1.0
45,149,0.6
60,200,0.5
69,123,1.0
30,147,1.0
127,110,1.0
197,73,1.0
206,88,1.0
60,45,0.3333333333333333
169,24,1.0
183,45,1.0
54,73,1.0
2,24,1.0
200,69,0.5
96,124,1.0
60,102,0.3333333333333333
127,192,1.0
202,214,1.0
117,78,1.0
157,159,1.0
179,55,1.0
154,170,1.0
99,124,1.0
115,69,1.0
55,123,1.0
214,163,1.0
126,183,1.0
67,45,1.0
209,215,1.0
92,102,1.0
169,49,1.0
126,123,1.0
54,96,0.2
206,159,1.0
34,214,1.0
207,120,1.0
147,114,1.0
115,105,1.0
92,127,0.3333333333333333
201,193,1.0
126,84,1.0
137,73,1.0
197,18,1.0
55,163,1.0
143,163,1.0
179,120,1.0
86,111,1.0
123,120,1.0
2,96,1.0
18,111,1.0
183,69,1.0
126,69,1.0
206,208,1.0
176,100,0.5
126,127,1.0
176,183,0.2
85,100,1.0
99,159,1.0
105,96,1.0
45,149,0.6
200,179,1.0
92,100,0.5
170,78,1.0
178,124,1.0
140,49,1.0
157,73,1.0
143,163,1.0
100,156,1.0
214,176,1.0
140,24,1.0
34,179,1.0
209,215,1.0
55,60,1.0
115,191,1.0
197,49,1.0
88,48,1.0
96,82,1.0
54,193,1.0
49,193,1.0
137,96,0.2
92,149,0.5
193,78,1.0
85,92,1.0
197,92,1.0
99,197,1.0
157,209,0.5
197,154,1.0
45,149,0.6
63,156,1.0
140,60,1.0
159,78,1.0
197,96,0.5
96,24,1.0
63,110,1.0
143,176,0.2
55,163,1.0
105,96,1.0
84,110,1.0
126,183,1.0
176,60,0.3333333333333333
176,69,0.5
160,96,0.14285714285714285
197,160,1.0
105,208,1.0
120,45,1.0
169,73,1.0
2,78,1.0
120,102,1.0
201,167,1.0
176,100,0.5
169,18,0.3333333333333333
184,160,1.0
117,48,1.0
84,149,1.0
34,67,1.0
55,77,1.0
85,149,1.0
169,105,1.0
169,54,1.0
127,149,0.7142857142857143
114,128,1.0
128,1,1.0
49,54,1.0
115,12,1.0
176,125,1.0
110,149,1.0
209,124,1.0
29,124,1.0
88,132,1.0
126,102,1.0
85,123,1.0
92,69,1.0
85,69,1.0
85,208,1.0
26,149,1.0
126,200,1.0
117,215,1.0
215,167,1.0
117,215,1.0
143,169,1.0
100,102,0.5
200,69,0.5
154,201,1.0
61,83,1.0
55,120,1.0
49,105,1.0
92,96,1.0
18,154,1.0
184,208,1.0
96,73,1.0
214,123,1.0
117,88,1.0
92,100,0.5
105,184,1.0
60,183,0.2
85,63,1.0
159,48,1.0
209,15,1.0
83,190,1.0
99,157,1.0
34,69,1.0
99,209,1.0
157,209,0.5
117,96,1.0
202,123,1.0
26,149,1.0
157,137,1.0
55,77,1.0
123,102,1.0
140,105,1.0
184,131,1.0
123,120,1.0
206,96,1.0
161,137,1.0
105,48,1.0
102,149,0.3333333333333333
77,69,1.0
60,100,0.5
110,200,1.0
60,177,1.0
149,69,0.6666666666666666
150,159,1.0
117,131,1.0
105,137,1.0
126,149,1.0
60,69,1.0
2,131,1.0
209,96,0.5
82,12,1.0
29,178,1.0
85,149,1.0
92,149,0.5
169,197,0.5
209,124,1.0
60,120,1.0
140,96,1.0
140,219,1.0
126,67,1.0
69,214,1.0
143,183,1.0
60,214,0.5
193,167,1.0
184,96,1.0
24,48,1.0
197,208,1.0
183,207,1.0
105,15,1.0
178,24,1.0
149,77,1.0
34,69,1.0
102,149,0.3333333333333333
184,49,1.0
85,54,1.0
178,49,1.0
48,151,1.0
176,149,0.5
55,192,1.0
99,96,1.0
197,54,1.0
150,140,1.0
48,124,1.0
55,63,1.0
157,151,1.0
117,208,1.0
85,92,1.0
105,137,1.0
206,96,1.0
149,220,1.0
60,212,1.0
209,96,0.5
176,200,0.3333333333333333
140,136,1.0
99,48,1.0
29,48,1.0
92,137,1.0
200,45,1.0
159,140,1.0
99,208,1.0
160,96,0.14285714285714285
92,54,1.0
197,124,1.0
140,184,1.0
201,170,1.0
183,100,1.0
100,110,1.0
34,100,1.0
48,78,1.0
209,73,1.0
173,120,1.0
126,115,1.0
34,100,1.0
157,105,1.0
214,100,1.0
132,201,1.0
127,149,0.7142857142857143
105,96,1.0
100,69,0.6
100,69,0.6
60,149,0.42857142857142855
209,96,0.5
176,67,1.0
48,137,1.0
29,24,1.0
127,192,1.0
143,69,1.0
161,105,1.0
54,82,1.0
115,200,1.0
206,92,1.0
137,49,1.0
100,69,0.6
183,45,1.0
143,60,0.5
202,100,1.0
176,149,0.5
105,160,0.3333333333333333
117,54,1.0
177,127,1.0
212,111,1.0
29,136,1.0
105,160,0.3333333333333333
49,54,1.0
206,157,1.0
208,170,1.0
169,137,0.3333333333333333
156,69,1.0
60,163,1.0
60,127,1.0
110,69,1.0
169,131,1.0
215,78,1.0
209,96,0.5
60,214,0.5
154,215,1.0
212,219,1.0
55,149,1.0
49,124,1.0
184,159,1.0
173,220,1.0
96,82,1.0
49,111,1.0
170,78,1.0
183,69,1.0
85,88,1.0
34,110,1.0
208,96,0.5
105,82,1.0
140,169,0.3333333333333333
49,48,1.0
200,179,1.0
154,193,1.0
159,60,1.0
140,96,1.0
26,69,1.0
151,73,1.0
150,219,1.0
2,159,1.0
67,69,0.3333333333333333
-1,-1