206,49,1.0
126,84,1.0
84,192,1.0
60,176,0.6
117,209,0.3333333333333333
169,208,1.0
202,60,1.0
110,8,1.0
65,54,1.0
154,132,1.0
169,209,1.0
92,137,1.0
173,123,1.0
92,82,1.0
117,159,1.0
176,102,1.0
176,92,1.0
1,128,1.0
124,136,1.0
126,123,1.0
151,157,1.0
100,45,1.0
169,18,1.0
83,162,1.0
184,137,1.0
161,2,1.0
126,123,1.0
123,200,0.3333333333333333
88,132,1.0
85,26,1.0
60,102,0.3333333333333333
60,69,1.0
100,69,1.0
126,149,1.0
184,49,1.0
209,159,1.0
169,177,1.0
140,169,0.3333333333333333
137,73,1.0
123,102,1.0
163,100,1.0
214,173,1.0
92,149,1.0
207,67,1.0
86,49,1.0
206,169,0.5
156,69,1.0
161,137,1.0
206,194,1.0
150,124,1.0
160,137,1.0
176,123,1.0
150,136,1.0
69,45,1.0
125,77,1.0
194,201,1.0
202,63,1.0
169,177,1.0
169,117,0.5
200,77,1.0
209,124,1.0
200,121,1.0
105,82,1.0
126,69,1.0
169,212,1.0
214,77,1.0
69,179,1.0
137,78,1.0
49,136,1.0
30,221,1.0
197,208,1.0
183,69,1.0
84,55,0.3333333333333333
208,82,1.0
126,67,1.0
92,197,1.0
214,142,1.0
176,149,1.0
184,169,1.0
161,88,1.0
26,69,1.0
92,69,1.0
100,69,1.0
24,201,1.0
29,132,1.0
140,169,0.3333333333333333
123,179,1.0
88,170,1.0
69,77,1.0
100,102,1.0
140,160,1.0
161,160,1.0
142,69,1.0
169,209,1.0
176,123,1.0
209,124,1.0
160,157,1.0
149,123,1.0
105,191,1.0
96,147,1.0
105,169,1.0
207,69,1.0
114,1,1.0
55,200,1.0
54,162,1.0
110,100,1.0
60,149,1.0
126,85,1.0
45,149,1.0
200,115,1.0
126,45,1.0
86,169,1.0
176,173,1.0
126,192,1.0
55,142,1.0
197,137,1.0
77,192,1.0
214,102,1.0
206,151,1.0
184,151,1.0
88,24,1.0
169,111,1.0
49,167,1.0
137,140,1.0
194,132,1.0
60,102,0.3333333333333333
160,2,1.0
131,209,1.0
29,167,1.0
92,150,1.0
86,18,1.0
209,194,1.0
102,149,0.3333333333333333
118,197,1.0
100,69,1.0
169,15,1.0
118,137,1.0
126,149,1.0
184,15,1.0
163,26,1.0
126,85,1.0
169,124,1.0
160,157,1.0
214,179,1.0
92,169,1.0
49,191,1.0
176,149,1.0
126,85,1.0
83,1,1.0
84,77,1.0
197,208,1.0
202,63,1.0
183,69,1.0
191,78,1.0
105,208,1.0
85,125,1.0
140,208,1.0
143,197,1.0
176,100,1.0
88,154,1.0
105,117,1.0
169,160,1.0
69,45,1.0
69,200,1.0
159,137,1.0
45,26,1.0
169,208,1.0
105,15,1.0
29,201,1.0
149,30,1.0
183,60,1.0
183,26,1.0
206,159,1.0
117,83,1.0
60,142,1.0
54,162,1.0
118,92,1.0
176,125,1.0
92,69,1.0
15,137,1.0
176,67,0.3333333333333333
176,67,0.3333333333333333
100,123,0.3333333333333333
126,69,1.0
149,183,1.0
12,191,1.0
176,207,1.0
214,85,1.0
117,132,1.0
126,85,1.0
92,170,1.0
197,73,1.0
142,115,1.0
88,29,1.0
183,207,1.0
149,69,1.0
206,137,1.0
55,77,1.0
179,26,1.0
117,88,1.0
160,2,1.0
176,100,1.0
99,197,1.0
92,26,1.0
49,209,1.0
85,183,0.3333333333333333
18,140,1.0
99,208,1.0
126,84,1.0
1,162,1.0
60,63,1.0
92,142,1.0
34,63,1.0
123,115,1.0
206,112,1.0
149,69,1.0
194,167,1.0
176,45,1.0
169,208,1.0
83,198,1.0
169,49,0.3333333333333333
100,123,0.3333333333333333
126,207,1.0
60,100,1.0
176,200,1.0
208,157,1.0
131,159,1.0
96,147,1.0
151,208,1.0
92,84,1.0
154,170,1.0
99,169,1.0
184,209,1.0
178,124,1.0
60,100,1.0
163,60,1.0
100,69,1.0
123,200,0.3333333333333333
92,200,1.0
194,167,1.0
214,67,1.0
169,137,0.3333333333333333
102,30,1.0
149,69,1.0
15,117,1.0
179,34,1.0
49,111,1.0
159,12,1.0
169,49,0.3333333333333333
169,117,0.5
131,78,1.0
121,123,1.0
86,111,1.0
140,49,1.0
209,194,1.0
200,149,0.3333333333333333
190,128,1.0
60,212,1.0
169,117,0.5
92,45,1.0
173,100,1.0
60,149,1.0
176,69,1.0
105,209,1.0
96,128,1.0
92,123,1.0
18,212,1.0
117,88,1.0
55,123,1.0
132,170,1.0
150,78,1.0
112,117,1.0
96,65,1.0
100,34,1.0
88,194,1.0
149,163,1.0
100,156,1.0
183,102,1.0
100,77,1.0
173,100,1.0
126,125,1.0
154,78,1.0
99,151,1.0
102,69,1.0
99,206,1.0
100,200,1.0
143,140,1.0
197,82,1.0
214,163,1.0
100,179,1.0
176,110,1.0
55,149,1.0
208,184,1.0
121,179,1.0
176,149,1.0
212,160,1.0
200,149,0.3333333333333333
85,202,1.0
114,128,1.0
45,77,1.0
178,78,1.0
123,102,1.0
60,179,1.0
202,34,1.0
83,114,1.0
184,105,1.0
39,117,1.0
159,78,1.0
184,160,1.0
65,128,1.0
117,124,1.0
178,136,1.0
207,102,1.0
60,176,0.6
197,18,1.0
55,207,1.0
173,77,1.0
92,73,1.0
88,78,1.0
55,149,1.0
85,100,1.0
102,115,1.0
85,115,1.0
100,149,0.3333333333333333
65,1,1.0
18,12,1.0
159,105,1.0
100,179,1.0
209,24,1.0
163,69,1.0
85,34,1.0
96,54,1.0
88,201,1.0
85,45,1.0
149,115,1.0
125,55,1.0
18,160,1.0
102,26,1.0
99,157,1.0
60,100,1.0
137,49,1.0
169,209,1.0
149,63,1.0
149,84,1.0
178,137,1.0
125,192,1.0
88,194,1.0
85,202,1.0
85,183,0.3333333333333333
169,159,1.0
117,209,0.3333333333333333
202,176,1.0
100,149,0.3333333333333333
85,45,1.0
45,102,1.0
169,209,1.0
85,149,0.5
18,111,1.0
184,209,1.0
125,55,1.0
209,167,1.0
190,1,1.0
12,78,1.0
169,151,1.0
176,69,1.0
209,159,1.0
206,157,1.0
161,157,1.0
60,176,0.6
126,67,1.0
55,200,1.0
161,184,1.0
202,34,1.0
2,208,1.0
49,39,1.0
117,201,1.0
183,69,1.0
206,169,0.5
100,125,1.0
207,115,1.0
29,194,1.0
54,128,1.0
123,214,1.0
142,45,1.0
60,49,1.0
114,54,1.0
184,137,1.0
29,194,1.0
176,123,1.0
55,102,1.0
159,124,1.0
173,163,1.0
137,151,1.0
60,149,1.0
142,183,1.0
100,77,1.0
118,73,1.0
140,117,1.0
92,34,1.0
197,131,1.0
137,208,1.0
206,169,0.5
85,167,1.0
126,55,1.0
49,105,1.0
202,176,1.0
206,208,1.0
55,115,1.0
169,137,0.3333333333333333
60,176,0.6
176,69,1.0
85,123,1.0
176,183,1.0
132,201,1.0
137,117,1.0
126,207,1.0
123,207,1.0
2,105,1.0
85,149,0.5
100,77,1.0
55,214,1.0
60,115,1.0
60,69,1.0
184,169,1.0
49,194,1.0
206,197,1.0
29,24,1.0
183,200,1.0
102,69,1.0
86,160,1.0
102,149,0.3333333333333333
95,83,1.0
126,69,1.0
114,96,1.0
49,208,1.0
197,140,1.0
149,69,1.0
88,78,1.0
85,149,0.5
140,208,1.0
84,55,0.3333333333333333
197,169,1.0
26,69,1.0
150,178,1.0
111,160,1.0
147,5,1.0
85,63,1.0
60,34,1.0
176,156,1.0
82,137,1.0
96,147,1.0
49,194,1.0
197,78,1.0
126,77,1.0
34,69,1.0
179,67,1.0
117,170,1.0
118,82,1.0
176,115,1.0
92,149,1.0
112,194,1.0
49,112,1.0
209,137,1.0
45,102,1.0
149,207,1.0
114,65,1.0
184,209,1.0
126,183,1.0
143,212,1.0
126,67,1.0
85,184,1.0
200,102,1.0
92,149,1.0
117,208,1.0
202,60,1.0
140,60,1.0
197,2,1.0
105,137,1.0
214,77,1.0
183,77,1.0
100,67,1.0
143,86,1.0
102,142,1.0
183,123,1.0
-1,-1