2,78,1.0
176,100,0.16666666666666666
156,121,1.0
92,29,1.0
60,45,0.3333333333333333
92,45,0.5
117,49,0.5555555555555556
206,208,0.5
160,194,1.0
183,45,0.5
85,69,0.29411764705882354
154,132,1.0
49,167,1.0
214,77,1.0
67,34,0.3333333333333333
147,1,1.0
198,162,1.0
132,137,1.0
55,200,0.3333333333333333
126,207,1.0
92,45,0.5
126,200,1.0
96,83,0.6666666666666666
206,2,1.0
95,83,1.0
86,60,1.0
45,102,0.2
176,110,1.0
29,24,1.0
149,77,1.0
85,208,1.0
125,149,0.47368421052631576
131,78,1.0
60,183,0.09090909090909091
214,126,1.0
183,34,0.3333333333333333
30,54,1.0
201,167,1.0
60,115,1.0
197,49,0.3333333333333333
92,102,0.6
82,137,1.0
63,102,1.0
140,105,1.0
125,102,0.5
100,69,1.0
117,82,1.0
176,30,1.0
137,78,1.0
123,26,1.0
126,123,1.0
100,200,0.25
163,45,1.0
88,124,1.0
117,92,0.5
140,78,1.0
86,169,1.0
126,45,1.0
82,137,1.0
105,124,1.0
117,132,1.0
105,137,1.0
85,170,1.0
111,208,1.0
100,77,1.0
151,209,1.0
209,178,1.0
206,209,1.0
161,206,0.3333333333333333
202,176,0.5
147,221,1.0
163,26,1.0
176,123,0.5555555555555556
159,78,1.0
60,63,1.0
128,221,1.0
100,102,0.75
117,78,1.0
29,194,1.0
18,136,1.0
1,5,1.0
126,149,1.0
60,176,0.06666666666666667
157,73,1.0
86,159,1.0
173,100,1.0
92,176,0.42857142857142855
161,117,1.0
194,170,1.0
159,201,1.0
151,137,0.3333333333333333
45,77,1.0
105,169,0.14285714285714285
209,159,0.5
126,85,0.6923076923076923
179,34,0.5
123,102,1.0
200,67,0.3333333333333333
18,201,1.0
202,176,0.5
95,114,1.0
142,176,0.05263157894736842
159,24,1.0
100,34,1.0
121,77,1.0
67,121,1.0
131,73,1.0
67,45,0.6
214,200,0.3333333333333333
26,69,0.6666666666666666
124,201,1.0
92,26,1.0
126,142,1.0
194,167,1.0
26,69,0.6666666666666666
140,78,1.0
126,60,0.6
200,77,1.0
54,221,1.0
30,221,1.0
150,132,1.0
161,159,1.0
102,69,0.7777777777777778
63,179,0.3333333333333333
118,131,1.0
176,121,1.0
200,149,0.42857142857142855
208,82,1.0
163,179,1.0
49,73,1.0
117,209,0.1111111111111111
60,100,0.42857142857142855
126,85,0.6923076923076923
126,45,1.0
149,102,0.07692307692307693
183,149,0.42857142857142855
206,124,1.0
208,73,1.0
126,34,1.0
49,169,0.09090909090909091
117,194,0.75
126,200,1.0
143,169,1.0
92,67,1.0
85,167,1.0
197,159,1.0
100,63,1.0
67,102,0.2
60,69,0.7777777777777778
194,201,1.0
55,207,1.0
176,192,1.0
197,73,1.0
159,191,1.0
140,169,0.3333333333333333
163,77,1.0
18,49,0.5
63,214,1.0
126,69,1.0
60,176,0.06666666666666667
151,209,1.0
197,78,1.0
85,60,0.125
161,184,1.0
117,131,1.0
137,78,1.0
60,69,0.7777777777777778
18,82,1.0
126,67,1.0
208,209,1.0
117,78,1.0
18,60,1.0
143,159,1.0
197,151,1.0
85,100,0.7142857142857143
117,191,1.0
85,77,1.0
85,202,1.0
26,69,0.6666666666666666
161,160,1.0
45,149,0.2
176,207,0.6
176,100,0.16666666666666666
149,69,0.7777777777777778
54,83,1.0
169,136,1.0
85,149,0.38461538461538464
124,136,1.0
86,140,1.0
160,169,0.7142857142857143
85,102,0.3333333333333333
60,149,0.2222222222222222
137,124,1.0
92,60,0.6
160,137,1.0
60,34,0.7777777777777778
178,159,1.0
137,49,0.25
18,194,1.0
160,82,1.0
60,200,0.14285714285714285
118,92,1.0
18,73,1.0
26,69,0.6666666666666666
160,15,1.0
18,191,1.0
178,136,1.0
197,208,1.0
206,208,0.5
169,151,1.0
45,102,0.2
85,100,0.7142857142857143
184,208,0.3333333333333333
100,102,0.75
183,125,1.0
123,45,1.0
49,161,1.0
55,149,0.4
179,77,1.0
96,83,0.6666666666666666
100,69,1.0
85,154,1.0
96,147,0.3333333333333333
60,115,1.0
179,102,0.3333333333333333
149,156,1.0
149,192,1.0
197,208,1.0
2,209,1.0
200,149,0.42857142857142855
69,192,1.0
85,149,0.38461538461538464
183,115,1.0
163,149,0.6666666666666666
1,162,1.0
149,69,0.7777777777777778
214,123,0.5
169,209,0.6666666666666666
55,149,0.4
184,117,0.14285714285714285
85,194,1.0
161,209,1.0
160,208,0.5
209,194,1.0
85,84,1.0
142,45,0.3333333333333333
55,67,1.0
183,179,1.0
214,149,0.5
86,208,1.0
125,149,0.47368421052631576
214,200,0.3333333333333333
85,163,1.0
100,149,0.4117647058823529
142,176,0.05263157894736842
142,176,0.05263157894736842
140,12,1.0
86,82,1.0
110,100,0.2
160,137,1.0
60,192,1.0
99,209,1.0
206,151,1.0
85,183,0.4
30,190,1.0
176,200,0.42857142857142855
197,49,0.3333333333333333
197,209,1.0
149,69,0.7777777777777778
169,208,0.5555555555555556
88,150,1.0
140,82,1.0
102,77,1.0
176,156,1.0
184,18,1.0
160,151,1.0
208,124,1.0
161,209,1.0
63,207,1.0
173,63,1.0
92,100,0.7142857142857143
67,45,0.6
169,209,0.6666666666666666
117,137,0.2
84,149,0.09090909090909091
29,136,1.0
214,149,0.5
208,78,1.0
117,159,1.0
169,209,0.6666666666666666
179,34,0.5
126,207,1.0
176,123,0.5555555555555556
85,202,1.0
208,78,1.0
140,49,0.75
100,34,1.0
45,149,0.2
212,160,1.0
125,207,1.0
100,69,1.0
126,115,1.0
206,49,0.6666666666666666
169,157,0.7142857142857143
142,85,0.2
169,157,0.7142857142857143
178,111,1.0
151,137,0.3333333333333333
92,55,0.3333333333333333
100,125,0.14285714285714285
126,100,1.0
105,209,0.5
125,55,0.25
49,194,0.5
207,192,1.0
99,105,1.0
126,69,1.0
117,124,1.0
85,150,1.0
100,8,1.0
163,149,0.6666666666666666
110,8,1.0
84,69,1.0
102,69,0.7777777777777778
140,49,0.75
163,69,0.3333333333333333
125,192,1.0
88,159,0.3333333333333333
184,194,1.0
118,105,1.0
126,100,1.0
176,125,0.75
143,208,1.0
2,159,1.0
128,221,1.0
176,63,0.6
117,73,1.0
26,77,1.0
86,18,1.0
179,45,0.3333333333333333
169,208,0.5555555555555556
176,121,1.0
29,78,1.0
85,26,0.6
200,121,1.0
123,102,1.0
140,209,1.0
100,26,0.7142857142857143
55,26,1.0
149,192,1.0
154,170,1.0
99,169,1.0
149,77,1.0
157,78,1.0
117,209,0.1111111111111111
39,2,1.0
200,102,0.5
156,102,1.0
92,142,0.3333333333333333
84,102,0.3333333333333333
92,60,0.6
173,55,1.0
126,69,1.0
63,156,1.0
83,198,1.0
176,123,0.5555555555555556
100,149,0.4117647058823529
212,208,1.0
157,117,0.3333333333333333
151,124,1.0
60,102,0.5555555555555556
160,159,1.0
67,115,1.0
117,49,0.5555555555555556
18,194,1.0
2,157,1.0
60,200,0.14285714285714285
88,154,1.0
179,123,0.6
111,159,1.0
100,34,1.0
60,176,0.06666666666666667
60,69,0.7777777777777778
117,88,1.0
117,159,1.0
39,194,1.0
161,206,0.3333333333333333
49,39,1.0
39,209,1.0
209,12,1.0
208,15,1.0
176,149,0.8571428571428571
184,209,1.0
209,78,1.0
126,123,1.0
49,105,1.0
143,2,1.0
142,125,0.3333333333333333
49,194,0.5
86,178,1.0
49,78,1.0
206,197,1.0
169,73,1.0
105,151,1.0
140,124,1.0
173,192,1.0
88,201,1.0
178,49,0.3333333333333333
140,167,1.0
96,83,0.6666666666666666
126,69,1.0
100,77,1.0
176,125,0.75
117,209,0.1111111111111111
206,137,0.2727272727272727
82,78,1.0
169,117,0.3333333333333333
132,78,1.0
96,83,0.6666666666666666
184,15,1.0
176,67,0.5
150,49,0.3333333333333333
161,169,1.0
1,221,1.0
99,151,1.0
126,69,1.0
111,137,1.0
99,157,1.0
34,69,0.7142857142857143
99,209,1.0
88,167,1.0
126,60,0.6
54,5,1.0
96,190,0.5
88,194,1.0
126,102,1.0
163,55,1.0
49,157,1.0
194,124,1.0
149,69,0.7777777777777778
118,82,1.0
60,183,0.09090909090909091
60,77,1.0
161,131,1.0
49,201,1.0
85,26,0.6
117,194,0.75
176,183,0.42857142857142855
100,123,0.7142857142857143
200,69,0.7142857142857143
45,63,1.0
142,149,0.2
92,170,1.0
117,159,1.0
49,209,1.0
117,88,1.0
99,159,1.0
140,137,0.3333333333333333
92,55,0.3333333333333333
173,34,1.0
123,149,0.25
92,150,1.0
126,85,0.6923076923076923
126,69,1.0
100,69,1.0
117,170,1.0
169,157,0.7142857142857143
55,149,0.4
184,206,0.3333333333333333
184,157,1.0
49,124,1.0
173,123,1.0
140,194,1.0
60,207,0.3333333333333333
39,15,1.0
169,209,0.6666666666666666
194,137,0.3333333333333333
88,132,1.0
151,157,1.0
126,149,1.0
118,191,1.0
55,149,0.4
126,92,1.0
184,201,1.0
150,194,1.0
26,84,1.0
184,137,1.0
39,105,1.0
132,170,1.0
60,100,0.42857142857142855
49,78,1.0
190,1,1.0
85,149,0.38461538461538464
60,69,0.7777777777777778
190,128,1.0
60,123,0.14285714285714285
206,169,0.6363636363636364
60,149,0.2222222222222222
85,45,0.7142857142857143
117,83,1.0
208,88,1.0
184,209,1.0
157,137,0.2
208,209,1.0
92,55,0.3333333333333333
88,194,1.0
200,45,1.0
183,69,1.0
200,77,1.0
60,183,0.09090909090909091
176,45,0.6666666666666666
124,73,1.0
149,110,1.0
176,63,0.6
197,212,1.0
147,221,1.0
92,183,0.3333333333333333
26,207,1.0
45,102,0.2
184,170,1.0
200,63,0.3333333333333333
18,78,1.0
183,207,1.0
125,69,1.0
34,69,0.7142857142857143
88,124,1.0
92,78,1.0
105,82,1.0
85,29,1.0
214,173,1.0
105,169,0.14285714285714285
92,209,1.0
208,201,1.0
85,60,0.125
100,192,1.0
125,77,1.0
126,149,1.0
60,102,0.5555555555555556
85,45,0.7142857142857143
60,77,1.0
160,2,1.0
159,73,1.0
54,96,0.2
125,77,1.0
117,136,1.0
126,26,1.0
102,110,1.0
176,123,0.5555555555555556
149,63,1.0
60,67,0.3333333333333333
183,69,1.0
176,63,0.6
60,136,1.0
208,131,1.0
55,60,0.2
55,123,0.2
55,69,1.0
126,183,1.0
24,124,1.0
169,82,1.0
99,137,1.0
2,137,1.0
214,92,0.3333333333333333
110,100,0.2
197,82,1.0
60,77,1.0
190,198,1.0
131,124,1.0
18,105,1.0
142,176,0.05263157894736842
49,170,1.0
77,192,1.0
92,149,0.7142857142857143
208,194,1.0
85,92,0.42857142857142855
100,69,1.0
176,149,0.8571428571428571
197,169,0.2
163,156,1.0
142,60,0.42857142857142855
55,34,0.5
39,117,1.0
176,34,0.14285714285714285
92,207,1.0
2,15,1.0
179,123,0.6
85,149,0.38461538461538464
154,159,1.0
60,102,0.5555555555555556
212,159,1.0
54,1,1.0
140,159,1.0
117,209,0.1111111111111111
149,102,0.07692307692307693
92,18,1.0
147,128,1.0
67,149,0.2
67,34,0.3333333333333333
117,167,1.0
15,177,1.0
60,100,0.42857142857142855
121,69,1.0
60,26,0.3333333333333333
176,115,1.0
18,49,0.5
92,60,0.6
100,156,1.0
197,209,1.0
126,149,1.0
88,209,1.0
110,100,0.2
54,96,0.2
55,126,0.2
208,170,1.0
149,102,0.07692307692307693
49,209,1.0
105,177,1.0
160,169,0.7142857142857143
60,176,0.06666666666666667
100,55,0.3333333333333333
49,78,1.0
117,191,1.0
126,149,1.0
206,154,1.0
100,179,0.7142857142857143
183,149,0.42857142857142855
99,197,1.0
176,69,0.8571428571428571
117,29,1.0
183,102,1.0
200,8,1.0
150,178,1.0
176,125,0.75
100,26,0.7142857142857143
149,69,0.7777777777777778
29,159,1.0
102,142,0.3333333333333333
206,157,1.0
208,194,1.0
176,192,1.0
55,34,0.5
184,105,1.0
206,117,1.0
117,29,1.0
183,63,1.0
214,45,0.3333333333333333
34,149,0.1111111111111111
149,69,0.7777777777777778
170,136,1.0
163,34,1.0
55,149,0.4
169,194,0.3333333333333333
117,78,1.0
151,209,1.0
49,169,0.09090909090909091
206,49,0.6666666666666666
194,177,1.0
92,102,0.6
200,149,0.42857142857142855
173,125,1.0
143,208,1.0
176,102,1.0
161,169,1.0
86,137,1.0
126,60,0.6
85,123,0.2
184,2,1.0
30,69,1.0
54,221,1.0
105,169,0.14285714285714285
105,209,0.5
126,183,1.0
184,157,1.0
202,45,1.0
88,136,1.0
85,200,0.2
151,78,1.0
206,209,1.0
197,191,1.0
200,149,0.42857142857142855
150,159,1.0
207,115,1.0
124,167,1.0
161,137,1.0
183,149,0.42857142857142855
126,67,1.0
85,69,0.29411764705882354
60,149,0.2222222222222222
149,207,1.0
194,124,1.0
92,63,1.0
184,157,1.0
209,159,0.5
150,136,1.0
99,208,1.0
197,208,1.0
163,121,1.0
85,123,0.2
60,149,0.2222222222222222
117,191,1.0
125,149,0.47368421052631576
140,24,1.0
214,121,1.0
140,49,0.75
15,117,1.0
214,207,1.0
100,45,1.0
123,102,1.0
126,85,0.6923076923076923
200,45,1.0
15,112,1.0
123,207,1.0
176,200,0.42857142857142855
176,102,1.0
96,114,0.2
60,34,0.7777777777777778
173,30,1.0
161,209,1.0
214,126,1.0
197,157,1.0
92,82,1.0
176,149,0.8571428571428571
169,137,0.38461538461538464
39,160,1.0
142,69,0.5
125,149,0.47368421052631576
214,69,0.6
176,69,0.8571428571428571
39,184,1.0
123,125,0.3333333333333333
55,149,0.4
143,140,1.0
84,192,1.0
208,88,1.0
114,54,1.0
92,159,1.0
118,124,1.0
149,69,0.7777777777777778
208,209,1.0
65,190,1.0
83,147,0.3333333333333333
92,163,0.5
169,137,0.38461538461538464
96,147,0.3333333333333333
49,177,1.0
60,125,0.2
140,154,1.0
24,167,1.0
85,183,0.4
126,200,1.0
140,160,1.0
149,207,1.0
100,55,0.3333333333333333
202,179,1.0
82,78,1.0
55,85,0.3333333333333333
169,209,0.6666666666666666
60,49,1.0
55,123,0.2
92,26,1.0
176,179,1.0
60,179,0.5
197,18,1.0
60,78,1.0
161,169,1.0
99,169,1.0
161,157,1.0
60,137,1.0
154,24,1.0
126,100,1.0
85,84,1.0
140,169,0.3333333333333333
39,137,1.0
88,136,1.0
208,12,1.0
111,124,1.0
60,69,0.7777777777777778
100,123,0.7142857142857143
105,169,0.14285714285714285
149,69,0.7777777777777778
123,69,0.6
100,34,1.0
99,137,1.0
95,96,1.0
100,34,1.0
137,78,1.0
151,208,1.0
85,45,0.7142857142857143
214,67,1.0
100,163,0.2
100,45,1.0
60,69,0.7777777777777778
45,63,1.0
150,78,1.0
60,212,1.0
118,73,1.0
143,49,1.0
100,67,0.5
85,18,1.0
149,69,0.7777777777777778
111,2,1.0
197,160,0.3333333333333333
208,157,1.0
176,102,1.0
142,85,0.2
183,142,0.3333333333333333
96,221,1.0
117,209,0.1111111111111111
55,77,1.0
209,150,1.0
60,69,0.7777777777777778
117,137,0.2
208,78,1.0
161,105,1.0
92,49,1.0
117,178,1.0
111,82,1.0
86,49,1.0
117,154,1.0
154,124,1.0
121,26,1.0
24,136,1.0
85,69,0.29411764705882354
100,102,0.75
92,209,1.0
126,173,1.0
30,54,1.0
18,159,1.0
184,151,1.0
1,221,1.0
86,212,1.0
207,77,1.0
126,69,1.0
176,207,0.6
125,149,0.47368421052631576
206,169,0.6363636363636364
88,137,0.5
99,157,1.0
142,60,0.42857142857142855
60,77,1.0
84,77,1.0
60,115,1.0
142,176,0.05263157894736842
92,77,1.0
63,69,0.6
55,85,0.3333333333333333
183,69,1.0
29,137,1.0
92,34,1.0
206,159,1.0
92,149,0.7142857142857143
179,149,1.0
92,124,1.0
209,78,1.0
55,149,0.4
159,78,1.0
60,160,1.0
60,84,1.0
60,67,0.3333333333333333
126,142,1.0
173,102,1.0
49,208,0.2
125,192,1.0
169,208,0.5555555555555556
176,110,1.0
206,194,1.0
140,49,0.75
124,78,1.0
209,194,1.0
88,194,1.0
60,100,0.42857142857142855
209,78,1.0
92,194,1.0
88,150,1.0
160,169,0.7142857142857143
125,55,0.25
60,69,0.7777777777777778
118,49,1.0
176,102,1.0
92,78,1.0
132,201,1.0
183,69,1.0
200,102,0.5
149,77,1.0
49,112,1.0
34,207,1.0
96,221,1.0
126,45,1.0
169,208,0.5555555555555556
169,191,1.0
100,69,1.0
92,88,1.0
60,123,0.14285714285714285
208,159,1.0
88,194,1.0
60,45,0.3333333333333333
179,102,0.3333333333333333
169,159,1.0
60,102,0.5555555555555556
92,45,0.5
140,208,1.0
85,125,1.0
92,176,0.42857142857142855
85,12,1.0
126,69,1.0
126,85,0.6923076923076923
151,209,1.0
179,26,0.3333333333333333
24,170,1.0
206,82,1.0
132,167,1.0
86,2,1.0
140,29,1.0
208,88,1.0
85,78,1.0
92,149,0.7142857142857143
92,125,0.42857142857142855
92,137,1.0
163,77,1.0
160,136,1.0
60,77,1.0
123,63,0.5
209,194,1.0
137,167,1.0
173,100,1.0
92,149,0.7142857142857143
208,132,1.0
1,221,1.0
125,149,0.47368421052631576
123,149,0.25
85,102,0.3333333333333333
160,151,1.0
140,169,0.3333333333333333
126,85,0.6923076923076923
126,67,1.0
206,159,1.0
140,111,1.0
184,15,1.0
197,209,1.0
173,121,1.0
183,45,0.5
5,221,1.0
65,5,1.0
176,100,0.16666666666666666
17,181,1.0
63,102,1.0
118,137,1.0
55,34,0.5
140,111,1.0
200,45,1.0
60,45,0.3333333333333333
86,49,1.0
208,209,1.0
92,102,0.6
85,77,1.0
123,77,1.0
184,131,1.0
49,191,1.0
209,124,1.0
85,69,0.29411764705882354
60,100,0.42857142857142855
154,201,1.0
200,110,1.0
160,78,1.0
142,176,0.05263157894736842
140,78,1.0
197,169,0.2
49,78,1.0
125,149,0.47368421052631576
183,207,1.0
54,198,1.0
176,149,0.8571428571428571
160,169,0.7142857142857143
92,100,0.7142857142857143
183,102,1.0
92,60,0.6
92,34,1.0
67,69,0.7142857142857143
92,136,1.0
84,207,1.0
183,69,1.0
92,179,1.0
124,78,1.0
143,137,1.0
160,209,1.0
206,49,0.6666666666666666
149,69,0.7777777777777778
200,179,0.5
60,84,1.0
92,125,0.42857142857142855
212,124,1.0
202,69,0.5
117,201,1.0
34,192,1.0
207,102,1.0
173,207,1.0
54,147,1.0
105,82,1.0
169,117,0.3333333333333333
126,123,1.0
117,18,1.0
92,137,1.0
176,77,1.0
85,45,0.7142857142857143
160,209,1.0
160,169,0.7142857142857143
92,149,0.7142857142857143
85,102,0.3333333333333333
197,137,1.0
92,105,1.0
160,117,0.5
140,49,0.75
194,137,0.3333333333333333
184,209,1.0
169,209,0.6666666666666666
92,194,1.0
125,77,1.0
60,200,0.14285714285714285
92,69,0.7142857142857143
85,92,0.42857142857142855
126,60,0.6
85,92,0.42857142857142855
117,154,1.0
125,77,1.0
18,208,0.3333333333333333
60,67,0.3333333333333333
85,69,0.29411764705882354
160,209,1.0
206,208,0.5
173,179,1.0
212,105,1.0
85,200,0.2
85,34,0.5
183,200,0.3333333333333333
208,137,0.3333333333333333
60,183,0.09090909090909091
140,169,0.3333333333333333
84,102,0.3333333333333333
207,110,1.0
149,192,1.0
163,149,0.6666666666666666
92,149,0.7142857142857143
184,151,1.0
149,207,1.0
176,26,1.0
208,29,1.0
99,92,1.0
67,45,0.6
92,132,1.0
206,78,1.0
140,132,1.0
207,102,1.0
117,18,1.0
140,208,1.0
184,169,1.0
85,60,0.125
126,92,1.0
126,176,0.5
149,115,1.0
105,78,1.0
34,77,1.0
183,163,1.0
92,49,1.0
2,137,1.0
95,147,1.0
100,77,1.0
159,124,1.0
30,65,1.0
161,151,1.0
2,208,0.3333333333333333
105,88,1.0
176,123,0.5555555555555556
123,34,0.3333333333333333
206,169,0.6363636363636364
176,26,1.0
159,124,1.0
85,88,1.0
200,69,0.7142857142857143
176,183,0.42857142857142855
117,24,1.0
92,192,1.0
200,149,0.42857142857142855
179,26,0.3333333333333333
214,92,0.3333333333333333
92,192,1.0
163,149,0.6666666666666666
161,78,1.0
88,24,1.0
169,131,1.0
197,82,1.0
214,126,1.0
140,159,1.0
208,137,0.3333333333333333
176,125,0.75
39,184,1.0
85,100,0.7142857142857143
176,149,0.8571428571428571
173,125,1.0
60,207,0.3333333333333333
176,63,0.6
214,67,1.0
112,177,1.0
34,102,0.3333333333333333
176,149,0.8571428571428571
126,149,1.0
176,69,0.8571428571428571
61,96,1.0
63,69,0.6
92,69,0.7142857142857143
214,85,0.5
126,45,1.0
100,102,0.75
200,179,0.5
150,137,1.0
85,183,0.4
105,157,1.0
160,15,1.0
55,102,0.6666666666666666
173,34,1.0
117,159,1.0
176,55,0.3333333333333333
18,29,1.0
197,169,0.2
202,69,0.5
149,77,1.0
126,102,1.0
126,100,1.0
99,184,1.0
169,209,0.6666666666666666
18,212,1.0
142,115,1.0
151,157,1.0
170,167,1.0
105,137,1.0
206,137,0.2727272727272727
99,137,1.0
176,34,0.14285714285714285
183,149,0.42857142857142855
149,102,0.07692307692307693
100,179,0.7142857142857143
92,176,0.42857142857142855
169,117,0.3333333333333333
99,82,1.0
18,2,1.0
85,88,1.0
55,126,0.2
143,86,1.0
85,78,1.0
176,207,0.6
173,77,1.0
83,162,1.0
169,12,1.0
55,200,0.3333333333333333
18,105,1.0
1,198,1.0
206,209,1.0
169,117,0.3333333333333333
184,169,1.0
26,149,0.4
88,170,1.0
92,179,1.0
100,8,1.0
49,170,1.0
184,177,1.0
124,170,1.0
117,78,1.0
126,102,1.0
84,192,1.0
60,67,0.3333333333333333
100,69,1.0
100,63,1.0
126,183,1.0
143,197,1.0
88,24,1.0
26,69,0.6666666666666666
118,159,1.0
86,105,1.0
184,117,0.14285714285714285
12,78,1.0
142,149,0.2
184,167,1.0
85,123,0.2
49,124,1.0
142,45,0.3333333333333333
49,15,1.0
126,192,1.0
55,149,0.4
29,167,1.0
179,149,1.0
208,78,1.0
126,85,0.6923076923076923
105,112,1.0
123,102,1.0
190,162,1.0
49,201,1.0
176,100,0.16666666666666666
54,96,0.2
65,221,1.0
183,102,1.0
92,154,1.0
96,83,0.6666666666666666
45,149,0.2
92,140,1.0
143,18,1.0
60,63,1.0
92,34,1.0
117,201,1.0
163,179,1.0
100,163,0.2
137,124,1.0
117,197,1.0
184,208,0.3333333333333333
163,67,1.0
92,131,1.0
126,102,1.0
212,111,1.0
143,82,1.0
149,207,1.0
206,137,0.2727272727272727
18,209,1.0
34,149,0.1111111111111111
169,15,0.5
206,169,0.6363636363636364
131,82,1.0
92,67,1.0
150,60,1.0
105,194,1.0
85,209,1.0
173,200,1.0
55,85,0.3333333333333333
92,77,1.0
212,2,1.0
169,137,0.38461538461538464
142,179,1.0
100,63,1.0
49,105,1.0
123,26,1.0
88,154,1.0
29,194,1.0
169,137,0.38461538461538464
209,12,1.0
117,194,0.75
85,60,0.125
49,169,0.09090909090909091
85,60,0.125
61,96,1.0
92,173,1.0
100,125,0.14285714285714285
60,176,0.06666666666666667
157,131,1.0
163,149,0.6666666666666666
197,18,1.0
92,100,0.7142857142857143
140,208,1.0
126,85,0.6923076923076923
160,78,1.0
206,169,0.6363636363636364
60,63,1.0
92,49,1.0
123,149,0.25
197,137,1.0
184,2,1.0
100,8,1.0
123,69,0.6
60,34,0.7777777777777778
156,110,1.0
117,24,1.0
99,197,1.0
126,85,0.6923076923076923
110,179,1.0
149,102,0.07692307692307693
85,92,0.42857142857142855
49,136,1.0
78,167,1.0
88,209,1.0
39,112,1.0
161,105,1.0
197,78,1.0
100,63,1.0
200,45,1.0
184,154,1.0
178,201,1.0
100,63,1.0
88,178,1.0
102,30,1.0
147,5,1.0
92,149,0.7142857142857143
92,100,0.7142857142857143
92,60,0.6
200,115,1.0
67,69,0.7142857142857143
126,60,0.6
176,100,0.16666666666666666
176,26,1.0
85,183,0.4
29,178,1.0
176,125,0.75
201,136,1.0
208,82,1.0
55,26,1.0
154,78,1.0
140,85,1.0
183,69,1.0
150,167,1.0
60,149,0.2222222222222222
111,208,1.0
149,207,1.0
126,183,1.0
163,26,1.0
60,149,0.2222222222222222
96,114,0.2
184,137,1.0
30,162,1.0
85,69,0.29411764705882354
125,149,0.47368421052631576
85,124,1.0
111,105,1.0
197,124,1.0
92,149,0.7142857142857143
92,69,0.7142857142857143
85,102,0.3333333333333333
55,26,1.0
126,207,1.0
176,123,0.5555555555555556
123,77,1.0
100,30,1.0
61,54,1.0
173,179,1.0
169,82,1.0
96,221,1.0
49,169,0.09090909090909091
184,24,1.0
142,176,0.05263157894736842
125,149,0.47368421052631576
92,60,0.6
209,12,1.0
125,149,0.47368421052631576
85,100,0.7142857142857143
184,206,0.3333333333333333
117,85,0.3333333333333333
117,167,1.0
65,221,1.0
214,179,1.0
117,29,1.0
209,112,1.0
100,183,0.2
105,15,1.0
49,159,0.3333333333333333
60,183,0.09090909090909091
184,78,1.0
83,147,0.3333333333333333
197,78,1.0
118,159,1.0
2,157,1.0
96,190,0.5
18,137,1.0
160,209,1.0
55,85,0.3333333333333333
157,131,1.0
147,162,1.0
30,128,1.0
206,88,1.0
55,192,1.0
100,149,0.4117647058823529
45,69,0.14285714285714285
173,149,1.0
114,221,1.0
137,159,0.14285714285714285
55,69,1.0
142,176,0.05263157894736842
34,30,1.0
67,123,0.5
143,136,1.0
184,88,1.0
65,54,1.0
45,26,1.0
183,142,0.3333333333333333
92,201,1.0
176,69,0.8571428571428571
102,69,0.7777777777777778
126,176,0.5
100,34,1.0
92,191,1.0
184,88,1.0
2,209,1.0
149,192,1.0
169,157,0.7142857142857143
176,34,0.14285714285714285
117,24,1.0
100,77,1.0
92,69,0.7142857142857143
214,123,0.5
176,149,0.8571428571428571
142,125,0.3333333333333333
30,96,1.0
86,124,1.0
95,83,1.0
100,179,0.7142857142857143
49,169,0.09090909090909091
69,77,0.5
169,159,1.0
206,92,1.0
125,30,1.0
100,102,0.75
176,200,0.42857142857142855
200,34,1.0
26,149,0.4
159,12,1.0
176,100,0.16666666666666666
118,78,1.0
55,69,1.0
63,30,1.0
92,12,1.0
209,191,1.0
184,169,1.0
183,149,0.42857142857142855
24,78,1.0
126,60,0.6
100,67,0.5
184,157,1.0
143,60,1.0
96,162,1.0
92,124,1.0
149,77,1.0
60,163,0.3333333333333333
169,157,0.7142857142857143
92,55,0.3333333333333333
214,45,0.3333333333333333
150,124,1.0
60,149,0.2222222222222222
39,169,1.0
206,88,1.0
117,194,0.75
34,63,1.0
169,177,1.0
60,176,0.06666666666666667
60,69,0.7777777777777778
84,207,1.0
183,102,1.0
142,176,0.05263157894736842
126,123,1.0
176,102,1.0
149,69,0.7777777777777778
60,100,0.42857142857142855
208,159,1.0
149,63,1.0
140,18,0.3333333333333333
100,123,0.7142857142857143
117,194,0.75
126,92,1.0
96,1,0.5
157,124,1.0
183,69,1.0
173,149,1.0
92,208,1.0
160,157,1.0
207,69,1.0
147,1,1.0
49,209,1.0
45,69,0.14285714285714285
117,151,1.0
55,149,0.4
26,149,0.4
100,200,0.25
123,77,1.0
161,78,1.0
18,137,1.0
63,110,1.0
150,49,0.3333333333333333
159,170,1.0
121,123,1.0
105,209,0.5
60,149,0.2222222222222222
34,69,0.7142857142857143
54,221,1.0
123,102,1.0
126,100,1.0
100,69,1.0
54,162,1.0
206,137,0.2727272727272727
200,179,0.5
209,124,1.0
96,190,0.5
61,54,1.0
194,170,1.0
102,115,1.0
206,118,1.0
161,137,1.0
117,61,1.0
100,149,0.4117647058823529
160,112,1.0
176,69,0.8571428571428571
29,170,1.0
142,77,1.0
88,29,1.0
142,60,0.42857142857142855
208,167,1.0
151,159,1.0
200,67,0.3333333333333333
117,208,0.5
99,2,1.0
173,163,1.0
55,102,0.6666666666666666
49,105,1.0
197,73,1.0
169,131,1.0
142,163,1.0
34,45,0.3333333333333333
161,194,1.0
184,169,1.0
176,77,1.0
63,69,0.6
169,194,0.3333333333333333
117,201,1.0
160,117,0.5
126,142,1.0
173,26,1.0
60,124,1.0
190,5,1.0
85,69,0.29411764705882354
95,96,1.0
197,82,1.0
55,69,1.0
132,24,1.0
184,105,1.0
102,192,1.0
169,159,1.0
176,77,1.0
126,67,1.0
169,159,1.0
161,137,1.0
85,26,0.6
200,34,1.0
149,69,0.7777777777777778
197,159,1.0
140,208,1.0
117,12,1.0
60,34,0.7777777777777778
88,137,0.5
92,73,1.0
159,78,1.0
30,54,1.0
124,12,1.0
200,102,0.5
49,12,1.0
60,69,0.7777777777777778
202,179,1.0
100,102,0.75
92,67,1.0
150,154,1.0
140,18,0.3333333333333333
157,137,0.2
126,115,1.0
156,69,1.0
184,12,1.0
142,69,0.5
60,34,0.7777777777777778
55,115,1.0
100,30,1.0
176,163,1.0
67,123,0.5
197,131,1.0
60,102,0.5555555555555556
55,77,1.0
100,102,0.75
149,192,1.0
140,49,0.75
140,178,1.0
184,169,1.0
60,100,0.42857142857142855
100,163,0.2
55,207,1.0
30,114,1.0
197,105,1.0
34,69,0.7142857142857143
163,179,1.0
137,73,1.0
96,147,0.3333333333333333
176,149,0.8571428571428571
124,191,1.0
85,69,0.29411764705882354
39,177,1.0
45,26,1.0
207,102,1.0
194,136,1.0
123,183,0.3333333333333333
49,2,1.0
85,24,1.0
126,149,1.0
49,209,1.0
126,45,1.0
117,150,1.0
184,191,1.0
100,63,1.0
140,201,1.0
55,183,1.0
214,69,0.6
92,163,0.5
214,179,1.0
60,69,0.7777777777777778
96,5,1.0
2,209,1.0
126,163,1.0
176,55,0.3333333333333333
100,207,1.0
123,45,1.0
34,69,0.7142857142857143
117,194,0.75
160,137,1.0
206,169,0.6363636363636364
92,200,1.0
60,179,0.5
178,212,1.0
202,69,0.5
84,149,0.09090909090909091
123,45,1.0
161,137,1.0
84,149,0.09090909090909091
73,78,1.0
88,29,1.0
99,131,1.0
100,45,1.0
60,163,0.3333333333333333
117,82,1.0
92,149,0.7142857142857143
124,78,1.0
173,149,1.0
92,69,0.7142857142857143
209,177,1.0
92,200,1.0
184,112,1.0
149,69,0.7777777777777778
100,77,1.0
86,169,1.0
160,157,1.0
49,78,1.0
137,112,1.0
123,115,1.0
128,5,1.0
126,69,1.0
137,49,0.25
60,69,0.7777777777777778
54,162,1.0
96,114,0.2
85,69,0.29411764705882354
123,34,0.3333333333333333
85,183,0.4
117,96,1.0
60,179,0.5
190,147,1.0
117,194,0.75
202,34,0.5
105,137,1.0
96,198,1.0
15,157,1.0
169,177,1.0
60,34,0.7777777777777778
160,2,1.0
54,83,1.0
194,159,1.0
26,149,0.4
169,209,0.6666666666666666
126,26,1.0
45,149,0.2
60,123,0.14285714285714285
160,159,1.0
92,212,1.0
206,112,1.0
92,209,1.0
197,208,1.0
160,169,0.7142857142857143
178,170,1.0
100,149,0.4117647058823529
34,63,1.0
176,183,0.42857142857142855
99,78,1.0
85,100,0.7142857142857143
26,149,0.4
176,156,1.0
55,207,1.0
85,183,0.4
214,77,1.0
117,137,0.2
209,78,1.0
100,149,0.4117647058823529
92,77,1.0
30,77,1.0
92,183,0.3333333333333333
88,170,1.0
110,121,1.0
208,137,0.3333333333333333
176,69,0.8571428571428571
54,190,0.3333333333333333
88,132,1.0
60,105,1.0
125,149,0.47368421052631576
149,77,1.0
179,34,0.5
18,159,1.0
55,45,0.5
123,149,0.25
140,208,1.0
209,159,0.5
123,192,1.0
85,60,0.125
209,112,1.0
209,154,1.0
60,178,1.0
208,191,1.0
173,149,1.0
85,125,1.0
55,126,0.2
111,160,1.0
99,117,1.0
140,82,1.0
60,149,0.2222222222222222
2,82,1.0
67,149,0.2
85,69,0.29411764705882354
169,208,0.5555555555555556
114,1,1.0
92,69,0.7142857142857143
88,159,0.3333333333333333
143,49,1.0
214,149,0.5
92,60,0.6
85,60,0.125
160,2,1.0
214,179,1.0
18,12,1.0
55,102,0.6666666666666666
126,183,1.0
183,26,1.0
96,1,0.5
125,55,0.25
176,102,1.0
125,30,1.0
126,149,1.0
117,92,0.5
147,1,1.0
85,45,0.7142857142857143
150,212,1.0
197,12,1.0
92,178,1.0
118,12,1.0
117,78,1.0
114,147,0.3333333333333333
105,12,1.0
126,69,1.0
176,45,0.6666666666666666
150,111,1.0
176,55,0.3333333333333333
117,49,0.5555555555555556
176,123,0.5555555555555556
140,206,0.3333333333333333
105,191,1.0
39,169,1.0
169,151,1.0
100,34,1.0
92,49,1.0
126,92,1.0
49,209,1.0
2,209,1.0
157,137,0.2
15,194,1.0
110,30,1.0
126,102,1.0
176,183,0.42857142857142855
170,78,1.0
99,209,1.0
84,149,0.09090909090909091
55,192,1.0
100,34,1.0
117,85,0.3333333333333333
67,69,0.7142857142857143
197,2,1.0
125,102,0.5
49,208,0.2
137,49,0.25
29,201,1.0
126,45,1.0
54,190,0.3333333333333333
126,176,0.5
92,125,0.42857142857142855
12,191,1.0
157,112,1.0
140,137,0.3333333333333333
169,78,1.0
140,2,1.0
183,45,0.5
55,102,0.6666666666666666
209,124,1.0
82,73,1.0
149,30,1.0
34,149,0.1111111111111111
161,88,1.0
92,176,0.42857142857142855
183,77,1.0
176,110,1.0
207,156,1.0
137,201,1.0
142,176,0.05263157894736842
60,208,1.0
140,105,1.0
206,197,1.0
126,125,1.0
202,34,0.5
85,77,1.0
115,69,0.3333333333333333
118,169,1.0
137,124,1.0
18,24,1.0
85,102,0.3333333333333333
178,49,0.3333333333333333
60,125,0.2
160,209,1.0
49,24,1.0
100,77,1.0
202,77,1.0
67,102,0.2
140,160,1.0
49,160,0.3333333333333333
100,69,1.0
197,124,1.0
96,147,0.3333333333333333
169,137,0.38461538461538464
86,208,1.0
60,100,0.42857142857142855
60,69,0.7777777777777778
85,45,0.7142857142857143
65,128,1.0
137,49,0.25
184,209,1.0
151,131,1.0
143,169,1.0
212,82,1.0
169,159,1.0
39,169,1.0
15,157,1.0
206,117,1.0
49,12,1.0
169,117,0.3333333333333333
60,26,0.3333333333333333
100,123,0.7142857142857143
178,124,1.0
209,73,1.0
214,85,0.5
160,209,1.0
123,149,0.25
92,137,1.0
126,67,1.0
140,118,1.0
206,78,1.0
60,123,0.14285714285714285
92,167,1.0
176,45,0.6666666666666666
125,192,1.0
54,128,1.0
126,26,1.0
184,160,0.5
160,105,0.3333333333333333
100,192,1.0
137,159,0.14285714285714285
100,125,0.14285714285714285
126,102,1.0
125,102,0.5
183,26,1.0
200,207,1.0
29,132,1.0
126,176,0.5
1,128,1.0
176,77,1.0
118,209,1.0
126,149,1.0
184,78,1.0
208,88,1.0
149,69,0.7777777777777778
117,49,0.5555555555555556
197,60,1.0
105,157,1.0
100,45,1.0
117,197,1.0
197,78,1.0
131,105,1.0
190,1,1.0
126,176,0.5
161,2,1.0
176,100,0.16666666666666666
123,77,1.0
169,117,0.3333333333333333
99,209,1.0
154,136,1.0
125,69,1.0
85,149,0.38461538461538464
2,137,1.0
176,200,0.42857142857142855
117,49,0.5555555555555556
176,69,0.8571428571428571
82,12,1.0
96,5,1.0
85,69,0.29411764705882354
176,69,0.8571428571428571
78,167,1.0
118,18,1.0
85,184,1.0
83,221,1.0
163,69,0.3333333333333333
157,159,1.0
99,206,1.0
160,208,0.5
123,125,0.3333333333333333
161,117,1.0
18,49,0.5
209,191,1.0
169,82,1.0
150,170,1.0
55,67,1.0
206,117,1.0
92,100,0.7142857142857143
160,131,1.0
92,77,1.0
126,115,1.0
60,159,1.0
161,197,1.0
140,194,1.0
178,167,1.0
206,137,0.2727272727272727
60,125,0.2
24,201,1.0
117,177,1.0
132,124,1.0
82,78,1.0
143,111,1.0
184,132,1.0
206,73,1.0
183,102,1.0
100,67,0.5
114,147,0.3333333333333333
100,123,0.7142857142857143
92,24,1.0
214,123,0.5
117,12,1.0
176,77,1.0
190,221,1.0
49,82,1.0
92,159,1.0
55,102,0.6666666666666666
99,169,1.0
176,200,0.42857142857142855
110,69,1.0
162,221,1.0
160,137,1.0
176,30,1.0
88,201,1.0
60,2,1.0
137,170,1.0
96,198,1.0
208,209,1.0
85,49,1.0
149,77,1.0
105,73,1.0
117,132,1.0
117,92,0.5
54,198,1.0
125,69,1.0
160,159,1.0
86,136,1.0
117,12,1.0
88,178,1.0
63,179,0.3333333333333333
179,77,1.0
54,221,1.0
178,154,1.0
176,30,1.0
55,149,0.4
183,26,1.0
161,208,1.0
137,191,1.0
92,123,1.0
125,149,0.47368421052631576
176,67,0.5
92,60,0.6
99,15,1.0
100,121,1.0
60,149,0.2222222222222222
18,82,1.0
49,194,0.5
126,92,1.0
176,69,0.8571428571428571
161,209,1.0
184,160,0.5
142,85,0.2
206,169,0.6363636363636364
209,132,1.0
67,69,0.7142857142857143
176,179,1.0
67,45,0.6
140,2,1.0
214,85,0.5
173,69,1.0
169,151,1.0
206,209,1.0
60,102,0.5555555555555556
92,123,1.0
176,149,0.8571428571428571
206,137,0.2727272727272727
161,99,1.0
184,137,1.0
126,149,1.0
169,137,0.38461538461538464
117,88,1.0
159,191,1.0
55,123,0.2
60,69,0.7777777777777778
2,124,1.0
1,221,1.0
142,149,0.2
184,209,1.0
201,170,1.0
176,69,0.8571428571428571
169,208,0.5555555555555556
55,69,1.0
149,192,1.0
176,45,0.6666666666666666
82,124,1.0
54,147,1.0
206,131,1.0
184,194,1.0
55,149,0.4
49,169,0.09090909090909091
60,26,0.3333333333333333
100,200,0.25
117,208,0.5
45,69,0.14285714285714285
92,115,1.0
161,112,1.0
184,29,1.0
88,78,1.0
176,55,0.3333333333333333
29,150,1.0
176,183,0.42857142857142855
176,69,0.8571428571428571
149,77,1.0
123,45,1.0
209,194,1.0
92,163,0.5
183,34,0.3333333333333333
2,88,1.0
105,78,1.0
140,136,1.0
176,69,0.8571428571428571
117,177,1.0
115,69,0.3333333333333333
140,154,1.0
30,1,1.0
173,67,1.0
85,132,1.0
142,100,1.0
100,149,0.4117647058823529
45,149,0.2
142,60,0.42857142857142855
92,125,0.42857142857142855
197,209,1.0
126,102,1.0
102,69,0.7777777777777778
169,159,1.0
67,115,1.0
194,78,1.0
149,77,1.0
179,123,0.6
206,15,1.0
111,136,1.0
63,121,1.0
179,45,0.3333333333333333
45,149,0.2
18,167,1.0
156,77,1.0
102,163,1.0
114,128,1.0
157,194,1.0
214,115,1.0
100,149,0.4117647058823529
85,149,0.38461538461538464
85,200,0.2
209,170,1.0
126,125,1.0
15,117,1.0
30,147,1.0
160,209,1.0
169,78,1.0
86,160,1.0
150,24,1.0
169,15,0.5
160,124,1.0
100,179,0.7142857142857143
207,69,1.0
92,78,1.0
173,55,1.0
194,167,1.0
92,159,1.0
34,77,1.0
160,124,1.0
34,102,0.3333333333333333
123,63,0.5
73,78,1.0
208,24,1.0
100,149,0.4117647058823529
197,160,0.3333333333333333
55,30,1.0
206,82,1.0
183,200,0.3333333333333333
88,78,1.0
137,136,1.0
126,207,1.0
190,147,1.0
86,197,1.0
197,159,1.0
169,177,1.0
157,117,0.3333333333333333
2,151,1.0
184,209,1.0
149,63,1.0
160,209,1.0
39,157,1.0
200,69,0.7142857142857143
60,45,0.3333333333333333
112,117,1.0
173,123,1.0
100,26,0.7142857142857143
184,117,0.14285714285714285
100,121,1.0
169,112,0.3333333333333333
169,78,1.0
100,149,0.4117647058823529
49,131,1.0
126,67,1.0
92,179,1.0
201,78,1.0
179,149,1.0
85,26,0.6
82,191,1.0
160,157,1.0
143,160,1.0
105,137,1.0
100,26,0.7142857142857143
30,96,1.0
30,192,1.0
24,137,1.0
117,167,1.0
169,124,1.0
214,67,1.0
63,77,1.0
60,100,0.42857142857142855
173,77,1.0
92,26,1.0
184,117,0.14285714285714285
117,170,1.0
143,140,1.0
60,34,0.7777777777777778
126,85,0.6923076923076923
112,117,1.0
92,102,0.6
200,69,0.7142857142857143
54,83,1.0
73,12,1.0
176,102,1.0
54,147,1.0
34,77,1.0
137,159,0.14285714285714285
85,201,1.0
60,49,1.0
67,149,0.2
69,77,0.5
194,78,1.0
179,77,1.0
176,125,0.75
55,142,1.0
85,34,0.5
117,49,0.5555555555555556
202,77,1.0
202,176,0.5
169,208,0.5555555555555556
184,124,1.0
18,208,0.3333333333333333
100,200,0.25
49,124,1.0
29,124,1.0
45,26,1.0
160,105,0.3333333333333333
197,105,1.0
85,149,0.38461538461538464
149,63,1.0
214,69,0.6
67,102,0.2
84,149,0.09090909090909091
142,69,0.5
178,132,1.0
207,69,1.0
137,159,0.14285714285714285
55,183,1.0
184,78,1.0
84,77,1.0
126,26,1.0
140,184,1.0
206,209,1.0
102,69,0.7777777777777778
191,78,1.0
69,77,0.5
179,149,1.0
85,194,1.0
131,159,1.0
142,26,1.0
60,45,0.3333333333333333
137,49,0.25
176,125,0.75
92,100,0.7142857142857143
132,136,1.0
85,149,0.38461538461538464
140,191,1.0
160,131,1.0
132,159,1.0
140,150,1.0
161,208,1.0
85,192,1.0
197,2,1.0
194,136,1.0
100,69,1.0
169,124,1.0
197,184,1.0
49,159,0.3333333333333333
55,45,0.5
125,45,1.0
100,55,0.3333333333333333
197,111,1.0
169,209,0.6666666666666666
49,160,0.3333333333333333
18,111,1.0
176,207,0.6
209,24,1.0
156,30,1.0
202,45,1.0
208,157,1.0
39,206,1.0
100,26,0.7142857142857143
209,167,1.0
55,69,1.0
169,137,0.38461538461538464
102,77,1.0
102,69,0.7777777777777778
206,137,0.2727272727272727
126,84,1.0
102,142,0.3333333333333333
63,69,0.6
206,49,0.6666666666666666
100,149,0.4117647058823529
99,160,1.0
126,176,0.5
78,136,1.0
92,149,0.7142857142857143
60,34,0.7777777777777778
105,78,1.0
125,149,0.47368421052631576
9,17,1.0
117,124,1.0
157,78,1.0
209,177,1.0
99,160,1.0
149,77,1.0
161,157,1.0
92,176,0.42857142857142855
92,184,1.0
55,149,0.4
126,149,1.0
65,147,1.0
176,69,0.8571428571428571
60,84,1.0
142,34,1.0
100,77,1.0
140,206,0.3333333333333333
206,169,0.6363636363636364
92,142,0.3333333333333333
55,60,0.2
117,197,1.0
92,157,1.0
169,124,1.0
176,149,0.8571428571428571
179,149,1.0
176,149,0.8571428571428571
100,183,0.2
82,88,1.0
184,159,1.0
173,110,1.0
26,115,1.0
60,77,1.0
140,159,1.0
176,67,0.5
200,69,0.7142857142857143
149,69,0.7777777777777778
208,159,1.0
206,49,0.6666666666666666
73,191,1.0
60,69,0.7777777777777778
190,221,1.0
26,149,0.4
117,88,1.0
60,100,0.42857142857142855
200,110,1.0
114,5,1.0
114,65,1.0
60,102,0.5555555555555556
2,112,1.0
85,183,0.4
118,78,1.0
161,39,1.0
160,117,0.5
100,123,0.7142857142857143
100,26,0.7142857142857143
67,77,1.0
55,60,0.2
1,5,1.0
161,184,1.0
85,102,0.3333333333333333
176,149,0.8571428571428571
117,78,1.0
202,34,0.5
123,207,1.0
126,125,1.0
60,200,0.14285714285714285
102,69,0.7777777777777778
207,30,1.0
183,69,1.0
209,201,1.0
125,207,1.0
125,192,1.0
100,55,0.3333333333333333
126,69,1.0
117,132,1.0
99,184,1.0
112,194,1.0
206,159,1.0
55,149,0.4
60,111,1.0
126,183,1.0
102,69,0.7777777777777778
99,73,1.0
18,160,1.0
99,124,1.0
49,159,0.3333333333333333
140,49,0.75
96,1,0.5
178,24,1.0
159,136,1.0
49,136,1.0
88,78,1.0
137,78,1.0
26,77,1.0
142,100,1.0
143,212,1.0
85,34,0.5
169,157,0.7142857142857143
34,69,0.7142857142857143
96,198,1.0
60,149,0.2222222222222222
92,149,0.7142857142857143
125,149,0.47368421052631576
212,136,1.0
149,69,0.7777777777777778
197,131,1.0
123,26,1.0
169,112,0.3333333333333333
194,201,1.0
200,156,1.0
117,1,1.0
54,1,1.0
67,26,0.3333333333333333
183,69,1.0
184,160,0.5
184,137,1.0
49,208,0.2
29,154,1.0
126,34,1.0
206,177,1.0
60,45,0.3333333333333333
123,183,0.3333333333333333
137,78,1.0
88,167,1.0
169,15,0.5
184,194,1.0
161,159,1.0
49,124,1.0
125,55,0.25
176,115,1.0
67,123,0.5
169,209,0.6666666666666666
176,102,1.0
149,102,0.07692307692307693
173,125,1.0
85,179,1.0
2,208,0.3333333333333333
161,160,1.0
176,149,0.8571428571428571
202,214,1.0
55,214,1.0
60,69,0.7777777777777778
84,149,0.09090909090909091
178,137,1.0
140,170,1.0
126,69,1.0
117,88,1.0
184,209,1.0
126,149,1.0
92,173,1.0
39,117,1.0
92,149,0.7142857142857143
200,63,0.3333333333333333
142,60,0.42857142857142855
49,159,0.3333333333333333
117,208,0.5
55,149,0.4
176,34,0.14285714285714285
207,142,1.0
161,82,1.0
184,169,1.0
85,60,0.125
149,115,1.0
85,100,0.7142857142857143
206,157,1.0
54,1,1.0
123,30,1.0
126,77,1.0
55,45,0.5
209,29,1.0
126,60,0.6
117,159,1.0
85,149,0.38461538461538464
123,69,0.6
137,177,1.0
60,176,0.06666666666666667
85,60,0.125
39,209,1.0
160,137,1.0
173,156,1.0
159,73,1.0
61,83,1.0
100,179,0.7142857142857143
118,209,1.0
206,157,1.0
92,125,0.42857142857142855
2,131,1.0
30,96,1.0
159,124,1.0
102,77,1.0
126,84,1.0
137,78,1.0
92,123,1.0
178,78,1.0
160,157,1.0
45,69,0.14285714285714285
154,167,1.0
100,34,1.0
85,63,1.0
34,149,0.1111111111111111
100,125,0.14285714285714285
85,178,1.0
202,63,1.0
137,73,1.0
102,115,1.0
197,137,1.0
126,85,0.6923076923076923
92,169,1.0
208,137,0.3333333333333333
86,140,1.0
34,45,0.3333333333333333
184,159,1.0
206,169,0.6363636363636364
140,159,1.0
85,92,0.42857142857142855
161,15,1.0
206,209,1.0
169,137,0.38461538461538464
173,100,1.0
92,77,1.0
84,69,1.0
150,201,1.0
149,102,0.07692307692307693
160,208,0.5
100,179,0.7142857142857143
209,73,1.0
200,69,0.7142857142857143
67,26,0.3333333333333333
61,1,1.0
100,69,1.0
206,15,1.0
92,88,1.0
100,149,0.4117647058823529
159,78,1.0
126,125,1.0
183,115,1.0
67,69,0.7142857142857143
95,190,1.0
156,179,1.0
202,214,1.0
67,69,0.7142857142857143
169,137,0.38461538461538464
137,12,1.0
197,157,1.0
206,78,1.0
117,49,0.5555555555555556
26,149,0.4
176,179,1.0
142,63,1.0
86,111,1.0
99,118,1.0
88,137,0.5
60,176,0.06666666666666667
34,149,0.1111111111111111
126,60,0.6
151,73,1.0
176,45,0.6666666666666666
150,194,1.0
92,26,1.0
60,26,0.3333333333333333
100,45,1.0
179,123,0.6
142,100,1.0
100,183,0.2
65,1,1.0
202,63,1.0
100,200,0.25
123,63,0.5
151,15,1.0
125,55,0.25
212,137,1.0
125,207,1.0
214,69,0.6
123,69,0.6
60,183,0.09090909090909091
169,78,1.0
85,125,1.0
143,105,1.0
2,78,1.0
-1,-1