84,77,1.0
149,207,1.0
206,137,1.0
137,208,1.0
49,112,1.0
176,207,1.0
77,192,1.0
100,34,1.0
169,137,0.3333333333333333
169,111,1.0
29,194,1.0
169,151,1.0
123,102,1.0
85,207,1.0
176,92,1.0
85,183,0.3333333333333333
178,124,1.0
173,77,1.0
99,208,1.0
137,73,1.0
206,208,1.0
105,209,1.0
49,136,1.0
100,149,1.0
214,142,1.0
169,15,1.0
163,26,1.0
117,184,1.0
208,157,1.0
179,149,1.0
183,45,1.0
160,2,1.0
206,157,1.0
55,192,1.0
184,137,1.0
142,183,1.0
60,100,1.0
176,183,1.0
18,160,1.0
126,69,1.0
163,77,1.0
149,69,1.0
86,212,1.0
63,110,1.0
110,8,1.0
151,208,1.0
126,192,1.0
169,209,1.0
118,73,1.0
85,102,1.0
85,202,1.0
184,169,1.0
39,112,1.0
121,123,1.0
209,159,1.0
100,69,1.0
60,77,1.0
92,100,0.3333333333333333
1,128,1.0
60,63,1.0
85,183,0.3333333333333333
183,26,1.0
194,117,1.0
92,179,1.0
55,102,1.0
92,197,1.0
169,49,1.0
149,123,1.0
45,102,1.0
117,132,1.0
214,173,1.0
137,136,1.0
60,49,1.0
154,132,1.0
214,163,1.0
29,194,1.0
92,73,1.0
169,208,1.0
105,169,1.0
200,214,1.0
126,149,1.0
100,179,1.0
126,69,1.0
65,1,1.0
176,149,1.0
137,157,1.0
126,149,1.0
176,100,1.0
143,160,1.0
176,100,1.0
207,115,1.0
63,176,1.0
100,214,0.3333333333333333
176,69,1.0
137,151,1.0
176,69,1.0
126,85,0.5
102,163,1.0
92,150,1.0
176,156,1.0
176,123,1.0
184,2,1.0
169,124,1.0
82,73,1.0
179,67,1.0
100,45,1.0
197,73,1.0
125,55,1.0
55,142,1.0
209,124,1.0
161,160,1.0
85,209,1.0
137,124,1.0
85,34,1.0
114,54,1.0
88,154,1.0
60,176,0.3333333333333333
85,100,1.0
54,1,1.0
29,167,1.0
143,18,1.0
100,102,1.0
92,69,1.0
202,34,1.0
140,169,1.0
60,214,1.0
143,86,1.0
123,207,1.0
169,137,0.3333333333333333
160,151,1.0
206,169,1.0
114,65,1.0
60,69,1.0
49,206,1.0
85,49,1.0
126,84,1.0
92,82,1.0
92,149,1.0
96,147,1.0
112,117,1.0
176,207,1.0
49,209,1.0
159,136,1.0
100,149,1.0
183,69,1.0
209,137,1.0
26,69,1.0
142,45,1.0
34,63,1.0
200,121,1.0
209,167,1.0
123,207,1.0
92,78,1.0
65,128,1.0
126,183,1.0
92,45,1.0
137,159,1.0
184,105,1.0
125,77,1.0
161,137,1.0
194,201,1.0
176,85,0.3333333333333333
163,60,1.0
92,149,1.0
176,85,0.3333333333333333
118,197,1.0
60,200,1.0
96,65,1.0
45,60,1.0
126,84,1.0
173,163,1.0
208,82,1.0
184,209,1.0
84,55,1.0
202,63,1.0
2,208,1.0
206,117,1.0
102,69,1.0
1,198,1.0
84,125,1.0
117,159,1.0
143,111,1.0
197,82,1.0
2,105,1.0
105,209,1.0
65,54,1.0
137,140,1.0
29,24,1.0
209,159,1.0
131,78,1.0
126,149,1.0
99,157,1.0
111,160,1.0
126,55,1.0
200,207,1.0
126,85,0.5
92,125,1.0
184,209,1.0
86,18,1.0
85,200,1.0
176,173,1.0
49,117,1.0
126,67,1.0
55,192,1.0
154,170,1.0
197,137,1.0
206,208,1.0
102,69,1.0
118,82,1.0
117,209,1.0
55,149,1.0
96,54,1.0
149,69,1.0
29,201,1.0
92,149,1.0
176,149,1.0
99,137,1.0
169,18,1.0
207,102,1.0
55,115,1.0
88,170,1.0
149,30,1.0
197,78,1.0
184,209,1.0
183,102,1.0
83,114,1.0
123,179,1.0
92,149,1.0
49,194,1.0
54,162,1.0
150,124,1.0
183,69,1.0
86,160,1.0
92,123,1.0
95,114,1.0
123,115,1.0
179,63,1.0
92,100,0.3333333333333333
82,137,1.0
209,137,1.0
85,184,1.0
117,88,1.0
49,191,1.0
161,88,1.0
176,123,1.0
126,85,0.5
102,30,1.0
209,124,1.0
117,154,1.0
105,15,1.0
161,2,1.0
126,67,1.0
169,208,1.0
169,209,1.0
88,24,1.0
194,167,1.0
84,55,1.0
197,140,1.0
126,67,1.0
54,162,1.0
125,192,1.0
184,169,1.0
88,201,1.0
161,184,1.0
173,123,1.0
194,167,1.0
118,137,1.0
85,26,1.0
60,142,1.0
123,214,1.0
39,117,1.0
126,77,1.0
118,92,1.0
212,111,1.0
85,63,1.0
86,111,1.0
202,63,1.0
149,183,1.0
159,124,1.0
55,200,1.0
102,142,1.0
24,201,1.0
150,178,1.0
85,202,1.0
202,34,1.0
67,85,0.3333333333333333
206,169,1.0
49,212,1.0
60,85,0.3333333333333333
200,102,1.0
34,69,1.0
85,149,0.5
100,214,0.3333333333333333
117,209,1.0
156,69,1.0
112,194,1.0
169,49,1.0
176,67,1.0
60,26,0.3333333333333333
60,115,1.0
60,69,1.0
60,149,1.0
176,149,1.0
55,60,1.0
206,197,1.0
100,179,1.0
69,200,1.0
117,124,1.0
60,26,0.3333333333333333
88,132,1.0
200,77,1.0
140,117,1.0
114,96,1.0
194,201,1.0
169,157,1.0
88,29,1.0
100,69,1.0
15,137,1.0
12,78,1.0
95,83,1.0
200,115,1.0
55,214,1.0
92,34,1.0
34,26,1.0
83,198,1.0
99,151,1.0
197,169,1.0
100,77,1.0
60,149,1.0
92,137,1.0
178,137,1.0
24,167,1.0
147,5,1.0
169,177,1.0
88,137,1.0
67,85,0.3333333333333333
105,137,1.0
149,63,1.0
92,26,1.0
85,45,1.0
176,149,1.0
26,149,1.0
214,179,1.0
30,221,1.0
184,49,1.0
92,178,1.0
34,125,1.0
151,157,1.0
169,73,1.0
159,191,1.0
176,149,1.0
99,206,1.0
55,77,1.0
54,128,1.0
163,69,1.0
149,69,1.0
143,169,1.0
214,77,1.0
60,85,0.3333333333333333
123,102,1.0
176,110,1.0
176,200,1.0
85,149,0.5
149,84,1.0
176,45,1.0
150,137,1.0
100,8,1.0
84,192,1.0
60,100,1.0
173,207,1.0
85,69,0.3333333333333333
69,77,1.0
60,100,1.0
184,15,1.0
60,176,0.3333333333333333
96,147,1.0
85,69,0.3333333333333333
140,169,1.0
100,200,1.0
83,1,1.0
190,96,1.0
117,169,1.0
102,115,1.0
160,2,1.0
85,149,0.5
86,169,1.0
39,194,1.0
55,77,1.0
92,149,1.0
169,177,1.0
200,179,1.0
126,183,1.0
173,100,1.0
92,200,1.0
49,105,1.0
85,123,1.0
88,194,1.0
100,200,1.0
49,39,1.0
-1,-1