96,112,1.0
140,201,1.0
140,137,0.5
160,208,1.0
117,209,0.1111111111111111
100,163,0.6
100,45,1.0
102,26,1.0
150,24,1.0
24,96,1.0
161,15,1.0
60,163,0.5
163,179,0.3333333333333333
63,179,0.3333333333333333
184,137,1.0
126,26,1.0
131,140,1.0
169,48,1.0
149,45,0.2
161,206,0.3333333333333333
126,92,1.0
82,96,0.6
194,201,1.0
194,78,1.0
176,110,1.0
161,96,1.0
176,110,1.0
159,12,1.0
86,140,1.0
100,149,0.4166666666666667
2,96,1.0
200,67,0.3333333333333333
200,63,0.3333333333333333
207,156,1.0
184,209,1.0
178,48,1.0
149,69,0.6666666666666666
48,78,1.0
125,102,0.5
137,159,0.25
197,78,1.0
45,63,1.0
60,149,0.5789473684210527
184,15,1.0
67,102,0.2
197,131,1.0
197,137,1.0
209,136,1.0
197,124,1.0
160,159,1.0
118,159,1.0
176,102,1.0
126,149,1.0
209,112,1.0
117,29,1.0
143,170,1.0
123,149,1.0
184,209,1.0
82,159,1.0
156,110,1.0
142,176,0.23076923076923078
115,143,1.0
169,137,0.16666666666666666
194,124,1.0
209,191,1.0
54,83,0.5
183,69,1.0
183,176,0.14285714285714285
34,63,1.0
92,26,1.0
60,63,1.0
197,209,1.0
100,69,0.8181818181818182
169,137,0.16666666666666666
92,131,1.0
123,85,0.6
30,221,1.0
143,105,1.0
60,67,0.3333333333333333
126,60,0.8181818181818182
206,197,1.0
183,69,1.0
117,191,1.0
178,167,1.0
169,105,0.3333333333333333
131,208,1.0
149,45,0.2
92,69,0.6666666666666666
88,167,1.0
176,45,1.0
125,77,1.0
85,26,0.6
169,124,1.0
124,170,1.0
60,100,0.5714285714285714
60,96,1.0
60,84,0.5
26,69,0.3333333333333333
49,194,1.0
212,96,1.0
85,12,1.0
100,179,0.42857142857142855
183,45,1.0
117,191,1.0
100,123,1.0
49,78,1.0
206,137,0.2
54,147,1.0
60,102,0.4
163,121,1.0
137,78,1.0
100,102,0.75
126,92,1.0
60,160,1.0
92,60,0.2727272727272727
176,100,0.09090909090909091
96,191,1.0
169,78,1.0
200,121,1.0
88,78,1.0
1,5,1.0
54,1,1.0
214,126,1.0
73,191,1.0
55,149,0.47368421052631576
176,34,0.14285714285714285
34,69,1.0
92,137,1.0
197,212,1.0
60,124,1.0
30,128,1.0
183,179,1.0
209,73,1.0
67,77,1.0
60,115,1.0
8,100,0.3333333333333333
54,221,1.0
126,85,0.8461538461538461
85,100,0.7142857142857143
197,60,1.0
60,102,0.4
105,151,1.0
34,26,0.5
126,85,0.8461538461538461
29,201,1.0
48,170,1.0
85,149,0.38461538461538464
214,69,0.5
183,45,1.0
117,208,1.0
160,78,1.0
92,149,0.8666666666666667
183,60,0.09090909090909091
123,149,1.0
67,102,0.2
92,100,0.5
100,77,1.0
83,147,1.0
60,179,0.5
9,17,1.0
161,209,1.0
173,125,0.3333333333333333
60,176,0.3333333333333333
117,131,1.0
126,115,1.0
2,82,1.0
143,2,1.0
117,194,1.0
8,100,0.3333333333333333
34,77,1.0
197,137,1.0
102,69,0.3333333333333333
161,184,1.0
151,209,1.0
60,78,1.0
143,219,1.0
92,209,1.0
60,100,0.5714285714285714
92,49,1.0
117,83,1.0
48,96,0.75
126,34,1.0
85,77,1.0
2,209,1.0
92,194,1.0
82,78,1.0
60,105,1.0
206,159,0.3333333333333333
183,69,1.0
55,34,0.5
140,82,1.0
208,88,1.0
131,73,1.0
117,48,1.0
156,69,1.0
114,198,1.0
2,157,1.0
207,102,1.0
161,112,1.0
160,208,1.0
118,137,1.0
92,100,0.5
183,102,1.0
85,201,1.0
140,208,1.0
117,209,0.1111111111111111
159,208,0.3333333333333333
169,159,0.6666666666666666
184,208,1.0
161,170,1.0
55,192,1.0
102,110,1.0
176,45,1.0
173,77,1.0
124,78,1.0
100,45,1.0
169,208,1.0
208,88,1.0
49,191,1.0
117,201,1.0
15,78,1.0
149,45,0.2
125,149,0.5789473684210527
117,209,0.1111111111111111
143,77,1.0
117,132,1.0
157,209,1.0
60,102,0.4
160,209,1.0
99,184,1.0
92,100,0.5
49,219,1.0
176,45,1.0
65,5,1.0
150,60,1.0
173,163,1.0
60,84,0.5
18,82,1.0
126,69,1.0
117,197,1.0
60,149,0.5789473684210527
85,143,0.2
197,111,1.0
126,85,0.8461538461538461
18,136,1.0
55,69,1.0
200,69,0.6666666666666666
161,160,1.0
143,18,1.0
2,197,0.3333333333333333
63,69,0.5
126,102,1.0
69,77,0.3333333333333333
117,85,0.3333333333333333
143,69,0.3333333333333333
201,170,1.0
176,149,0.8571428571428571
137,159,0.25
105,160,0.3333333333333333
176,192,1.0
154,194,1.0
92,78,1.0
126,67,1.0
149,115,1.0
150,48,1.0
55,45,0.5
201,78,1.0
2,208,0.3333333333333333
209,159,1.0
92,178,1.0
197,159,1.0
60,85,0.058823529411764705
117,137,0.6
150,219,1.0
15,209,1.0
60,34,0.7142857142857143
55,207,1.0
117,159,1.0
100,69,0.8181818181818182
45,26,1.0
140,29,1.0
126,183,1.0
85,143,0.2
54,1,1.0
92,123,0.3333333333333333
96,201,1.0
169,170,1.0
85,118,1.0
176,69,1.0
5,221,1.0
126,26,1.0
92,102,1.0
100,156,1.0
60,85,0.058823529411764705
96,78,1.0
140,49,1.0
125,149,0.5789473684210527
49,124,0.3333333333333333
149,102,0.07692307692307693
60,45,0.5555555555555556
159,73,1.0
183,163,1.0
100,125,0.5
137,191,1.0
100,77,1.0
83,162,1.0
105,157,1.0
214,85,0.5
60,102,0.4
202,214,1.0
49,209,0.5
63,77,1.0
29,96,1.0
183,100,0.6
140,49,1.0
86,208,1.0
2,209,1.0
176,200,0.6666666666666666
208,96,0.25
137,170,1.0
60,100,0.5714285714285714
132,170,1.0
60,85,0.058823529411764705
206,209,1.0
60,29,1.0
55,85,0.3333333333333333
105,206,1.0
140,18,0.3333333333333333
125,149,0.5789473684210527
137,15,1.0
60,77,1.0
140,2,1.0
214,149,1.0
117,201,1.0
149,102,0.07692307692307693
2,73,1.0
140,137,0.5
169,78,1.0
184,96,0.75
18,73,1.0
125,149,0.5789473684210527
176,30,1.0
85,49,1.0
184,191,1.0
88,159,0.3333333333333333
39,209,1.0
160,209,1.0
140,208,1.0
85,102,0.5
99,206,1.0
169,82,1.0
114,5,1.0
30,54,1.0
92,125,0.42857142857142855
67,149,0.2
137,170,1.0
100,69,0.8181818181818182
160,169,0.3333333333333333
140,154,1.0
209,208,0.6
179,77,1.0
100,149,0.4166666666666667
143,49,1.0
179,121,1.0
200,110,1.0
206,157,1.0
92,34,1.0
143,169,1.0
123,102,1.0
123,45,1.0
142,176,0.23076923076923078
126,149,1.0
161,169,1.0
197,209,1.0
18,96,1.0
209,124,1.0
208,82,1.0
48,201,1.0
184,96,0.75
169,73,1.0
60,179,0.5
206,78,1.0
200,69,0.6666666666666666
183,102,1.0
110,30,1.0
55,163,1.0
154,194,1.0
149,69,0.6666666666666666
200,69,0.6666666666666666
143,136,1.0
99,208,1.0
157,131,1.0
123,60,0.14285714285714285
117,137,0.6
206,169,0.5
60,67,0.3333333333333333
140,154,1.0
149,192,1.0
60,69,0.7647058823529411
105,78,1.0
143,208,1.0
100,149,0.4166666666666667
184,169,1.0
60,69,0.7647058823529411
85,102,0.5
140,137,0.5
176,34,0.14285714285714285
34,63,1.0
160,78,1.0
105,209,0.3333333333333333
111,124,1.0
159,219,1.0
2,137,1.0
169,197,0.3333333333333333
54,5,1.0
214,163,1.0
124,73,1.0
137,78,1.0
208,82,1.0
92,149,0.8666666666666667
117,194,1.0
169,197,0.3333333333333333
151,48,1.0
154,78,1.0
55,26,1.0
60,102,0.4
85,49,1.0
206,169,0.5
114,162,1.0
60,69,0.7647058823529411
178,111,1.0
85,200,0.2
157,117,0.3333333333333333
60,26,0.42857142857142855
85,88,1.0
55,207,1.0
154,96,1.0
176,67,0.5
212,111,1.0
60,77,1.0
157,159,1.0
183,69,1.0
2,96,1.0
143,82,1.0
160,170,1.0
15,157,1.0
126,102,1.0
184,39,1.0
183,26,1.0
26,69,0.3333333333333333
176,102,1.0
169,48,1.0
123,60,0.14285714285714285
169,209,1.0
39,169,1.0
2,78,1.0
169,96,0.5
92,125,0.42857142857142855
149,192,1.0
117,96,0.14285714285714285
157,209,1.0
149,77,1.0
140,167,1.0
206,49,1.0
184,96,0.75
160,96,0.42857142857142855
184,169,1.0
117,96,0.14285714285714285
143,149,0.2
124,167,1.0
206,209,1.0
149,102,0.07692307692307693
157,48,1.0
117,88,1.0
179,149,1.0
126,176,0.25
111,2,1.0
100,200,0.25
88,150,1.0
125,149,0.5789473684210527
140,219,1.0
49,12,1.0
143,45,0.3333333333333333
85,100,0.7142857142857143
197,48,1.0
183,143,0.3333333333333333
161,96,1.0
176,100,0.09090909090909091
96,167,1.0
55,149,0.47368421052631576
117,194,1.0
202,179,1.0
206,88,1.0
157,209,1.0
55,149,0.47368421052631576
214,63,1.0
159,96,0.3333333333333333
176,45,1.0
85,69,0.42857142857142855
161,169,1.0
99,209,1.0
60,149,0.5789473684210527
143,100,1.0
65,221,1.0
126,45,1.0
173,149,1.0
92,149,0.8666666666666667
132,78,1.0
48,12,1.0
118,48,1.0
126,100,1.0
86,169,1.0
26,149,0.3333333333333333
126,149,1.0
208,78,1.0
169,117,0.2
149,30,1.0
102,143,0.3333333333333333
207,110,1.0
49,78,1.0
194,124,1.0
131,209,1.0
169,78,1.0
160,112,1.0
117,61,1.0
34,149,0.3333333333333333
83,221,1.0
140,96,1.0
159,96,0.3333333333333333
96,194,0.42857142857142855
49,96,0.6
86,49,1.0
92,149,0.8666666666666667
154,170,1.0
100,123,1.0
60,149,0.5789473684210527
34,63,1.0
150,49,1.0
85,194,1.0
85,34,0.5
173,110,1.0
149,156,1.0
209,124,1.0
169,209,1.0
26,69,0.3333333333333333
128,1,1.0
208,78,1.0
132,167,1.0
163,45,1.0
125,45,1.0
123,85,0.6
179,121,1.0
88,178,1.0
124,78,1.0
206,184,1.0
184,82,1.0
60,212,1.0
100,77,1.0
184,78,1.0
143,92,0.3333333333333333
150,29,1.0
176,34,0.14285714285714285
157,194,1.0
197,48,1.0
100,121,1.0
18,191,1.0
118,48,1.0
105,124,1.0
206,117,1.0
176,192,1.0
123,200,0.5
214,102,1.0
26,115,1.0
100,102,0.75
207,69,1.0
99,73,1.0
117,88,1.0
126,85,0.8461538461538461
117,96,0.14285714285714285
149,77,1.0
60,48,1.0
197,73,1.0
1,5,1.0
60,100,0.5714285714285714
117,12,1.0
169,48,1.0
201,136,1.0
117,209,0.1111111111111111
92,60,0.2727272727272727
151,73,1.0
86,137,1.0
184,78,1.0
214,126,1.0
86,197,1.0
169,159,0.6666666666666666
105,160,0.3333333333333333
169,49,0.5555555555555556
184,208,1.0
206,131,0.3333333333333333
92,26,1.0
206,39,1.0
65,162,1.0
92,163,0.3333333333333333
86,2,1.0
208,170,1.0
29,159,1.0
99,160,1.0
100,125,0.5
143,100,1.0
49,124,0.3333333333333333
161,39,1.0
117,154,1.0
206,96,1.0
102,115,1.0
206,209,1.0
60,69,0.7647058823529411
183,26,1.0
178,159,1.0
92,179,1.0
159,96,0.3333333333333333
110,8,1.0
209,78,1.0
126,85,0.8461538461538461
159,78,1.0
117,167,1.0
60,125,0.2
159,78,1.0
85,100,0.7142857142857143
183,60,0.09090909090909091
197,96,0.75
63,69,0.5
69,115,1.0
105,208,0.3333333333333333
208,88,1.0
117,48,1.0
169,219,1.0
92,82,1.0
208,96,0.25
60,24,1.0
83,147,1.0
92,88,1.0
114,128,1.0
163,149,0.6666666666666666
88,132,1.0
178,137,1.0
143,92,0.3333333333333333
92,55,0.42857142857142855
178,219,1.0
207,69,1.0
30,198,1.0
197,15,1.0
179,123,0.6
126,26,1.0
173,69,1.0
30,1,1.0
100,149,0.4166666666666667
126,45,1.0
183,143,0.3333333333333333
49,82,1.0
149,77,1.0
183,60,0.09090909090909091
117,78,1.0
169,82,1.0
183,77,1.0
160,131,1.0
183,60,0.09090909090909091
126,60,0.8181818181818182
161,159,1.0
60,111,1.0
154,167,1.0
123,102,1.0
176,69,1.0
184,15,1.0
100,123,1.0
197,137,1.0
176,100,0.09090909090909091
117,194,1.0
96,12,0.5
169,96,0.5
85,132,1.0
117,88,1.0
96,12,0.5
96,194,0.42857142857142855
137,170,1.0
200,63,0.3333333333333333
160,219,1.0
206,96,1.0
55,69,1.0
123,200,0.5
49,24,0.3333333333333333
88,219,1.0
49,167,1.0
92,102,1.0
206,96,1.0
102,26,1.0
190,198,1.0
60,159,1.0
111,48,1.0
60,149,0.5789473684210527
197,191,1.0
117,96,0.14285714285714285
183,85,0.2
179,149,1.0
86,178,1.0
202,69,1.0
48,78,1.0
137,78,1.0
176,125,0.5
84,192,1.0
169,136,1.0
55,214,1.0
54,190,1.0
60,115,1.0
85,102,0.5
156,179,1.0
125,149,0.5789473684210527
88,159,0.3333333333333333
54,221,1.0
117,194,1.0
143,49,1.0
60,85,0.058823529411764705
100,69,0.8181818181818182
92,45,1.0
117,208,1.0
184,48,1.0
60,125,0.2
183,102,1.0
24,170,1.0
160,209,1.0
179,102,0.3333333333333333
29,170,1.0
176,100,0.09090909090909091
60,100,0.5714285714285714
173,179,1.0
100,84,0.2
105,96,0.42857142857142855
26,149,0.3333333333333333
24,124,1.0
184,209,1.0
67,45,0.6
209,194,1.0
183,102,1.0
208,96,0.25
125,77,1.0
125,102,0.5
206,137,0.2
150,78,1.0
176,55,0.3333333333333333
178,154,1.0
125,77,1.0
214,200,0.3333333333333333
126,125,1.0
137,167,1.0
137,208,0.6666666666666666
117,136,1.0
86,18,1.0
60,77,1.0
49,170,1.0
48,96,0.75
151,209,1.0
100,179,0.42857142857142855
132,96,1.0
206,151,1.0
149,192,1.0
49,12,1.0
176,123,0.3333333333333333
55,149,0.47368421052631576
92,73,1.0
39,112,1.0
100,34,0.25
34,149,0.3333333333333333
85,100,0.7142857142857143
159,124,1.0
163,77,1.0
137,78,1.0
197,137,1.0
200,102,0.6
18,208,1.0
207,60,0.3333333333333333
100,149,0.4166666666666667
184,88,1.0
92,69,0.6666666666666666
209,159,1.0
149,77,1.0
96,78,1.0
206,48,1.0
136,167,1.0
60,49,1.0
184,157,1.0
92,140,1.0
102,69,0.3333333333333333
149,110,1.0
169,49,0.5555555555555556
88,194,1.0
206,137,0.2
183,149,1.0
162,221,1.0
202,77,1.0
100,63,0.6
117,208,1.0
49,96,0.6
125,149,0.5789473684210527
143,150,1.0
30,147,1.0
100,102,0.75
55,149,0.47368421052631576
92,69,0.6666666666666666
55,85,0.3333333333333333
18,48,1.0
105,208,0.3333333333333333
100,149,0.4166666666666667
176,69,1.0
117,78,1.0
100,200,0.25
126,207,1.0
207,26,1.0
159,78,1.0
163,63,1.0
163,149,0.6666666666666666
118,96,1.0
173,125,0.3333333333333333
131,208,1.0
131,48,1.0
176,121,1.0
157,112,1.0
60,69,0.7647058823529411
183,67,0.5
126,207,1.0
105,73,1.0
92,125,0.42857142857142855
49,96,0.6
169,137,0.16666666666666666
197,105,0.3333333333333333
49,219,1.0
92,200,1.0
183,45,1.0
137,78,1.0
184,159,1.0
173,121,1.0
160,96,0.42857142857142855
179,123,0.6
60,77,1.0
149,69,0.6666666666666666
102,30,1.0
159,124,1.0
151,78,1.0
190,128,1.0
197,208,1.0
92,137,1.0
176,123,0.3333333333333333
173,179,1.0
125,207,1.0
176,125,0.5
118,124,1.0
100,63,0.6
176,123,0.3333333333333333
149,69,0.6666666666666666
140,132,1.0
86,60,1.0
69,77,0.3333333333333333
169,96,0.5
143,142,1.0
82,191,1.0
92,77,1.0
143,69,0.3333333333333333
143,96,1.0
207,192,1.0
183,69,1.0
169,219,1.0
169,197,0.3333333333333333
92,150,1.0
184,48,1.0
55,200,0.3333333333333333
92,167,1.0
206,131,0.3333333333333333
214,123,0.3333333333333333
176,30,1.0
86,159,1.0
206,197,1.0
60,170,1.0
179,34,0.3333333333333333
140,191,1.0
60,34,0.7142857142857143
92,149,0.8666666666666667
123,200,0.5
160,209,1.0
202,45,1.0
176,45,1.0
123,60,0.14285714285714285
96,78,1.0
124,12,1.0
88,194,1.0
117,49,0.25
202,179,1.0
126,143,1.0
117,197,1.0
117,48,1.0
160,169,0.3333333333333333
154,24,1.0
100,77,1.0
100,69,0.8181818181818182
176,69,1.0
49,194,1.0
176,207,0.6
207,115,1.0
65,147,1.0
163,156,1.0
85,26,0.6
123,149,1.0
45,77,1.0
176,55,0.3333333333333333
99,209,1.0
179,149,1.0
123,26,1.0
18,159,1.0
212,208,1.0
117,2,1.0
100,179,0.42857142857142855
18,167,1.0
176,200,0.6666666666666666
49,96,0.6
100,149,0.4166666666666667
54,198,1.0
208,12,1.0
126,69,1.0
102,77,1.0
123,26,1.0
96,12,0.5
176,102,1.0
102,45,0.5
136,78,1.0
178,78,1.0
100,69,0.8181818181818182
149,69,0.6666666666666666
18,96,1.0
169,96,0.5
208,96,0.25
39,194,1.0
214,173,1.0
100,34,0.25
30,162,1.0
140,105,1.0
84,77,1.0
82,96,0.6
18,219,1.0
96,15,0.3333333333333333
100,179,0.42857142857142855
176,63,0.5
86,140,1.0
160,78,1.0
29,124,1.0
99,209,1.0
214,26,1.0
78,219,1.0
183,149,1.0
154,159,1.0
18,48,1.0
49,105,1.0
92,209,1.0
208,170,1.0
179,26,0.3333333333333333
96,194,0.42857142857142855
96,78,1.0
96,194,0.42857142857142855
105,39,1.0
178,194,1.0
86,208,1.0
2,137,1.0
132,136,1.0
147,128,1.0
160,117,1.0
39,117,1.0
63,30,1.0
131,88,1.0
85,78,1.0
100,200,0.25
92,45,1.0
88,154,1.0
126,67,1.0
96,170,1.0
163,26,1.0
214,69,0.5
169,117,0.2
209,208,0.6
197,12,1.0
60,77,1.0
123,149,1.0
86,169,1.0
126,69,1.0
85,149,0.38461538461538464
208,82,1.0
160,157,1.0
137,136,1.0
214,67,1.0
149,63,0.2
202,69,1.0
2,78,1.0
178,194,1.0
55,60,0.3333333333333333
100,102,0.75
169,208,1.0
55,69,1.0
209,167,1.0
126,60,0.8181818181818182
85,149,0.38461538461538464
92,176,0.42857142857142855
60,125,0.2
140,111,1.0
45,26,1.0
85,45,0.7142857142857143
194,136,1.0
85,149,0.38461538461538464
18,2,1.0
137,49,0.14285714285714285
60,85,0.058823529411764705
150,111,1.0
49,96,0.6
60,45,0.5555555555555556
105,99,1.0
137,209,0.45454545454545453
160,209,1.0
200,30,1.0
160,137,1.0
184,159,1.0
96,219,1.0
102,77,1.0
18,209,1.0
123,85,0.6
200,110,1.0
85,88,1.0
55,192,1.0
140,150,1.0
82,124,1.0
69,192,1.0
67,45,0.6
105,96,0.42857142857142855
65,221,1.0
140,178,1.0
149,192,1.0
209,29,1.0
85,92,0.14285714285714285
100,163,0.6
173,100,1.0
1,162,1.0
137,201,1.0
150,136,1.0
117,96,0.14285714285714285
49,208,0.6
212,136,1.0
60,137,1.0
55,45,0.5
183,149,1.0
125,192,1.0
149,77,1.0
202,69,1.0
85,69,0.42857142857142855
18,170,1.0
128,5,1.0
137,157,0.6
82,170,1.0
85,69,0.42857142857142855
176,149,0.8571428571428571
82,209,1.0
105,170,1.0
149,63,0.2
214,45,1.0
55,67,1.0
137,73,1.0
29,49,0.3333333333333333
140,78,1.0
184,131,1.0
169,159,0.6666666666666666
88,29,1.0
183,67,0.5
88,60,1.0
100,149,0.4166666666666667
126,183,1.0
125,149,0.5789473684210527
184,151,1.0
85,84,1.0
176,110,1.0
60,69,0.7647058823529411
60,85,0.058823529411764705
137,209,0.45454545454545453
170,78,1.0
183,100,0.6
105,157,1.0
176,63,0.5
85,48,1.0
92,77,1.0
105,219,1.0
126,102,1.0
55,149,0.47368421052631576
190,1,1.0
160,169,0.3333333333333333
118,96,1.0
142,176,0.23076923076923078
143,160,1.0
92,125,0.42857142857142855
92,48,1.0
60,100,0.5714285714285714
86,111,1.0
49,48,0.6666666666666666
142,176,0.23076923076923078
137,209,0.45454545454545453
142,176,0.23076923076923078
176,149,0.8571428571428571
88,170,1.0
67,121,1.0
117,178,1.0
85,77,1.0
85,200,0.2
18,88,1.0
206,117,1.0
92,102,1.0
39,49,1.0
212,137,1.0
131,49,1.0
140,170,1.0
92,77,1.0
92,132,1.0
159,105,0.3333333333333333
143,125,1.0
212,208,1.0
202,45,1.0
92,170,1.0
197,105,0.3333333333333333
147,221,1.0
29,78,1.0
126,26,1.0
214,45,1.0
206,157,1.0
151,159,1.0
126,200,1.0
197,170,1.0
34,69,1.0
123,45,1.0
60,100,0.5714285714285714
2,208,0.3333333333333333
18,96,1.0
99,159,1.0
207,77,1.0
49,209,0.5
140,159,1.0
176,30,1.0
200,102,0.6
86,105,1.0
212,160,1.0
183,85,0.2
48,194,0.3333333333333333
169,82,1.0
176,200,0.6666666666666666
100,110,0.2
123,77,1.0
88,209,1.0
126,183,1.0
125,123,1.0
85,34,0.5
117,82,1.0
179,45,0.3333333333333333
100,26,0.7142857142857143
169,49,0.5555555555555556
169,197,0.3333333333333333
118,105,1.0
82,73,1.0
161,159,1.0
160,96,0.42857142857142855
60,202,0.3333333333333333
140,96,1.0
200,77,1.0
92,55,0.42857142857142855
214,149,1.0
82,88,1.0
183,176,0.14285714285714285
92,179,1.0
206,209,1.0
34,69,1.0
176,149,0.8571428571428571
117,167,1.0
48,167,1.0
149,69,0.6666666666666666
173,200,1.0
140,209,1.0
67,26,0.3333333333333333
126,173,1.0
183,149,1.0
161,209,1.0
92,78,1.0
212,82,1.0
197,96,0.75
48,124,1.0
92,63,1.0
114,221,1.0
100,77,1.0
100,26,0.7142857142857143
176,207,0.6
169,18,0.3333333333333333
100,55,0.3333333333333333
176,123,0.3333333333333333
163,69,0.3333333333333333
92,60,0.2727272727272727
169,209,1.0
96,78,1.0
154,201,1.0
88,96,1.0
206,184,1.0
18,160,1.0
117,49,0.25
60,77,1.0
160,117,1.0
197,96,0.75
126,60,0.8181818181818182
160,208,1.0
55,123,0.6
125,149,0.5789473684210527
92,49,1.0
60,102,0.4
200,69,0.6666666666666666
117,151,1.0
206,78,1.0
207,143,1.0
206,49,1.0
73,78,1.0
156,102,1.0
150,197,1.0
48,73,1.0
24,201,1.0
18,150,1.0
176,123,0.3333333333333333
60,26,0.42857142857142855
206,49,1.0
65,147,1.0
85,26,0.6
140,118,1.0
184,197,1.0
176,121,1.0
151,209,1.0
140,136,1.0
123,102,1.0
92,191,1.0
169,209,1.0
159,48,0.5
183,176,0.14285714285714285
92,125,0.42857142857142855
161,151,1.0
173,63,1.0
60,219,1.0
117,112,1.0
194,137,1.0
149,115,1.0
208,194,1.0
140,219,1.0
147,1,0.3333333333333333
55,123,0.6
55,126,0.2
132,48,1.0
49,24,0.3333333333333333
55,115,1.0
92,60,0.2727272727272727
184,209,1.0
170,78,1.0
126,60,0.8181818181818182
184,18,1.0
65,198,1.0
92,45,1.0
159,136,1.0
55,77,1.0
176,45,1.0
99,157,1.0
26,149,0.3333333333333333
100,200,0.25
60,26,0.42857142857142855
55,26,1.0
55,123,0.6
126,60,0.8181818181818182
176,207,0.6
100,163,0.6
96,201,1.0
49,201,1.0
100,149,0.4166666666666667
161,208,1.0
121,26,1.0
88,136,1.0
206,112,1.0
197,209,1.0
77,192,1.0
169,96,0.5
34,77,1.0
96,112,1.0
184,2,1.0
99,197,1.0
156,30,1.0
137,151,0.3333333333333333
200,45,0.5
123,45,1.0
157,208,1.0
140,206,0.3333333333333333
126,69,1.0
160,137,1.0
170,136,1.0
184,96,0.75
209,132,1.0
92,173,1.0
34,149,0.3333333333333333
49,78,1.0
126,143,1.0
126,125,1.0
209,124,1.0
126,60,0.8181818181818182
114,65,1.0
92,96,1.0
125,192,1.0
159,105,0.3333333333333333
85,26,0.6
169,208,1.0
60,208,1.0
48,73,1.0
18,12,1.0
214,85,0.5
132,194,1.0
190,147,1.0
143,149,0.2
126,60,0.8181818181818182
198,221,1.0
67,149,0.2
206,15,1.0
117,78,1.0
131,96,1.0
100,110,0.2
96,78,1.0
60,202,0.3333333333333333
126,125,1.0
100,63,0.6
49,208,0.6
169,191,1.0
143,169,1.0
2,48,1.0
197,96,0.75
157,209,1.0
176,34,0.14285714285714285
161,194,1.0
169,159,0.6666666666666666
161,117,1.0
117,48,1.0
214,77,1.0
92,77,1.0
49,194,1.0
99,137,1.0
85,102,0.5
176,55,0.3333333333333333
96,78,1.0
140,49,1.0
92,12,1.0
85,69,0.42857142857142855
137,157,0.6
137,208,0.6666666666666666
123,207,1.0
131,159,1.0
60,149,0.5789473684210527
184,201,1.0
126,163,1.0
99,96,1.0
184,2,1.0
137,49,0.14285714285714285
92,96,1.0
18,82,1.0
209,208,0.6
184,132,1.0
131,78,1.0
169,117,0.2
102,26,1.0
143,140,1.0
183,92,0.3333333333333333
132,24,1.0
12,78,1.0
214,179,1.0
126,176,0.25
176,200,0.6666666666666666
88,167,1.0
149,69,0.6666666666666666
86,160,1.0
2,92,1.0
99,197,1.0
150,49,1.0
124,201,1.0
102,69,0.3333333333333333
100,26,0.7142857142857143
169,49,0.5555555555555556
100,102,0.75
85,149,0.38461538461538464
85,92,0.14285714285714285
176,179,1.0
197,209,1.0
92,209,1.0
60,136,1.0
117,159,1.0
147,198,1.0
176,100,0.09090909090909091
125,30,1.0
117,18,1.0
63,110,1.0
149,102,0.07692307692307693
179,123,0.6
151,209,1.0
34,149,0.3333333333333333
131,78,1.0
140,206,0.3333333333333333
209,73,1.0
34,123,0.3333333333333333
99,96,1.0
100,26,0.7142857142857143
197,219,1.0
92,192,1.0
85,124,1.0
49,48,0.6666666666666666
128,221,1.0
160,209,1.0
143,26,1.0
140,159,1.0
85,45,0.7142857142857143
92,159,1.0
55,149,0.47368421052631576
86,212,1.0
206,73,1.0
169,131,0.5
2,151,1.0
143,45,0.3333333333333333
125,69,1.0
100,149,0.4166666666666667
161,137,0.6
214,67,1.0
123,102,1.0
206,170,1.0
92,149,0.8666666666666667
67,102,0.2
86,82,1.0
123,149,1.0
96,112,1.0
173,34,1.0
183,125,1.0
18,208,1.0
169,137,0.16666666666666666
170,167,1.0
183,26,1.0
117,159,1.0
209,48,1.0
105,88,1.0
184,209,1.0
55,200,0.3333333333333333
169,137,0.16666666666666666
154,136,1.0
2,157,1.0
169,105,0.3333333333333333
84,192,1.0
54,83,0.5
169,49,0.5555555555555556
85,77,1.0
117,78,1.0
15,209,1.0
212,105,1.0
88,48,1.0
85,179,1.0
212,49,1.0
55,183,1.0
118,82,1.0
206,137,0.2
126,183,1.0
2,96,1.0
149,69,0.6666666666666666
169,124,1.0
126,149,1.0
49,78,1.0
123,69,0.5
2,170,1.0
85,96,1.0
184,78,1.0
85,78,1.0
126,85,0.8461538461538461
121,77,1.0
26,77,1.0
123,63,0.3333333333333333
207,30,1.0
169,208,1.0
54,221,1.0
197,78,1.0
24,219,1.0
160,131,1.0
88,154,1.0
209,154,1.0
85,125,1.0
86,219,1.0
149,69,0.6666666666666666
111,82,1.0
208,191,1.0
173,77,1.0
190,221,1.0
197,209,1.0
92,201,1.0
197,96,0.75
202,69,1.0
176,77,1.0
92,200,1.0
49,170,1.0
102,69,0.3333333333333333
49,2,1.0
30,54,1.0
34,69,1.0
169,208,1.0
140,24,1.0
85,170,1.0
179,123,0.6
194,137,1.0
117,137,0.6
92,194,1.0
176,149,0.8571428571428571
117,201,1.0
48,96,0.75
48,12,1.0
140,49,1.0
88,136,1.0
55,60,0.3333333333333333
55,60,0.3333333333333333
60,176,0.3333333333333333
67,34,0.3333333333333333
178,136,1.0
117,159,1.0
140,49,1.0
26,149,0.3333333333333333
126,67,1.0
184,151,1.0
214,85,0.5
163,179,0.3333333333333333
60,176,0.3333333333333333
123,192,1.0
99,96,1.0
126,176,0.25
84,77,1.0
176,163,1.0
60,45,0.5555555555555556
126,85,0.8461538461538461
117,191,1.0
102,45,0.5
124,136,1.0
96,78,1.0
29,167,1.0
105,78,1.0
137,78,1.0
126,45,1.0
117,159,1.0
60,100,0.5714285714285714
208,78,1.0
100,149,0.4166666666666667
131,49,1.0
183,85,0.2
88,194,1.0
206,208,0.5
92,149,0.8666666666666667
86,96,1.0
118,73,1.0
183,85,0.2
176,69,1.0
55,149,0.47368421052631576
102,45,0.5
60,200,0.42857142857142855
206,194,1.0
161,157,1.0
96,15,0.3333333333333333
18,78,1.0
85,143,0.2
176,115,1.0
54,162,1.0
118,12,1.0
125,69,1.0
183,100,0.6
126,102,1.0
142,176,0.23076923076923078
105,15,1.0
176,77,1.0
24,167,1.0
111,105,1.0
173,123,1.0
123,26,1.0
176,179,1.0
209,208,0.6
206,96,1.0
150,159,1.0
85,24,1.0
176,69,1.0
60,176,0.3333333333333333
118,208,1.0
128,221,1.0
197,48,1.0
92,55,0.42857142857142855
85,184,1.0
126,125,1.0
126,60,0.8181818181818182
173,156,1.0
184,157,1.0
60,200,0.42857142857142855
200,115,1.0
82,96,0.6
126,69,1.0
117,92,0.5
60,149,0.5789473684210527
161,137,0.6
26,149,0.3333333333333333
54,128,1.0
117,96,0.14285714285714285
125,207,1.0
88,124,1.0
147,5,1.0
85,149,0.38461538461538464
163,149,0.6666666666666666
183,34,1.0
126,69,1.0
96,78,1.0
197,151,1.0
83,198,1.0
207,85,0.3333333333333333
190,147,1.0
29,136,1.0
88,201,1.0
123,77,1.0
100,69,0.8181818181818182
84,207,1.0
63,121,1.0
200,102,0.6
197,82,1.0
100,125,0.5
132,194,1.0
34,149,0.3333333333333333
60,63,1.0
126,69,1.0
169,2,0.5
140,88,0.5
149,110,1.0
197,209,1.0
163,102,1.0
55,149,0.47368421052631576
197,49,0.3333333333333333
126,85,0.8461538461538461
55,45,0.5
154,48,1.0
60,49,1.0
85,34,0.5
30,69,1.0
60,2,1.0
92,100,0.5
49,96,0.6
161,96,1.0
194,78,1.0
29,194,1.0
55,149,0.47368421052631576
184,124,1.0
55,85,0.3333333333333333
160,157,1.0
161,160,1.0
150,212,1.0
92,124,1.0
147,221,1.0
126,143,1.0
147,1,0.3333333333333333
173,149,1.0
105,184,0.3333333333333333
60,178,1.0
184,167,1.0
176,200,0.6666666666666666
99,48,1.0
183,34,1.0
123,60,0.14285714285714285
140,96,1.0
85,92,0.14285714285714285
60,149,0.5789473684210527
67,45,0.6
100,125,0.5
184,197,1.0
34,149,0.3333333333333333
140,82,1.0
100,77,1.0
123,26,1.0
88,209,1.0
48,24,1.0
183,149,1.0
176,149,0.8571428571428571
60,102,0.4
60,84,0.5
159,191,1.0
100,55,0.3333333333333333
206,208,0.5
132,201,1.0
111,208,1.0
126,183,1.0
126,34,1.0
202,176,0.5
176,149,0.8571428571428571
85,69,0.42857142857142855
34,102,0.6
111,136,1.0
100,149,0.4166666666666667
60,200,0.42857142857142855
206,154,1.0
99,96,1.0
15,39,1.0
60,34,0.7142857142857143
194,170,1.0
206,78,1.0
184,12,1.0
55,34,0.5
85,45,0.7142857142857143
126,149,1.0
149,77,1.0
207,102,1.0
117,170,1.0
60,26,0.42857142857142855
60,163,0.5
124,219,1.0
111,219,1.0
207,102,1.0
176,67,0.5
176,63,0.5
29,49,0.3333333333333333
161,209,1.0
149,45,0.2
150,137,1.0
163,149,0.6666666666666666
169,209,1.0
208,170,1.0
126,67,1.0
184,118,1.0
26,149,0.3333333333333333
100,121,1.0
183,200,1.0
137,209,0.45454545454545453
140,194,1.0
125,149,0.5789473684210527
88,194,1.0
149,77,1.0
161,197,1.0
49,48,0.6666666666666666
206,137,0.2
34,26,0.5
160,82,1.0
176,125,0.5
140,170,1.0
161,208,1.0
206,169,0.5
179,149,1.0
85,200,0.2
149,77,1.0
96,39,0.3333333333333333
209,159,1.0
183,67,0.5
176,77,1.0
60,69,0.7647058823529411
132,124,1.0
48,191,1.0
55,85,0.3333333333333333
142,176,0.23076923076923078
206,208,0.5
63,77,1.0
206,96,1.0
143,197,1.0
61,83,1.0
194,78,1.0
48,124,1.0
55,26,1.0
92,96,1.0
184,137,1.0
184,137,1.0
99,209,1.0
18,208,1.0
69,115,1.0
214,126,1.0
176,123,0.3333333333333333
178,170,1.0
197,208,1.0
60,163,0.5
169,131,0.5
34,69,1.0
92,159,1.0
117,88,1.0
169,73,1.0
85,178,1.0
140,159,1.0
209,48,1.0
178,24,1.0
212,49,1.0
140,184,1.0
157,49,1.0
214,179,1.0
111,137,1.0
169,194,1.0
169,49,0.5555555555555556
143,111,1.0
67,143,1.0
100,34,0.25
212,219,1.0
88,78,1.0
88,96,1.0
197,96,0.75
150,170,1.0
2,96,1.0
159,132,1.0
125,149,0.5789473684210527
55,123,0.6
173,100,1.0
54,198,1.0
140,208,1.0
208,48,1.0
197,159,1.0
60,67,0.3333333333333333
99,2,1.0
176,69,1.0
99,78,1.0
100,179,0.42857142857142855
34,102,0.6
169,105,0.3333333333333333
83,1,1.0
60,100,0.5714285714285714
126,60,0.8181818181818182
154,124,1.0
163,26,1.0
55,126,0.2
150,124,1.0
184,96,0.75
118,78,1.0
102,115,1.0
30,114,1.0
92,176,0.42857142857142855
92,136,1.0
55,102,0.6
200,67,0.3333333333333333
140,18,0.3333333333333333
197,118,1.0
99,137,1.0
92,123,0.3333333333333333
110,69,1.0
151,208,1.0
105,2,0.3333333333333333
143,159,1.0
48,78,1.0
60,192,1.0
117,137,0.6
49,78,1.0
92,176,0.42857142857142855
126,149,1.0
24,78,1.0
92,149,0.8666666666666667
178,124,1.0
161,82,1.0
88,48,1.0
208,132,1.0
184,131,1.0
85,48,1.0
88,78,1.0
183,200,1.0
126,115,1.0
209,78,1.0
60,34,0.7142857142857143
160,137,1.0
69,121,1.0
55,60,0.3333333333333333
117,208,1.0
15,208,1.0
202,77,1.0
126,149,1.0
1,198,1.0
207,60,0.3333333333333333
209,48,1.0
160,39,1.0
1,221,1.0
102,69,0.3333333333333333
49,136,1.0
169,96,0.5
67,45,0.6
176,26,1.0
34,45,0.3333333333333333
100,55,0.3333333333333333
92,118,1.0
2,131,1.0
190,221,1.0
54,190,1.0
142,176,0.23076923076923078
160,88,1.0
137,157,0.6
194,170,1.0
92,78,1.0
96,157,0.14285714285714285
88,96,1.0
60,69,0.7647058823529411
207,69,1.0
26,149,0.3333333333333333
206,2,1.0
126,207,1.0
163,67,1.0
34,26,0.5
34,102,0.6
117,85,0.3333333333333333
55,67,1.0
85,45,0.7142857142857143
126,149,1.0
154,132,1.0
160,151,1.0
157,78,1.0
55,149,0.47368421052631576
140,208,1.0
85,92,0.14285714285714285
123,77,1.0
85,45,0.7142857142857143
117,132,1.0
24,136,1.0
29,178,1.0
200,77,1.0
126,85,0.8461538461538461
131,96,1.0
208,78,1.0
49,105,1.0
161,157,1.0
157,208,1.0
176,77,1.0
96,167,1.0
60,85,0.058823529411764705
85,69,0.42857142857142855
60,45,0.5555555555555556
18,201,1.0
48,96,0.75
206,49,1.0
176,69,1.0
15,157,1.0
159,170,1.0
85,209,1.0
34,45,0.3333333333333333
159,73,1.0
49,48,0.6666666666666666
55,207,1.0
169,18,0.3333333333333333
183,149,1.0
209,112,1.0
85,84,1.0
126,176,0.25
84,207,1.0
159,48,0.5
99,169,1.0
63,156,1.0
92,192,1.0
173,102,1.0
18,212,1.0
85,167,1.0
100,69,0.8181818181818182
123,69,0.5
183,102,1.0
151,157,1.0
197,78,1.0
111,160,1.0
151,157,1.0
48,219,1.0
126,149,1.0
176,149,0.8571428571428571
161,206,0.3333333333333333
176,207,0.6
2,219,1.0
54,83,0.5
39,157,1.0
92,149,0.8666666666666667
208,78,1.0
125,102,0.5
123,102,1.0
125,192,1.0
159,24,1.0
63,102,1.0
176,26,1.0
49,112,1.0
84,69,1.0
85,45,0.7142857142857143
137,209,0.45454545454545453
60,176,0.3333333333333333
137,159,0.25
60,176,0.3333333333333333
117,170,1.0
183,60,0.09090909090909091
149,102,0.07692307692307693
96,157,0.14285714285714285
34,123,0.3333333333333333
85,100,0.7142857142857143
159,48,0.5
82,78,1.0
55,149,0.47368421052631576
176,149,0.8571428571428571
86,150,1.0
86,136,1.0
173,149,1.0
100,84,0.2
137,208,0.6666666666666666
100,77,1.0
197,157,1.0
117,118,1.0
100,123,1.0
48,78,1.0
169,96,0.5
17,181,1.0
117,124,1.0
137,49,0.14285714285714285
85,149,0.38461538461538464
140,194,1.0
15,151,1.0
126,100,1.0
85,100,0.7142857142857143
206,157,1.0
84,69,1.0
197,96,0.75
157,78,1.0
160,157,1.0
179,34,0.3333333333333333
18,194,1.0
60,202,0.3333333333333333
100,45,1.0
18,60,1.0
201,167,1.0
169,12,1.0
60,85,0.058823529411764705
209,194,1.0
92,55,0.42857142857142855
78,191,1.0
85,29,1.0
183,60,0.09090909090909091
105,137,0.3333333333333333
29,132,1.0
206,88,1.0
92,18,1.0
54,190,1.0
85,69,0.42857142857142855
169,96,0.5
206,169,0.5
136,219,1.0
169,118,1.0
126,92,1.0
183,176,0.14285714285714285
92,105,1.0
60,115,1.0
54,147,1.0
92,48,1.0
214,45,1.0
126,84,1.0
92,48,1.0
92,149,0.8666666666666667
140,49,1.0
190,162,1.0
2,124,1.0
60,176,0.3333333333333333
92,24,1.0
34,30,1.0
200,45,0.5
209,78,1.0
176,26,1.0
208,201,1.0
111,96,1.0
214,77,1.0
149,45,0.2
96,170,1.0
88,170,1.0
160,194,1.0
92,219,1.0
173,30,1.0
88,124,1.0
49,209,0.5
161,117,1.0
160,15,1.0
30,65,1.0
117,194,1.0
169,105,0.3333333333333333
197,124,1.0
140,78,1.0
92,60,0.2727272727272727
176,102,1.0
100,123,1.0
60,149,0.5789473684210527
202,200,1.0
45,63,1.0
183,200,1.0
26,69,0.3333333333333333
65,128,1.0
140,85,1.0
179,77,1.0
85,163,1.0
137,159,0.25
198,162,1.0
143,86,1.0
92,154,1.0
197,49,0.3333333333333333
176,179,1.0
126,176,0.25
214,123,0.3333333333333333
183,63,1.0
197,157,1.0
179,149,1.0
206,209,1.0
137,157,0.6
176,69,1.0
184,169,1.0
206,159,0.3333333333333333
197,159,1.0
18,137,1.0
117,194,1.0
208,194,1.0
29,48,1.0
126,102,1.0
105,96,0.42857142857142855
92,197,1.0
176,102,1.0
102,26,1.0
2,137,1.0
117,12,1.0
190,5,1.0
111,24,1.0
169,137,0.16666666666666666
117,124,1.0
169,208,1.0
190,1,1.0
100,84,0.2
92,102,1.0
183,149,1.0
85,102,0.5
173,34,1.0
2,15,1.0
159,208,0.3333333333333333
114,147,0.3333333333333333
117,49,0.25
54,162,1.0
176,102,1.0
194,112,1.0
140,12,1.0
100,149,0.4166666666666667
126,115,1.0
212,159,1.0
173,207,1.0
100,26,0.7142857142857143
117,96,0.14285714285714285
29,137,1.0
55,77,1.0
169,137,0.16666666666666666
85,102,0.5
161,140,1.0
29,154,1.0
163,149,0.6666666666666666
60,176,0.3333333333333333
100,102,0.75
125,149,0.5789473684210527
85,69,0.42857142857142855
85,18,1.0
183,69,1.0
123,183,0.3333333333333333
29,212,1.0
184,157,1.0
60,45,0.5555555555555556
206,169,0.5
206,82,1.0
126,100,1.0
161,137,0.6
92,26,1.0
99,151,1.0
117,197,1.0
160,137,1.0
149,69,0.6666666666666666
169,78,1.0
202,63,1.0
85,208,1.0
184,154,1.0
117,194,1.0
86,124,1.0
85,82,1.0
99,117,1.0
123,30,1.0
176,67,0.5
160,169,0.3333333333333333
54,1,1.0
96,194,0.42857142857142855
207,45,1.0
140,160,1.0
169,150,1.0
100,102,0.75
49,194,1.0
161,88,1.0
60,149,0.5789473684210527
178,201,1.0
197,208,1.0
60,69,0.7647058823529411
184,73,1.0
176,156,1.0
1,221,1.0
169,209,1.0
117,154,1.0
137,219,1.0
86,49,1.0
137,208,0.6666666666666666
197,82,1.0
184,194,1.0
105,78,1.0
92,159,1.0
118,96,1.0
169,112,1.0
83,114,1.0
143,63,1.0
207,85,0.3333333333333333
1,221,1.0
99,131,1.0
60,200,0.42857142857142855
117,96,0.14285714285714285
143,212,1.0
54,147,1.0
60,67,0.3333333333333333
60,45,0.5555555555555556
149,77,1.0
92,124,1.0
140,78,1.0
92,34,1.0
126,100,1.0
126,77,1.0
173,26,1.0
161,105,1.0
123,85,0.6
88,170,1.0
143,149,0.2
137,78,1.0
85,192,1.0
100,192,1.0
140,208,1.0
100,30,1.0
159,201,1.0
184,159,1.0
169,209,1.0
206,117,1.0
176,69,1.0
131,159,1.0
34,192,1.0
55,149,0.47368421052631576
137,15,1.0
60,34,0.7142857142857143
160,197,0.3333333333333333
49,73,1.0
114,1,1.0
100,110,0.2
92,176,0.42857142857142855
2,159,1.0
105,78,1.0
160,157,1.0
88,29,1.0
92,197,1.0
100,34,0.25
55,183,1.0
60,85,0.058823529411764705
117,150,1.0
169,159,0.6666666666666666
214,67,1.0
60,149,0.5789473684210527
92,96,1.0
100,192,1.0
100,45,1.0
126,45,1.0
125,149,0.5789473684210527
96,191,1.0
110,179,1.0
124,96,0.3333333333333333
183,85,0.2
65,190,1.0
125,192,1.0
143,179,1.0
126,200,1.0
214,63,1.0
160,209,1.0
209,24,1.0
149,69,0.6666666666666666
212,24,1.0
100,123,1.0
92,49,1.0
60,176,0.3333333333333333
117,49,0.25
48,96,0.75
140,48,1.0
206,124,1.0
99,169,1.0
12,194,1.0
184,194,1.0
184,137,1.0
208,219,1.0
160,117,1.0
126,67,1.0
176,125,0.5
92,69,0.6666666666666666
96,39,0.3333333333333333
184,88,1.0
117,1,1.0
184,96,0.75
60,26,0.42857142857142855
117,209,0.1111111111111111
206,49,1.0
67,34,0.3333333333333333
197,78,1.0
26,77,1.0
178,49,1.0
160,15,1.0
126,192,1.0
124,78,1.0
100,149,0.4166666666666667
48,191,1.0
117,167,1.0
160,117,1.0
118,96,1.0
214,121,1.0
105,209,0.3333333333333333
26,149,0.3333333333333333
137,49,0.14285714285714285
183,85,0.2
60,69,0.7647058823529411
49,136,1.0
123,45,1.0
117,12,1.0
157,131,1.0
143,208,1.0
117,24,1.0
161,78,1.0
176,149,0.8571428571428571
29,111,1.0
149,69,0.6666666666666666
29,219,1.0
173,192,1.0
173,100,1.0
117,132,1.0
60,100,0.5714285714285714
92,88,1.0
85,149,0.38461538461538464
125,123,1.0
209,194,1.0
60,149,0.5789473684210527
126,183,1.0
88,150,1.0
30,190,1.0
208,96,0.25
100,200,0.25
123,115,1.0
117,92,0.5
143,163,1.0
212,124,1.0
209,170,1.0
209,178,1.0
92,49,1.0
100,149,0.4166666666666667
137,209,0.45454545454545453
161,78,1.0
82,96,0.6
123,69,0.5
100,69,0.8181818181818182
179,77,1.0
169,2,0.5
206,137,0.2
176,77,1.0
123,207,1.0
176,149,0.8571428571428571
61,54,1.0
214,163,1.0
96,191,1.0
183,115,1.0
184,208,1.0
105,137,0.3333333333333333
96,157,0.14285714285714285
208,88,1.0
169,96,0.5
209,201,1.0
179,45,0.3333333333333333
105,12,1.0
117,49,0.25
126,92,1.0
183,69,1.0
117,82,1.0
105,209,0.3333333333333333
184,96,0.75
73,12,1.0
197,159,1.0
160,96,0.42857142857142855
169,2,0.5
83,1,1.0
160,2,1.0
214,149,1.0
18,105,1.0
197,131,1.0
126,69,1.0
169,49,0.5555555555555556
126,100,1.0
184,78,1.0
197,73,1.0
48,194,0.3333333333333333
100,69,0.8181818181818182
117,92,0.5
150,178,1.0
140,124,1.0
63,69,0.5
159,124,1.0
126,85,0.8461538461538461
209,159,1.0
132,137,1.0
206,96,1.0
92,45,1.0
161,169,1.0
55,126,0.2
124,96,0.3333333333333333
100,63,0.6
92,200,1.0
49,96,0.6
60,202,0.3333333333333333
55,102,0.6
160,208,1.0
92,149,0.8666666666666667
176,102,1.0
207,200,1.0
209,194,1.0
176,125,0.5
117,18,1.0
176,100,0.09090909090909091
161,99,1.0
126,45,1.0
92,149,0.8666666666666667
126,149,1.0
105,209,0.3333333333333333
131,124,1.0
92,115,1.0
149,102,0.07692307692307693
67,26,0.3333333333333333
212,2,1.0
126,92,1.0
99,137,1.0
143,100,1.0
18,105,1.0
143,34,1.0
92,55,0.42857142857142855
78,167,1.0
173,149,1.0
67,143,1.0
34,102,0.6
149,69,0.6666666666666666
206,209,1.0
60,149,0.5789473684210527
163,69,0.3333333333333333
126,207,1.0
117,124,1.0
137,159,0.25
18,124,1.0
169,209,1.0
200,69,0.6666666666666666
183,34,1.0
45,26,1.0
92,176,0.42857142857142855
184,157,1.0
114,147,0.3333333333333333
131,209,1.0
202,176,0.5
117,73,1.0
149,102,0.07692307692307693
149,69,0.6666666666666666
92,63,1.0
157,209,1.0
117,88,1.0
208,48,1.0
88,24,1.0
159,96,0.3333333333333333
160,209,1.0
160,2,1.0
118,194,1.0
160,197,0.3333333333333333
169,170,1.0
15,209,1.0
202,176,0.5
126,102,1.0
117,118,1.0
123,63,0.3333333333333333
159,167,1.0
157,209,1.0
176,156,1.0
82,12,1.0
202,63,1.0
92,60,0.2727272727272727
169,208,1.0
60,69,0.7647058823529411
92,163,0.3333333333333333
176,55,0.3333333333333333
208,167,1.0
118,18,1.0
124,191,1.0
34,69,1.0
169,131,0.5
49,48,0.6666666666666666
194,167,1.0
125,149,0.5789473684210527
92,100,0.5
55,143,1.0
100,26,0.7142857142857143
117,29,1.0
184,137,1.0
85,125,1.0
49,82,1.0
85,96,1.0
176,149,0.8571428571428571
92,29,1.0
161,2,1.0
183,115,1.0
202,200,1.0
92,26,1.0
99,160,1.0
60,176,0.3333333333333333
83,1,1.0
105,184,0.3333333333333333
24,137,1.0
34,77,1.0
176,102,1.0
55,34,0.5
1,221,1.0
200,45,0.5
184,170,1.0
150,132,1.0
140,88,0.5
140,96,1.0
208,73,1.0
137,209,0.45454545454545453
18,96,1.0
100,123,1.0
100,125,0.5
100,30,1.0
60,34,0.7142857142857143
131,170,1.0
212,48,1.0
92,34,1.0
173,123,1.0
99,15,1.0
60,179,0.5
137,73,1.0
178,212,1.0
63,179,0.3333333333333333
110,121,1.0
88,24,1.0
179,102,0.3333333333333333
209,191,1.0
117,78,1.0
140,170,1.0
161,137,0.6
60,69,0.7647058823529411
214,26,1.0
61,54,1.0
100,163,0.6
123,183,0.3333333333333333
137,151,0.3333333333333333
105,96,0.42857142857142855
178,49,1.0
49,208,0.6
150,154,1.0
176,69,1.0
15,131,1.0
100,149,0.4166666666666667
143,140,1.0
15,209,1.0
105,2,0.3333333333333333
96,157,0.14285714285714285
184,209,1.0
126,85,0.8461538461538461
161,184,1.0
102,143,0.3333333333333333
12,191,1.0
149,192,1.0
184,209,1.0
18,111,1.0
105,96,0.42857142857142855
121,123,1.0
29,24,1.0
92,149,0.8666666666666667
160,159,1.0
88,178,1.0
176,69,1.0
99,184,1.0
214,115,1.0
194,167,1.0
126,67,1.0
85,69,0.42857142857142855
82,194,1.0
137,209,0.45454545454545453
214,200,0.3333333333333333
149,77,1.0
73,78,1.0
140,49,1.0
157,117,0.3333333333333333
126,85,0.8461538461538461
49,201,1.0
173,67,1.0
100,149,0.4166666666666667
137,12,1.0
200,8,1.0
140,111,1.0
184,197,1.0
18,159,1.0
206,49,1.0
39,209,1.0
179,26,0.3333333333333333
85,63,1.0
48,96,0.75
85,125,1.0
88,132,1.0
214,179,1.0
39,117,1.0
169,88,1.0
92,60,0.2727272727272727
118,191,1.0
49,194,1.0
169,208,1.0
96,78,1.0
48,96,0.75
117,78,1.0
92,179,1.0
60,149,0.5789473684210527
157,73,1.0
60,69,0.7647058823529411
99,157,1.0
125,149,0.5789473684210527
161,49,1.0
60,69,0.7647058823529411
60,200,0.42857142857142855
200,102,0.6
67,149,0.2
200,156,1.0
131,96,1.0
55,102,0.6
102,69,0.3333333333333333
214,69,0.5
15,159,1.0
65,1,1.0
100,45,1.0
117,24,1.0
176,125,0.5
159,78,1.0
60,45,0.5555555555555556
55,69,1.0
151,131,1.0
92,100,0.5
85,149,0.38461538461538464
159,111,1.0
183,92,0.3333333333333333
117,48,1.0
126,45,1.0
100,55,0.3333333333333333
178,132,1.0
92,149,0.8666666666666667
140,48,1.0
149,45,0.2
85,69,0.42857142857142855
29,194,1.0
183,45,1.0
26,84,1.0
55,102,0.6
88,201,1.0
156,121,1.0
184,169,1.0
2,88,1.0
125,77,1.0
126,84,1.0
140,132,1.0
92,69,0.6666666666666666
126,200,1.0
149,63,0.2
126,102,1.0
206,169,0.5
137,208,0.6666666666666666
111,208,1.0
176,149,0.8571428571428571
60,69,0.7647058823529411
48,124,1.0
140,154,1.0
18,194,1.0
55,149,0.47368421052631576
176,69,1.0
49,208,0.6
159,191,1.0
160,2,1.0
82,194,1.0
49,96,0.6
60,149,0.5789473684210527
149,192,1.0
183,100,0.6
161,209,1.0
160,151,1.0
100,34,0.25
18,96,1.0
60,63,1.0
126,149,1.0
176,115,1.0
147,162,1.0
194,201,1.0
160,96,0.42857142857142855
85,154,1.0
100,125,0.5
140,88,0.5
85,194,1.0
140,105,1.0
117,112,1.0
163,77,1.0
149,69,0.6666666666666666
48,136,1.0
2,197,0.3333333333333333
206,96,1.0
183,69,1.0
63,102,1.0
214,102,1.0
105,191,1.0
60,100,0.5714285714285714
202,214,1.0
-1,-1