92,73,1.0
121,69,1.0
99,137,1.0
126,149,1.0
92,69,0.6666666666666666
184,209,1.0
100,45,1.0
92,125,0.2
161,117,1.0
55,192,1.0
92,173,1.0
161,157,1.0
200,149,0.6
99,209,1.0
200,45,1.0
82,78,1.0
2,208,1.0
117,167,1.0
160,157,1.0
102,110,1.0
176,67,1.0
206,73,1.0
125,77,1.0
123,69,0.6
214,149,0.5
160,136,1.0
125,192,1.0
149,69,0.75
206,137,0.2727272727272727
55,123,0.3333333333333333
169,15,0.5
125,55,0.14285714285714285
55,149,0.5294117647058824
86,137,1.0
92,137,1.0
95,147,1.0
125,77,1.0
88,170,1.0
92,212,1.0
114,147,0.3333333333333333
55,102,0.6666666666666666
67,69,0.7142857142857143
184,12,1.0
83,198,1.0
92,77,1.0
2,88,1.0
183,26,1.0
100,149,0.5384615384615384
140,105,1.0
100,26,0.6666666666666666
92,163,1.0
24,136,1.0
126,142,1.0
92,131,1.0
176,115,1.0
143,140,1.0
190,147,1.0
160,169,0.6666666666666666
88,201,1.0
34,69,0.6
206,177,1.0
118,105,1.0
123,26,1.0
117,92,0.5
18,137,1.0
96,190,0.5
100,156,1.0
126,149,1.0
150,201,1.0
200,8,1.0
176,207,0.5
2,137,1.0
125,207,1.0
18,105,1.0
197,159,1.0
176,102,1.0
49,201,1.0
197,124,1.0
169,209,1.0
202,179,1.0
126,26,1.0
194,124,1.0
54,162,1.0
96,221,1.0
154,78,1.0
176,77,1.0
92,192,1.0
132,137,1.0
206,208,0.5
183,207,1.0
176,102,1.0
150,78,1.0
100,102,0.5
169,209,1.0
202,142,1.0
18,159,1.0
49,124,1.0
60,163,0.3333333333333333
179,149,1.0
117,197,1.0
88,132,1.0
55,85,0.2
18,209,1.0
140,18,1.0
60,77,1.0
169,15,0.5
190,221,1.0
100,8,1.0
125,69,1.0
149,69,0.75
83,221,1.0
151,137,0.3333333333333333
169,157,0.6666666666666666
197,212,1.0
161,159,1.0
198,162,1.0
55,85,0.2
100,69,1.0
202,100,0.5
160,209,1.0
29,24,1.0
2,157,1.0
114,221,1.0
176,77,1.0
159,78,1.0
92,55,0.5
86,197,1.0
149,69,0.75
117,29,1.0
140,78,1.0
60,77,1.0
149,207,1.0
117,209,0.14285714285714285
173,149,1.0
169,117,0.3333333333333333
29,194,1.0
63,156,1.0
92,49,1.0
126,123,1.0
206,209,1.0
178,201,1.0
147,162,1.0
151,157,1.0
85,49,1.0
60,149,0.07692307692307693
157,112,1.0
92,208,1.0
179,149,1.0
100,179,0.7142857142857143
143,105,1.0
208,209,1.0
86,178,1.0
212,124,1.0
100,67,0.5
161,197,1.0
183,69,1.0
92,191,1.0
140,209,1.0
179,123,0.6
169,208,0.5
92,209,1.0
92,102,0.5
92,34,1.0
121,123,1.0
209,201,1.0
86,208,1.0
160,169,0.6666666666666666
169,177,1.0
149,77,1.0
102,69,0.7777777777777778
183,142,0.3333333333333333
161,131,1.0
143,169,1.0
160,159,1.0
117,49,0.6666666666666666
92,78,1.0
190,221,1.0
60,102,0.6
126,192,1.0
173,123,1.0
92,69,0.6666666666666666
95,83,1.0
92,45,0.5
100,77,1.0
60,123,0.3333333333333333
26,77,1.0
34,45,1.0
49,209,1.0
60,100,0.5
60,200,0.6
212,137,1.0
125,69,1.0
184,209,1.0
123,45,1.0
142,176,0.06666666666666667
140,136,1.0
161,160,1.0
105,194,1.0
126,100,1.0
140,105,1.0
209,112,1.0
86,159,1.0
149,63,1.0
160,105,1.0
169,159,1.0
197,73,1.0
202,69,0.3333333333333333
85,183,0.25
96,198,1.0
154,170,1.0
126,69,1.0
54,1,1.0
96,5,1.0
26,69,0.6666666666666666
176,77,1.0
100,8,1.0
125,192,1.0
176,183,0.3333333333333333
126,60,0.5
209,124,1.0
176,102,1.0
117,78,1.0
85,69,0.23076923076923078
151,209,1.0
169,194,0.3333333333333333
126,176,0.5
176,60,0.2
54,83,1.0
161,2,1.0
184,105,1.0
161,137,1.0
149,69,0.75
200,102,1.0
86,169,1.0
99,169,1.0
118,73,1.0
197,209,1.0
102,69,0.7777777777777778
207,102,1.0
173,179,1.0
160,209,1.0
176,149,0.7777777777777778
123,207,1.0
85,60,0.3333333333333333
149,69,0.75
117,136,1.0
84,77,1.0
179,67,1.0
60,149,0.07692307692307693
183,26,1.0
200,202,1.0
1,198,1.0
102,115,1.0
197,137,1.0
102,69,0.7777777777777778
117,170,1.0
100,179,0.7142857142857143
176,69,1.0
45,77,1.0
137,49,0.42857142857142855
30,221,1.0
201,167,1.0
160,209,1.0
117,170,1.0
137,154,1.0
176,125,1.0
110,100,0.2
85,202,1.0
111,160,1.0
60,49,1.0
140,194,1.0
176,163,1.0
140,194,1.0
184,169,1.0
159,170,1.0
85,192,1.0
126,102,1.0
60,214,0.5
105,137,1.0
151,137,0.3333333333333333
183,102,1.0
26,69,0.6666666666666666
143,140,1.0
208,29,1.0
1,128,1.0
2,157,1.0
84,100,0.3333333333333333
206,137,0.2727272727272727
142,115,1.0
178,137,1.0
154,201,1.0
86,140,1.0
160,151,1.0
26,60,0.3333333333333333
176,30,1.0
202,100,0.5
140,82,1.0
117,191,1.0
179,26,0.3333333333333333
176,123,0.75
26,149,0.5
208,88,1.0
92,125,0.2
26,149,0.5
206,159,1.0
85,123,1.0
60,34,1.0
190,147,1.0
179,123,0.6
60,214,0.5
60,179,1.0
85,45,0.7142857142857143
85,150,1.0
176,77,1.0
92,88,1.0
18,12,1.0
18,159,1.0
206,169,0.8
67,115,1.0
169,208,0.5
176,102,1.0
160,15,1.0
197,78,1.0
209,170,1.0
100,63,1.0
2,169,0.3333333333333333
140,159,1.0
149,207,1.0
100,179,0.7142857142857143
55,207,1.0
54,221,1.0
206,78,1.0
206,117,1.0
117,85,1.0
169,209,1.0
117,194,1.0
55,34,1.0
12,78,1.0
202,63,1.0
156,179,1.0
60,69,0.8666666666666667
85,142,0.3333333333333333
100,149,0.5384615384615384
60,78,1.0
123,63,0.5
202,45,1.0
67,85,0.14285714285714285
65,1,1.0
149,69,0.75
173,163,1.0
163,77,1.0
85,77,1.0
184,157,1.0
100,121,1.0
85,77,1.0
197,131,1.0
39,209,1.0
60,125,0.2
169,78,1.0
200,121,1.0
26,207,1.0
92,60,0.7142857142857143
197,160,1.0
118,159,1.0
161,209,1.0
208,124,1.0
126,34,1.0
117,209,0.14285714285714285
30,69,1.0
214,176,0.3333333333333333
117,159,1.0
140,49,0.6666666666666666
209,78,1.0
163,156,1.0
100,63,1.0
149,69,0.75
100,125,0.14285714285714285
126,60,0.5
85,69,0.23076923076923078
169,117,0.3333333333333333
92,100,0.7142857142857143
92,176,0.3333333333333333
202,34,0.5
176,69,1.0
176,69,1.0
99,169,1.0
110,100,0.2
118,209,1.0
117,209,0.14285714285714285
123,102,1.0
92,150,1.0
61,54,1.0
92,26,1.0
125,149,0.5
184,209,1.0
111,105,1.0
176,63,0.6
39,169,1.0
117,150,1.0
85,123,1.0
209,78,1.0
208,82,1.0
60,45,0.5
150,212,1.0
209,159,0.5
92,69,0.6666666666666666
1,221,1.0
197,78,1.0
183,77,1.0
55,30,1.0
126,176,0.5
169,194,0.3333333333333333
65,54,1.0
100,34,1.0
73,78,1.0
194,124,1.0
137,49,0.42857142857142855
99,159,1.0
178,24,1.0
54,221,1.0
100,77,1.0
208,209,1.0
78,167,1.0
179,34,0.5
85,194,1.0
124,12,1.0
202,176,0.3333333333333333
154,24,1.0
100,45,1.0
60,69,0.8666666666666667
60,100,0.5
84,69,1.0
212,160,1.0
60,69,0.8666666666666667
194,170,1.0
85,60,0.3333333333333333
117,201,1.0
114,5,1.0
85,142,0.3333333333333333
105,151,1.0
49,12,1.0
85,84,1.0
131,73,1.0
100,123,0.6
125,149,0.5
160,78,1.0
117,194,1.0
60,77,1.0
92,34,1.0
176,125,1.0
126,183,1.0
140,49,0.6666666666666666
92,149,0.5555555555555556
85,84,1.0
60,100,0.5
65,5,1.0
55,26,1.0
117,132,1.0
123,149,0.25
49,15,1.0
49,194,0.5
151,78,1.0
176,149,0.7777777777777778
60,69,0.8666666666666667
206,49,0.5
102,69,0.7777777777777778
117,209,0.14285714285714285
55,207,1.0
208,78,1.0
92,183,1.0
149,69,0.75
214,85,1.0
208,159,1.0
176,156,1.0
18,2,1.0
176,67,1.0
208,194,1.0
142,176,0.06666666666666667
85,194,1.0
142,63,1.0
86,105,1.0
60,100,0.5
169,209,1.0
150,124,1.0
67,69,0.7142857142857143
176,100,0.25
206,194,1.0
183,67,0.3333333333333333
207,69,1.0
86,208,1.0
206,49,0.5
173,63,1.0
63,69,0.6
84,149,0.42857142857142855
126,85,0.6923076923076923
176,67,1.0
84,149,0.42857142857142855
85,45,0.7142857142857143
1,221,1.0
150,154,1.0
194,78,1.0
159,12,1.0
123,63,0.5
99,137,1.0
176,149,0.7777777777777778
206,137,0.2727272727272727
160,137,1.0
206,159,1.0
214,69,1.0
200,163,1.0
117,88,1.0
163,67,1.0
24,78,1.0
126,102,1.0
55,149,0.5294117647058824
160,209,1.0
126,69,1.0
184,18,1.0
126,102,1.0
214,126,1.0
60,183,0.14285714285714285
92,18,1.0
132,167,1.0
126,60,0.5
176,69,1.0
169,209,1.0
18,160,1.0
82,73,1.0
49,208,0.2
169,137,0.2
128,5,1.0
99,117,1.0
128,221,1.0
117,82,1.0
105,157,1.0
117,78,1.0
49,105,1.0
49,82,1.0
163,149,0.5
85,60,0.3333333333333333
60,69,0.8666666666666667
163,121,1.0
60,111,1.0
161,105,1.0
209,124,1.0
197,208,1.0
63,69,0.6
178,136,1.0
208,132,1.0
200,69,1.0
176,26,1.0
140,201,1.0
179,102,0.3333333333333333
85,88,1.0
131,159,1.0
200,179,0.5
142,163,1.0
65,190,1.0
96,1,0.3333333333333333
125,149,0.5
150,136,1.0
125,149,0.5
67,123,0.5
183,102,1.0
184,191,1.0
176,30,1.0
123,149,0.25
149,77,1.0
92,200,1.0
149,192,1.0
125,149,0.5
178,49,0.3333333333333333
125,34,0.3333333333333333
142,176,0.06666666666666667
160,169,0.6666666666666666
126,67,1.0
60,115,1.0
160,209,1.0
131,105,1.0
183,69,1.0
100,192,1.0
200,45,1.0
83,147,1.0
142,60,0.6666666666666666
99,169,1.0
169,131,1.0
96,190,0.5
100,77,1.0
92,194,1.0
178,154,1.0
85,202,1.0
176,125,1.0
149,77,1.0
126,92,1.0
176,69,1.0
34,77,1.0
100,77,1.0
149,77,1.0
95,114,1.0
117,132,1.0
110,8,1.0
126,123,1.0
99,208,1.0
202,214,1.0
55,149,0.5294117647058824
45,207,1.0
159,124,1.0
54,198,1.0
85,125,1.0
200,149,0.6
86,140,1.0
105,15,1.0
200,179,0.5
55,207,1.0
169,137,0.2
197,105,1.0
60,178,1.0
49,209,1.0
184,137,1.0
96,114,0.3333333333333333
85,100,0.6
92,202,1.0
60,34,1.0
123,77,1.0
157,137,0.2
100,121,1.0
92,60,0.7142857142857143
117,159,1.0
156,30,1.0
45,102,0.2
88,29,1.0
212,140,1.0
92,163,1.0
137,201,1.0
99,151,1.0
163,26,1.0
161,209,1.0
142,176,0.06666666666666667
100,69,1.0
55,183,1.0
54,128,1.0
85,178,1.0
214,85,1.0
126,173,1.0
60,149,0.07692307692307693
88,194,1.0
176,179,1.0
209,150,1.0
1,5,1.0
88,78,1.0
1,162,1.0
105,209,1.0
117,197,1.0
92,26,1.0
60,183,0.14285714285714285
18,201,1.0
197,73,1.0
194,136,1.0
183,115,1.0
92,207,1.0
85,163,1.0
184,112,1.0
184,206,0.3333333333333333
123,149,0.25
49,159,0.3333333333333333
208,12,1.0
206,157,1.0
140,159,1.0
99,105,1.0
60,207,1.0
176,69,1.0
160,2,1.0
169,208,0.5
96,83,0.6666666666666666
169,78,1.0
176,207,0.5
117,124,1.0
184,206,0.3333333333333333
99,118,1.0
100,149,0.5384615384615384
206,88,1.0
149,102,0.16666666666666666
143,2,1.0
184,88,1.0
149,102,0.16666666666666666
154,124,1.0
105,124,1.0
18,212,1.0
184,169,1.0
179,149,1.0
212,2,1.0
30,162,1.0
202,69,0.3333333333333333
123,26,1.0
160,49,1.0
126,102,1.0
132,136,1.0
92,178,1.0
126,176,0.5
126,45,1.0
126,92,1.0
85,149,0.2
85,45,0.7142857142857143
169,112,0.3333333333333333
142,69,0.5
100,149,0.5384615384615384
63,69,0.6
206,209,1.0
102,77,1.0
60,102,0.6
176,60,0.2
85,26,0.5
39,160,1.0
60,102,0.6
117,191,1.0
92,149,0.5555555555555556
55,149,0.5294117647058824
169,137,0.2
176,100,0.25
55,26,1.0
143,60,1.0
183,125,1.0
169,208,0.5
2,117,1.0
161,208,1.0
60,125,0.2
54,5,1.0
140,208,1.0
39,177,1.0
67,85,0.14285714285714285
194,170,1.0
99,92,1.0
137,78,1.0
60,34,1.0
92,149,0.5555555555555556
126,69,1.0
137,124,1.0
143,49,1.0
126,69,1.0
149,207,1.0
102,69,0.7777777777777778
179,77,1.0
178,111,1.0
176,55,0.3333333333333333
126,85,0.6923076923076923
142,26,1.0
92,78,1.0
160,157,1.0
190,1,1.0
60,63,1.0
60,67,0.6
85,201,1.0
169,137,0.2
88,167,1.0
200,102,1.0
169,159,1.0
54,190,0.3333333333333333
176,63,0.6
92,82,1.0
163,100,0.3333333333333333
124,167,1.0
176,102,1.0
126,85,0.6923076923076923
179,102,0.3333333333333333
126,67,1.0
85,149,0.2
92,77,1.0
69,77,0.5
142,125,0.3333333333333333
54,221,1.0
137,78,1.0
92,45,0.5
100,34,1.0
92,149,0.5555555555555556
179,34,0.5
55,102,0.6666666666666666
92,24,1.0
140,169,0.3333333333333333
55,142,1.0
88,170,1.0
124,136,1.0
140,206,0.3333333333333333
140,206,0.3333333333333333
67,69,0.7142857142857143
150,167,1.0
55,149,0.5294117647058824
197,124,1.0
143,160,1.0
176,60,0.2
100,207,1.0
92,12,1.0
111,137,1.0
26,60,0.3333333333333333
184,201,1.0
176,60,0.2
84,102,0.3333333333333333
39,105,1.0
85,60,0.3333333333333333
208,73,1.0
176,123,0.75
92,123,1.0
209,191,1.0
160,209,1.0
184,117,0.14285714285714285
183,200,0.3333333333333333
49,124,1.0
161,78,1.0
60,208,1.0
160,157,1.0
99,157,1.0
100,69,1.0
92,173,1.0
117,82,1.0
183,69,1.0
60,149,0.07692307692307693
161,194,1.0
214,179,1.0
183,149,0.3333333333333333
30,190,1.0
49,12,1.0
92,124,1.0
160,137,1.0
176,69,1.0
169,137,0.2
202,63,1.0
29,154,1.0
183,142,0.3333333333333333
2,209,1.0
117,194,1.0
55,60,0.3333333333333333
60,67,0.6
207,102,1.0
92,67,1.0
60,100,0.5
157,73,1.0
60,163,0.3333333333333333
55,149,0.5294117647058824
55,100,0.3333333333333333
206,197,1.0
88,24,1.0
176,149,0.7777777777777778
67,121,1.0
88,136,1.0
176,26,1.0
125,149,0.5
26,200,0.3333333333333333
2,209,1.0
100,30,1.0
92,29,1.0
143,18,1.0
55,69,1.0
84,102,0.3333333333333333
169,112,0.3333333333333333
49,208,0.2
118,12,1.0
160,112,1.0
39,112,1.0
34,63,1.0
118,137,1.0
206,209,1.0
60,183,0.14285714285714285
184,159,1.0
161,206,0.3333333333333333
30,147,1.0
156,110,1.0
45,63,1.0
184,137,1.0
140,18,1.0
176,125,1.0
176,69,1.0
96,83,0.6666666666666666
92,26,1.0
209,78,1.0
49,161,1.0
176,102,1.0
176,156,1.0
125,34,0.3333333333333333
105,137,1.0
85,115,1.0
49,170,1.0
88,49,0.3333333333333333
115,69,0.3333333333333333
73,78,1.0
96,114,0.3333333333333333
143,111,1.0
60,125,0.2
176,121,1.0
60,200,0.6
200,69,1.0
140,169,0.3333333333333333
102,69,0.7777777777777778
60,2,1.0
30,192,1.0
99,209,1.0
176,63,0.6
83,147,1.0
142,100,1.0
99,2,1.0
206,208,0.5
202,77,1.0
99,78,1.0
142,100,1.0
105,157,1.0
84,149,0.42857142857142855
111,159,1.0
100,69,1.0
88,49,0.3333333333333333
184,194,1.0
137,170,1.0
39,169,1.0
85,78,1.0
126,149,1.0
176,102,1.0
117,83,1.0
183,67,0.3333333333333333
92,149,0.5555555555555556
176,123,0.75
126,85,0.6923076923076923
159,78,1.0
92,132,1.0
202,60,0.5
49,194,0.5
137,49,0.42857142857142855
15,117,1.0
96,221,1.0
184,124,1.0
92,77,1.0
142,60,0.6666666666666666
206,169,0.8
86,124,1.0
149,115,1.0
85,154,1.0
126,84,1.0
123,125,0.3333333333333333
99,160,1.0
2,208,1.0
179,55,1.0
100,26,0.6666666666666666
85,183,0.25
49,157,1.0
183,63,1.0
200,63,0.3333333333333333
123,125,0.3333333333333333
92,45,0.5
117,96,1.0
92,55,0.5
125,84,0.14285714285714285
55,69,1.0
118,78,1.0
197,137,1.0
200,149,0.6
176,125,1.0
169,209,1.0
149,102,0.16666666666666666
92,60,0.7142857142857143
100,34,1.0
183,149,0.3333333333333333
209,78,1.0
140,150,1.0
18,105,1.0
118,18,1.0
143,208,1.0
169,159,1.0
117,167,1.0
200,69,1.0
159,136,1.0
197,18,1.0
126,45,1.0
149,63,1.0
92,49,1.0
160,105,1.0
173,125,1.0
184,78,1.0
126,77,1.0
160,78,1.0
92,49,1.0
126,92,1.0
18,82,1.0
92,137,1.0
200,179,0.5
176,102,1.0
190,1,1.0
99,160,1.0
208,137,0.3333333333333333
161,169,1.0
140,154,1.0
100,200,0.14285714285714285
92,100,0.7142857142857143
150,170,1.0
206,208,0.5
190,162,1.0
208,88,1.0
60,100,0.5
214,77,1.0
150,159,1.0
194,137,0.3333333333333333
100,69,1.0
26,200,0.3333333333333333
126,85,0.6923076923076923
100,26,0.6666666666666666
60,67,0.6
160,131,1.0
161,169,1.0
125,69,1.0
77,192,1.0
95,96,1.0
183,45,1.0
140,132,1.0
117,12,1.0
149,192,1.0
1,5,1.0
209,137,0.14285714285714285
126,207,1.0
60,102,0.6
163,149,0.5
126,60,0.5
117,194,1.0
140,208,1.0
18,60,1.0
125,55,0.14285714285714285
126,69,1.0
86,111,1.0
100,125,0.14285714285714285
84,149,0.42857142857142855
117,167,1.0
173,34,1.0
92,179,1.0
169,177,1.0
173,26,1.0
69,77,0.5
61,1,1.0
18,24,1.0
126,85,0.6923076923076923
2,112,1.0
85,167,1.0
142,77,1.0
60,149,0.07692307692307693
95,190,1.0
99,73,1.0
126,85,0.6923076923076923
197,160,1.0
55,200,1.0
173,121,1.0
126,69,1.0
128,221,1.0
154,167,1.0
161,82,1.0
67,45,0.6
26,69,0.6666666666666666
160,2,1.0
105,177,1.0
117,88,1.0
184,137,1.0
206,131,1.0
161,206,0.3333333333333333
209,24,1.0
184,78,1.0
200,207,1.0
86,49,1.0
163,179,1.0
126,69,1.0
92,77,1.0
117,1,1.0
65,128,1.0
45,149,0.2
86,60,1.0
208,157,1.0
55,69,1.0
85,69,0.23076923076923078
88,194,1.0
82,137,1.0
176,149,0.7777777777777778
126,67,1.0
117,88,1.0
160,157,1.0
117,92,0.5
54,147,1.0
179,123,0.6
88,201,1.0
183,179,1.0
117,178,1.0
100,45,1.0
206,124,1.0
85,92,0.3333333333333333
60,149,0.07692307692307693
126,100,1.0
26,149,0.5
63,102,1.0
140,137,0.3333333333333333
96,65,1.0
163,45,1.0
45,142,1.0
67,85,0.14285714285714285
194,159,1.0
176,149,0.7777777777777778
49,209,1.0
117,88,1.0
100,200,0.14285714285714285
208,159,1.0
88,136,1.0
18,208,0.3333333333333333
149,115,1.0
60,115,1.0
55,34,1.0
60,200,0.6
100,69,1.0
85,69,0.23076923076923078
140,49,0.6666666666666666
39,137,1.0
159,201,1.0
209,12,1.0
49,136,1.0
184,169,1.0
149,102,0.16666666666666666
209,178,1.0
157,117,0.3333333333333333
125,77,1.0
126,183,1.0
202,60,0.5
92,159,1.0
183,102,1.0
100,102,0.5
149,207,1.0
34,77,1.0
85,102,0.14285714285714285
173,207,1.0
85,102,0.14285714285714285
149,69,0.75
142,60,0.6666666666666666
60,214,0.5
126,200,1.0
150,49,0.3333333333333333
29,78,1.0
55,126,0.3333333333333333
140,208,1.0
179,26,0.3333333333333333
2,137,1.0
173,77,1.0
184,167,1.0
49,208,0.2
178,132,1.0
169,82,1.0
60,100,0.5
29,49,1.0
176,110,1.0
125,55,0.14285714285714285
49,159,0.3333333333333333
85,200,0.5
117,201,1.0
67,123,0.5
149,69,0.75
194,167,1.0
85,63,1.0
169,78,1.0
140,78,1.0
206,137,0.2727272727272727
99,209,1.0
209,12,1.0
84,176,0.3333333333333333
55,102,0.6666666666666666
92,77,1.0
207,102,1.0
78,167,1.0
100,179,0.7142857142857143
169,209,1.0
142,100,1.0
140,167,1.0
208,137,0.3333333333333333
184,29,1.0
173,200,1.0
9,17,1.0
214,100,0.3333333333333333
114,65,1.0
200,45,1.0
173,69,1.0
140,169,0.3333333333333333
208,78,1.0
100,77,1.0
125,30,1.0
140,49,0.6666666666666666
160,169,0.6666666666666666
92,102,0.5
117,177,1.0
60,63,1.0
18,191,1.0
99,197,1.0
96,162,1.0
206,118,1.0
67,123,0.5
85,69,0.23076923076923078
126,149,1.0
45,102,0.2
117,49,0.6666666666666666
105,137,1.0
214,85,1.0
67,115,1.0
207,69,1.0
111,124,1.0
117,78,1.0
137,49,0.42857142857142855
30,54,1.0
49,201,1.0
92,197,1.0
184,105,1.0
206,137,0.2727272727272727
63,179,0.3333333333333333
176,123,0.75
132,24,1.0
184,137,1.0
142,176,0.06666666666666667
26,69,0.6666666666666666
208,15,1.0
197,209,1.0
149,63,1.0
86,169,1.0
142,176,0.06666666666666667
157,78,1.0
179,34,0.5
100,69,1.0
60,34,1.0
214,179,1.0
67,85,0.14285714285714285
60,77,1.0
161,112,1.0
183,69,1.0
55,102,0.6666666666666666
111,82,1.0
160,209,1.0
102,69,0.7777777777777778
173,149,1.0
176,55,0.3333333333333333
30,128,1.0
159,24,1.0
149,192,1.0
149,102,0.16666666666666666
137,73,1.0
140,154,1.0
92,169,1.0
85,207,0.3333333333333333
123,77,1.0
117,78,1.0
85,149,0.2
176,55,0.3333333333333333
49,24,1.0
157,209,0.2
100,149,0.5384615384615384
92,167,1.0
150,49,0.3333333333333333
209,137,0.14285714285714285
85,34,1.0
214,176,0.3333333333333333
125,207,1.0
206,159,1.0
125,149,0.5
67,45,0.6
45,149,0.2
67,149,0.2
126,149,1.0
29,194,1.0
200,63,0.3333333333333333
100,69,1.0
137,177,1.0
206,49,0.5
206,157,1.0
18,73,1.0
140,191,1.0
121,26,1.0
126,102,1.0
92,55,0.5
60,69,0.8666666666666667
214,149,0.5
117,194,1.0
170,167,1.0
209,194,1.0
67,207,1.0
209,159,0.5
100,125,0.14285714285714285
96,83,0.6666666666666666
149,69,0.75
183,69,1.0
60,69,0.8666666666666667
173,77,1.0
126,183,1.0
92,179,1.0
214,45,0.3333333333333333
140,60,1.0
123,69,0.6
126,183,1.0
178,170,1.0
85,45,0.7142857142857143
100,26,0.6666666666666666
206,92,1.0
209,73,1.0
100,77,1.0
85,69,0.23076923076923078
92,179,1.0
149,77,1.0
29,136,1.0
67,200,1.0
214,45,0.3333333333333333
206,137,0.2727272727272727
143,136,1.0
184,208,1.0
55,26,1.0
206,169,0.8
92,60,0.7142857142857143
60,123,0.3333333333333333
117,12,1.0
202,45,1.0
85,60,0.3333333333333333
29,167,1.0
161,209,1.0
161,184,1.0
137,191,1.0
184,160,0.5
157,117,0.3333333333333333
54,147,1.0
161,157,1.0
102,77,1.0
200,110,1.0
117,194,1.0
105,78,1.0
1,221,1.0
123,45,1.0
126,149,1.0
55,77,1.0
159,78,1.0
92,176,0.3333333333333333
117,49,0.6666666666666666
183,34,0.3333333333333333
118,49,1.0
18,49,0.5
209,124,1.0
100,123,0.6
105,137,1.0
85,100,0.6
207,77,1.0
209,154,1.0
147,5,1.0
206,78,1.0
161,78,1.0
92,184,1.0
88,159,0.3333333333333333
99,197,1.0
110,69,1.0
126,183,1.0
206,15,1.0
125,163,1.0
214,149,0.5
60,69,0.8666666666666667
142,125,0.3333333333333333
49,105,1.0
137,78,1.0
61,54,1.0
208,191,1.0
18,49,0.5
118,191,1.0
85,92,0.3333333333333333
26,84,1.0
85,45,0.7142857142857143
18,167,1.0
118,117,1.0
169,212,1.0
209,73,1.0
202,34,0.5
55,100,0.3333333333333333
176,121,1.0
183,214,1.0
92,100,0.7142857142857143
126,115,1.0
173,55,1.0
184,170,1.0
49,78,1.0
201,136,1.0
140,159,1.0
173,156,1.0
34,69,0.6
149,102,0.16666666666666666
125,55,0.14285714285714285
54,83,1.0
150,60,1.0
111,136,1.0
159,78,1.0
67,69,0.7142857142857143
117,49,0.6666666666666666
95,83,1.0
183,69,1.0
117,18,1.0
60,183,0.14285714285714285
85,102,0.14285714285714285
100,34,1.0
206,117,1.0
124,78,1.0
92,149,0.5555555555555556
100,149,0.5384615384615384
105,12,1.0
197,2,1.0
102,192,1.0
208,78,1.0
206,157,1.0
126,45,1.0
125,192,1.0
209,177,1.0
100,179,0.7142857142857143
123,149,0.25
49,78,1.0
117,49,0.6666666666666666
169,157,0.6666666666666666
194,137,0.3333333333333333
60,136,1.0
157,159,1.0
82,78,1.0
92,123,1.0
178,159,1.0
131,78,1.0
173,125,1.0
123,102,1.0
92,159,1.0
183,34,0.3333333333333333
124,78,1.0
163,149,0.5
208,78,1.0
208,170,1.0
2,209,1.0
45,149,0.2
96,83,0.6666666666666666
161,160,1.0
117,29,1.0
126,69,1.0
151,209,1.0
197,105,1.0
1,221,1.0
92,115,1.0
206,209,1.0
149,110,1.0
126,149,1.0
49,78,1.0
18,136,1.0
176,173,1.0
49,159,0.3333333333333333
137,167,1.0
29,150,1.0
197,184,1.0
176,149,0.7777777777777778
110,179,1.0
140,160,1.0
105,209,1.0
85,26,0.5
149,192,1.0
160,137,1.0
208,159,1.0
208,131,1.0
85,200,0.5
123,207,1.0
191,78,1.0
209,159,0.5
126,200,1.0
214,121,1.0
184,194,1.0
125,102,0.3333333333333333
160,169,0.6666666666666666
183,69,1.0
173,102,1.0
209,191,1.0
85,125,1.0
142,69,0.5
34,207,1.0
159,191,1.0
60,63,1.0
85,34,1.0
92,105,1.0
126,176,0.5
49,167,1.0
55,149,0.5294117647058824
49,177,1.0
30,54,1.0
200,115,1.0
105,82,1.0
197,82,1.0
197,2,1.0
214,126,1.0
178,167,1.0
85,207,0.3333333333333333
29,178,1.0
84,149,0.42857142857142855
176,123,0.75
178,194,1.0
176,100,0.25
194,136,1.0
157,137,0.2
55,149,0.5294117647058824
26,149,0.5
118,159,1.0
82,88,1.0
137,78,1.0
179,149,1.0
184,15,1.0
176,207,0.5
61,96,1.0
92,69,0.6666666666666666
200,110,1.0
140,169,0.3333333333333333
92,124,1.0
137,49,0.42857142857142855
126,26,1.0
176,69,1.0
85,183,0.25
85,24,1.0
208,209,1.0
96,190,0.5
85,184,1.0
2,137,1.0
123,115,1.0
60,84,1.0
114,147,0.3333333333333333
126,200,1.0
123,192,1.0
149,192,1.0
30,54,1.0
151,209,1.0
69,77,0.5
117,73,1.0
179,45,0.3333333333333333
142,69,0.5
157,209,0.2
100,149,0.5384615384615384
208,137,0.3333333333333333
34,192,1.0
85,92,0.3333333333333333
126,85,0.6923076923076923
85,69,0.23076923076923078
126,85,0.6923076923076923
126,123,1.0
117,18,1.0
63,69,0.6
140,208,1.0
60,160,1.0
67,69,0.7142857142857143
92,100,0.7142857142857143
117,201,1.0
125,149,0.5
214,100,0.3333333333333333
55,102,0.6666666666666666
88,78,1.0
60,34,1.0
140,24,1.0
117,124,1.0
214,123,0.3333333333333333
85,60,0.3333333333333333
92,102,0.5
123,45,1.0
18,137,1.0
5,221,1.0
154,136,1.0
30,1,1.0
102,69,0.7777777777777778
92,60,0.7142857142857143
197,60,1.0
160,131,1.0
163,26,1.0
29,124,1.0
105,78,1.0
60,45,0.5
60,34,1.0
200,34,1.0
99,131,1.0
18,208,0.3333333333333333
176,100,0.25
214,92,1.0
184,157,1.0
55,183,1.0
163,100,0.3333333333333333
60,69,0.8666666666666667
214,163,1.0
60,149,0.07692307692307693
140,111,1.0
85,60,0.3333333333333333
137,78,1.0
126,149,1.0
184,160,0.5
197,12,1.0
126,207,1.0
60,179,1.0
88,154,1.0
206,82,1.0
55,149,0.5294117647058824
214,123,0.3333333333333333
100,192,1.0
207,69,1.0
161,137,1.0
126,34,1.0
114,1,1.0
86,136,1.0
60,49,1.0
78,136,1.0
184,2,1.0
49,194,0.5
60,100,0.5
124,191,1.0
125,84,0.14285714285714285
54,96,0.3333333333333333
126,60,0.5
197,208,1.0
114,128,1.0
49,78,1.0
30,96,1.0
184,157,1.0
100,45,1.0
176,60,0.2
96,221,1.0
149,77,1.0
26,115,1.0
169,117,0.3333333333333333
178,49,0.3333333333333333
65,221,1.0
105,112,1.0
147,1,1.0
176,60,0.2
123,77,1.0
85,34,1.0
125,149,0.5
67,45,0.6
214,115,1.0
55,126,0.3333333333333333
60,34,1.0
49,105,1.0
176,45,1.0
197,78,1.0
206,154,1.0
160,2,1.0
150,194,1.0
34,30,1.0
100,149,0.5384615384615384
126,102,1.0
88,178,1.0
100,149,0.5384615384615384
125,45,1.0
161,39,1.0
85,69,0.23076923076923078
154,159,1.0
140,82,1.0
112,117,1.0
117,78,1.0
92,176,0.3333333333333333
160,159,1.0
60,124,1.0
88,209,1.0
34,63,1.0
60,45,0.5
123,63,0.5
184,24,1.0
100,63,1.0
214,207,1.0
105,82,1.0
117,159,1.0
18,194,1.0
92,140,1.0
209,177,1.0
100,200,0.14285714285714285
143,137,1.0
214,69,1.0
92,125,0.2
200,149,0.6
100,123,0.6
169,159,1.0
63,121,1.0
117,159,1.0
208,157,1.0
184,117,0.14285714285714285
85,102,0.14285714285714285
209,137,0.14285714285714285
142,176,0.06666666666666667
176,183,0.3333333333333333
85,45,0.7142857142857143
65,221,1.0
169,157,0.6666666666666666
126,207,1.0
179,77,1.0
214,67,1.0
85,125,1.0
176,179,1.0
45,149,0.2
60,45,0.5
60,77,1.0
163,55,1.0
161,99,1.0
149,69,0.75
126,69,1.0
143,208,1.0
126,163,1.0
179,149,1.0
115,69,0.3333333333333333
85,26,0.5
142,60,0.6666666666666666
160,137,1.0
100,8,1.0
69,192,1.0
100,34,1.0
184,117,0.14285714285714285
197,49,1.0
82,78,1.0
206,169,0.8
197,157,1.0
92,123,1.0
124,201,1.0
126,26,1.0
200,156,1.0
117,131,1.0
126,100,1.0
55,45,0.3333333333333333
184,151,1.0
61,83,1.0
92,149,0.5555555555555556
197,209,1.0
197,191,1.0
126,84,1.0
169,159,1.0
54,190,0.3333333333333333
85,149,0.2
183,115,1.0
151,131,1.0
26,149,0.5
202,60,0.5
126,207,1.0
60,123,0.3333333333333333
60,34,1.0
123,69,0.6
206,169,0.8
67,45,0.6
126,92,1.0
183,102,1.0
140,49,0.6666666666666666
55,149,0.5294117647058824
39,209,1.0
85,60,0.3333333333333333
102,163,1.0
173,179,1.0
149,77,1.0
156,69,1.0
170,78,1.0
214,179,1.0
99,124,1.0
126,125,1.0
2,78,1.0
84,207,1.0
206,169,0.8
39,206,1.0
183,163,1.0
2,169,0.3333333333333333
126,69,1.0
39,2,1.0
169,137,0.2
184,15,1.0
125,84,0.14285714285714285
65,147,1.0
184,2,1.0
55,69,1.0
121,77,1.0
173,67,1.0
184,169,1.0
117,194,1.0
67,149,0.2
88,150,1.0
117,88,1.0
123,69,0.6
173,55,1.0
60,192,1.0
176,45,1.0
156,77,1.0
92,60,0.7142857142857143
124,73,1.0
117,78,1.0
147,128,1.0
55,123,0.3333333333333333
85,149,0.2
149,77,1.0
169,157,0.6666666666666666
86,18,1.0
99,209,1.0
39,184,1.0
202,176,0.3333333333333333
142,176,0.06666666666666667
34,69,0.6
184,209,1.0
206,169,0.8
123,149,0.25
208,137,0.3333333333333333
149,102,0.16666666666666666
99,184,1.0
100,77,1.0
100,67,0.5
169,151,1.0
202,100,0.5
60,69,0.8666666666666667
60,123,0.3333333333333333
60,45,0.5
197,78,1.0
85,149,0.2
150,194,1.0
209,194,1.0
100,34,1.0
208,201,1.0
176,123,0.75
117,24,1.0
2,124,1.0
161,117,1.0
126,176,0.5
49,124,1.0
88,167,1.0
169,208,0.5
100,123,0.6
49,112,1.0
142,60,0.6666666666666666
126,125,1.0
88,159,0.3333333333333333
2,131,1.0
163,77,1.0
179,123,0.6
117,132,1.0
92,49,1.0
60,67,0.6
54,96,0.3333333333333333
169,124,1.0
132,201,1.0
39,15,1.0
45,26,1.0
140,78,1.0
85,92,0.3333333333333333
60,84,1.0
110,100,0.2
99,206,1.0
176,123,0.75
55,149,0.5294117647058824
125,102,0.3333333333333333
200,69,1.0
54,83,1.0
151,15,1.0
73,191,1.0
84,207,1.0
24,201,1.0
92,100,0.7142857142857143
169,12,1.0
100,200,0.14285714285714285
161,184,1.0
82,124,1.0
112,194,1.0
149,207,1.0
169,209,1.0
123,26,1.0
208,209,1.0
147,1,1.0
92,100,0.7142857142857143
206,88,1.0
214,69,1.0
184,209,1.0
112,117,1.0
60,200,0.6
60,212,1.0
54,198,1.0
125,149,0.5
18,49,0.5
92,176,0.3333333333333333
88,78,1.0
173,84,1.0
18,111,1.0
24,170,1.0
197,82,1.0
49,39,1.0
140,2,1.0
125,149,0.5
84,100,0.3333333333333333
85,100,0.6
149,69,0.75
176,183,0.3333333333333333
169,15,0.5
100,125,0.14285714285714285
39,117,1.0
111,2,1.0
184,88,1.0
24,137,1.0
92,209,1.0
132,159,1.0
63,214,1.0
206,169,0.8
169,151,1.0
176,192,1.0
60,100,0.5
85,200,0.5
159,124,1.0
123,77,1.0
85,183,0.25
126,69,1.0
169,124,1.0
140,170,1.0
149,30,1.0
159,124,1.0
55,45,0.3333333333333333
169,124,1.0
126,85,0.6923076923076923
125,84,0.14285714285714285
183,200,0.3333333333333333
194,201,1.0
26,69,0.6666666666666666
60,69,0.8666666666666667
197,49,1.0
86,212,1.0
184,132,1.0
149,69,0.75
30,96,1.0
157,209,0.2
86,160,1.0
184,117,0.14285714285714285
126,115,1.0
117,154,1.0
140,208,1.0
157,137,0.2
179,45,0.3333333333333333
100,102,0.5
55,67,1.0
39,117,1.0
208,194,1.0
176,149,0.7777777777777778
118,124,1.0
45,149,0.2
176,192,1.0
60,69,0.8666666666666667
96,198,1.0
169,117,0.3333333333333333
126,176,0.5
55,60,0.3333333333333333
140,12,1.0
86,82,1.0
92,194,1.0
126,26,1.0
200,34,1.0
201,78,1.0
39,194,1.0
100,179,0.7142857142857143
111,208,1.0
99,15,1.0
88,154,1.0
159,73,1.0
183,102,1.0
88,194,1.0
24,124,1.0
184,177,1.0
92,200,1.0
85,209,1.0
137,124,1.0
140,85,1.0
183,69,1.0
160,194,1.0
176,100,0.25
140,184,1.0
206,169,0.8
100,30,1.0
176,125,1.0
96,1,0.3333333333333333
102,115,1.0
159,191,1.0
125,149,0.5
100,67,0.5
54,147,1.0
176,183,0.3333333333333333
63,179,0.3333333333333333
92,69,0.6666666666666666
15,157,1.0
34,45,1.0
60,45,0.5
197,137,1.0
67,149,0.2
49,209,1.0
151,209,1.0
161,169,1.0
100,45,1.0
197,131,1.0
214,126,1.0
208,88,1.0
92,34,1.0
100,34,1.0
184,151,1.0
45,149,0.2
117,24,1.0
2,78,1.0
55,69,1.0
161,209,1.0
49,159,0.3333333333333333
34,77,1.0
184,160,0.5
92,157,1.0
63,77,1.0
67,69,0.7142857142857143
149,192,1.0
92,137,1.0
60,77,1.0
63,207,1.0
212,105,1.0
157,78,1.0
55,149,0.5294117647058824
176,63,0.6
60,207,1.0
85,183,0.25
34,69,0.6
202,77,1.0
45,102,0.2
202,34,0.5
96,198,1.0
86,49,1.0
184,208,1.0
49,78,1.0
60,115,1.0
30,65,1.0
209,137,0.14285714285714285
169,157,0.6666666666666666
96,83,0.6666666666666666
176,45,1.0
115,45,1.0
206,209,1.0
117,92,0.5
161,88,1.0
88,194,1.0
140,137,0.3333333333333333
100,26,0.6666666666666666
150,132,1.0
126,100,1.0
84,176,0.3333333333333333
55,149,0.5294117647058824
150,24,1.0
100,149,0.5384615384615384
184,157,1.0
126,123,1.0
214,69,1.0
161,208,1.0
143,169,1.0
2,209,1.0
140,178,1.0
105,191,1.0
85,100,0.6
126,149,1.0
209,12,1.0
206,137,0.2727272727272727
60,84,1.0
55,77,1.0
137,73,1.0
26,149,0.5
55,67,1.0
88,209,1.0
92,78,1.0
92,163,1.0
55,85,0.2
169,208,0.5
117,12,1.0
200,102,1.0
60,69,0.8666666666666667
49,170,1.0
49,136,1.0
173,100,1.0
126,60,0.5
123,30,1.0
60,105,1.0
84,192,1.0
60,69,0.8666666666666667
212,82,1.0
92,159,1.0
157,124,1.0
132,170,1.0
169,209,1.0
169,177,1.0
176,55,0.3333333333333333
209,194,1.0
206,197,1.0
137,78,1.0
126,85,0.6923076923076923
-1,-1