34,26,0.5
54,48,0.2
207,34,1.0
60,100,0.8461538461538461
117,167,1.0
169,124,1.0
60,77,1.0
161,137,0.6
85,63,1.0
206,197,0.3333333333333333
183,120,1.0
84,177,1.0
184,88,1.0
123,77,1.0
206,131,0.3333333333333333
184,209,0.5
126,214,0.3333333333333333
149,77,1.0
105,151,1.0
131,73,1.0
154,132,1.0
63,121,1.0
214,176,0.3333333333333333
143,105,1.0
60,149,0.6
209,159,0.6
206,137,0.3333333333333333
60,100,0.8461538461538461
161,2,1.0
206,99,1.0
111,137,1.0
140,170,1.0
156,110,1.0
34,149,0.5555555555555556
63,110,1.0
117,88,1.0
60,127,1.0
92,34,1.0
126,120,1.0
197,140,1.0
183,60,0.4
200,67,0.3333333333333333
149,110,0.25
60,149,0.6
100,179,0.14285714285714285
149,163,1.0
209,48,0.2
55,214,1.0
208,54,0.2
127,55,0.14285714285714285
177,55,1.0
55,149,0.6923076923076923
173,100,1.0
202,143,1.0
85,214,1.0
132,78,1.0
169,197,0.7142857142857143
143,140,1.0
1,162,1.0
96,48,0.14285714285714285
143,45,1.0
214,63,1.0
157,209,0.3333333333333333
60,100,0.8461538461538461
126,67,1.0
161,160,1.0
88,150,1.0
176,100,0.4
160,54,1.0
49,96,1.0
126,149,1.0
140,88,1.0
60,202,0.2
184,78,1.0
212,178,1.0
92,45,1.0
197,193,1.0
170,193,1.0
49,193,1.0
85,82,1.0
60,84,1.0
115,82,1.0
96,197,0.25
143,45,1.0
206,48,1.0
212,160,1.0
49,54,1.0
117,1,1.0
121,77,1.0
176,60,0.38461538461538464
159,12,1.0
100,123,1.0
169,160,1.0
176,102,1.0
200,149,0.5555555555555556
118,49,1.0
184,197,1.0
92,105,1.0
45,77,1.0
100,149,0.6190476190476191
45,77,1.0
215,167,1.0
149,163,1.0
208,151,1.0
85,102,0.7142857142857143
169,197,0.7142857142857143
143,60,0.25
126,34,1.0
84,110,1.0
200,63,1.0
177,77,1.0
29,60,1.0
105,48,1.0
200,8,1.0
197,48,0.3333333333333333
209,96,0.2727272727272727
60,69,0.8181818181818182
176,69,0.6666666666666666
143,67,1.0
150,29,1.0
147,162,1.0
202,176,0.3333333333333333
176,123,0.6
65,221,1.0
154,96,1.0
102,149,0.3333333333333333
92,149,0.6923076923076923
96,193,1.0
157,96,0.6
197,170,1.0
209,12,1.0
209,132,1.0
132,96,1.0
100,207,0.3333333333333333
126,163,1.0
117,159,1.0
111,124,1.0
126,143,1.0
45,149,0.5714285714285714
85,200,1.0
131,49,1.0
150,49,1.0
30,1,1.0
102,69,1.0
140,49,0.7142857142857143
120,45,1.0
96,215,0.3333333333333333
131,49,1.0
85,215,1.0
34,100,0.14285714285714285
206,197,0.3333333333333333
34,69,1.0
26,149,1.0
140,48,1.0
140,201,1.0
85,102,0.7142857142857143
184,215,1.0
184,215,1.0
49,82,1.0
215,170,1.0
200,123,1.0
117,193,1.0
85,154,1.0
183,120,1.0
177,34,1.0
117,48,1.0
126,143,1.0
115,54,1.0
140,193,1.0
143,100,1.0
140,78,1.0
96,160,0.2
49,170,1.0
100,149,0.6190476190476191
54,191,1.0
117,206,1.0
100,69,0.2727272727272727
60,69,0.8181818181818182
60,77,1.0
115,163,1.0
173,100,1.0
73,191,1.0
184,159,1.0
85,176,0.2
96,15,0.3333333333333333
184,151,1.0
55,192,1.0
201,167,1.0
197,78,1.0
85,24,1.0
92,55,0.6666666666666666
208,48,1.0
176,149,0.8461538461538461
86,49,1.0
118,49,1.0
178,78,1.0
197,140,1.0
169,197,0.7142857142857143
160,197,1.0
49,54,1.0
184,193,1.0
137,191,1.0
177,45,1.0
60,100,0.8461538461538461
34,149,0.5555555555555556
214,100,1.0
92,178,1.0
69,77,1.0
117,137,0.5
160,78,1.0
206,159,1.0
140,54,1.0
159,96,0.3333333333333333
49,159,0.2
178,136,1.0
214,123,1.0
143,2,1.0
209,78,1.0
208,137,0.14285714285714285
85,201,1.0
149,77,1.0
126,69,1.0
209,78,1.0
206,78,1.0
126,67,1.0
96,82,0.6
117,140,0.3333333333333333
18,96,1.0
92,136,1.0
96,160,0.2
55,102,0.3333333333333333
137,78,1.0
92,191,1.0
45,110,1.0
60,149,0.6
18,111,1.0
208,88,1.0
159,124,1.0
154,167,1.0
49,191,1.0
120,77,1.0
96,197,0.25
48,151,1.0
161,49,1.0
161,137,0.6
105,208,0.5
77,192,1.0
143,176,0.2727272727272727
176,123,0.6
92,77,1.0
55,34,0.5
49,96,1.0
96,78,0.8
202,45,1.0
209,160,0.6
105,191,1.0
140,2,1.0
29,96,1.0
179,149,1.0
2,88,1.0
96,219,1.0
184,96,0.7142857142857143
179,34,0.5
190,114,1.0
212,54,1.0
69,179,0.3333333333333333
2,160,1.0
208,54,0.2
2,208,1.0
105,159,1.0
123,120,1.0
85,200,1.0
169,73,1.0
209,160,0.6
176,120,1.0
209,96,0.2727272727272727
96,160,0.2
102,200,1.0
179,120,1.0
100,55,0.5
29,215,1.0
197,48,0.3333333333333333
208,54,0.2
173,220,1.0
85,92,0.5
48,191,1.0
206,78,1.0
55,77,1.0
137,49,0.3333333333333333
177,77,1.0
207,63,1.0
99,159,1.0
209,15,1.0
170,78,1.0
82,12,1.0
176,69,0.6666666666666666
117,96,0.5
85,45,1.0
149,77,1.0
127,77,1.0
176,120,1.0
202,214,1.0
105,208,0.5
111,160,1.0
212,105,1.0
65,190,1.0
48,219,1.0
206,82,1.0
169,12,1.0
159,178,1.0
60,45,0.2
88,159,0.3333333333333333
124,193,1.0
102,149,0.3333333333333333
143,159,1.0
176,127,0.2
159,215,1.0
34,149,0.5555555555555556
99,124,1.0
132,48,1.0
55,120,0.6
1,5,1.0
121,120,1.0
55,102,0.3333333333333333
82,24,1.0
85,102,0.7142857142857143
149,110,0.25
140,170,1.0
111,105,1.0
85,48,1.0
150,60,1.0
105,209,1.0
100,192,1.0
184,78,1.0
96,82,0.6
117,132,1.0
177,192,1.0
123,110,0.3333333333333333
60,77,1.0
207,120,1.0
126,163,1.0
169,151,1.0
55,149,0.6923076923076923
173,67,1.0
197,24,1.0
143,176,0.2727272727272727
140,219,1.0
169,160,1.0
110,69,1.0
92,140,1.0
85,45,1.0
209,150,1.0
117,82,1.0
140,82,1.0
99,209,1.0
126,176,0.2
184,206,1.0
160,82,1.0
157,137,0.5
85,214,1.0
105,169,0.3333333333333333
88,215,1.0
45,69,0.7142857142857143
169,137,0.5555555555555556
55,123,0.2
117,208,1.0
100,67,1.0
60,77,1.0
209,82,1.0
92,34,1.0
100,149,0.6190476190476191
214,45,1.0
54,24,1.0
183,67,1.0
54,96,0.25
60,100,0.8461538461538461
127,110,1.0
86,124,1.0
99,197,1.0
60,149,0.6
55,26,1.0
160,117,0.3333333333333333
214,26,1.0
214,163,1.0
140,206,0.3333333333333333
176,69,0.6666666666666666
85,202,1.0
126,163,1.0
117,49,1.0
85,48,1.0
102,69,1.0
169,137,0.5555555555555556
85,163,1.0
34,69,1.0
100,77,1.0
85,69,1.0
179,123,0.5
49,170,1.0
34,100,0.14285714285714285
55,69,1.0
88,167,1.0
197,219,1.0
176,92,0.2
110,30,1.0
149,8,1.0
140,49,0.7142857142857143
48,157,1.0
159,151,1.0
126,77,1.0
137,78,1.0
60,67,0.5
149,110,0.25
214,115,1.0
34,30,1.0
131,197,1.0
117,92,1.0
24,132,1.0
183,149,0.7142857142857143
85,49,1.0
209,160,0.6
209,54,1.0
143,179,1.0
123,149,0.5
85,60,0.8333333333333334
69,121,1.0
178,24,1.0
96,197,0.25
154,24,1.0
173,26,1.0
92,63,1.0
34,120,0.6
169,124,1.0
156,69,1.0
123,30,1.0
110,69,1.0
124,219,1.0
167,78,1.0
206,49,1.0
92,124,1.0
60,102,0.4
159,215,1.0
176,60,0.38461538461538464
183,26,1.0
85,84,1.0
105,160,0.3333333333333333
206,159,1.0
88,29,1.0
92,150,1.0
202,176,0.3333333333333333
208,78,1.0
121,220,1.0
184,137,1.0
111,96,1.0
117,54,1.0
26,149,1.0
18,208,1.0
137,49,0.3333333333333333
126,207,1.0
200,149,0.5555555555555556
49,12,1.0
137,170,1.0
150,49,1.0
123,220,1.0
45,192,1.0
209,54,1.0
92,67,1.0
92,63,1.0
127,192,1.0
127,84,0.2
161,105,1.0
85,149,0.75
128,221,1.0
126,67,1.0
126,149,1.0
190,162,1.0
126,176,0.2
45,149,0.5714285714285714
115,49,1.0
73,78,1.0
200,100,0.5
85,49,1.0
85,123,1.0
55,149,0.6923076923076923
126,149,1.0
117,140,0.3333333333333333
127,110,1.0
60,102,0.4
92,179,0.3333333333333333
60,149,0.6
169,82,1.0
34,67,0.3333333333333333
176,100,0.4
45,69,0.7142857142857143
215,201,1.0
99,160,1.0
54,96,0.25
120,192,1.0
102,192,1.0
184,96,0.7142857142857143
96,82,0.6
69,67,0.2
143,124,1.0
117,169,0.3333333333333333
60,200,0.5
169,96,0.4
84,120,1.0
140,137,0.3333333333333333
184,88,1.0
184,160,1.0
92,219,1.0
26,110,1.0
140,178,1.0
118,12,1.0
179,120,1.0
49,96,1.0
132,201,1.0
176,60,0.38461538461538464
84,77,1.0
184,159,1.0
126,60,0.7777777777777778
118,191,1.0
149,69,0.5384615384615384
169,49,0.5555555555555556
60,63,1.0
85,69,1.0
2,209,1.0
45,102,0.3333333333333333
209,197,0.5
55,149,0.6923076923076923
54,78,1.0
161,137,0.6
18,140,0.3333333333333333
92,60,0.4
132,193,1.0
29,136,1.0
126,45,1.0
60,149,0.6
92,26,1.0
117,197,1.0
29,49,0.3333333333333333
183,123,1.0
208,78,1.0
49,96,1.0
26,69,1.0
178,48,1.0
60,100,0.8461538461538461
45,149,0.5714285714285714
92,45,1.0
176,207,1.0
102,69,1.0
197,49,1.0
115,54,1.0
126,183,1.0
54,48,0.2
207,30,1.0
92,110,1.0
176,60,0.38461538461538464
207,200,1.0
60,149,0.6
100,220,1.0
184,54,1.0
157,137,0.5
151,73,1.0
85,60,0.8333333333333334
176,149,0.8461538461538461
99,151,1.0
126,149,1.0
160,117,0.3333333333333333
85,55,1.0
105,160,0.3333333333333333
85,26,1.0
60,149,0.6
126,85,0.2
54,132,1.0
209,131,1.0
161,169,1.0
117,124,1.0
60,202,0.2
208,191,1.0
117,78,1.0
176,220,1.0
176,60,0.38461538461538464
209,160,0.6
60,63,1.0
140,88,1.0
126,149,1.0
206,193,1.0
212,111,1.0
92,102,1.0
154,54,1.0
173,69,1.0
170,136,1.0
123,34,1.0
45,55,0.5
143,176,0.2727272727272727
208,12,1.0
126,177,1.0
117,215,1.0
200,100,0.5
206,208,0.6
208,159,0.2
161,170,1.0
143,127,1.0
60,67,0.5
149,63,0.2
117,115,1.0
209,215,1.0
176,84,1.0
169,86,1.0
60,137,1.0
143,111,1.0
92,131,1.0
197,49,1.0
110,8,1.0
105,15,1.0
117,73,1.0
126,60,0.7777777777777778
85,170,1.0
200,63,1.0
184,191,1.0
30,198,1.0
86,150,1.0
85,92,0.5
150,124,1.0
29,215,1.0
126,123,1.0
160,219,1.0
169,15,1.0
126,123,1.0
105,124,1.0
140,124,1.0
34,63,0.3333333333333333
92,78,1.0
92,214,1.0
169,96,0.4
206,137,0.3333333333333333
183,200,0.3333333333333333
200,100,0.5
102,149,0.3333333333333333
209,96,0.2727272727272727
161,209,1.0
208,137,0.14285714285714285
161,184,1.0
200,100,0.5
88,193,1.0
154,49,0.5
137,170,1.0
117,151,1.0
60,149,0.6
18,154,1.0
202,63,1.0
60,78,1.0
131,96,1.0
84,77,1.0
183,69,1.0
156,30,1.0
127,149,0.5555555555555556
100,69,0.2727272727272727
92,55,0.6666666666666666
105,219,1.0
60,149,0.6
29,49,0.3333333333333333
157,160,0.3333333333333333
85,202,1.0
176,55,0.5
92,96,1.0
200,100,0.5
215,124,1.0
200,156,1.0
143,150,1.0
126,115,1.0
85,45,1.0
127,110,1.0
126,214,0.3333333333333333
115,105,1.0
169,208,1.0
100,67,1.0
209,197,0.5
29,140,1.0
183,163,1.0
92,179,0.3333333333333333
127,149,0.5555555555555556
85,67,1.0
45,149,0.5714285714285714
143,92,1.0
154,215,1.0
60,48,1.0
161,151,1.0
147,1,0.3333333333333333
100,120,1.0
55,143,1.0
60,45,0.2
214,149,1.0
105,96,0.7142857142857143
126,77,1.0
160,78,1.0
26,69,1.0
159,191,1.0
117,159,1.0
84,55,0.3333333333333333
179,123,0.5
161,96,1.0
2,219,1.0
157,54,1.0
105,117,0.3333333333333333
127,149,0.5555555555555556
118,197,1.0
149,110,0.25
45,55,0.5
96,82,0.6
96,78,0.8
176,115,1.0
197,208,1.0
100,55,0.5
140,193,1.0
92,127,0.6
2,96,1.0
149,69,0.5384615384615384
110,77,1.0
140,206,0.3333333333333333
184,92,1.0
209,78,1.0
173,149,1.0
173,123,1.0
15,78,1.0
169,160,1.0
84,149,0.14285714285714285
137,12,1.0
85,67,1.0
184,169,1.0
63,120,0.5
2,137,1.0
149,77,1.0
30,190,1.0
117,96,0.5
215,136,1.0
176,55,0.5
85,184,1.0
126,115,1.0
123,63,0.5
63,102,1.0
85,143,1.0
176,207,1.0
214,173,1.0
176,77,1.0
126,149,1.0
169,137,0.5555555555555556
173,100,1.0
197,208,1.0
159,193,1.0
202,100,1.0
214,69,0.3333333333333333
55,69,1.0
45,127,0.6666666666666666
179,123,0.5
176,30,1.0
183,69,1.0
2,131,1.0
83,190,1.0
127,84,0.2
183,149,0.7142857142857143
55,60,0.3333333333333333
197,78,1.0
183,85,0.5
206,151,1.0
184,96,0.7142857142857143
184,82,1.0
200,120,0.5
126,143,1.0
214,63,1.0
34,120,0.6
92,127,0.6
48,136,1.0
169,15,1.0
100,156,1.0
183,102,1.0
207,69,1.0
2,78,1.0
100,55,0.5
30,147,1.0
26,149,1.0
60,34,0.5
157,151,1.0
183,102,1.0
105,159,1.0
54,78,1.0
99,209,1.0
200,121,1.0
18,105,1.0
92,77,1.0
18,49,1.0
169,137,0.5555555555555556
126,69,1.0
197,159,0.3333333333333333
126,45,1.0
160,208,1.0
161,131,1.0
173,127,1.0
215,193,1.0
126,149,1.0
176,149,0.8461538461538461
86,82,1.0
60,120,1.0
126,123,1.0
157,15,1.0
117,83,1.0
92,96,1.0
45,127,0.6666666666666666
184,209,0.5
85,100,1.0
126,60,0.7777777777777778
88,132,1.0
60,45,0.2
212,136,1.0
60,63,1.0
26,69,1.0
126,149,1.0
117,49,1.0
55,67,1.0
85,34,1.0
127,149,0.5555555555555556
49,78,1.0
45,26,1.0
126,102,1.0
184,131,1.0
2,159,1.0
169,137,0.5555555555555556
200,149,0.5555555555555556
100,123,1.0
169,82,1.0
177,149,0.5
161,96,1.0
197,73,1.0
99,92,1.0
176,102,1.0
49,48,0.2
96,137,0.14285714285714285
206,137,0.3333333333333333
60,96,1.0
2,160,1.0
2,24,1.0
159,54,0.2
149,110,0.25
214,149,1.0
105,117,0.3333333333333333
169,49,0.5555555555555556
102,149,0.3333333333333333
208,191,1.0
85,149,0.75
159,191,1.0
105,209,1.0
18,49,1.0
176,63,1.0
184,2,1.0
126,149,1.0
100,149,0.6190476190476191
140,219,1.0
105,209,1.0
30,114,1.0
169,96,0.4
2,151,1.0
85,177,1.0
60,102,0.4
115,124,1.0
137,136,1.0
55,149,0.6923076923076923
85,69,1.0
159,78,1.0
60,177,1.0
114,1,1.0
117,61,1.0
202,179,1.0
214,123,1.0
149,192,1.0
202,183,1.0
69,120,1.0
126,69,1.0
169,48,1.0
85,127,1.0
120,149,0.3333333333333333
176,163,1.0
26,149,1.0
184,160,1.0
197,115,1.0
34,127,0.3333333333333333
92,54,1.0
34,120,0.6
131,193,1.0
137,15,1.0
92,132,1.0
29,219,1.0
120,102,0.3333333333333333
100,69,0.2727272727272727
118,85,1.0
121,123,1.0
207,149,0.3333333333333333
149,192,1.0
184,92,1.0
183,60,0.4
24,48,1.0
60,49,1.0
202,69,1.0
83,162,1.0
184,197,1.0
169,137,0.5555555555555556
131,78,1.0
140,136,1.0
54,82,1.0
127,110,1.0
92,45,1.0
143,140,1.0
85,191,1.0
206,137,0.3333333333333333
149,192,1.0
24,78,1.0
136,219,1.0
111,96,1.0
69,163,1.0
208,132,1.0
49,105,1.0
127,120,1.0
197,208,1.0
207,220,1.0
117,215,1.0
140,132,1.0
92,193,1.0
92,123,1.0
159,96,0.3333333333333333
136,167,1.0
176,179,1.0
48,131,1.0
206,157,1.0
169,191,1.0
105,169,0.3333333333333333
54,78,1.0
159,78,1.0
126,84,1.0
126,102,1.0
149,77,1.0
184,167,1.0
2,197,1.0
209,193,1.0
96,78,0.8
176,149,0.8461538461538461
86,111,1.0
183,69,1.0
123,220,1.0
169,159,0.6
61,83,1.0
127,84,0.2
154,49,0.5
150,215,1.0
177,100,1.0
96,197,0.25
86,140,1.0
60,45,0.2
161,193,1.0
102,149,0.3333333333333333
169,78,1.0
126,200,1.0
34,220,1.0
55,69,1.0
100,149,0.6190476190476191
206,170,1.0
161,96,1.0
154,193,1.0
161,96,1.0
2,92,1.0
140,78,1.0
209,12,1.0
54,73,1.0
30,192,1.0
100,102,0.3333333333333333
173,100,1.0
117,150,1.0
209,170,1.0
2,197,1.0
197,12,1.0
110,192,1.0
140,167,1.0
88,48,1.0
24,167,1.0
105,193,1.0
115,92,1.0
99,157,1.0
100,110,0.3333333333333333
63,120,0.5
55,60,0.3333333333333333
18,160,1.0
49,54,1.0
92,78,1.0
100,120,1.0
143,169,1.0
100,123,1.0
2,208,1.0
2,54,1.0
176,163,1.0
183,69,1.0
176,149,0.8461538461538461
85,149,0.75
156,120,1.0
161,208,1.0
2,48,1.0
100,77,1.0
60,200,0.5
60,200,0.5
85,60,0.8333333333333334
92,123,1.0
18,60,1.0
60,69,0.8181818181818182
149,69,0.5384615384615384
85,26,1.0
176,120,1.0
150,154,1.0
123,77,1.0
177,149,0.5
105,96,0.7142857142857143
214,77,1.0
147,1,0.3333333333333333
26,127,1.0
60,149,0.6
206,208,0.6
169,2,0.3333333333333333
83,198,1.0
55,120,0.6
83,221,1.0
96,170,1.0
197,140,1.0
114,65,1.0
55,200,1.0
149,69,0.5384615384615384
115,45,1.0
176,63,1.0
49,124,1.0
55,34,0.5
60,219,1.0
105,82,1.0
159,15,1.0
92,149,0.6923076923076923
176,207,1.0
202,100,1.0
215,78,1.0
92,215,1.0
99,54,1.0
29,137,1.0
183,149,0.7142857142857143
178,193,1.0
157,96,0.6
100,149,0.6190476190476191
170,167,1.0
198,221,1.0
183,45,1.0
55,60,0.3333333333333333
118,137,1.0
132,167,1.0
143,60,0.25
140,12,1.0
200,149,0.5555555555555556
54,96,0.25
150,48,1.0
215,124,1.0
69,67,0.2
126,69,1.0
201,170,1.0
176,183,1.0
48,170,1.0
60,45,0.2
45,127,0.6666666666666666
54,193,1.0
99,48,1.0
197,49,1.0
169,159,0.6
92,159,1.0
54,12,1.0
96,78,0.8
92,55,0.6666666666666666
140,137,0.3333333333333333
49,159,0.2
149,69,0.5384615384615384
115,69,1.0
207,69,1.0
190,198,1.0
92,102,1.0
159,82,1.0
67,121,1.0
24,219,1.0
143,149,1.0
55,207,1.0
26,149,1.0
126,163,1.0
183,102,1.0
157,2,1.0
126,34,1.0
157,54,1.0
161,197,1.0
92,149,0.6923076923076923
143,96,1.0
85,176,0.2
92,149,0.6923076923076923
85,143,1.0
99,137,1.0
214,100,1.0
200,77,1.0
127,149,0.5555555555555556
99,49,1.0
49,78,1.0
18,96,1.0
150,24,1.0
115,167,1.0
78,12,1.0
92,60,0.4
69,67,0.2
197,60,1.0
169,92,1.0
85,60,0.8333333333333334
140,191,1.0
169,208,1.0
60,34,0.5
143,60,0.25
105,96,0.7142857142857143
54,170,1.0
209,96,0.2727272727272727
115,215,1.0
124,78,1.0
209,197,0.5
105,54,1.0
214,179,1.0
118,54,1.0
183,102,1.0
117,88,1.0
30,1,1.0
54,48,0.2
85,12,1.0
124,170,1.0
85,179,1.0
118,54,1.0
88,29,1.0
92,100,0.6
49,78,1.0
178,201,1.0
177,26,1.0
60,179,1.0
206,159,1.0
86,219,1.0
100,26,0.2
45,26,1.0
82,73,1.0
92,154,1.0
169,150,1.0
85,179,1.0
150,136,1.0
169,197,0.7142857142857143
126,60,0.7777777777777778
54,24,1.0
45,149,0.5714285714285714
26,63,1.0
179,77,1.0
2,96,1.0
49,159,0.2
86,140,1.0
173,179,1.0
99,78,1.0
88,24,1.0
126,102,1.0
197,111,1.0
221,162,1.0
102,220,1.0
184,169,1.0
208,191,1.0
137,124,1.0
117,191,1.0
131,170,1.0
24,193,1.0
49,96,1.0
92,100,0.6
65,221,1.0
206,169,0.3333333333333333
176,60,0.38461538461538464
117,136,1.0
143,176,0.2727272727272727
55,26,1.0
96,151,1.0
206,92,1.0
126,67,1.0
18,140,0.3333333333333333
100,102,0.3333333333333333
208,24,1.0
117,132,1.0
126,115,1.0
176,123,0.6
160,78,1.0
96,137,0.14285714285714285
34,26,0.5
100,102,0.3333333333333333
111,82,1.0
100,179,0.14285714285714285
202,100,1.0
102,149,0.3333333333333333
157,159,1.0
1,221,1.0
105,88,1.0
149,69,0.5384615384615384
206,169,0.3333333333333333
54,12,1.0
157,169,0.3333333333333333
48,159,0.3333333333333333
127,55,0.14285714285714285
147,5,1.0
209,73,1.0
85,60,0.8333333333333334
67,123,0.3333333333333333
18,159,1.0
92,55,0.6666666666666666
169,197,0.7142857142857143
169,96,0.4
63,220,1.0
105,208,0.5
85,149,0.75
63,156,1.0
88,215,1.0
184,12,1.0
60,202,0.2
24,219,1.0
137,78,1.0
92,137,1.0
176,127,0.2
60,24,1.0
117,154,1.0
206,191,1.0
127,102,0.3333333333333333
60,67,0.5
200,63,1.0
214,69,0.3333333333333333
60,69,0.8181818181818182
45,63,1.0
176,149,0.8461538461538461
120,149,0.3333333333333333
159,136,1.0
100,69,0.2727272727272727
202,183,1.0
60,110,1.0
137,78,1.0
88,201,1.0
131,78,1.0
34,115,1.0
55,77,1.0
100,120,1.0
34,149,0.5555555555555556
159,124,1.0
48,78,1.0
115,191,1.0
208,170,1.0
184,131,1.0
49,82,1.0
176,102,1.0
60,77,1.0
127,149,0.5555555555555556
201,193,1.0
34,102,1.0
209,151,1.0
115,78,1.0
18,49,1.0
179,77,1.0
184,208,1.0
184,137,1.0
208,159,0.2
102,26,0.5
140,191,1.0
159,96,0.3333333333333333
100,110,0.3333333333333333
176,100,0.4
85,26,1.0
96,124,1.0
83,147,1.0
100,110,0.3333333333333333
110,69,1.0
149,30,1.0
150,178,1.0
126,207,1.0
24,170,1.0
30,128,1.0
88,136,1.0
100,207,0.3333333333333333
92,96,1.0
100,179,0.14285714285714285
60,26,0.3333333333333333
117,88,1.0
173,63,1.0
26,149,1.0
49,167,1.0
117,178,1.0
214,77,1.0
49,24,0.5
92,151,1.0
117,215,1.0
92,127,0.6
99,208,1.0
60,163,1.0
200,214,1.0
100,30,1.0
143,86,1.0
60,149,0.6
105,137,0.3333333333333333
54,201,1.0
85,67,1.0
137,78,1.0
137,49,0.3333333333333333
88,170,1.0
169,159,0.6
85,176,0.2
143,176,0.2727272727272727
183,85,0.5
92,167,1.0
206,209,1.0
169,208,1.0
85,120,1.0
173,102,1.0
45,69,0.7142857142857143
124,78,1.0
85,67,1.0
202,26,1.0
184,96,0.7142857142857143
126,100,1.0
206,154,1.0
202,200,1.0
85,34,1.0
184,2,1.0
85,69,1.0
99,54,1.0
176,100,0.4
55,34,0.5
84,69,1.0
140,49,0.7142857142857143
18,219,1.0
173,207,1.0
115,49,1.0
115,209,1.0
126,69,1.0
60,100,0.8461538461538461
208,82,1.0
176,163,1.0
92,29,1.0
131,49,1.0
184,54,1.0
100,84,1.0
67,123,0.3333333333333333
149,220,1.0
117,154,1.0
169,124,1.0
131,54,1.0
49,54,1.0
86,208,1.0
169,54,1.0
117,167,1.0
149,77,1.0
60,100,0.8461538461538461
197,82,1.0
214,149,1.0
212,2,1.0
60,69,0.8181818181818182
214,207,1.0
111,2,1.0
86,212,1.0
99,48,1.0
2,137,1.0
100,26,0.2
184,208,1.0
177,102,1.0
96,78,0.8
60,69,0.8181818181818182
207,26,1.0
18,49,1.0
117,184,0.2
197,159,0.3333333333333333
120,163,1.0
143,24,1.0
161,169,1.0
183,60,0.4
117,96,0.5
63,102,1.0
212,208,1.0
105,88,1.0
126,69,1.0
126,149,1.0
215,201,1.0
159,212,1.0
18,208,1.0
118,82,1.0
176,179,1.0
85,149,0.75
85,149,0.75
183,207,1.0
183,207,1.0
83,1,0.3333333333333333
54,78,1.0
200,123,1.0
85,123,1.0
54,12,1.0
118,96,1.0
60,149,0.6
92,159,1.0
1,221,1.0
45,55,0.5
206,49,1.0
85,120,1.0
120,220,1.0
85,69,1.0
60,69,0.8181818181818182
117,48,1.0
102,69,1.0
92,137,1.0
184,73,1.0
214,123,1.0
85,120,1.0
26,77,1.0
85,60,0.8333333333333334
169,82,1.0
197,18,1.0
157,160,0.3333333333333333
123,149,0.5
60,170,1.0
115,69,1.0
117,184,0.2
34,69,1.0
111,208,1.0
140,160,1.0
100,26,0.2
127,149,0.5555555555555556
183,163,1.0
60,120,1.0
60,102,0.4
102,69,1.0
209,159,0.6
143,92,1.0
92,88,1.0
183,69,1.0
200,163,1.0
140,49,0.7142857142857143
208,170,1.0
154,49,0.5
140,208,1.0
60,100,0.8461538461538461
169,96,0.4
206,49,1.0
208,159,0.2
143,34,1.0
137,151,1.0
85,102,0.7142857142857143
60,120,1.0
126,85,0.2
183,60,0.4
100,179,0.14285714285714285
207,115,1.0
60,77,1.0
178,111,1.0
183,149,0.7142857142857143
206,49,1.0
176,63,1.0
156,123,1.0
214,102,1.0
48,201,1.0
115,120,1.0
209,24,1.0
149,63,0.2
176,115,1.0
157,209,0.3333333333333333
85,69,1.0
1,198,1.0
127,192,1.0
143,120,1.0
60,24,1.0
99,159,1.0
105,54,1.0
160,137,0.3333333333333333
183,45,1.0
123,120,1.0
131,191,1.0
208,78,1.0
140,170,1.0
208,88,1.0
179,26,0.3333333333333333
92,149,0.6923076923076923
92,78,1.0
159,219,1.0
207,85,1.0
45,110,1.0
209,215,1.0
92,149,0.6923076923076923
2,96,1.0
149,69,0.5384615384615384
206,88,1.0
183,45,1.0
92,24,1.0
132,124,1.0
208,78,1.0
214,102,1.0
197,49,1.0
120,149,0.3333333333333333
92,149,0.6923076923076923
143,177,1.0
183,149,0.7142857142857143
173,120,1.0
60,105,1.0
127,120,1.0
120,102,0.3333333333333333
200,100,0.5
161,82,1.0
127,55,0.14285714285714285
84,149,0.14285714285714285
137,191,1.0
34,69,1.0
149,192,1.0
117,49,1.0
88,170,1.0
206,208,0.6
206,96,1.0
67,77,1.0
179,121,1.0
96,170,1.0
69,63,0.3333333333333333
206,12,1.0
45,69,0.7142857142857143
30,69,1.0
154,124,1.0
63,77,1.0
92,49,0.5
115,193,1.0
140,24,1.0
209,124,1.0
202,179,1.0
60,200,0.5
26,149,1.0
96,193,1.0
169,208,1.0
49,191,1.0
176,127,0.2
100,149,0.6190476190476191
88,124,1.0
117,24,1.0
85,143,1.0
65,5,1.0
157,96,0.6
206,169,0.3333333333333333
208,193,1.0
54,124,1.0
183,34,0.3333333333333333
123,110,0.3333333333333333
143,208,1.0
117,49,1.0
117,78,1.0
212,137,1.0
207,120,1.0
67,163,1.0
60,177,1.0
143,149,1.0
209,159,0.6
115,149,1.0
115,184,1.0
149,156,1.0
18,82,1.0
96,48,0.14285714285714285
85,102,0.7142857142857143
96,167,1.0
123,120,1.0
111,24,1.0
214,100,1.0
100,69,0.2727272727272727
169,54,1.0
176,183,1.0
86,24,1.0
105,82,1.0
215,193,1.0
118,208,1.0
183,67,1.0
140,49,0.7142857142857143
214,120,1.0
55,200,1.0
127,149,0.5555555555555556
102,163,1.0
176,102,1.0
55,120,0.6
105,96,0.7142857142857143
126,85,0.2
143,197,1.0
159,96,0.3333333333333333
169,219,1.0
84,69,1.0
60,127,1.0
140,159,1.0
206,209,1.0
2,137,1.0
24,201,1.0
92,60,0.4
102,163,1.0
48,167,1.0
207,69,1.0
85,60,0.8333333333333334
169,49,0.5555555555555556
18,212,1.0
209,124,1.0
169,49,0.5555555555555556
117,215,1.0
173,69,1.0
100,149,0.6190476190476191
88,178,1.0
176,149,0.8461538461538461
126,127,1.0
149,77,1.0
65,1,1.0
34,102,1.0
29,54,1.0
140,96,1.0
54,215,1.0
117,92,1.0
49,209,0.3333333333333333
197,137,0.2
200,149,0.5555555555555556
193,78,1.0
114,221,1.0
197,82,1.0
206,78,1.0
54,96,0.25
149,77,1.0
140,184,1.0
149,69,0.5384615384615384
34,77,1.0
202,123,1.0
49,209,0.3333333333333333
169,197,0.7142857142857143
88,201,1.0
54,215,1.0
206,49,1.0
176,120,1.0
100,149,0.6190476190476191
157,197,0.3333333333333333
115,96,1.0
29,154,1.0
85,96,1.0
169,159,0.6
208,12,1.0
214,67,1.0
83,1,0.3333333333333333
85,77,1.0
161,117,1.0
96,73,1.0
126,120,1.0
214,100,1.0
85,209,1.0
49,208,0.2
118,96,1.0
178,132,1.0
206,208,0.6
200,69,0.3333333333333333
100,149,0.6190476190476191
126,163,1.0
82,88,1.0
176,100,0.4
85,45,1.0
169,96,0.4
49,48,0.2
118,99,1.0
176,110,1.0
140,208,1.0
126,55,0.3333333333333333
60,120,1.0
137,15,1.0
85,69,1.0
99,2,1.0
131,96,1.0
161,184,1.0
126,127,1.0
215,48,1.0
60,149,0.6
55,149,0.6923076923076923
96,191,1.0
96,151,1.0
26,69,1.0
126,60,0.7777777777777778
92,100,0.6
85,163,1.0
179,121,1.0
49,219,1.0
169,131,1.0
176,149,0.8461538461538461
85,149,0.75
184,209,0.5
48,78,1.0
200,177,1.0
140,96,1.0
96,193,1.0
55,26,1.0
85,78,1.0
100,123,1.0
169,78,1.0
176,200,0.6666666666666666
54,96,0.25
60,200,0.5
169,78,1.0
159,24,1.0
85,69,1.0
34,100,0.14285714285714285
184,132,1.0
176,100,0.4
45,77,1.0
140,111,1.0
117,193,1.0
169,24,1.0
69,123,0.5
206,137,0.3333333333333333
160,208,1.0
140,24,1.0
209,96,0.2727272727272727
92,54,1.0
202,120,1.0
92,149,0.6923076923076923
150,137,1.0
206,159,1.0
183,60,0.4
179,34,0.5
18,2,1.0
85,55,1.0
60,84,1.0
2,160,1.0
105,201,1.0
209,159,0.6
161,137,0.6
26,77,1.0
184,99,1.0
92,192,1.0
184,96,0.7142857142857143
154,201,1.0
92,12,1.0
118,115,1.0
110,30,1.0
105,96,0.7142857142857143
176,55,0.5
102,26,0.5
85,69,1.0
60,179,1.0
184,169,1.0
29,78,1.0
102,26,0.5
63,30,1.0
184,99,1.0
176,102,1.0
157,131,1.0
102,30,1.0
184,15,1.0
118,159,1.0
169,160,1.0
202,200,1.0
184,160,1.0
45,149,0.5714285714285714
154,170,1.0
127,77,1.0
176,92,0.2
29,159,1.0
100,63,1.0
86,18,1.0
179,34,0.5
85,127,1.0
176,121,1.0
84,77,1.0
169,208,1.0
206,2,1.0
149,77,1.0
197,137,0.2
85,215,1.0
170,191,1.0
117,208,1.0
209,48,0.2
60,49,1.0
206,18,1.0
206,54,1.0
183,200,0.3333333333333333
86,197,1.0
96,78,0.8
173,179,1.0
140,209,1.0
111,49,1.0
60,149,0.6
88,219,1.0
2,54,1.0
126,207,1.0
117,169,0.3333333333333333
92,26,1.0
184,170,1.0
18,124,1.0
49,160,1.0
173,110,1.0
85,100,1.0
49,105,1.0
201,78,1.0
86,96,1.0
173,156,1.0
24,193,1.0
96,137,0.14285714285714285
110,120,0.3333333333333333
159,154,1.0
55,110,1.0
154,208,1.0
161,78,1.0
127,69,1.0
176,60,0.38461538461538464
29,178,1.0
206,18,1.0
156,120,1.0
63,120,0.5
67,120,1.0
117,197,1.0
60,102,0.4
84,192,1.0
55,69,1.0
88,193,1.0
209,54,1.0
45,149,0.5714285714285714
92,77,1.0
45,149,0.5714285714285714
102,77,1.0
140,96,1.0
184,160,1.0
159,111,1.0
48,159,0.3333333333333333
169,49,0.5555555555555556
69,123,0.5
120,77,1.0
83,190,1.0
207,149,0.3333333333333333
126,55,0.3333333333333333
60,127,1.0
118,48,1.0
137,73,1.0
85,69,1.0
169,208,1.0
117,184,0.2
85,192,1.0
69,179,0.3333333333333333
150,201,1.0
179,149,1.0
55,149,0.6923076923076923
154,48,1.0
154,215,1.0
126,60,0.7777777777777778
45,149,0.5714285714285714
100,149,0.6190476190476191
176,60,0.38461538461538464
123,163,1.0
137,124,1.0
127,77,1.0
45,149,0.5714285714285714
105,99,1.0
176,200,0.6666666666666666
96,191,1.0
176,67,1.0
34,149,0.5555555555555556
100,149,0.6190476190476191
137,49,0.3333333333333333
150,78,1.0
117,159,1.0
147,221,1.0
126,100,1.0
197,154,1.0
126,60,0.7777777777777778
209,124,1.0
60,69,0.8181818181818182
117,137,0.5
96,201,1.0
124,136,1.0
202,100,1.0
100,149,0.6190476190476191
178,96,1.0
198,162,1.0
117,124,1.0
184,169,1.0
120,149,0.3333333333333333
212,48,1.0
127,55,0.14285714285714285
117,12,1.0
169,136,1.0
34,120,0.6
127,192,1.0
100,121,1.0
48,124,1.0
140,154,1.0
209,167,1.0
92,149,0.6923076923076923
201,136,1.0
214,121,1.0
45,127,0.6666666666666666
105,184,0.3333333333333333
49,201,1.0
143,60,0.25
177,127,1.0
85,105,1.0
45,127,0.6666666666666666
160,137,0.3333333333333333
85,78,1.0
92,215,1.0
118,96,1.0
92,49,0.5
96,137,0.14285714285714285
85,63,1.0
200,67,0.3333333333333333
92,60,0.4
200,149,0.5555555555555556
88,170,1.0
151,78,1.0
49,208,0.2
183,179,1.0
92,100,0.6
55,183,1.0
159,60,1.0
29,48,1.0
55,77,1.0
169,170,1.0
88,154,1.0
176,173,1.0
118,105,1.0
96,197,0.25
92,192,1.0
55,149,0.6923076923076923
169,54,1.0
137,54,0.3333333333333333
100,149,0.6190476190476191
143,49,1.0
176,69,0.6666666666666666
150,111,1.0
92,201,1.0
157,96,0.6
100,67,1.0
114,162,1.0
92,120,1.0
2,96,1.0
190,221,1.0
126,127,1.0
206,159,1.0
114,5,1.0
26,84,1.0
118,206,1.0
88,215,1.0
86,136,1.0
55,123,0.2
2,193,1.0
55,163,1.0
131,88,1.0
34,102,1.0
92,60,0.4
60,200,0.5
176,69,0.6666666666666666
45,179,1.0
69,63,0.3333333333333333
96,124,1.0
150,215,1.0
212,124,1.0
85,69,1.0
100,63,1.0
67,26,1.0
105,24,1.0
45,69,0.7142857142857143
159,54,0.2
2,73,1.0
176,149,0.8461538461538461
117,12,1.0
176,192,1.0
161,160,1.0
137,24,1.0
131,124,1.0
176,26,1.0
176,121,1.0
127,69,1.0
100,121,1.0
60,111,1.0
118,96,1.0
85,67,1.0
88,167,1.0
117,201,1.0
54,78,1.0
176,200,0.6666666666666666
128,221,1.0
127,149,0.5555555555555556
118,48,1.0
137,151,1.0
45,26,1.0
143,120,1.0
209,131,1.0
127,192,1.0
88,150,1.0
157,197,0.3333333333333333
176,92,0.2
143,136,1.0
92,45,1.0
169,49,0.5555555555555556
206,88,1.0
160,197,1.0
126,69,1.0
55,60,0.3333333333333333
176,123,0.6
54,170,1.0
100,123,1.0
157,124,1.0
117,54,1.0
176,163,1.0
88,159,0.3333333333333333
34,127,0.3333333333333333
54,191,1.0
100,120,1.0
96,193,1.0
24,78,1.0
126,183,1.0
92,82,1.0
92,127,0.6
207,156,1.0
149,69,0.5384615384615384
209,78,1.0
209,208,1.0
128,5,1.0
140,105,1.0
85,102,0.7142857142857143
26,77,1.0
184,151,1.0
2,54,1.0
169,48,1.0
183,123,1.0
184,137,1.0
49,208,0.2
49,24,0.5
149,63,0.2
2,124,1.0
60,127,1.0
126,102,1.0
184,15,1.0
85,123,1.0
49,48,0.2
147,221,1.0
215,167,1.0
85,167,1.0
102,110,1.0
123,77,1.0
69,120,1.0
143,49,1.0
126,183,1.0
118,124,1.0
176,200,0.6666666666666666
183,100,1.0
111,219,1.0
92,170,1.0
184,49,1.0
69,192,1.0
159,132,1.0
197,49,1.0
161,159,1.0
127,102,0.3333333333333333
118,78,1.0
131,208,1.0
184,154,1.0
208,170,1.0
169,2,0.3333333333333333
126,60,0.7777777777777778
100,102,0.3333333333333333
214,156,1.0
206,131,0.3333333333333333
173,156,1.0
127,149,0.5555555555555556
208,124,1.0
118,209,1.0
159,170,1.0
137,54,0.3333333333333333
143,18,1.0
118,73,1.0
184,197,1.0
176,45,0.2
92,102,1.0
127,149,0.5555555555555556
110,120,0.3333333333333333
209,29,1.0
127,77,1.0
154,178,1.0
143,82,1.0
183,149,0.7142857142857143
88,193,1.0
83,147,1.0
100,77,1.0
49,2,1.0
60,100,0.8461538461538461
123,63,0.5
100,77,1.0
197,208,1.0
208,137,0.14285714285714285
117,96,0.5
183,127,1.0
69,77,1.0
34,63,0.3333333333333333
159,54,0.2
49,105,1.0
96,167,1.0
183,115,1.0
48,78,1.0
140,24,1.0
118,92,1.0
176,100,0.4
179,120,1.0
34,100,0.14285714285714285
137,193,1.0
149,69,0.5384615384615384
209,96,0.2727272727272727
176,84,1.0
177,100,1.0
60,102,0.4
206,96,1.0
117,2,1.0
209,96,0.2727272727272727
2,78,1.0
60,100,0.8461538461538461
105,54,1.0
86,159,1.0
100,77,1.0
102,77,1.0
183,100,1.0
100,110,0.3333333333333333
140,88,1.0
143,176,0.2727272727272727
209,131,1.0
176,207,1.0
85,200,1.0
100,69,0.2727272727272727
115,159,1.0
208,15,1.0
209,54,1.0
208,78,1.0
143,169,1.0
34,67,0.3333333333333333
126,102,1.0
208,73,1.0
212,219,1.0
96,170,1.0
100,149,0.6190476190476191
100,149,0.6190476190476191
12,191,1.0
179,149,1.0
131,54,1.0
84,45,1.0
85,92,0.5
206,73,1.0
176,102,1.0
149,192,1.0
183,34,0.3333333333333333
88,54,1.0
143,63,1.0
206,54,1.0
96,48,0.14285714285714285
105,170,1.0
92,69,1.0
60,34,0.5
197,137,0.2
105,131,1.0
207,60,0.3333333333333333
150,170,1.0
157,137,0.5
212,24,1.0
191,193,1.0
176,149,0.8461538461538461
29,193,1.0
67,120,1.0
208,215,1.0
140,115,1.0
105,137,0.3333333333333333
183,60,0.4
126,123,1.0
117,78,1.0
126,26,1.0
85,63,1.0
184,54,1.0
26,149,1.0
208,193,1.0
92,208,1.0
117,78,1.0
169,54,1.0
143,60,0.25
18,54,1.0
86,60,1.0
176,220,1.0
150,212,1.0
207,67,1.0
200,69,0.3333333333333333
105,54,1.0
161,54,1.0
184,96,0.7142857142857143
55,123,0.2
132,170,1.0
117,29,1.0
78,191,1.0
159,78,1.0
124,191,1.0
184,201,1.0
140,49,0.7142857142857143
118,54,1.0
159,170,1.0
169,118,1.0
183,45,1.0
110,220,1.0
55,149,0.6923076923076923
150,219,1.0
169,115,1.0
96,15,0.3333333333333333
92,49,0.5
49,201,1.0
96,78,0.8
127,149,0.5555555555555556
49,24,0.5
169,160,1.0
85,100,1.0
118,140,1.0
2,96,1.0
176,149,0.8461538461538461
88,154,1.0
85,60,0.8333333333333334
100,69,0.2727272727272727
143,137,1.0
49,124,1.0
176,207,1.0
212,96,1.0
88,24,1.0
169,24,1.0
169,78,1.0
96,48,0.14285714285714285
92,69,1.0
29,167,1.0
92,60,0.4
34,69,1.0
127,207,1.0
143,77,1.0
99,96,1.0
156,121,1.0
149,77,1.0
183,60,0.4
45,102,0.3333333333333333
115,163,1.0
85,60,0.8333333333333334
197,49,1.0
105,78,1.0
176,183,1.0
126,176,0.2
176,200,0.6666666666666666
85,88,1.0
82,191,1.0
115,100,1.0
197,191,1.0
183,69,1.0
206,78,1.0
208,137,0.14285714285714285
60,100,0.8461538461538461
34,149,0.5555555555555556
202,123,1.0
99,96,1.0
197,49,1.0
143,163,1.0
149,77,1.0
206,169,0.3333333333333333
18,136,1.0
176,102,1.0
54,78,1.0
208,24,1.0
157,169,0.3333333333333333
169,131,1.0
169,208,1.0
96,12,1.0
176,60,0.38461538461538464
160,24,1.0
100,120,1.0
49,96,1.0
161,78,1.0
176,173,1.0
150,159,1.0
105,96,0.7142857142857143
84,149,0.14285714285714285
102,69,1.0
92,34,1.0
214,179,1.0
140,54,1.0
123,45,1.0
117,96,0.5
92,149,0.6923076923076923
48,124,1.0
60,149,0.6
200,149,0.5555555555555556
60,177,1.0
150,140,1.0
92,149,0.6923076923076923
209,78,1.0
202,26,1.0
85,132,1.0
100,77,1.0
215,170,1.0
96,215,0.3333333333333333
200,163,1.0
176,45,0.2
100,84,1.0
60,69,0.8181818181818182
177,45,1.0
45,149,0.5714285714285714
117,159,1.0
169,96,0.4
173,121,1.0
115,200,1.0
200,120,0.5
123,149,0.5
184,159,1.0
29,170,1.0
132,137,1.0
143,176,0.2727272727272727
147,128,1.0
207,60,0.3333333333333333
143,149,1.0
85,60,0.8333333333333334
169,137,0.5555555555555556
100,220,1.0
82,78,1.0
191,193,1.0
84,149,0.14285714285714285
60,69,0.8181818181818182
92,55,0.6666666666666666
179,55,1.0
55,149,0.6923076923076923
117,48,1.0
117,208,1.0
173,149,1.0
169,49,0.5555555555555556
2,170,1.0
55,120,0.6
183,85,0.5
207,69,1.0
29,201,1.0
99,73,1.0
136,193,1.0
60,26,0.3333333333333333
100,8,1.0
160,193,1.0
200,120,0.5
183,115,1.0
117,96,0.5
209,154,1.0
117,137,0.5
214,120,1.0
92,77,1.0
60,45,0.2
202,120,1.0
96,12,1.0
126,110,1.0
176,183,1.0
45,69,0.7142857142857143
214,176,0.3333333333333333
206,49,1.0
55,149,0.6923076923076923
137,191,1.0
140,82,1.0
34,149,0.5555555555555556
176,149,0.8461538461538461
92,60,0.4
200,220,1.0
1,5,1.0
30,220,1.0
60,124,1.0
34,26,0.5
92,120,1.0
85,29,1.0
149,163,1.0
127,220,1.0
173,30,1.0
176,45,0.2
157,208,1.0
140,111,1.0
69,123,0.5
54,191,1.0
179,26,0.3333333333333333
193,167,1.0
100,63,1.0
88,191,1.0
100,192,1.0
100,120,1.0
117,54,1.0
88,178,1.0
34,192,1.0
100,123,1.0
26,149,1.0
48,191,1.0
184,78,1.0
54,82,1.0
65,128,1.0
92,96,1.0
60,192,1.0
123,163,1.0
206,137,0.3333333333333333
100,149,0.6190476190476191
184,208,1.0
140,215,1.0
156,102,1.0
96,78,0.8
170,78,1.0
117,131,1.0
177,149,0.5
96,73,1.0
150,132,1.0
207,67,1.0
2,191,1.0
136,78,1.0
100,30,1.0
85,200,1.0
117,118,1.0
131,159,1.0
161,88,1.0
137,219,1.0
92,69,1.0
84,55,0.3333333333333333
176,26,1.0
96,78,0.8
99,96,1.0
176,120,1.0
105,184,0.3333333333333333
177,127,1.0
209,48,0.2
208,48,1.0
123,63,0.5
85,193,1.0
2,82,1.0
143,54,1.0
67,120,1.0
176,220,1.0
60,102,0.4
85,77,1.0
156,179,1.0
183,102,1.0
126,92,1.0
197,18,1.0
126,192,1.0
54,73,1.0
48,193,1.0
85,60,0.8333333333333334
49,191,1.0
173,200,1.0
127,149,0.5555555555555556
197,49,1.0
127,77,1.0
178,137,1.0
88,78,1.0
92,110,1.0
177,110,1.0
105,215,1.0
48,12,1.0
127,149,0.5555555555555556
-1,-1