179,149,1.0
206,131,0.3333333333333333
100,149,0.6666666666666666
85,92,1.0
100,179,0.6
140,124,1.0
197,209,1.0
140,96,1.0
137,49,1.0
118,208,1.0
100,77,1.0
177,127,1.0
208,82,0.3333333333333333
159,78,1.0
2,124,1.0
207,183,1.0
161,208,1.0
126,102,1.0
206,117,1.0
160,78,1.0
140,49,0.5
54,78,1.0
137,169,0.42857142857142855
208,48,1.0
60,127,0.3333333333333333
18,111,1.0
85,63,1.0
184,159,1.0
169,154,1.0
96,78,1.0
160,131,1.0
55,183,1.0
92,149,0.3333333333333333
105,78,1.0
54,92,1.0
18,49,1.0
45,149,0.3333333333333333
117,208,1.0
159,212,1.0
126,69,1.0
117,83,1.0
173,120,1.0
88,170,1.0
137,12,1.0
85,69,0.42857142857142855
88,191,1.0
15,96,0.3333333333333333
100,192,1.0
176,179,1.0
176,183,0.2
117,191,1.0
159,191,1.0
212,105,1.0
100,149,0.6666666666666666
88,132,1.0
126,183,1.0
63,121,1.0
184,2,1.0
24,201,1.0
92,26,1.0
137,54,1.0
208,137,1.0
206,49,1.0
45,179,1.0
173,200,1.0
12,191,1.0
208,78,0.3333333333333333
126,84,1.0
118,105,1.0
124,219,1.0
208,88,1.0
208,191,1.0
126,207,1.0
126,60,1.0
60,100,0.5
54,48,1.0
159,49,0.3333333333333333
88,132,1.0
34,102,1.0
100,220,1.0
126,149,0.6363636363636364
63,220,1.0
54,96,0.5555555555555556
61,83,1.0
159,124,1.0
126,102,1.0
110,8,1.0
208,170,1.0
206,197,0.5
137,15,1.0
84,1,1.0
184,160,0.3333333333333333
60,136,1.0
173,67,1.0
88,193,1.0
177,100,1.0
60,77,1.0
111,2,1.0
176,69,0.75
85,212,1.0
118,82,1.0
154,48,1.0
149,69,0.6
92,149,0.3333333333333333
2,96,0.2
143,67,1.0
67,102,1.0
117,159,1.0
197,82,1.0
160,54,1.0
150,111,1.0
215,167,1.0
127,100,0.2
131,96,0.3333333333333333
179,120,1.0
208,73,1.0
131,159,1.0
206,49,1.0
55,77,1.0
143,2,1.0
197,208,1.0
149,192,1.0
96,193,1.0
117,78,1.0
169,24,1.0
92,69,1.0
69,102,0.7142857142857143
149,143,1.0
67,26,1.0
137,191,1.0
92,2,1.0
18,96,1.0
105,131,1.0
120,149,0.5
137,78,1.0
92,154,1.0
140,24,1.0
85,102,1.0
54,24,1.0
117,49,0.3333333333333333
173,110,1.0
214,179,1.0
2,157,1.0
117,209,1.0
78,193,1.0
115,102,1.0
45,26,1.0
150,78,1.0
123,183,1.0
154,167,1.0
73,191,1.0
149,77,1.0
126,55,1.0
169,49,0.6363636363636364
206,169,0.6666666666666666
111,137,1.0
67,149,0.5
143,197,1.0
96,73,1.0
140,82,1.0
208,193,1.0
69,121,1.0
183,34,1.0
184,2,1.0
206,169,0.6666666666666666
179,149,1.0
176,127,1.0
100,26,0.2
197,160,0.3333333333333333
105,160,0.3333333333333333
137,124,1.0
200,176,0.3333333333333333
127,110,1.0
26,110,1.0
96,208,0.14285714285714285
105,49,0.3333333333333333
176,69,0.75
100,149,0.6666666666666666
202,115,1.0
131,157,1.0
88,167,1.0
115,120,1.0
117,159,1.0
179,67,1.0
149,69,0.6
49,193,1.0
209,88,1.0
150,49,1.0
34,85,0.3333333333333333
183,69,0.6666666666666666
140,29,1.0
96,24,1.0
126,207,1.0
48,78,1.0
200,149,0.5
179,77,1.0
176,34,0.3333333333333333
169,49,0.6363636363636364
159,49,0.3333333333333333
49,124,1.0
60,219,1.0
140,131,1.0
126,115,1.0
159,29,1.0
92,45,0.6
67,60,0.6
99,78,1.0
183,149,0.3333333333333333
60,49,1.0
117,92,1.0
143,214,1.0
54,193,1.0
29,132,1.0
82,12,1.0
127,77,1.0
126,45,1.0
126,176,0.42857142857142855
157,15,1.0
18,49,1.0
214,179,1.0
149,63,1.0
96,193,1.0
49,191,1.0
92,149,0.3333333333333333
105,24,1.0
99,223,1.0
54,131,1.0
140,49,0.5
200,63,1.0
99,124,1.0
179,102,1.0
140,154,1.0
78,12,1.0
137,49,1.0
176,183,0.2
60,123,0.14285714285714285
209,151,1.0
55,110,1.0
55,120,1.0
206,124,1.0
173,207,1.0
85,137,1.0
67,77,1.0
96,157,0.2
176,123,0.6666666666666666
178,170,1.0
117,12,1.0
117,201,1.0
184,78,1.0
126,123,1.0
49,48,0.3333333333333333
184,131,1.0
54,12,1.0
176,69,0.75
149,127,0.14285714285714285
118,96,1.0
85,140,1.0
24,124,1.0
169,2,1.0
84,77,1.0
99,96,1.0
96,191,1.0
117,209,1.0
126,67,1.0
54,96,0.5555555555555556
85,197,1.0
161,137,1.0
223,12,1.0
102,55,1.0
140,24,1.0
176,60,0.5384615384615384
117,170,1.0
156,110,1.0
131,208,1.0
137,209,0.6666666666666666
120,30,1.0
84,198,1.0
183,69,0.6666666666666666
100,77,1.0
159,191,1.0
209,208,0.3333333333333333
124,136,1.0
67,85,0.5
100,179,0.6
214,121,1.0
85,69,0.42857142857142855
48,12,1.0
67,60,0.6
92,149,0.3333333333333333
100,115,1.0
126,183,1.0
176,123,0.6666666666666666
131,88,1.0
159,48,0.3333333333333333
207,60,1.0
111,160,1.0
143,92,1.0
29,193,1.0
132,193,1.0
207,67,1.0
214,173,1.0
82,96,0.2
115,207,1.0
206,92,1.0
161,131,1.0
85,92,1.0
149,127,0.14285714285714285
85,111,1.0
26,149,0.14285714285714285
200,85,1.0
60,123,0.14285714285714285
206,54,1.0
118,159,1.0
100,26,0.2
60,45,0.5555555555555556
49,78,1.0
169,219,1.0
200,115,1.0
26,69,1.0
85,149,0.5
85,208,1.0
200,121,1.0
55,110,1.0
2,131,1.0
169,96,0.75
126,127,1.0
169,96,0.75
54,48,1.0
197,208,1.0
67,34,1.0
92,149,0.3333333333333333
85,60,0.25
200,156,1.0
92,45,0.6
82,96,0.2
34,77,1.0
212,96,1.0
126,84,1.0
45,110,1.0
1,162,1.0
92,24,1.0
118,48,1.0
177,149,0.6
45,149,0.3333333333333333
99,54,1.0
60,45,0.5555555555555556
85,184,1.0
126,69,1.0
2,208,0.3333333333333333
179,149,1.0
191,193,1.0
18,24,1.0
54,157,1.0
161,137,1.0
126,60,1.0
197,157,1.0
99,2,1.0
126,143,1.0
197,78,1.0
137,78,1.0
99,208,1.0
18,49,1.0
2,96,0.2
159,157,1.0
49,136,1.0
100,110,0.5
85,54,1.0
209,96,0.3333333333333333
197,82,1.0
159,219,1.0
209,78,1.0
147,5,1.0
92,214,1.0
209,73,1.0
100,123,0.14285714285714285
105,209,1.0
118,140,1.0
184,124,1.0
184,132,1.0
197,111,1.0
102,149,0.1111111111111111
29,178,1.0
115,102,1.0
92,12,1.0
1,198,1.0
169,96,0.75
67,26,1.0
206,49,1.0
159,78,1.0
127,192,1.0
169,140,0.2
176,60,0.5384615384615384
143,60,0.6666666666666666
173,100,1.0
54,167,1.0
60,214,1.0
48,12,1.0
26,162,1.0
92,179,1.0
173,100,1.0
123,183,1.0
124,170,1.0
85,215,1.0
126,183,1.0
179,77,1.0
118,78,1.0
29,201,1.0
105,157,1.0
54,209,0.6
69,179,1.0
207,69,1.0
137,159,0.3333333333333333
150,154,1.0
63,156,1.0
137,78,1.0
136,219,1.0
183,100,1.0
183,100,1.0
85,105,1.0
60,77,1.0
132,201,1.0
208,24,1.0
85,100,1.0
60,69,0.5384615384615384
96,78,1.0
169,12,1.0
60,100,0.5
85,96,1.0
157,151,1.0
49,215,1.0
197,96,1.0
117,96,1.0
207,102,1.0
176,69,0.75
179,120,1.0
143,123,1.0
92,131,1.0
179,123,1.0
49,96,1.0
184,49,1.0
137,49,1.0
126,143,1.0
140,96,1.0
221,162,1.0
137,73,1.0
206,54,1.0
206,96,1.0
179,121,1.0
197,2,1.0
15,151,1.0
88,154,1.0
137,209,0.6666666666666666
200,115,1.0
150,170,1.0
34,100,0.14285714285714285
60,214,1.0
169,118,1.0
92,60,0.42857142857142855
126,149,0.6363636363636364
127,69,1.0
26,114,1.0
65,1,1.0
85,120,1.0
34,127,0.3333333333333333
176,60,0.5384615384615384
88,215,1.0
85,123,1.0
169,105,0.5
131,191,1.0
92,26,1.0
115,45,1.0
169,160,0.6
69,102,0.7142857142857143
92,77,1.0
63,123,1.0
147,198,1.0
2,208,0.3333333333333333
207,102,1.0
92,127,0.6
29,136,1.0
60,159,1.0
184,96,0.75
160,96,0.25
96,78,1.0
170,78,1.0
208,82,0.3333333333333333
99,159,1.0
149,77,1.0
127,100,0.2
117,96,1.0
126,45,1.0
45,77,1.0
137,209,0.6666666666666666
150,178,1.0
214,77,1.0
208,170,1.0
88,78,1.0
102,77,1.0
85,45,1.0
85,102,1.0
120,149,0.5
85,219,1.0
127,69,1.0
183,45,1.0
161,157,1.0
2,82,1.0
120,102,1.0
92,167,1.0
170,136,1.0
100,149,0.6666666666666666
176,220,1.0
96,73,1.0
209,201,1.0
160,82,1.0
60,102,0.42857142857142855
67,123,1.0
92,209,0.3333333333333333
111,96,1.0
45,77,1.0
118,137,1.0
110,102,1.0
200,176,0.3333333333333333
126,207,1.0
149,69,0.6
200,45,1.0
92,150,1.0
60,69,0.5384615384615384
48,201,1.0
100,110,0.5
123,120,1.0
127,207,1.0
209,167,1.0
206,88,1.0
170,193,1.0
176,102,0.7142857142857143
54,73,1.0
143,100,1.0
160,208,1.0
126,176,0.42857142857142855
65,147,1.0
161,96,1.0
55,69,1.0
154,208,1.0
123,34,0.3333333333333333
117,48,0.3333333333333333
60,123,0.14285714285714285
18,154,1.0
60,69,0.5384615384615384
54,132,1.0
92,55,1.0
85,140,1.0
149,192,1.0
126,85,0.2
110,200,0.3333333333333333
117,88,1.0
88,154,1.0
159,124,1.0
45,102,0.2
111,24,1.0
117,92,1.0
215,170,1.0
137,159,0.3333333333333333
117,96,1.0
49,82,1.0
100,63,1.0
149,127,0.14285714285714285
207,183,1.0
176,125,1.0
176,100,0.25
92,123,0.3333333333333333
137,96,0.5555555555555556
82,73,1.0
176,179,1.0
200,77,1.0
65,114,1.0
140,193,1.0
176,30,1.0
92,100,0.2
169,124,1.0
100,149,0.6666666666666666
49,96,1.0
202,179,1.0
67,69,1.0
26,69,1.0
137,159,0.3333333333333333
176,69,0.75
137,96,0.5555555555555556
212,137,1.0
159,73,1.0
85,102,1.0
92,200,1.0
78,167,1.0
49,154,0.3333333333333333
96,167,1.0
48,223,1.0
92,159,1.0
117,209,1.0
67,123,1.0
34,120,0.3333333333333333
117,209,1.0
60,69,0.5384615384615384
126,102,1.0
60,45,0.5555555555555556
177,123,1.0
161,170,1.0
149,84,0.25
118,54,1.0
160,151,1.0
169,140,0.2
200,102,1.0
140,150,1.0
149,220,1.0
49,208,1.0
173,63,1.0
123,102,1.0
150,219,1.0
60,137,1.0
88,201,1.0
184,209,0.6
118,117,1.0
127,77,1.0
159,12,1.0
49,24,1.0
160,2,1.0
92,127,0.6
45,63,1.0
183,149,0.3333333333333333
156,220,1.0
96,191,1.0
82,193,1.0
197,49,1.0
137,160,1.0
200,149,0.5
126,92,1.0
209,193,1.0
159,78,1.0
143,212,1.0
67,120,1.0
117,208,1.0
197,208,1.0
184,167,1.0
88,54,1.0
123,120,1.0
110,121,1.0
126,85,0.2
176,60,0.5384615384615384
60,26,1.0
65,5,1.0
184,209,0.6
110,69,1.0
105,160,0.3333333333333333
169,131,0.3333333333333333
207,102,1.0
214,67,1.0
63,30,1.0
140,208,1.0
63,179,0.3333333333333333
169,73,1.0
67,85,0.5
49,219,1.0
54,223,1.0
137,49,1.0
105,159,1.0
126,149,0.6363636363636364
92,132,1.0
131,124,1.0
84,190,1.0
197,2,1.0
140,18,0.3333333333333333
149,207,0.3333333333333333
115,183,0.3333333333333333
78,73,1.0
105,15,1.0
137,209,0.6666666666666666
197,96,1.0
126,60,1.0
100,149,0.6666666666666666
206,73,1.0
137,117,1.0
161,209,1.0
123,149,0.42857142857142855
215,167,1.0
149,30,1.0
197,154,1.0
18,212,1.0
115,69,0.3333333333333333
69,179,1.0
126,123,1.0
48,73,1.0
159,24,1.0
69,220,1.0
160,96,0.25
49,88,1.0
92,223,1.0
143,111,1.0
29,48,1.0
140,136,1.0
223,191,1.0
92,55,1.0
159,208,1.0
131,96,0.3333333333333333
26,77,1.0
200,176,0.3333333333333333
67,149,0.5
100,110,0.5
85,215,1.0
49,24,1.0
88,215,1.0
120,149,0.5
176,123,0.6666666666666666
96,151,1.0
197,159,1.0
161,197,1.0
48,96,0.6666666666666666
149,84,0.25
197,96,1.0
169,197,0.2
117,78,1.0
184,96,0.75
88,167,1.0
143,105,1.0
207,60,1.0
137,49,1.0
176,85,0.3333333333333333
176,100,0.25
67,85,0.5
69,45,0.3333333333333333
160,2,1.0
160,78,1.0
176,30,1.0
197,54,1.0
54,12,1.0
127,77,1.0
169,82,1.0
183,214,1.0
149,127,0.14285714285714285
123,26,1.0
26,147,1.0
184,191,1.0
197,24,1.0
157,209,0.5
177,100,1.0
143,123,1.0
137,219,1.0
206,209,1.0
173,121,1.0
99,96,1.0
214,120,1.0
117,132,1.0
137,160,1.0
124,208,1.0
178,154,1.0
140,49,0.5
54,124,1.0
209,96,0.3333333333333333
105,12,1.0
169,15,1.0
137,191,1.0
170,193,1.0
161,105,1.0
54,191,1.0
60,150,1.0
126,127,1.0
126,149,0.6363636363636364
85,24,1.0
67,102,1.0
156,123,1.0
85,140,1.0
92,192,1.0
170,167,1.0
126,45,1.0
157,73,1.0
92,34,1.0
67,60,0.6
197,96,1.0
215,78,1.0
149,84,0.25
177,127,1.0
126,60,1.0
67,69,1.0
60,178,1.0
176,69,0.75
34,192,1.0
200,179,1.0
169,197,0.2
140,96,1.0
176,67,0.3333333333333333
88,78,1.0
126,60,1.0
140,54,1.0
176,55,1.0
209,223,1.0
49,223,1.0
169,54,1.0
176,123,0.6666666666666666
114,221,1.0
197,96,1.0
49,170,1.0
48,78,1.0
208,193,1.0
223,124,1.0
85,63,1.0
126,183,1.0
197,48,1.0
206,99,1.0
183,100,1.0
221,5,1.0
157,137,0.3333333333333333
209,215,1.0
206,169,0.6666666666666666
223,78,1.0
143,179,1.0
117,48,0.3333333333333333
214,115,1.0
34,60,0.2
183,60,0.1111111111111111
177,149,0.6
100,179,0.6
156,121,1.0
67,149,0.5
60,84,1.0
215,124,1.0
48,191,1.0
84,192,1.0
92,73,1.0
85,149,0.5
206,18,1.0
92,136,1.0
157,209,0.5
123,102,1.0
215,124,1.0
176,100,0.25
190,128,1.0
132,48,1.0
117,193,1.0
201,167,1.0
48,167,1.0
137,191,1.0
176,110,1.0
169,157,1.0
60,45,0.5555555555555556
92,102,0.3333333333333333
26,63,1.0
88,201,1.0
184,209,0.6
176,60,0.5384615384615384
128,5,1.0
137,136,1.0
201,193,1.0
126,67,1.0
206,78,1.0
88,24,1.0
117,157,1.0
92,124,1.0
92,26,1.0
149,127,0.14285714285714285
161,78,1.0
48,96,0.6666666666666666
118,12,1.0
18,2,1.0
176,77,1.0
85,149,0.5
143,183,1.0
100,179,0.6
207,69,1.0
85,96,1.0
176,45,0.5
147,162,1.0
92,45,0.6
34,149,0.6
60,63,1.0
60,69,0.5384615384615384
169,49,0.6363636363636364
18,219,1.0
127,192,1.0
92,208,1.0
206,223,1.0
197,92,1.0
176,102,0.7142857142857143
88,29,1.0
96,24,1.0
183,102,0.6
85,120,1.0
45,127,1.0
143,169,1.0
197,208,1.0
215,201,1.0
88,215,1.0
202,63,1.0
55,149,0.2
88,193,1.0
173,123,1.0
118,49,1.0
209,96,0.3333333333333333
77,192,1.0
176,220,1.0
34,63,1.0
137,131,0.2
100,149,0.6666666666666666
105,193,1.0
126,92,1.0
67,69,1.0
197,49,1.0
60,69,0.5384615384615384
49,167,1.0
102,220,1.0
140,12,1.0
88,48,1.0
92,201,1.0
208,78,0.3333333333333333
208,201,1.0
176,183,0.2
126,55,1.0
137,78,1.0
92,149,0.3333333333333333
169,208,1.0
176,55,1.0
197,18,1.0
78,193,1.0
117,88,1.0
157,124,1.0
215,201,1.0
140,96,1.0
24,136,1.0
190,114,1.0
117,78,1.0
184,201,1.0
24,193,1.0
197,49,1.0
117,96,1.0
147,114,1.0
178,137,1.0
126,183,1.0
184,96,0.75
131,78,1.0
140,82,1.0
54,73,1.0
123,55,0.3333333333333333
206,49,1.0
69,214,1.0
100,120,1.0
167,193,1.0
140,167,1.0
137,96,0.5555555555555556
54,48,1.0
88,29,1.0
200,69,0.5
92,159,1.0
123,55,0.3333333333333333
183,34,1.0
169,48,1.0
215,170,1.0
49,209,1.0
179,110,1.0
137,48,1.0
85,160,1.0
147,221,1.0
200,69,0.5
207,120,1.0
154,136,1.0
160,96,0.25
169,197,0.2
120,220,1.0
73,12,1.0
96,201,1.0
137,24,1.0
160,96,0.25
2,24,1.0
200,179,1.0
88,24,1.0
184,78,1.0
2,159,1.0
183,69,0.6666666666666666
197,15,1.0
92,77,1.0
92,179,1.0
105,54,0.3333333333333333
92,84,1.0
67,34,1.0
45,149,0.3333333333333333
126,102,1.0
55,149,0.2
140,60,1.0
184,197,1.0
24,170,1.0
197,223,1.0
127,100,0.2
176,100,0.25
200,60,0.3333333333333333
96,157,0.2
143,69,1.0
137,78,1.0
159,48,0.3333333333333333
117,223,1.0
117,96,1.0
115,183,0.3333333333333333
132,170,1.0
177,45,1.0
117,54,0.6
54,223,1.0
150,136,1.0
82,24,1.0
67,69,1.0
60,179,1.0
169,140,0.2
157,209,0.5
207,34,1.0
184,54,1.0
102,149,0.1111111111111111
123,34,0.3333333333333333
197,2,1.0
60,55,1.0
45,179,1.0
176,102,0.7142857142857143
67,45,1.0
177,84,1.0
201,78,1.0
123,149,0.42857142857142855
206,157,1.0
123,102,1.0
92,102,0.3333333333333333
92,84,1.0
49,215,1.0
105,54,0.3333333333333333
208,193,1.0
169,209,1.0
149,69,0.6
48,124,1.0
126,45,1.0
209,96,0.3333333333333333
215,193,1.0
176,60,0.5384615384615384
100,77,1.0
206,159,1.0
215,78,1.0
85,55,1.0
78,136,1.0
169,49,0.6363636363636364
143,45,1.0
69,45,0.3333333333333333
100,156,1.0
137,131,0.2
114,1,1.0
54,82,1.0
85,100,1.0
176,85,0.3333333333333333
117,49,0.3333333333333333
126,60,1.0
143,60,0.6666666666666666
55,192,1.0
143,183,1.0
132,124,1.0
126,55,1.0
126,123,1.0
45,149,0.3333333333333333
207,69,1.0
149,69,0.6
96,78,1.0
126,60,1.0
49,208,1.0
183,45,1.0
63,179,0.3333333333333333
92,115,1.0
197,54,1.0
29,154,1.0
200,34,1.0
154,78,1.0
176,77,1.0
60,45,0.5555555555555556
117,24,1.0
206,2,1.0
105,137,0.3333333333333333
121,120,1.0
92,84,1.0
126,149,0.6363636363636364
150,29,1.0
183,77,1.0
208,88,1.0
184,160,0.3333333333333333
1,5,1.0
161,191,1.0
54,96,0.5555555555555556
85,69,0.42857142857142855
118,197,1.0
85,2,1.0
60,18,1.0
169,160,0.6
34,100,0.14285714285714285
137,48,1.0
150,48,1.0
206,49,1.0
149,77,1.0
85,96,1.0
55,192,1.0
117,132,1.0
15,96,0.3333333333333333
54,159,1.0
117,29,1.0
85,45,1.0
54,48,1.0
149,84,0.25
126,115,1.0
140,49,0.5
149,69,0.6
105,151,1.0
48,223,1.0
120,77,1.0
85,69,0.42857142857142855
110,220,1.0
63,115,1.0
156,69,1.0
92,96,1.0
143,60,0.6666666666666666
208,12,1.0
114,128,1.0
54,191,1.0
92,183,1.0
85,115,0.3333333333333333
60,100,0.5
143,96,1.0
88,178,1.0
60,111,1.0
173,102,1.0
183,60,0.1111111111111111
99,73,1.0
176,102,0.7142857142857143
132,78,1.0
117,88,1.0
60,69,0.5384615384615384
212,2,1.0
126,55,1.0
197,159,1.0
45,214,1.0
169,49,0.6363636363636364
209,29,1.0
200,69,0.5
159,78,1.0
115,123,1.0
184,96,0.75
169,159,0.5
34,115,1.0
183,60,0.1111111111111111
69,45,0.3333333333333333
197,209,1.0
206,140,1.0
48,96,0.6666666666666666
49,12,1.0
200,34,1.0
126,110,1.0
54,193,1.0
85,45,1.0
85,77,1.0
126,100,1.0
150,212,1.0
176,45,0.5
149,77,1.0
197,49,1.0
200,55,1.0
177,26,1.0
49,24,1.0
209,124,1.0
209,15,1.0
197,131,1.0
140,48,0.3333333333333333
169,2,1.0
45,149,0.3333333333333333
169,159,0.5
197,96,1.0
176,55,1.0
110,200,0.3333333333333333
184,131,1.0
207,67,1.0
169,160,0.6
200,207,1.0
67,45,1.0
111,212,1.0
140,48,0.3333333333333333
45,102,0.2
55,110,1.0
169,15,1.0
149,69,0.6
117,208,1.0
197,157,1.0
60,49,1.0
177,69,1.0
169,49,0.6363636363636364
209,132,1.0
26,221,1.0
115,67,1.0
69,84,1.0
92,157,1.0
69,102,0.7142857142857143
69,120,0.3333333333333333
169,157,1.0
161,137,1.0
143,49,1.0
123,149,0.42857142857142855
161,160,1.0
173,30,1.0
92,149,0.3333333333333333
92,100,0.2
149,77,1.0
176,45,0.5
209,15,1.0
48,124,1.0
201,170,1.0
63,214,1.0
197,48,1.0
154,124,1.0
34,69,0.5
154,132,1.0
15,2,1.0
49,96,1.0
169,96,0.75
45,149,0.3333333333333333
140,2,1.0
127,120,1.0
137,159,0.3333333333333333
169,223,1.0
184,15,1.0
45,102,0.2
110,192,1.0
92,100,0.2
85,49,1.0
143,160,1.0
140,193,1.0
149,63,1.0
209,96,0.3333333333333333
173,156,1.0
127,110,1.0
92,124,1.0
169,209,1.0
184,208,1.0
126,85,0.2
123,149,0.42857142857142855
126,69,1.0
137,48,1.0
161,159,1.0
55,77,1.0
105,96,0.5
160,24,1.0
60,77,1.0
200,60,0.3333333333333333
206,159,1.0
92,127,0.6
34,149,0.6
177,149,0.6
140,159,1.0
176,102,0.7142857142857143
48,170,1.0
197,140,1.0
137,15,1.0
60,69,0.5384615384615384
48,78,1.0
143,34,1.0
60,179,1.0
126,143,1.0
177,77,1.0
176,30,1.0
137,169,0.42857142857142855
200,126,0.3333333333333333
34,85,0.3333333333333333
126,69,1.0
34,102,1.0
111,219,1.0
54,96,0.5555555555555556
126,176,0.42857142857142855
183,102,0.6
184,197,1.0
209,78,1.0
184,140,1.0
85,60,0.25
147,84,1.0
117,215,1.0
190,5,1.0
214,179,1.0
60,123,0.14285714285714285
82,191,1.0
126,192,1.0
92,149,0.3333333333333333
200,126,0.3333333333333333
176,127,1.0
29,78,1.0
105,82,1.0
88,215,1.0
179,26,1.0
202,120,1.0
169,54,1.0
176,60,0.5384615384615384
183,69,0.6666666666666666
183,45,1.0
60,214,1.0
126,102,1.0
131,78,1.0
92,178,1.0
85,167,1.0
161,209,1.0
159,170,1.0
157,78,1.0
85,88,1.0
96,12,1.0
67,102,1.0
209,24,1.0
118,48,1.0
184,96,0.75
92,215,1.0
140,54,1.0
126,127,1.0
169,2,1.0
176,121,1.0
117,54,0.6
137,96,0.5555555555555556
96,208,0.14285714285714285
88,193,1.0
110,77,1.0
208,191,1.0
206,96,1.0
197,131,1.0
173,220,1.0
34,60,0.2
169,49,0.6363636363636364
143,169,1.0
54,209,0.6
1,221,1.0
105,209,1.0
212,219,1.0
85,149,0.5
85,102,1.0
49,178,1.0
117,96,1.0
49,96,1.0
92,193,1.0
206,197,0.5
183,60,0.1111111111111111
92,88,1.0
176,60,0.5384615384615384
99,209,1.0
54,82,1.0
49,132,1.0
48,73,1.0
60,100,0.5
117,61,1.0
92,60,0.42857142857142855
176,69,0.75
92,215,1.0
45,127,1.0
184,88,1.0
169,157,1.0
137,54,1.0
137,124,1.0
85,60,0.25
126,183,1.0
18,82,1.0
117,54,0.6
184,92,1.0
169,92,1.0
117,124,1.0
115,179,1.0
48,191,1.0
92,48,1.0
200,149,0.5
117,131,1.0
117,73,1.0
208,167,1.0
197,159,1.0
18,54,1.0
154,137,1.0
92,96,1.0
105,82,1.0
150,124,1.0
85,127,1.0
92,48,1.0
198,221,1.0
157,160,1.0
178,136,1.0
169,151,1.0
154,170,1.0
200,60,0.3333333333333333
123,102,1.0
159,82,1.0
117,178,1.0
105,96,0.5
126,67,1.0
137,169,0.42857142857142855
45,149,0.3333333333333333
92,159,1.0
105,96,0.5
110,69,1.0
92,77,1.0
85,100,1.0
123,77,1.0
140,160,1.0
197,12,1.0
26,77,1.0
54,92,1.0
102,149,0.1111111111111111
137,209,0.6666666666666666
126,67,1.0
161,96,1.0
118,124,1.0
8,100,0.3333333333333333
157,137,0.3333333333333333
30,220,1.0
173,149,1.0
118,223,1.0
96,219,1.0
184,78,1.0
117,215,1.0
85,45,1.0
26,192,1.0
48,124,1.0
143,60,0.6666666666666666
15,78,1.0
169,60,1.0
15,131,1.0
197,124,1.0
176,179,1.0
48,96,0.6666666666666666
63,69,1.0
8,100,0.3333333333333333
105,191,1.0
85,123,1.0
169,105,0.5
105,137,0.3333333333333333
169,2,1.0
206,78,1.0
127,77,1.0
140,78,1.0
176,34,0.3333333333333333
169,160,0.6
137,131,0.2
92,63,1.0
223,208,1.0
49,96,1.0
206,209,1.0
34,100,0.14285714285714285
45,149,0.3333333333333333
92,60,0.42857142857142855
137,169,0.42857142857142855
177,149,0.6
60,45,0.5555555555555556
92,123,0.3333333333333333
184,209,0.6
92,48,1.0
123,220,1.0
173,77,1.0
82,223,1.0
140,96,1.0
137,160,1.0
84,100,0.3333333333333333
100,149,0.6666666666666666
49,201,1.0
169,159,0.5
149,127,0.14285714285714285
100,63,1.0
29,124,1.0
26,69,1.0
34,149,0.6
96,208,0.14285714285714285
26,149,0.14285714285714285
207,110,1.0
85,84,1.0
85,100,1.0
197,18,1.0
123,77,1.0
169,209,1.0
55,149,0.2
207,45,1.0
137,169,0.42857142857142855
126,26,1.0
126,149,0.6363636363636364
100,123,0.14285714285714285
170,78,1.0
105,48,1.0
34,60,0.2
34,214,1.0
209,78,1.0
176,192,1.0
200,77,1.0
18,160,1.0
26,149,0.14285714285714285
126,34,1.0
85,132,1.0
92,110,1.0
126,176,0.42857142857142855
202,120,1.0
177,45,1.0
184,206,1.0
159,223,1.0
161,88,1.0
184,99,1.0
176,67,0.3333333333333333
126,149,0.6363636363636364
85,149,0.5
69,45,0.3333333333333333
100,26,0.2
140,18,0.3333333333333333
184,215,1.0
177,102,1.0
157,208,1.0
159,150,1.0
126,115,1.0
157,223,1.0
161,15,1.0
209,208,0.3333333333333333
117,191,1.0
92,209,0.3333333333333333
212,136,1.0
24,219,1.0
96,12,1.0
131,49,1.0
92,45,0.6
173,120,1.0
60,69,0.5384615384615384
115,69,0.3333333333333333
176,60,0.5384615384615384
176,84,1.0
34,45,1.0
169,96,0.75
178,24,1.0
197,154,1.0
126,176,0.42857142857142855
169,96,0.75
184,54,1.0
85,177,1.0
82,124,1.0
84,77,1.0
124,78,1.0
60,179,1.0
209,215,1.0
183,102,0.6
159,178,1.0
92,82,1.0
117,82,1.0
49,48,0.3333333333333333
147,128,1.0
143,24,1.0
100,214,0.3333333333333333
169,54,1.0
200,123,0.3333333333333333
48,96,0.6666666666666666
137,49,1.0
54,201,1.0
154,201,1.0
126,77,1.0
49,96,1.0
18,96,1.0
2,193,1.0
184,151,1.0
118,73,1.0
2,78,1.0
34,45,1.0
143,49,1.0
143,54,1.0
170,191,1.0
60,100,0.5
54,96,0.5555555555555556
85,115,0.3333333333333333
209,223,1.0
96,208,0.14285714285714285
143,140,1.0
143,18,1.0
85,69,0.42857142857142855
126,69,1.0
82,170,1.0
26,149,0.14285714285714285
69,120,0.3333333333333333
92,88,1.0
169,96,0.75
223,73,1.0
69,102,0.7142857142857143
102,30,1.0
197,160,0.3333333333333333
54,96,0.5555555555555556
54,159,1.0
48,193,1.0
92,29,1.0
60,212,1.0
60,102,0.42857142857142855
206,159,1.0
143,140,1.0
92,34,1.0
143,69,1.0
55,149,0.2
34,69,0.5
150,24,1.0
126,149,0.6363636363636364
69,102,0.7142857142857143
184,96,0.75
92,69,1.0
92,78,1.0
85,18,1.0
206,131,0.3333333333333333
200,67,1.0
65,128,1.0
100,123,0.14285714285714285
197,54,1.0
209,73,1.0
85,117,0.3333333333333333
160,15,1.0
85,60,0.25
34,149,0.6
85,49,1.0
161,184,1.0
105,96,0.5
115,55,1.0
34,100,0.14285714285714285
67,69,1.0
169,209,1.0
140,49,0.5
206,191,1.0
149,127,0.14285714285714285
26,77,1.0
85,149,0.5
176,77,1.0
84,192,1.0
137,96,0.5555555555555556
55,149,0.2
85,88,1.0
200,8,1.0
29,167,1.0
85,100,1.0
99,92,1.0
100,63,1.0
179,123,1.0
183,179,1.0
209,48,0.3333333333333333
85,179,1.0
29,24,1.0
127,192,1.0
140,191,1.0
84,100,0.3333333333333333
177,84,1.0
102,149,0.1111111111111111
179,120,1.0
176,60,0.5384615384615384
105,208,0.3333333333333333
127,77,1.0
160,15,1.0
176,100,0.25
197,219,1.0
206,197,0.5
105,96,0.5
99,131,1.0
115,67,1.0
117,78,1.0
126,149,0.6363636363636364
88,96,1.0
126,60,1.0
34,77,1.0
169,208,1.0
60,102,0.42857142857142855
169,131,0.3333333333333333
124,12,1.0
161,160,1.0
197,18,1.0
34,69,0.5
169,219,1.0
143,219,1.0
105,78,1.0
88,170,1.0
2,96,0.2
209,124,1.0
100,214,0.3333333333333333
160,96,0.25
84,162,1.0
126,177,1.0
183,60,0.1111111111111111
209,88,1.0
132,167,1.0
140,49,0.5
137,160,1.0
184,96,0.75
60,100,0.5
100,121,1.0
117,215,1.0
88,48,1.0
49,154,0.3333333333333333
157,160,1.0
92,120,1.0
209,154,1.0
176,110,1.0
18,105,1.0
100,120,1.0
159,154,1.0
26,198,1.0
126,127,1.0
96,132,1.0
176,123,0.6666666666666666
49,96,1.0
100,77,1.0
206,169,0.6666666666666666
102,26,1.0
147,221,1.0
60,100,0.5
140,219,1.0
137,18,1.0
137,2,1.0
18,49,1.0
131,159,1.0
200,60,0.3333333333333333
184,15,1.0
198,162,1.0
184,197,1.0
99,54,1.0
150,137,1.0
137,82,1.0
92,170,1.0
143,100,1.0
176,102,0.7142857142857143
161,193,1.0
84,190,1.0
183,102,0.6
208,191,1.0
92,69,1.0
202,63,1.0
118,54,1.0
60,102,0.42857142857142855
137,223,1.0
85,105,1.0
156,179,1.0
126,55,1.0
85,193,1.0
54,170,1.0
92,60,0.42857142857142855
123,77,1.0
92,127,0.6
49,82,1.0
24,78,1.0
169,24,1.0
209,151,1.0
197,212,1.0
117,99,1.0
209,96,0.3333333333333333
197,73,1.0
34,127,0.3333333333333333
82,78,1.0
24,167,1.0
206,169,0.6666666666666666
121,123,1.0
117,167,1.0
49,88,1.0
110,30,1.0
209,178,1.0
178,201,1.0
26,110,1.0
105,208,0.3333333333333333
111,105,1.0
60,77,1.0
105,184,0.3333333333333333
105,48,1.0
117,193,1.0
214,120,1.0
67,60,0.6
88,78,1.0
176,110,1.0
127,192,1.0
102,26,1.0
117,96,1.0
169,82,1.0
184,193,1.0
121,77,1.0
149,207,0.3333333333333333
149,84,0.25
169,78,1.0
209,48,0.3333333333333333
92,63,1.0
67,102,1.0
100,121,1.0
105,49,0.3333333333333333
169,208,1.0
60,102,0.42857142857142855
99,209,1.0
69,102,0.7142857142857143
161,151,1.0
124,73,1.0
140,178,1.0
55,149,0.2
190,147,1.0
123,192,1.0
169,105,0.5
209,170,1.0
137,78,1.0
202,115,1.0
206,154,1.0
117,2,1.0
156,30,1.0
140,159,1.0
85,60,0.25
65,190,1.0
143,102,1.0
117,1,1.0
159,136,1.0
212,24,1.0
102,149,0.1111111111111111
60,45,0.5555555555555556
200,176,0.3333333333333333
117,154,1.0
200,123,0.3333333333333333
126,60,1.0
173,123,1.0
140,208,1.0
127,110,1.0
85,127,1.0
85,209,1.0
54,159,1.0
137,2,1.0
178,132,1.0
118,96,1.0
88,178,1.0
149,127,0.14285714285714285
29,170,1.0
149,69,0.6
137,96,0.5555555555555556
207,30,1.0
34,102,1.0
49,29,1.0
49,78,1.0
85,117,0.3333333333333333
100,30,1.0
127,77,1.0
178,48,1.0
49,73,1.0
118,191,1.0
60,100,0.5
96,12,1.0
123,30,1.0
169,48,1.0
88,124,1.0
117,54,0.6
48,136,1.0
105,184,0.3333333333333333
183,69,0.6666666666666666
184,208,1.0
60,124,1.0
126,102,1.0
202,214,1.0
202,179,1.0
178,78,1.0
54,124,1.0
212,160,1.0
34,120,0.3333333333333333
54,209,0.6
92,55,1.0
26,200,1.0
49,219,1.0
118,96,1.0
117,96,1.0
82,96,0.2
123,149,0.42857142857142855
215,193,1.0
137,193,1.0
126,100,1.0
197,49,1.0
126,60,1.0
137,96,0.5555555555555556
99,157,1.0
92,60,0.42857142857142855
54,209,0.6
161,96,1.0
55,67,1.0
88,170,1.0
100,149,0.6666666666666666
154,24,1.0
105,96,0.5
54,82,1.0
85,49,1.0
100,123,0.14285714285714285
29,137,1.0
132,24,1.0
176,120,1.0
85,201,1.0
206,170,1.0
207,220,1.0
100,120,1.0
169,49,0.6363636363636364
178,124,1.0
60,127,0.3333333333333333
159,124,1.0
161,137,1.0
197,49,1.0
84,1,1.0
117,201,1.0
100,149,0.6666666666666666
60,69,0.5384615384615384
128,1,1.0
96,157,0.2
88,96,1.0
54,96,0.5555555555555556
60,100,0.5
24,48,1.0
143,60,0.6666666666666666
143,77,1.0
96,170,1.0
55,143,1.0
92,55,1.0
26,69,1.0
202,214,1.0
169,49,0.6363636363636364
111,136,1.0
118,92,1.0
206,140,1.0
117,167,1.0
-1,-1