60,120,1.0
209,193,1.0
60,102,0.2
88,201,1.0
55,192,1.0
88,215,1.0
18,96,1.0
197,151,1.0
126,183,1.0
85,163,1.0
126,60,1.0
184,78,1.0
184,160,1.0
197,131,1.0
92,88,1.0
126,149,0.5
176,207,1.0
117,209,1.0
82,159,1.0
176,220,1.0
2,159,1.0
163,102,1.0
85,63,1.0
60,45,1.0
140,208,1.0
214,200,1.0
176,115,1.0
143,197,1.0
2,131,1.0
200,60,0.3333333333333333
176,45,1.0
86,96,1.0
200,179,1.0
126,26,1.0
86,197,1.0
60,150,1.0
55,125,0.3333333333333333
86,18,1.0
117,208,1.0
60,149,0.42857142857142855
85,115,1.0
60,149,0.42857142857142855
84,55,0.3333333333333333
183,67,1.0
169,18,0.3333333333333333
160,157,1.0
77,192,1.0
142,120,1.0
154,132,1.0
126,149,0.5
100,123,0.3333333333333333
197,96,1.0
184,99,1.0
55,34,1.0
110,69,1.0
100,69,0.6666666666666666
92,149,0.6666666666666666
209,73,1.0
82,170,1.0
200,45,1.0
126,149,0.5
54,128,1.0
45,149,0.3333333333333333
193,167,1.0
142,45,1.0
176,102,0.5
49,96,1.0
54,198,1.0
49,48,1.0
105,184,1.0
117,167,1.0
85,125,1.0
96,73,1.0
176,45,1.0
159,137,1.0
118,96,1.0
212,111,1.0
54,83,1.0
159,124,1.0
117,132,1.0
197,78,1.0
159,78,1.0
84,149,1.0
169,111,1.0
86,219,1.0
125,142,1.0
206,99,1.0
100,200,1.0
99,78,1.0
85,60,0.3333333333333333
121,123,1.0
126,183,1.0
45,125,1.0
100,69,0.6666666666666666
45,69,1.0
140,96,1.0
157,96,1.0
209,124,1.0
102,69,1.0
60,120,1.0
60,69,0.5
209,137,1.0
105,96,1.0
176,60,0.6
178,136,1.0
159,48,1.0
118,191,1.0
123,200,0.3333333333333333
100,179,1.0
49,136,1.0
176,149,0.2
137,88,1.0
140,169,0.3333333333333333
123,214,1.0
117,157,1.0
142,183,1.0
100,67,1.0
209,48,1.0
92,149,0.6666666666666666
214,60,0.3333333333333333
100,69,0.6666666666666666
132,215,1.0
169,208,1.0
176,220,1.0
137,49,1.0
5,221,1.0
200,60,0.3333333333333333
105,96,1.0
214,173,1.0
117,137,1.0
92,100,0.5
34,179,1.0
176,123,1.0
111,219,1.0
95,96,1.0
102,69,1.0
60,102,0.2
48,73,1.0
208,131,1.0
55,63,1.0
85,69,0.3333333333333333
100,69,0.6666666666666666
137,169,0.3333333333333333
206,137,0.2
142,60,0.3333333333333333
201,167,1.0
2,208,1.0
123,207,1.0
1,83,1.0
184,137,1.0
92,149,0.6666666666666666
124,78,1.0
176,69,1.0
207,120,1.0
34,100,1.0
100,77,1.0
85,200,1.0
157,73,1.0
163,149,0.3333333333333333
92,48,1.0
102,69,1.0
85,49,1.0
206,160,1.0
160,208,1.0
184,160,1.0
30,221,1.0
55,115,1.0
18,78,1.0
176,34,1.0
123,149,0.3333333333333333
125,207,1.0
60,102,0.2
102,149,0.2
55,200,1.0
179,45,1.0
126,67,1.0
60,92,1.0
34,69,1.0
34,69,1.0
92,179,1.0
120,30,1.0
208,170,1.0
157,209,1.0
140,169,0.3333333333333333
48,191,1.0
137,191,1.0
34,100,1.0
54,221,1.0
55,26,1.0
161,157,1.0
183,207,1.0
184,151,1.0
206,159,1.0
100,149,0.6666666666666666
161,137,1.0
18,111,1.0
112,215,1.0
149,69,0.5
60,69,0.5
60,212,1.0
143,111,1.0
88,132,1.0
140,60,1.0
184,2,1.0
176,179,1.0
214,55,1.0
137,124,1.0
125,149,0.3333333333333333
169,131,1.0
123,102,1.0
45,125,1.0
100,102,0.5
85,92,1.0
100,179,1.0
126,115,1.0
206,49,1.0
176,85,0.5
88,209,1.0
202,120,1.0
117,48,1.0
45,102,0.3333333333333333
215,201,1.0
85,201,1.0
163,100,1.0
176,77,1.0
115,120,1.0
100,149,0.6666666666666666
118,78,1.0
117,159,1.0
176,123,1.0
126,85,0.5
26,149,1.0
147,5,1.0
92,84,1.0
2,96,1.0
183,45,1.0
118,105,1.0
137,96,0.3333333333333333
173,77,1.0
100,102,0.5
30,220,1.0
190,1,1.0
96,78,1.0
117,12,1.0
179,67,1.0
39,112,1.0
117,39,1.0
105,96,1.0
49,78,1.0
45,77,1.0
159,191,1.0
169,105,1.0
102,120,1.0
125,149,0.3333333333333333
206,15,1.0
105,151,1.0
85,88,1.0
105,160,0.3333333333333333
88,78,1.0
24,170,1.0
29,136,1.0
117,96,1.0
99,96,1.0
169,159,1.0
123,149,0.3333333333333333
125,192,1.0
183,100,1.0
102,77,1.0
96,193,1.0
92,154,1.0
184,197,1.0
179,55,1.0
85,45,1.0
48,24,1.0
60,149,0.42857142857142855
102,149,0.2
214,142,1.0
208,96,1.0
184,96,1.0
55,120,0.3333333333333333
206,96,1.0
100,156,1.0
49,219,1.0
88,170,1.0
176,110,1.0
54,147,1.0
82,49,1.0
92,120,1.0
117,215,1.0
55,60,1.0
63,69,1.0
183,200,1.0
202,176,0.5
207,69,1.0
132,170,1.0
173,120,1.0
118,12,1.0
117,73,1.0
142,69,1.0
105,96,1.0
29,137,1.0
163,176,1.0
73,124,1.0
105,160,0.3333333333333333
169,99,1.0
137,99,1.0
115,60,1.0
176,60,0.6
173,34,1.0
29,78,1.0
60,49,1.0
173,125,1.0
209,159,1.0
206,208,1.0
54,198,1.0
214,100,1.0
161,160,1.0
49,124,1.0
118,159,1.0
137,99,1.0
110,30,1.0
214,60,0.3333333333333333
114,128,1.0
85,26,1.0
169,197,1.0
96,124,1.0
184,131,1.0
143,18,1.0
126,84,1.0
29,124,1.0
26,69,1.0
24,136,1.0
100,102,0.5
132,193,1.0
209,96,0.3333333333333333
200,149,1.0
163,120,1.0
197,73,1.0
176,142,0.3333333333333333
49,105,1.0
149,63,1.0
170,78,1.0
125,149,0.3333333333333333
183,69,0.3333333333333333
105,206,1.0
137,96,0.3333333333333333
159,136,1.0
100,77,1.0
92,100,0.5
83,190,1.0
126,149,0.5
92,209,1.0
150,159,1.0
49,201,1.0
178,78,1.0
60,69,0.5
197,96,1.0
176,149,0.2
173,100,1.0
18,105,1.0
184,206,1.0
163,45,1.0
140,49,1.0
123,120,1.0
137,136,1.0
12,78,1.0
161,105,1.0
215,167,1.0
163,67,1.0
117,48,1.0
126,176,0.3333333333333333
49,111,1.0
123,115,1.0
117,201,1.0
176,102,0.5
48,124,1.0
197,209,1.0
88,215,1.0
169,197,1.0
176,60,0.6
34,123,1.0
2,208,1.0
160,96,0.3333333333333333
169,197,1.0
92,124,1.0
85,120,1.0
197,124,1.0
209,96,0.3333333333333333
55,149,0.5
100,77,1.0
96,170,1.0
92,137,1.0
154,215,1.0
18,154,1.0
125,77,1.0
2,197,1.0
60,100,1.0
92,200,1.0
39,215,1.0
84,55,0.3333333333333333
161,206,1.0
95,169,1.0
48,136,1.0
77,69,1.0
48,78,1.0
169,96,1.0
102,220,1.0
160,96,0.3333333333333333
95,160,1.0
126,67,1.0
176,120,1.0
126,123,1.0
209,124,1.0
105,157,1.0
100,149,0.6666666666666666
117,88,1.0
88,154,1.0
34,100,1.0
140,96,1.0
206,154,1.0
110,220,1.0
100,207,1.0
126,207,1.0
169,49,1.0
92,149,0.6666666666666666
82,12,1.0
137,160,1.0
176,60,0.6
67,77,1.0
209,96,0.3333333333333333
206,137,0.2
183,102,1.0
140,105,1.0
117,96,1.0
118,48,1.0
140,96,1.0
206,18,1.0
142,60,0.3333333333333333
55,123,1.0
137,169,0.3333333333333333
173,100,1.0
2,157,1.0
184,49,1.0
126,55,1.0
137,124,1.0
197,208,1.0
60,92,1.0
208,82,1.0
150,137,1.0
55,120,0.3333333333333333
215,193,1.0
102,207,1.0
206,78,1.0
60,45,1.0
169,96,1.0
132,215,1.0
105,78,1.0
117,82,1.0
176,67,1.0
202,176,0.5
156,110,1.0
161,15,1.0
34,125,1.0
179,55,1.0
206,137,0.2
147,221,1.0
176,173,1.0
86,49,1.0
117,193,1.0
176,85,0.5
184,157,1.0
209,96,0.3333333333333333
149,69,0.5
140,18,1.0
99,197,1.0
60,207,1.0
176,142,0.3333333333333333
54,190,1.0
99,15,1.0
176,63,1.0
99,160,1.0
173,67,1.0
55,85,1.0
86,169,1.0
88,48,1.0
209,167,1.0
161,191,1.0
92,24,1.0
60,34,0.3333333333333333
18,49,1.0
92,77,1.0
140,49,1.0
92,124,1.0
117,208,1.0
163,69,1.0
176,67,1.0
2,96,1.0
176,69,1.0
154,201,1.0
163,77,1.0
84,149,1.0
84,77,1.0
117,209,1.0
143,169,1.0
26,100,1.0
88,215,1.0
173,179,1.0
159,48,1.0
105,137,1.0
60,45,1.0
126,176,0.3333333333333333
209,48,1.0
60,163,1.0
84,125,0.3333333333333333
96,151,1.0
65,128,1.0
183,102,1.0
100,110,0.3333333333333333
126,200,1.0
169,2,1.0
18,208,1.0
123,200,0.3333333333333333
197,18,1.0
178,24,1.0
154,170,1.0
140,49,1.0
140,150,1.0
114,1,1.0
34,214,1.0
206,151,1.0
85,60,0.3333333333333333
92,69,1.0
169,96,1.0
55,149,0.5
117,78,1.0
60,149,0.42857142857142855
85,209,1.0
117,131,1.0
92,26,1.0
150,178,1.0
184,15,1.0
85,96,1.0
169,18,0.3333333333333333
24,78,1.0
82,191,1.0
67,102,1.0
60,34,0.3333333333333333
2,78,1.0
100,110,0.3333333333333333
67,115,1.0
92,69,1.0
2,208,1.0
208,209,1.0
176,149,0.2
163,125,1.0
92,209,1.0
126,125,1.0
163,77,1.0
140,49,1.0
100,63,1.0
92,137,1.0
100,69,0.6666666666666666
88,29,1.0
69,214,1.0
105,48,1.0
82,48,1.0
100,123,0.3333333333333333
69,200,0.3333333333333333
128,1,1.0
126,69,1.0
117,209,1.0
92,48,1.0
137,151,1.0
126,149,0.5
212,219,1.0
147,162,1.0
48,12,1.0
131,159,1.0
169,208,1.0
123,120,1.0
60,207,1.0
92,34,1.0
214,120,1.0
88,215,1.0
126,67,1.0
208,49,0.3333333333333333
163,179,1.0
88,167,1.0
117,215,1.0
206,197,1.0
179,149,1.0
100,149,0.6666666666666666
29,170,1.0
159,78,1.0
163,125,1.0
147,221,1.0
202,176,0.5
209,215,1.0
147,198,1.0
18,208,1.0
126,123,1.0
142,92,1.0
100,45,1.0
126,85,0.5
176,92,1.0
100,45,1.0
45,63,1.0
198,162,1.0
159,49,0.3333333333333333
214,115,1.0
92,100,0.5
169,49,1.0
29,24,1.0
92,120,1.0
197,160,1.0
183,69,0.3333333333333333
215,167,1.0
26,149,1.0
208,96,1.0
48,124,1.0
176,200,1.0
169,212,1.0
140,160,1.0
55,142,1.0
202,63,1.0
137,73,1.0
92,96,1.0
137,78,1.0
60,45,1.0
60,45,1.0
117,92,1.0
169,96,1.0
88,191,1.0
169,160,1.0
140,219,1.0
169,49,1.0
60,100,1.0
126,85,0.5
140,82,1.0
202,63,1.0
176,156,1.0
163,149,0.3333333333333333
60,77,1.0
176,67,1.0
140,117,1.0
131,137,1.0
125,149,0.3333333333333333
200,179,1.0
159,49,0.3333333333333333
88,154,1.0
85,26,1.0
208,96,1.0
49,96,1.0
176,63,1.0
137,49,1.0
105,12,1.0
63,156,1.0
92,178,1.0
169,151,1.0
117,78,1.0
18,49,1.0
117,170,1.0
55,192,1.0
55,125,0.3333333333333333
26,149,1.0
117,112,1.0
117,154,1.0
215,201,1.0
45,149,0.3333333333333333
117,215,1.0
142,120,1.0
125,77,1.0
178,48,1.0
147,114,1.0
159,137,1.0
142,34,1.0
85,115,1.0
117,85,1.0
202,120,1.0
137,49,1.0
126,192,1.0
29,48,1.0
184,209,1.0
84,125,0.3333333333333333
169,78,1.0
179,120,1.0
140,184,1.0
149,67,0.3333333333333333
140,208,1.0
183,45,1.0
60,219,1.0
102,149,0.2
26,200,1.0
176,102,0.5
60,100,1.0
123,142,1.0
85,200,1.0
157,15,1.0
18,48,1.0
149,69,0.5
179,63,1.0
163,100,1.0
170,78,1.0
150,49,1.0
143,86,1.0
92,78,1.0
126,69,1.0
85,100,1.0
178,124,1.0
137,15,1.0
124,136,1.0
137,140,1.0
92,170,1.0
99,151,1.0
120,45,1.0
176,85,0.5
29,159,1.0
206,88,1.0
173,163,1.0
176,120,1.0
200,115,1.0
100,192,1.0
157,48,1.0
132,167,1.0
2,105,1.0
15,151,1.0
34,183,1.0
184,157,1.0
214,77,1.0
131,159,1.0
157,208,1.0
149,67,0.3333333333333333
208,48,1.0
96,73,1.0
96,124,1.0
214,120,1.0
208,49,0.3333333333333333
157,209,1.0
159,12,1.0
169,96,1.0
137,151,1.0
85,69,0.3333333333333333
161,95,1.0
176,69,1.0
159,178,1.0
69,200,0.3333333333333333
176,110,1.0
12,191,1.0
143,96,1.0
2,82,1.0
105,99,1.0
157,96,1.0
161,160,1.0
102,55,1.0
120,77,1.0
49,193,1.0
105,96,1.0
169,96,1.0
200,142,1.0
26,34,0.3333333333333333
184,159,1.0
143,212,1.0
157,137,1.0
26,69,1.0
197,92,1.0
156,69,1.0
149,115,1.0
85,77,1.0
100,149,0.6666666666666666
176,67,1.0
126,69,1.0
200,149,1.0
183,214,1.0
88,78,1.0
92,123,1.0
60,179,1.0
85,193,1.0
126,102,1.0
60,149,0.42857142857142855
118,18,1.0
184,208,1.0
214,163,1.0
140,85,1.0
126,149,0.5
95,157,1.0
176,125,1.0
86,111,1.0
49,209,1.0
55,149,0.5
117,18,1.0
26,34,0.3333333333333333
55,77,1.0
126,77,1.0
117,105,1.0
173,207,1.0
114,65,1.0
92,149,0.6666666666666666
176,123,1.0
154,78,1.0
208,73,1.0
117,88,1.0
45,102,0.3333333333333333
208,96,1.0
117,49,1.0
24,137,1.0
169,92,1.0
126,67,1.0
169,48,1.0
183,123,1.0
60,179,1.0
214,179,1.0
132,201,1.0
-1,-1