149,69,0.6
169,151,1.0
126,69,1.0
176,60,0.6
105,209,1.0
177,26,1.0
140,96,1.0
140,193,1.0
92,178,1.0
197,54,1.0
208,88,1.0
176,125,1.0
120,149,0.3333333333333333
131,78,1.0
54,12,1.0
2,82,1.0
123,102,0.3333333333333333
24,137,1.0
92,55,0.6
96,82,1.0
140,160,1.0
161,209,1.0
131,124,1.0
49,96,1.0
48,131,1.0
206,161,1.0
140,78,1.0
208,193,1.0
115,105,1.0
184,160,1.0
169,60,1.0
159,78,1.0
48,209,0.3333333333333333
127,77,1.0
209,215,1.0
184,137,1.0
85,92,1.0
143,77,1.0
85,143,1.0
55,149,1.0
110,77,1.0
85,34,0.3333333333333333
154,96,1.0
127,77,1.0
151,78,1.0
179,120,1.0
200,149,0.5
197,208,0.6
85,140,1.0
105,96,0.7142857142857143
60,69,0.45454545454545453
209,137,0.2
100,121,1.0
45,26,1.0
176,77,1.0
184,215,1.0
176,200,0.5
176,220,1.0
126,69,1.0
60,67,0.6
159,24,1.0
92,77,1.0
30,220,1.0
201,170,1.0
206,2,1.0
45,69,0.6
30,147,1.0
161,131,1.0
159,136,1.0
170,136,1.0
176,67,1.0
88,48,1.0
85,49,1.0
176,55,1.0
183,45,1.0
126,177,1.0
137,54,1.0
49,167,1.0
84,127,0.2
178,215,1.0
159,124,1.0
2,24,1.0
92,123,1.0
137,151,1.0
120,102,1.0
173,179,1.0
197,18,1.0
105,78,1.0
140,96,1.0
176,69,0.6
121,77,1.0
54,96,0.6
143,45,1.0
15,78,1.0
179,77,1.0
54,170,1.0
18,154,1.0
126,102,1.0
149,77,1.0
143,197,1.0
149,77,1.0
184,169,1.0
124,170,1.0
143,163,1.0
48,170,1.0
161,78,1.0
179,120,1.0
179,102,1.0
48,136,1.0
197,73,1.0
60,149,0.4666666666666667
208,96,0.42857142857142855
215,78,1.0
126,143,1.0
92,132,1.0
176,149,0.6666666666666666
69,179,1.0
88,170,1.0
100,120,1.0
49,208,1.0
126,55,1.0
126,127,1.0
100,69,0.42857142857142855
117,193,1.0
85,88,1.0
140,208,1.0
131,208,1.0
92,100,1.0
176,60,0.6
18,54,1.0
176,149,0.6666666666666666
190,147,1.0
214,123,1.0
88,178,1.0
170,193,1.0
183,69,1.0
190,1,1.0
2,96,1.0
137,49,0.6
96,15,0.3333333333333333
34,45,1.0
183,60,0.14285714285714285
100,8,1.0
92,209,1.0
173,123,1.0
114,65,1.0
184,209,0.3333333333333333
18,169,0.3333333333333333
85,92,1.0
88,201,1.0
198,221,1.0
120,77,1.0
1,5,1.0
110,8,1.0
140,49,1.0
88,136,1.0
69,123,1.0
208,78,1.0
197,18,1.0
69,123,1.0
60,45,0.5
45,55,1.0
160,197,0.3333333333333333
154,48,1.0
102,26,1.0
60,200,0.5
173,102,1.0
55,123,0.3333333333333333
184,96,0.75
178,49,1.0
85,115,0.3333333333333333
85,34,0.3333333333333333
149,69,0.6
115,96,1.0
55,26,1.0
5,221,1.0
127,110,1.0
127,149,0.7777777777777778
96,24,1.0
156,220,1.0
48,209,0.3333333333333333
183,102,1.0
214,67,1.0
131,197,1.0
92,63,1.0
126,45,1.0
200,69,0.3333333333333333
200,100,0.14285714285714285
18,160,1.0
156,30,1.0
214,173,1.0
86,60,1.0
54,78,1.0
117,201,1.0
100,8,1.0
126,149,1.0
143,60,0.5
214,120,1.0
60,111,1.0
200,100,0.14285714285714285
85,126,0.3333333333333333
85,84,1.0
143,105,1.0
88,193,1.0
176,127,1.0
161,160,1.0
83,162,1.0
126,102,1.0
88,24,1.0
29,78,1.0
60,179,1.0
206,48,1.0
54,191,1.0
49,124,1.0
209,96,0.5555555555555556
30,162,1.0
96,193,1.0
160,78,1.0
82,124,1.0
161,137,1.0
67,115,1.0
183,60,0.14285714285714285
110,30,1.0
169,2,0.3333333333333333
85,100,1.0
176,69,0.6
184,169,1.0
118,48,1.0
209,170,1.0
126,183,1.0
102,69,0.6
123,77,1.0
100,77,1.0
184,137,1.0
143,214,1.0
207,110,1.0
169,208,1.0
110,200,0.3333333333333333
18,208,1.0
170,78,1.0
184,96,0.75
176,100,0.42857142857142855
176,102,1.0
206,54,1.0
178,170,1.0
2,124,1.0
161,137,1.0
45,69,0.6
120,220,1.0
96,15,0.3333333333333333
85,126,0.3333333333333333
49,215,1.0
69,143,1.0
49,132,1.0
176,77,1.0
183,102,1.0
84,149,0.42857142857142855
30,221,1.0
197,124,1.0
200,179,1.0
49,136,1.0
176,60,0.6
2,15,1.0
100,110,0.5
49,111,1.0
118,96,1.0
85,45,1.0
92,201,1.0
149,77,1.0
92,55,0.6
126,60,0.75
173,120,1.0
209,73,1.0
126,183,1.0
127,207,1.0
85,26,1.0
48,73,1.0
65,221,1.0
60,200,0.5
143,96,1.0
54,215,1.0
183,102,1.0
65,5,1.0
117,209,0.3333333333333333
178,24,1.0
126,60,0.75
183,69,1.0
202,183,1.0
117,61,1.0
60,34,0.6
115,60,0.3333333333333333
209,78,1.0
154,193,1.0
197,49,1.0
202,63,1.0
111,96,1.0
126,143,1.0
60,34,0.6
159,96,0.2
69,179,1.0
126,60,0.75
176,63,1.0
176,179,1.0
85,45,1.0
92,151,1.0
202,100,1.0
159,151,1.0
100,149,0.6363636363636364
202,123,1.0
157,209,1.0
176,200,0.5
105,82,1.0
60,100,0.6363636363636364
179,121,1.0
209,73,1.0
85,123,1.0
183,100,1.0
92,102,1.0
183,207,1.0
88,215,1.0
209,29,1.0
131,73,1.0
209,96,0.5555555555555556
197,159,1.0
193,78,1.0
60,84,1.0
99,209,1.0
176,102,1.0
150,29,1.0
83,190,1.0
140,184,1.0
176,30,1.0
34,123,0.3333333333333333
126,115,1.0
154,208,1.0
176,30,1.0
100,102,0.5
206,78,1.0
24,167,1.0
82,170,1.0
86,2,1.0
92,100,1.0
2,208,1.0
176,45,0.5
67,120,1.0
55,200,1.0
169,140,0.3333333333333333
157,96,1.0
212,137,1.0
92,54,1.0
118,197,1.0
88,193,1.0
92,149,0.6
67,120,1.0
85,63,1.0
200,8,1.0
92,55,0.6
177,127,1.0
49,54,1.0
117,49,1.0
157,73,1.0
60,149,0.4666666666666667
117,170,1.0
169,160,0.5
92,150,1.0
149,77,1.0
184,54,1.0
60,179,1.0
120,110,1.0
176,60,0.6
169,54,1.0
34,100,0.14285714285714285
123,67,1.0
96,78,1.0
60,69,0.45454545454545453
105,159,1.0
115,123,1.0
117,191,1.0
86,96,1.0
100,156,1.0
143,60,0.5
215,201,1.0
197,48,1.0
176,220,1.0
149,163,1.0
143,169,1.0
84,77,1.0
169,54,1.0
117,197,1.0
184,137,1.0
34,69,1.0
132,96,1.0
45,149,0.4
86,111,1.0
88,132,1.0
206,193,1.0
123,45,1.0
202,176,0.5
60,102,0.2
60,149,0.4666666666666667
127,149,0.7777777777777778
115,191,1.0
92,120,1.0
143,179,1.0
55,183,1.0
34,100,0.14285714285714285
159,73,1.0
127,192,1.0
92,78,1.0
92,12,1.0
176,63,1.0
176,123,0.6
18,2,1.0
140,49,1.0
55,149,1.0
88,178,1.0
45,149,0.4
99,73,1.0
54,82,1.0
92,200,1.0
156,69,1.0
176,60,0.6
100,120,1.0
86,160,1.0
100,69,0.42857142857142855
1,198,1.0
49,96,1.0
110,123,1.0
60,219,1.0
18,49,1.0
60,49,1.0
117,208,1.0
207,120,1.0
143,92,1.0
92,159,1.0
69,120,1.0
85,69,1.0
127,120,1.0
137,73,1.0
159,49,0.5
169,157,1.0
117,54,1.0
26,100,0.3333333333333333
206,209,1.0
85,167,1.0
100,63,1.0
117,154,1.0
60,214,0.5
48,151,1.0
126,84,1.0
126,120,1.0
102,200,1.0
55,192,1.0
60,212,1.0
60,149,0.4666666666666667
176,30,1.0
60,137,1.0
208,191,1.0
55,149,1.0
96,82,1.0
131,96,0.3333333333333333
131,159,1.0
60,124,1.0
24,201,1.0
169,157,1.0
209,54,1.0
137,197,0.3333333333333333
105,96,0.7142857142857143
100,120,1.0
202,176,0.5
85,78,1.0
183,85,0.3333333333333333
154,215,1.0
92,45,0.3333333333333333
176,123,0.6
96,24,1.0
201,193,1.0
161,105,1.0
169,209,0.6
117,96,0.3333333333333333
110,220,1.0
48,201,1.0
197,49,1.0
127,77,1.0
149,69,0.6
85,67,1.0
117,48,1.0
137,160,0.3333333333333333
176,102,1.0
202,63,1.0
137,15,1.0
45,149,0.4
92,193,1.0
85,77,1.0
105,209,1.0
102,115,1.0
209,137,0.2
92,84,1.0
114,221,1.0
123,120,1.0
215,170,1.0
126,55,1.0
143,176,0.3333333333333333
143,2,1.0
29,215,1.0
85,69,1.0
92,26,1.0
176,120,1.0
85,149,1.0
206,159,1.0
105,96,0.7142857142857143
102,30,1.0
184,169,1.0
49,191,1.0
137,193,1.0
100,179,0.2
169,49,0.7142857142857143
49,124,1.0
100,149,0.6363636363636364
159,178,1.0
117,115,1.0
212,111,1.0
96,151,0.3333333333333333
150,178,1.0
54,159,0.3333333333333333
26,69,1.0
176,126,0.2
161,88,1.0
55,120,0.3333333333333333
170,78,1.0
55,26,1.0
127,77,1.0
48,137,1.0
206,151,1.0
92,124,1.0
209,96,0.5555555555555556
60,179,1.0
92,82,1.0
161,96,1.0
2,208,1.0
92,48,1.0
60,45,0.5
85,149,1.0
206,169,0.3333333333333333
55,214,1.0
202,176,0.5
137,49,0.6
45,63,1.0
92,60,0.3333333333333333
118,124,1.0
131,15,1.0
110,200,0.3333333333333333
183,163,1.0
177,45,1.0
54,159,0.3333333333333333
137,78,1.0
45,127,1.0
117,2,1.0
150,60,1.0
110,192,1.0
131,137,0.2
176,55,1.0
105,54,1.0
126,115,1.0
126,163,1.0
61,83,1.0
60,149,0.4666666666666667
169,160,0.5
92,170,1.0
26,84,1.0
84,149,0.42857142857142855
126,60,0.75
184,15,1.0
110,69,1.0
137,78,1.0
117,206,1.0
143,18,1.0
92,149,0.6
173,63,1.0
126,69,1.0
169,49,0.7142857142857143
60,77,1.0
54,96,0.6
184,92,1.0
117,132,1.0
208,170,1.0
212,160,1.0
55,110,1.0
45,77,1.0
26,110,1.0
126,183,1.0
45,102,0.5
29,193,1.0
49,208,1.0
55,149,1.0
206,137,0.5
117,96,0.3333333333333333
123,192,1.0
117,137,1.0
184,160,1.0
99,208,1.0
126,92,1.0
114,190,1.0
132,193,1.0
100,149,0.6363636363636364
140,54,1.0
167,78,1.0
82,78,1.0
176,207,1.0
85,201,1.0
157,137,0.3333333333333333
85,120,1.0
2,197,0.3333333333333333
197,208,0.6
118,54,1.0
212,219,1.0
100,192,1.0
127,149,0.7777777777777778
117,78,1.0
96,151,0.3333333333333333
151,124,1.0
102,67,0.5
143,169,1.0
183,77,1.0
183,60,0.14285714285714285
102,110,1.0
159,124,1.0
65,147,1.0
150,136,1.0
126,123,1.0
127,192,1.0
183,123,1.0
86,137,1.0
208,96,0.42857142857142855
173,220,1.0
169,49,0.7142857142857143
96,12,1.0
154,132,1.0
209,96,0.5555555555555556
197,82,1.0
60,149,0.4666666666666667
48,157,1.0
143,120,1.0
178,132,1.0
111,219,1.0
96,82,1.0
55,143,1.0
96,124,1.0
114,128,1.0
60,45,0.5
209,160,0.3333333333333333
26,77,1.0
173,30,1.0
85,208,1.0
169,15,1.0
140,49,1.0
29,48,1.0
60,100,0.6363636363636364
92,60,0.3333333333333333
100,30,1.0
214,67,1.0
143,60,0.5
96,137,0.3333333333333333
184,96,0.75
2,209,1.0
88,29,1.0
149,69,0.6
49,215,1.0
161,137,1.0
69,163,1.0
126,149,1.0
84,149,0.42857142857142855
2,208,1.0
117,83,1.0
126,183,1.0
55,102,1.0
132,48,1.0
117,209,0.3333333333333333
100,69,0.42857142857142855
169,24,1.0
18,60,1.0
176,110,1.0
29,124,1.0
127,192,1.0
178,201,1.0
157,96,1.0
169,96,0.2
105,78,1.0
99,96,1.0
208,88,1.0
99,92,1.0
176,45,0.5
207,30,1.0
177,55,1.0
54,12,1.0
65,190,1.0
179,55,1.0
161,159,1.0
197,82,1.0
214,121,1.0
92,159,1.0
60,200,0.5
183,67,1.0
99,137,1.0
111,105,1.0
208,78,1.0
1,221,1.0
143,100,1.0
206,88,1.0
197,60,1.0
169,82,1.0
140,208,1.0
197,54,1.0
215,193,1.0
100,77,1.0
126,60,0.75
102,220,1.0
92,127,0.6
48,137,1.0
143,176,0.3333333333333333
100,69,0.42857142857142855
100,149,0.6363636363636364
169,197,0.2
157,137,0.3333333333333333
60,34,0.6
206,169,0.3333333333333333
117,140,1.0
197,49,1.0
49,219,1.0
117,78,1.0
117,209,0.3333333333333333
179,149,1.0
147,1,1.0
96,78,1.0
197,208,0.6
176,156,1.0
184,151,1.0
183,179,1.0
147,162,1.0
85,100,1.0
176,123,0.6
150,137,1.0
208,96,0.42857142857142855
92,26,1.0
96,78,1.0
157,96,1.0
160,197,0.3333333333333333
202,200,1.0
157,15,1.0
200,179,1.0
207,85,1.0
200,149,0.5
60,123,1.0
184,167,1.0
118,191,1.0
137,151,1.0
183,67,1.0
118,140,1.0
206,137,0.5
123,102,0.3333333333333333
54,96,0.6
84,127,0.2
178,124,1.0
176,149,0.6666666666666666
126,102,1.0
179,149,1.0
184,96,0.75
100,110,0.5
117,215,1.0
126,149,1.0
160,96,0.14285714285714285
176,123,0.6
206,191,1.0
88,167,1.0
200,121,1.0
92,29,1.0
92,127,0.6
126,127,1.0
60,69,0.45454545454545453
96,82,1.0
183,67,1.0
117,184,0.3333333333333333
126,200,1.0
117,88,1.0
96,167,1.0
115,163,1.0
208,96,0.42857142857142855
55,26,1.0
45,69,0.6
117,124,1.0
208,12,1.0
85,163,1.0
60,67,0.6
100,123,0.5
48,78,1.0
111,137,1.0
85,120,1.0
34,100,0.14285714285714285
54,73,1.0
206,197,0.3333333333333333
18,82,1.0
115,69,1.0
100,220,1.0
183,100,1.0
118,78,1.0
85,127,1.0
176,110,1.0
161,193,1.0
176,126,0.2
140,191,1.0
92,96,1.0
209,15,1.0
92,149,0.6
85,100,1.0
209,15,1.0
49,78,1.0
55,149,1.0
26,149,1.0
215,167,1.0
140,111,1.0
96,73,1.0
200,63,1.0
85,102,0.3333333333333333
115,143,1.0
34,102,1.0
115,184,1.0
100,123,0.5
117,96,0.3333333333333333
161,169,1.0
176,85,1.0
92,179,1.0
184,54,1.0
169,48,1.0
149,220,1.0
207,69,1.0
157,160,1.0
126,67,1.0
88,54,1.0
206,154,1.0
159,82,1.0
63,30,1.0
176,102,1.0
49,201,1.0
120,163,1.0
126,207,1.0
200,67,1.0
126,207,1.0
88,191,1.0
88,92,1.0
34,149,0.5
99,209,1.0
92,192,1.0
84,110,1.0
137,49,0.6
176,55,1.0
34,69,1.0
120,163,1.0
197,49,1.0
173,120,1.0
143,100,1.0
117,184,0.3333333333333333
2,48,1.0
100,102,0.5
115,45,1.0
88,167,1.0
149,69,0.6
209,193,1.0
147,114,1.0
209,154,1.0
177,149,0.6
206,73,1.0
202,120,1.0
184,88,1.0
200,77,1.0
45,69,0.6
60,67,0.6
140,193,1.0
209,137,0.2
127,149,0.7777777777777778
115,82,1.0
26,149,1.0
159,212,1.0
143,86,1.0
86,24,1.0
100,149,0.6363636363636364
131,54,1.0
126,69,1.0
85,123,1.0
48,124,1.0
193,78,1.0
149,69,0.6
2,157,1.0
209,96,0.5555555555555556
143,111,1.0
157,78,1.0
92,179,1.0
88,24,1.0
105,137,1.0
92,63,1.0
149,115,1.0
206,159,1.0
60,100,0.6363636363636364
111,160,1.0
169,82,1.0
49,170,1.0
117,209,0.3333333333333333
176,200,0.5
161,78,1.0
126,163,1.0
117,1,1.0
49,219,1.0
169,197,0.2
197,154,1.0
137,49,0.6
159,49,0.5
177,100,1.0
126,67,1.0
118,96,1.0
150,24,1.0
156,110,1.0
84,192,1.0
209,160,0.3333333333333333
99,54,1.0
88,78,1.0
121,123,1.0
159,78,1.0
214,100,1.0
176,100,0.42857142857142855
60,149,0.4666666666666667
127,149,0.7777777777777778
177,100,1.0
159,73,1.0
215,170,1.0
184,160,1.0
177,69,1.0
2,78,1.0
169,96,0.2
115,163,1.0
128,5,1.0
176,100,0.42857142857142855
26,63,1.0
147,128,1.0
159,191,1.0
49,209,1.0
63,220,1.0
55,123,0.3333333333333333
26,149,1.0
161,169,1.0
100,120,1.0
126,26,1.0
209,96,0.5555555555555556
60,84,1.0
26,149,1.0
85,55,1.0
126,200,1.0
214,149,1.0
160,96,0.14285714285714285
60,214,0.5
30,198,1.0
173,200,1.0
2,209,1.0
29,170,1.0
60,77,1.0
96,78,1.0
34,69,1.0
206,208,0.3333333333333333
92,54,1.0
140,49,1.0
105,184,0.3333333333333333
200,34,1.0
212,24,1.0
48,49,1.0
176,102,1.0
92,137,1.0
85,154,1.0
207,115,1.0
123,120,1.0
209,215,1.0
161,160,1.0
85,149,1.0
88,193,1.0
26,120,1.0
105,82,1.0
2,197,0.3333333333333333
214,77,1.0
82,191,1.0
208,215,1.0
147,221,1.0
214,163,1.0
176,207,1.0
60,214,0.5
85,67,1.0
55,69,1.0
200,100,0.14285714285714285
92,26,1.0
29,159,1.0
209,151,1.0
34,26,0.5
214,100,1.0
201,167,1.0
154,215,1.0
149,63,1.0
49,105,1.0
92,215,1.0
85,149,1.0
24,49,1.0
137,191,1.0
82,48,1.0
207,69,1.0
184,206,1.0
190,5,1.0
143,163,1.0
60,149,0.4666666666666667
127,149,0.7777777777777778
60,178,1.0
2,96,1.0
176,149,0.6666666666666666
117,131,1.0
149,163,1.0
206,96,1.0
176,149,0.6666666666666666
100,179,0.2
198,162,1.0
140,170,1.0
18,169,0.3333333333333333
184,201,1.0
137,88,1.0
208,78,1.0
127,149,0.7777777777777778
85,100,1.0
176,115,1.0
60,49,1.0
83,1,1.0
34,77,1.0
105,137,1.0
48,208,1.0
2,193,1.0
102,69,0.6
170,191,1.0
176,100,0.42857142857142855
105,54,1.0
118,49,1.0
132,167,1.0
18,96,1.0
117,54,1.0
60,100,0.6363636363636364
143,49,1.0
177,77,1.0
202,123,1.0
85,100,1.0
131,191,1.0
184,78,1.0
100,77,1.0
184,215,1.0
160,24,1.0
60,45,0.5
131,160,1.0
2,151,1.0
127,77,1.0
140,24,1.0
18,111,1.0
173,123,1.0
137,136,1.0
85,96,1.0
26,69,1.0
209,24,1.0
143,67,1.0
206,92,1.0
60,69,0.45454545454545453
100,30,1.0
143,24,1.0
34,120,1.0
26,100,0.3333333333333333
55,149,1.0
117,215,1.0
169,49,0.7142857142857143
140,111,1.0
92,131,1.0
92,149,0.6
111,24,1.0
157,117,1.0
77,192,1.0
60,69,0.45454545454545453
157,96,1.0
193,167,1.0
169,209,0.6
105,208,0.3333333333333333
140,48,1.0
208,24,1.0
49,78,1.0
140,115,1.0
105,191,1.0
88,132,1.0
54,78,1.0
197,96,0.6
137,197,0.3333333333333333
100,110,0.5
99,197,1.0
85,215,1.0
149,69,0.6
60,34,0.6
34,127,0.3333333333333333
26,149,1.0
115,54,1.0
176,115,1.0
126,60,0.75
126,77,1.0
99,124,1.0
105,184,0.3333333333333333
161,96,1.0
131,137,0.2
24,136,1.0
150,48,1.0
117,88,1.0
154,124,1.0
150,159,1.0
49,96,1.0
29,178,1.0
49,136,1.0
183,102,1.0
183,100,1.0
34,69,1.0
124,73,1.0
96,201,1.0
214,115,1.0
92,136,1.0
85,26,1.0
176,60,0.6
60,123,1.0
88,96,1.0
100,179,0.2
24,193,1.0
117,201,1.0
126,102,1.0
209,159,1.0
63,110,1.0
60,100,0.6363636363636364
49,124,1.0
140,178,1.0
169,2,0.3333333333333333
88,48,1.0
169,219,1.0
150,49,1.0
117,92,1.0
209,54,1.0
159,88,1.0
150,212,1.0
176,163,1.0
131,88,1.0
85,177,1.0
183,123,1.0
105,96,0.7142857142857143
92,215,1.0
215,193,1.0
12,191,1.0
55,110,1.0
60,69,0.45454545454545453
120,102,1.0
176,102,1.0
118,105,1.0
92,149,0.6
124,12,1.0
128,1,1.0
140,82,1.0
137,160,0.3333333333333333
100,69,0.42857142857142855
86,105,1.0
126,100,1.0
184,99,1.0
105,12,1.0
60,69,0.45454545454545453
126,34,1.0
209,54,1.0
124,136,1.0
85,202,1.0
126,214,1.0
126,45,1.0
132,170,1.0
140,136,1.0
111,2,1.0
184,124,1.0
92,157,1.0
169,140,0.3333333333333333
100,121,1.0
99,157,1.0
92,55,0.6
197,54,1.0
197,96,0.6
169,96,0.2
150,140,1.0
177,102,1.0
60,100,0.6363636363636364
169,15,1.0
92,149,0.6
82,193,1.0
151,73,1.0
105,208,0.3333333333333333
184,49,1.0
183,149,1.0
92,48,1.0
176,126,0.2
85,127,1.0
143,34,1.0
173,149,1.0
45,55,1.0
49,105,1.0
105,96,0.7142857142857143
150,219,1.0
214,45,1.0
100,102,0.5
60,26,1.0
45,149,0.4
206,157,1.0
126,67,1.0
82,78,1.0
151,54,1.0
137,78,1.0
177,149,0.6
209,131,1.0
96,191,1.0
176,85,1.0
45,77,1.0
69,120,1.0
29,167,1.0
63,102,1.0
49,12,1.0
60,100,0.6363636363636364
208,124,1.0
92,69,1.0
184,191,1.0
176,214,0.3333333333333333
137,219,1.0
115,159,1.0
183,69,1.0
169,208,1.0
131,49,1.0
84,149,0.42857142857142855
100,149,0.6363636363636364
208,96,0.42857142857142855
183,85,0.3333333333333333
127,77,1.0
34,149,0.5
29,154,1.0
173,179,1.0
159,219,1.0
115,200,1.0
117,24,1.0
124,78,1.0
214,163,1.0
183,60,0.14285714285714285
78,12,1.0
169,209,0.6
200,120,1.0
197,140,1.0
117,78,1.0
34,102,1.0
150,49,1.0
157,161,1.0
85,200,1.0
92,45,0.3333333333333333
169,73,1.0
117,54,1.0
60,102,0.2
207,220,1.0
197,12,1.0
191,193,1.0
137,15,1.0
179,123,0.3333333333333333
126,149,1.0
209,208,0.3333333333333333
83,190,1.0
126,127,1.0
29,49,1.0
176,45,0.5
159,170,1.0
125,143,1.0
2,159,1.0
92,60,0.3333333333333333
209,96,0.5555555555555556
197,111,1.0
117,29,1.0
92,149,0.6
60,127,1.0
140,219,1.0
49,82,1.0
2,92,1.0
183,69,1.0
102,26,1.0
176,192,1.0
206,209,1.0
85,69,1.0
2,54,1.0
206,208,0.3333333333333333
126,55,1.0
208,193,1.0
26,127,0.3333333333333333
85,67,1.0
215,201,1.0
60,45,0.5
140,105,1.0
102,69,0.6
161,184,1.0
48,12,1.0
156,121,1.0
184,169,1.0
60,149,0.4666666666666667
147,198,1.0
126,100,1.0
137,88,1.0
127,69,1.0
118,12,1.0
184,73,1.0
159,96,0.2
154,78,1.0
92,110,1.0
126,149,1.0
206,137,0.5
86,140,1.0
123,120,1.0
92,100,1.0
190,128,1.0
54,24,1.0
154,167,1.0
60,77,1.0
18,49,1.0
173,156,1.0
197,208,0.6
2,54,1.0
85,115,0.3333333333333333
88,170,1.0
143,176,0.3333333333333333
161,96,1.0
149,69,0.6
143,140,1.0
55,149,1.0
45,102,0.5
202,179,1.0
99,96,1.0
88,78,1.0
169,49,0.7142857142857143
100,149,0.6363636363636364
124,219,1.0
115,49,1.0
2,137,1.0
173,207,1.0
159,49,0.5
209,132,1.0
84,127,0.2
140,54,1.0
177,45,1.0
105,170,1.0
160,208,1.0
105,54,1.0
126,92,1.0
88,201,1.0
45,127,1.0
157,105,1.0
96,137,0.3333333333333333
123,26,1.0
176,156,1.0
209,131,1.0
197,96,0.6
160,82,1.0
83,147,1.0
34,100,0.14285714285714285
200,69,0.3333333333333333
197,219,1.0
118,115,1.0
29,24,1.0
212,96,1.0
126,200,1.0
178,219,1.0
126,214,1.0
206,18,1.0
154,178,1.0
85,96,1.0
200,100,0.14285714285714285
176,102,1.0
117,215,1.0
159,12,1.0
99,159,1.0
209,208,0.3333333333333333
55,110,1.0
121,120,1.0
85,209,1.0
131,137,0.2
82,24,1.0
88,78,1.0
34,127,0.3333333333333333
184,78,1.0
179,149,1.0
115,96,1.0
96,170,1.0
45,149,0.4
154,24,1.0
120,149,0.3333333333333333
102,67,0.5
126,60,0.75
206,159,1.0
140,137,1.0
206,49,1.0
160,105,1.0
118,82,1.0
99,78,1.0
60,123,1.0
117,96,0.3333333333333333
54,96,0.6
18,49,1.0
88,96,1.0
88,215,1.0
49,191,1.0
184,208,1.0
184,197,1.0
161,208,1.0
18,96,1.0
200,163,1.0
123,120,1.0
176,77,1.0
184,96,0.75
184,2,1.0
85,170,1.0
60,77,1.0
85,149,1.0
178,48,1.0
208,201,1.0
176,84,1.0
140,82,1.0
131,96,0.3333333333333333
184,209,0.3333333333333333
197,96,0.6
18,219,1.0
2,137,1.0
170,193,1.0
48,78,1.0
85,69,1.0
140,131,1.0
49,193,1.0
34,26,0.5
55,77,1.0
169,73,1.0
161,137,1.0
115,78,1.0
197,48,1.0
115,69,1.0
84,77,1.0
30,114,1.0
96,124,1.0
49,96,1.0
197,24,1.0
34,149,0.5
157,96,1.0
92,183,1.0
83,198,1.0
178,136,1.0
92,96,1.0
184,159,1.0
92,34,1.0
209,88,1.0
127,149,0.7777777777777778
115,60,0.3333333333333333
176,60,0.6
202,183,1.0
149,192,1.0
157,209,1.0
183,67,1.0
117,132,1.0
84,69,1.0
169,160,0.5
26,192,1.0
143,212,1.0
102,77,1.0
118,54,1.0
206,49,1.0
85,149,1.0
34,123,0.3333333333333333
177,127,1.0
169,12,1.0
215,78,1.0
48,191,1.0
54,124,1.0
65,128,1.0
60,45,0.5
24,78,1.0
137,170,1.0
85,193,1.0
149,77,1.0
55,163,1.0
118,92,1.0
154,170,1.0
99,151,1.0
96,137,0.3333333333333333
212,105,1.0
126,149,1.0
179,120,1.0
176,207,1.0
60,69,0.45454545454545453
92,140,1.0
100,149,0.6363636363636364
115,49,1.0
126,110,1.0
206,54,1.0
214,63,1.0
159,96,0.2
169,209,0.6
54,167,1.0
92,127,0.6
85,102,0.3333333333333333
208,193,1.0
26,69,1.0
207,69,1.0
184,78,1.0
92,73,1.0
117,215,1.0
100,67,1.0
105,197,1.0
63,156,1.0
208,78,1.0
115,48,1.0
209,124,1.0
176,127,1.0
85,26,1.0
105,96,0.7142857142857143
49,96,1.0
45,110,1.0
105,2,1.0
154,54,1.0
34,63,1.0
88,29,1.0
78,191,1.0
24,170,1.0
140,48,1.0
110,34,1.0
214,179,1.0
157,131,1.0
149,30,1.0
176,69,0.6
209,54,1.0
117,49,1.0
169,154,1.0
92,137,1.0
85,92,1.0
45,102,0.5
149,77,1.0
117,92,1.0
60,149,0.4666666666666667
99,48,1.0
159,208,1.0
176,60,0.6
29,140,1.0
26,149,1.0
2,96,1.0
26,127,0.3333333333333333
143,176,0.3333333333333333
69,121,1.0
160,96,0.14285714285714285
96,137,0.3333333333333333
26,69,1.0
179,110,1.0
102,69,0.6
84,149,0.42857142857142855
183,149,1.0
60,100,0.6363636363636364
92,127,0.6
60,100,0.6363636363636364
209,78,1.0
200,149,0.5
60,67,0.6
92,154,1.0
92,77,1.0
86,219,1.0
85,184,1.0
176,100,0.42857142857142855
92,34,1.0
209,167,1.0
176,214,0.3333333333333333
170,167,1.0
102,67,0.5
140,60,1.0
143,219,1.0
221,162,1.0
34,120,1.0
85,54,1.0
184,96,0.75
183,102,1.0
140,96,1.0
29,132,1.0
85,149,1.0
45,149,0.4
96,170,1.0
55,163,1.0
200,123,1.0
92,123,1.0
178,78,1.0
105,193,1.0
161,209,1.0
147,5,1.0
169,49,0.7142857142857143
100,123,0.5
110,69,1.0
176,67,1.0
34,26,0.5
202,200,1.0
197,212,1.0
18,24,1.0
49,54,1.0
184,131,1.0
60,102,0.2
169,54,1.0
202,179,1.0
206,169,0.3333333333333333
88,215,1.0
183,149,1.0
215,167,1.0
55,149,1.0
92,149,0.6
154,201,1.0
212,2,1.0
206,169,0.3333333333333333
92,24,1.0
184,48,1.0
207,67,1.0
177,149,0.6
209,201,1.0
60,136,1.0
60,149,0.4666666666666667
100,149,0.6363636363636364
88,215,1.0
149,143,1.0
86,212,1.0
200,123,1.0
184,96,0.75
2,160,1.0
92,167,1.0
149,192,1.0
169,48,1.0
156,179,1.0
126,183,1.0
202,69,1.0
207,200,1.0
179,123,0.3333333333333333
126,123,1.0
154,136,1.0
45,149,0.4
140,2,1.0
60,163,1.0
54,73,1.0
160,96,0.14285714285714285
55,120,0.3333333333333333
197,159,1.0
206,197,0.3333333333333333
183,207,1.0
177,149,0.6
169,197,0.2
143,96,1.0
202,100,1.0
176,69,0.6
55,149,1.0
176,120,1.0
207,45,1.0
85,214,1.0
92,60,0.3333333333333333
-1,-1