160,206,1
126,60,9
179,77,3
2,208,2
194,170,2
18,208,3
92,60,5
45,179,1
86,208,1
85,183,2
85,176,5
125,123,2
85,60,6
85,69,6
69,115,1
100,149,11
160,131,1
123,143,1
60,202,2
150,29,1
184,124,1
149,176,1
30,198,1
67,85,2
137,88,2
5,221,1
48,96,3
49,78,2
49,194,3
183,67,3
143,105,1
82,170,1
198,221,1
202,60,2
99,151,1
126,207,3
92,48,3
183,69,7
67,149,3
214,163,1
197,140,1
126,143,3
60,77,4
117,194,6
143,169,2
206,184,2
48,124,3
85,88,2
60,183,4
105,160,2
137,73,1
131,88,1
184,194,2
200,149,2
161,105,1
140,29,1
126,115,3
24,136,1
39,209,2
209,208,2
169,197,2
163,200,1
48,191,2
85,176,5
169,18,1
2,137,3
169,209,6
63,176,1
60,45,6
102,100,1
84,192,2
160,137,4
34,102,2
60,102,6
149,67,2
161,169,2
126,102,6
92,150,1
92,96,2
170,78,2
150,178,1
117,154,2
118,82,1
184,169,4
60,85,6
63,69,1
92,136,1
209,194,4
2,15,1
125,84,4
99,160,2
82,78,2
126,176,5
169,82,2
173,200,1
92,192,1
60,67,4
160,208,4
54,5,1
169,105,3
118,96,2
125,100,2
105,169,2
65,190,1
96,159,2
184,96,6
100,63,2
126,149,11
184,169,4
160,137,4
200,69,2
206,169,4
48,96,3
92,154,1
209,96,5
176,102,8
63,149,1
54,190,2
96,48,1
117,85,2
126,102,6
92,137,2
92,149,12
149,45,3
117,208,3
26,149,5
100,149,11
197,159,3
179,63,1
29,24,1
163,149,3
169,209,6
85,163,1
176,102,8
85,63,1
111,208,1
92,69,3
55,34,1
131,161,1
149,200,3
137,159,4
137,151,2
208,12,1
125,34,1
85,149,9
184,96,6
208,167,1
212,208,1
85,115,1
100,45,4
99,131,1
157,131,1
92,125,4
73,78,1
92,178,1
18,111,1
214,123,2
126,26,3
96,208,1
117,132,2
55,179,1
176,69,9
85,184,1
86,105,1
200,149,2
60,67,4
92,125,4
183,92,1
85,194,2
117,1,1
60,123,3
48,170,1
200,176,1
69,149,1
126,92,4
176,149,11
197,60,1
202,92,1
102,55,1
126,34,1
117,78,3
99,160,2
126,149,11
163,45,1
161,99,1
183,100,2
202,60,2
154,136,1
197,105,2
159,24,1
160,157,4
183,85,4
115,85,2
169,159,3
149,69,9
154,49,1
26,149,5
102,85,2
200,123,1
184,169,4
184,2,2
169,208,6
176,69,9
18,96,3
55,183,1
206,159,2
183,26,3
169,124,1
82,124,1
96,159,2
159,73,2
102,69,5
60,69,11
176,69,9
105,209,2
60,149,10
169,191,1
85,179,1
92,26,2
190,1,2
92,85,2
48,201,1
154,78,1
206,169,4
54,147,3
100,179,4
214,179,3
169,49,6
69,121,1
18,2,1
88,78,3
67,26,2
92,179,2
214,173,1
128,1,1
176,67,3
160,208,4
126,85,9
123,45,4
92,149,12
200,179,2
55,149,8
169,78,2
60,102,6
126,125,4
126,45,3
86,197,1
30,162,1
18,78,1
84,100,2
115,67,1
169,96,6
84,77,2
60,102,6
65,1,1
200,45,3
55,123,2
184,96,6
176,149,11
160,209,4
159,96,3
117,49,3
178,170,1
117,209,4
126,115,3
125,149,11
197,96,4
125,149,11
117,85,2
126,69,4
157,209,4
92,100,3
18,219,1
18,191,1
105,137,2
169,208,6
137,136,1
206,209,2
169,140,3
105,124,1
149,60,4
149,115,2
183,45,3
184,209,5
160,96,5
45,60,1
176,183,3
160,96,5
176,77,3
140,82,2
169,160,2
67,60,2
184,194,2
149,67,2
54,128,1
60,85,6
149,143,2
207,45,1
60,143,2
67,143,2
85,69,6
169,157,1
163,121,1
183,102,5
209,78,3
100,69,8
117,154,2
85,100,5
178,136,1
140,117,1
105,78,3
169,105,3
29,48,1
84,176,1
34,69,4
123,67,2
55,126,3
54,1,3
60,34,5
160,169,3
143,45,2
137,209,4
126,183,6
197,137,3
34,202,1
149,102,5
161,137,4
49,208,3
202,176,3
140,78,2
207,34,1
92,63,2
110,30,1
92,202,1
200,110,2
48,78,3
83,198,1
100,69,8
39,117,2
137,78,5
49,219,2
143,69,2
92,105,1
117,105,1
160,137,4
34,100,3
65,128,1
123,115,1
214,115,1
2,137,3
55,69,1
197,49,1
117,124,2
123,69,2
209,137,2
60,176,9
100,102,5
96,209,6
117,78,3
54,162,2
39,209,2
149,26,2
176,183,3
183,149,4
137,131,3
2,209,2
176,200,4
105,96,4
126,67,6
60,100,9
169,49,6
206,112,1
123,60,2
60,136,1
190,221,1
123,214,1
34,69,4
92,149,12
201,170,1
214,176,1
85,149,9
184,48,1
125,77,3
179,149,3
100,60,2
82,159,1
49,117,3
60,183,4
214,126,2
209,117,4
114,65,1
96,12,2
100,77,4
132,48,1
60,219,1
126,60,9
214,126,2
96,117,4
137,78,5
206,49,4
60,207,1
140,194,2
88,48,2
117,92,2
169,48,2
143,45,2
126,60,9
154,48,1
137,140,1
140,206,1
176,149,11
137,49,3
173,123,2
83,162,1
73,191,1
183,149,4
160,78,2
183,69,7
150,159,1
126,183,6
159,105,1
125,149,11
149,45,3
123,183,1
18,12,1
125,55,4
131,78,1
123,69,2
100,121,2
117,12,1
60,100,9
60,176,9
60,92,3
159,73,2
96,194,2
125,84,4
176,125,4
123,149,4
45,26,2
85,123,1
150,136,1
206,78,2
161,88,1
137,78,5
126,67,6
125,149,11
176,149,11
45,67,1
209,170,1
99,137,2
149,69,9
197,137,3
169,96,6
173,77,2
149,45,3
110,100,1
55,149,8
160,2,2
117,96,7
157,117,1
197,118,1
143,96,1
92,77,2
126,183,6
126,125,4
200,115,1
60,69,11
96,209,6
-1,-1