176,60,0.25
85,34,1.0
179,123,1.0
208,194,1.0
54,83,1.0
39,117,1.0
88,29,1.0
161,206,1.0
117,49,0.6
92,194,1.0
60,69,0.6363636363636364
143,105,1.0
60,69,0.6363636363636364
206,197,1.0
29,194,1.0
96,198,1.0
54,198,1.0
132,78,1.0
169,117,0.42857142857142855
92,149,0.6
202,179,1.0
49,136,1.0
92,149,0.6
206,157,1.0
209,194,1.0
85,60,0.09090909090909091
82,137,1.0
206,169,0.6666666666666666
100,183,1.0
86,140,1.0
100,34,1.0
65,128,1.0
176,115,1.0
86,197,1.0
173,149,1.0
39,169,1.0
85,163,1.0
176,142,0.14285714285714285
26,69,0.6
169,117,0.42857142857142855
105,137,1.0
100,121,1.0
126,142,1.0
149,192,1.0
117,24,1.0
92,178,1.0
100,77,1.0
197,160,1.0
169,82,1.0
60,214,0.5
159,73,1.0
140,12,1.0
126,60,0.5
137,78,1.0
123,69,0.3333333333333333
125,77,1.0
85,194,1.0
200,8,1.0
88,78,1.0
179,149,1.0
149,69,1.0
85,149,0.6
100,149,0.14285714285714285
2,209,1.0
85,201,1.0
126,125,1.0
126,149,1.0
184,131,1.0
197,151,1.0
26,149,0.6666666666666666
85,102,0.2
105,73,1.0
163,123,1.0
200,63,1.0
92,197,1.0
160,157,1.0
55,149,0.5
214,149,1.0
163,179,1.0
49,209,1.0
149,77,1.0
55,84,1.0
49,124,1.0
169,117,0.42857142857142855
140,212,1.0
206,140,1.0
67,77,1.0
99,209,1.0
176,183,1.0
100,45,1.0
92,179,1.0
142,60,0.5
1,5,1.0
92,183,1.0
102,142,1.0
208,131,1.0
208,88,1.0
92,132,1.0
184,29,1.0
126,85,1.0
45,63,1.0
61,83,1.0
184,169,1.0
85,92,0.2
88,154,1.0
154,124,1.0
54,83,1.0
209,137,0.6
176,69,0.7142857142857143
85,60,0.09090909090909091
197,137,1.0
197,212,1.0
100,179,1.0
126,149,1.0
85,100,1.0
67,26,0.3333333333333333
169,117,0.42857142857142855
49,78,1.0
92,209,1.0
149,110,1.0
132,167,1.0
92,26,1.0
197,159,1.0
100,123,0.6666666666666666
125,77,1.0
160,157,1.0
60,77,1.0
49,39,1.0
125,149,0.38461538461538464
197,12,1.0
163,45,1.0
125,149,0.38461538461538464
65,190,1.0
143,160,1.0
85,149,0.6
201,78,1.0
184,209,1.0
60,200,0.3333333333333333
92,45,1.0
184,194,1.0
85,102,0.2
184,117,0.2
15,194,1.0
96,147,1.0
184,151,1.0
197,124,1.0
45,69,0.3333333333333333
132,137,1.0
183,200,1.0
176,183,1.0
60,100,0.6
176,142,0.14285714285714285
184,132,1.0
29,170,1.0
159,124,1.0
184,169,1.0
169,209,0.6
179,77,1.0
149,63,1.0
197,209,1.0
147,221,1.0
121,179,1.0
169,157,1.0
92,200,1.0
126,207,1.0
149,34,0.3333333333333333
49,154,0.3333333333333333
60,214,0.5
2,151,1.0
125,207,1.0
92,149,0.6
60,45,0.3333333333333333
197,157,1.0
26,69,0.6
118,131,1.0
126,149,1.0
184,157,1.0
92,102,1.0
126,123,1.0
147,1,1.0
206,208,1.0
125,123,1.0
92,200,1.0
176,100,0.42857142857142855
111,49,1.0
176,183,1.0
125,102,0.3333333333333333
18,12,1.0
142,69,0.3333333333333333
86,49,1.0
184,194,1.0
49,160,1.0
85,125,1.0
163,67,1.0
202,63,1.0
200,115,1.0
92,125,1.0
176,123,1.0
85,183,0.2
176,149,0.7777777777777778
117,167,1.0
184,209,1.0
54,221,1.0
96,190,1.0
1,221,1.0
84,123,1.0
206,112,1.0
34,63,1.0
176,55,1.0
60,123,0.3333333333333333
176,45,1.0
208,78,1.0
156,123,1.0
30,128,1.0
176,149,0.7777777777777778
114,128,1.0
179,149,1.0
92,84,0.3333333333333333
163,149,1.0
92,179,1.0
169,208,0.3333333333333333
200,156,1.0
140,160,1.0
173,100,1.0
96,1,1.0
45,69,0.3333333333333333
117,18,1.0
100,34,1.0
140,150,1.0
95,83,1.0
88,194,1.0
49,112,1.0
173,102,1.0
117,194,0.6
125,192,1.0
190,147,1.0
118,169,1.0
149,84,0.2
39,209,1.0
26,149,0.6666666666666666
169,191,1.0
92,149,0.6
206,169,0.6666666666666666
92,60,0.3333333333333333
173,55,1.0
212,160,1.0
142,69,0.3333333333333333
126,102,1.0
197,159,1.0
143,2,1.0
161,137,1.0
60,100,0.6
34,26,1.0
126,200,1.0
117,49,0.6
49,170,1.0
176,179,1.0
125,26,1.0
179,77,1.0
183,26,1.0
161,160,1.0
123,115,1.0
86,160,1.0
214,149,1.0
125,149,0.38461538461538464
55,192,1.0
131,124,1.0
88,201,1.0
61,96,1.0
77,192,1.0
197,169,0.2
49,24,1.0
159,170,1.0
197,169,0.2
126,183,1.0
160,131,1.0
117,177,1.0
55,149,0.5
125,100,0.3333333333333333
160,157,1.0
160,169,0.5
96,147,1.0
85,149,0.6
163,121,1.0
92,69,1.0
85,202,1.0
92,170,1.0
60,136,1.0
126,200,1.0
197,2,1.0
96,83,0.5
169,208,0.3333333333333333
18,111,1.0
102,26,0.3333333333333333
194,78,1.0
100,102,1.0
173,67,1.0
126,60,0.5
86,212,1.0
149,84,0.2
169,209,0.6
60,159,1.0
102,69,0.6
206,169,0.6666666666666666
60,100,0.6
214,102,1.0
169,194,0.3333333333333333
34,69,1.0
99,206,1.0
49,132,1.0
176,149,0.7777777777777778
92,201,1.0
160,169,0.5
34,125,0.3333333333333333
49,201,1.0
88,178,1.0
173,179,1.0
179,123,1.0
176,102,1.0
92,159,1.0
131,159,1.0
2,15,1.0
125,84,0.2
126,69,1.0
117,73,1.0
55,34,1.0
92,191,1.0
85,102,0.2
159,191,1.0
176,77,1.0
143,111,1.0
143,18,1.0
49,12,1.0
92,77,1.0
55,85,1.0
140,111,1.0
200,69,0.5
30,96,1.0
163,179,1.0
105,194,1.0
183,200,1.0
15,117,1.0
161,206,1.0
197,169,0.2
161,184,1.0
131,73,1.0
176,200,0.3333333333333333
176,60,0.25
100,200,0.3333333333333333
95,147,1.0
117,88,1.0
85,92,0.2
92,214,1.0
147,221,1.0
92,149,0.6
55,102,1.0
137,170,1.0
169,124,1.0
194,170,1.0
149,69,1.0
85,67,1.0
214,85,1.0
92,34,1.0
49,170,1.0
161,137,1.0
105,206,1.0
117,209,0.1111111111111111
207,102,1.0
126,200,1.0
99,169,1.0
200,85,0.3333333333333333
117,194,0.6
85,100,1.0
197,209,1.0
176,115,1.0
142,26,1.0
100,123,0.6666666666666666
125,149,0.38461538461538464
207,77,1.0
49,194,1.0
131,82,1.0
65,1,1.0
2,105,1.0
102,69,0.6
100,34,1.0
176,102,1.0
85,194,1.0
100,149,0.14285714285714285
163,26,1.0
197,140,1.0
147,198,1.0
126,67,1.0
54,198,1.0
117,167,1.0
200,121,1.0
88,24,1.0
78,167,1.0
132,170,1.0
125,77,1.0
55,69,1.0
114,221,1.0
117,29,1.0
160,78,1.0
118,137,1.0
173,192,1.0
140,208,1.0
178,49,1.0
60,202,0.2
117,49,0.6
169,208,0.3333333333333333
86,169,1.0
121,69,1.0
126,149,1.0
140,105,1.0
100,26,0.3333333333333333
86,18,1.0
207,115,1.0
126,102,1.0
137,49,0.2
123,77,1.0
202,63,1.0
117,78,1.0
124,170,1.0
183,102,1.0
169,131,1.0
84,100,1.0
154,167,1.0
92,29,1.0
207,142,1.0
169,209,0.6
1,162,1.0
92,78,1.0
117,191,1.0
143,140,1.0
169,112,0.3333333333333333
126,176,0.6666666666666666
154,170,1.0
18,105,1.0
117,177,1.0
88,178,1.0
92,100,0.6666666666666666
149,69,1.0
206,154,1.0
142,100,1.0
184,167,1.0
60,115,1.0
209,78,1.0
151,157,1.0
125,149,0.38461538461538464
49,29,1.0
190,5,1.0
140,111,1.0
126,176,0.6666666666666666
92,67,1.0
60,214,0.5
176,102,1.0
92,100,0.6666666666666666
99,78,1.0
173,77,1.0
125,149,0.38461538461538464
149,69,1.0
126,207,1.0
110,100,0.5
149,207,1.0
208,78,1.0
60,102,0.2
184,88,1.0
208,167,1.0
92,60,0.3333333333333333
197,159,1.0
88,194,1.0
191,78,1.0
163,77,1.0
151,159,1.0
117,83,1.0
105,209,0.5
55,85,1.0
60,69,0.6363636363636364
92,137,1.0
85,202,1.0
161,209,1.0
178,78,1.0
60,63,1.0
126,77,1.0
209,29,1.0
178,136,1.0
176,183,1.0
150,154,1.0
126,85,1.0
83,198,1.0
176,55,1.0
163,77,1.0
112,117,1.0
15,137,1.0
140,49,0.6666666666666666
160,208,1.0
67,26,0.3333333333333333
49,167,1.0
126,85,1.0
176,125,1.0
208,29,1.0
88,201,1.0
88,137,0.3333333333333333
92,55,0.3333333333333333
5,221,1.0
176,123,1.0
85,60,0.09090909090909091
85,67,1.0
198,162,1.0
30,54,1.0
82,191,1.0
209,137,0.6
123,26,1.0
54,96,0.5
117,209,0.1111111111111111
34,84,1.0
137,136,1.0
92,169,1.0
55,45,1.0
212,136,1.0
88,124,1.0
123,102,1.0
84,176,1.0
100,8,1.0
197,137,1.0
160,105,1.0
169,82,1.0
117,78,1.0
85,149,0.6
197,208,1.0
140,124,1.0
140,208,1.0
190,1,1.0
100,69,1.0
96,190,1.0
173,125,1.0
92,142,1.0
137,112,1.0
176,26,1.0
92,140,1.0
96,221,1.0
200,77,1.0
208,201,1.0
208,12,1.0
18,2,1.0
209,78,1.0
100,200,0.3333333333333333
137,169,0.6
176,60,0.25
183,26,1.0
88,78,1.0
18,159,1.0
206,49,0.5
149,192,1.0
82,78,1.0
200,45,1.0
154,159,1.0
161,160,1.0
126,60,0.5
137,194,1.0
214,126,1.0
202,34,1.0
176,149,0.7777777777777778
147,5,1.0
100,34,1.0
18,191,1.0
126,149,1.0
176,69,0.7142857142857143
209,112,1.0
84,173,1.0
212,159,1.0
92,100,0.6666666666666666
55,142,1.0
117,208,1.0
137,206,0.2
60,200,0.3333333333333333
123,45,1.0
67,115,1.0
96,221,1.0
126,102,1.0
85,45,1.0
39,105,1.0
92,26,1.0
173,200,1.0
92,123,1.0
12,191,1.0
209,73,1.0
156,30,1.0
208,24,1.0
92,88,1.0
100,69,1.0
140,159,1.0
126,85,1.0
183,45,0.3333333333333333
69,115,1.0
60,149,0.09090909090909091
118,49,1.0
176,149,0.7777777777777778
176,149,0.7777777777777778
49,184,1.0
100,179,1.0
206,169,0.6666666666666666
85,60,0.09090909090909091
100,45,1.0
88,167,1.0
140,160,1.0
60,77,1.0
157,159,1.0
30,1,1.0
92,125,1.0
214,85,1.0
178,159,1.0
140,191,1.0
179,149,1.0
60,26,0.3333333333333333
60,125,0.3333333333333333
173,123,1.0
85,167,1.0
206,194,1.0
123,207,1.0
160,169,0.5
92,149,0.6
154,132,1.0
209,154,1.0
176,100,0.42857142857142855
126,123,1.0
111,160,1.0
176,100,0.42857142857142855
209,124,1.0
1,128,1.0
200,110,1.0
176,30,1.0
30,147,1.0
85,149,0.6
100,192,1.0
100,26,0.3333333333333333
100,63,1.0
173,207,1.0
85,149,0.6
55,183,1.0
102,30,1.0
60,179,1.0
143,212,1.0
54,147,1.0
126,123,1.0
92,60,0.3333333333333333
118,191,1.0
92,137,1.0
88,209,1.0
29,201,1.0
137,206,0.2
39,15,1.0
137,124,1.0
206,160,1.0
143,169,1.0
214,173,1.0
105,191,1.0
92,63,1.0
99,159,1.0
208,159,1.0
149,207,1.0
161,151,1.0
197,82,1.0
126,67,1.0
137,49,0.2
88,124,1.0
163,26,1.0
29,132,1.0
184,24,1.0
150,124,1.0
159,136,1.0
209,159,1.0
194,201,1.0
184,169,1.0
85,67,1.0
140,49,0.6666666666666666
49,82,1.0
82,124,1.0
176,121,1.0
176,63,0.5
45,26,1.0
92,60,0.3333333333333333
100,69,1.0
88,167,1.0
123,69,0.3333333333333333
123,34,0.3333333333333333
85,209,1.0
86,140,1.0
137,73,1.0
208,209,1.0
96,1,1.0
30,96,1.0
96,83,0.5
149,115,1.0
202,176,0.5
173,34,1.0
143,197,1.0
118,12,1.0
142,60,0.5
100,123,0.6666666666666666
55,207,1.0
60,125,0.3333333333333333
159,78,1.0
117,29,1.0
118,209,1.0
126,183,1.0
163,149,1.0
34,77,1.0
26,149,0.6666666666666666
206,78,1.0
102,115,1.0
160,157,1.0
34,69,1.0
176,110,1.0
115,85,0.3333333333333333
197,160,1.0
39,184,1.0
60,100,0.6
169,159,1.0
197,18,1.0
176,45,1.0
183,115,1.0
137,124,1.0
200,77,1.0
60,67,0.3333333333333333
85,24,1.0
202,176,0.5
137,208,0.3333333333333333
82,73,1.0
96,128,1.0
9,17,1.0
126,26,1.0
197,2,1.0
150,170,1.0
140,85,1.0
60,45,0.3333333333333333
173,100,1.0
197,111,1.0
197,191,1.0
176,192,1.0
124,78,1.0
143,60,1.0
92,55,0.3333333333333333
84,77,1.0
54,1,1.0
209,73,1.0
126,67,1.0
96,190,1.0
96,162,1.0
169,209,0.6
111,208,1.0
183,142,1.0
126,125,1.0
206,184,1.0
169,151,1.0
2,137,1.0
159,73,1.0
114,1,1.0
137,169,0.6
29,167,1.0
154,78,1.0
92,69,1.0
190,128,1.0
142,115,1.0
117,167,1.0
169,112,0.3333333333333333
99,160,1.0
140,49,0.6666666666666666
176,63,0.5
114,147,1.0
34,69,1.0
137,157,0.3333333333333333
206,117,1.0
123,34,0.3333333333333333
99,137,1.0
151,209,1.0
128,5,1.0
117,132,1.0
85,69,0.6666666666666666
194,177,1.0
160,208,1.0
123,77,1.0
149,69,1.0
131,78,1.0
92,100,0.6666666666666666
117,209,0.1111111111111111
202,34,1.0
100,123,0.6666666666666666
214,85,1.0
99,117,1.0
117,201,1.0
105,209,0.5
208,157,1.0
99,157,1.0
111,2,1.0
176,69,0.7142857142857143
149,84,0.2
150,136,1.0
200,149,0.5
209,170,1.0
126,85,1.0
99,209,1.0
173,55,1.0
206,177,1.0
49,154,0.3333333333333333
100,102,1.0
201,167,1.0
2,78,1.0
169,15,1.0
147,1,1.0
176,207,0.5
117,178,1.0
100,77,1.0
183,45,0.3333333333333333
85,132,1.0
100,34,1.0
208,209,1.0
15,157,1.0
2,137,1.0
142,179,1.0
176,100,0.42857142857142855
200,149,0.5
214,67,1.0
110,69,1.0
147,128,1.0
197,131,1.0
184,15,1.0
34,45,1.0
207,69,1.0
88,136,1.0
2,82,1.0
169,78,1.0
137,157,0.3333333333333333
202,69,1.0
176,149,0.7777777777777778
92,45,1.0
60,149,0.09090909090909091
85,208,1.0
39,137,1.0
140,208,1.0
39,117,1.0
60,212,1.0
39,169,1.0
39,112,1.0
85,34,1.0
163,100,1.0
92,24,1.0
100,149,0.14285714285714285
60,100,0.6
169,194,0.3333333333333333
123,192,1.0
197,208,1.0
88,137,0.3333333333333333
161,137,1.0
184,15,1.0
118,197,1.0
123,30,1.0
95,83,1.0
206,159,1.0
55,63,1.0
214,179,1.0
159,78,1.0
178,154,1.0
26,69,0.6
161,15,1.0
169,105,0.2
200,63,1.0
206,208,1.0
63,110,1.0
123,102,1.0
34,26,1.0
149,69,1.0
121,123,1.0
176,207,0.5
60,84,1.0
84,192,1.0
63,30,1.0
184,169,1.0
176,125,1.0
110,123,1.0
147,162,1.0
99,160,1.0
26,69,0.6
142,60,0.5
63,156,1.0
200,110,1.0
176,45,1.0
137,169,0.6
67,115,1.0
110,30,1.0
183,69,1.0
184,2,1.0
124,73,1.0
176,110,1.0
176,183,1.0
85,92,0.2
197,209,1.0
118,92,1.0
183,69,1.0
126,85,1.0
183,77,1.0
176,149,0.7777777777777778
123,102,1.0
92,149,0.6
214,26,1.0
121,77,1.0
209,132,1.0
60,149,0.09090909090909091
137,208,0.3333333333333333
100,77,1.0
176,142,0.14285714285714285
176,102,1.0
206,169,0.6666666666666666
140,159,1.0
125,149,0.38461538461538464
55,149,0.5
86,2,1.0
117,132,1.0
78,136,1.0
202,214,1.0
123,45,1.0
60,111,1.0
176,156,1.0
214,77,1.0
126,183,1.0
169,157,1.0
92,77,1.0
60,202,0.2
92,102,1.0
114,54,1.0
126,67,1.0
85,69,0.6666666666666666
209,137,0.6
45,77,1.0
176,34,0.3333333333333333
142,77,1.0
85,45,1.0
126,45,1.0
102,69,0.6
214,207,1.0
118,209,1.0
209,137,0.6
92,12,1.0
60,69,0.6363636363636364
206,49,0.5
190,147,1.0
176,125,1.0
151,78,1.0
125,207,1.0
126,142,1.0
140,209,1.0
117,170,1.0
49,191,1.0
60,149,0.09090909090909091
176,200,0.3333333333333333
60,160,1.0
160,2,1.0
92,192,1.0
115,85,0.3333333333333333
100,123,0.6666666666666666
100,69,1.0
206,124,1.0
105,137,1.0
183,69,1.0
84,100,1.0
99,131,1.0
176,67,0.3333333333333333
206,49,0.5
209,194,1.0
88,132,1.0
117,194,0.6
117,159,1.0
55,149,0.5
84,77,1.0
161,208,1.0
60,102,0.2
39,169,1.0
176,102,1.0
34,207,1.0
105,82,1.0
92,131,1.0
60,69,0.6363636363636364
18,105,1.0
123,207,1.0
60,69,0.6363636363636364
142,163,1.0
60,100,0.6
126,60,0.5
184,105,1.0
126,85,1.0
200,69,0.5
176,207,0.5
92,84,0.3333333333333333
160,2,1.0
157,131,1.0
149,142,0.3333333333333333
2,131,1.0
161,159,1.0
88,29,1.0
184,105,1.0
170,78,1.0
92,69,1.0
88,194,1.0
208,78,1.0
125,149,0.38461538461538464
117,24,1.0
105,157,1.0
85,26,1.0
160,15,1.0
26,149,0.6666666666666666
149,69,1.0
85,49,1.0
126,67,1.0
105,78,1.0
173,77,1.0
85,149,0.6
206,2,1.0
142,85,1.0
194,78,1.0
118,82,1.0
184,209,1.0
149,77,1.0
123,200,0.3333333333333333
123,45,1.0
100,67,1.0
183,69,1.0
212,169,1.0
61,54,1.0
34,69,1.0
85,69,0.6666666666666666
60,67,0.3333333333333333
18,160,1.0
85,123,1.0
99,151,1.0
92,123,1.0
110,100,0.5
117,197,1.0
85,60,0.09090909090909091
92,149,0.6
85,170,1.0
112,194,1.0
92,194,1.0
209,124,1.0
55,149,0.5
154,137,1.0
2,209,1.0
123,45,1.0
85,149,0.6
54,96,0.5
149,63,1.0
200,69,0.5
60,100,0.6
157,78,1.0
126,176,0.6666666666666666
83,162,1.0
176,69,0.7142857142857143
30,65,1.0
92,49,1.0
100,102,1.0
100,77,1.0
117,61,1.0
179,26,1.0
176,125,1.0
117,194,0.6
169,78,1.0
206,157,1.0
125,69,1.0
83,114,1.0
169,117,0.42857142857142855
45,69,0.3333333333333333
123,200,0.3333333333333333
190,83,1.0
150,178,1.0
92,77,1.0
100,207,1.0
176,77,1.0
60,77,1.0
49,124,1.0
110,100,0.5
112,117,1.0
202,214,1.0
194,154,1.0
60,123,0.3333333333333333
184,78,1.0
55,60,1.0
200,102,1.0
126,60,0.5
100,179,1.0
60,202,0.2
92,209,1.0
169,177,1.0
49,73,1.0
123,55,1.0
176,69,0.7142857142857143
160,209,1.0
60,67,0.3333333333333333
140,49,0.6666666666666666
176,142,0.14285714285714285
117,208,1.0
206,209,1.0
100,45,1.0
126,115,1.0
39,194,1.0
117,209,0.1111111111111111
34,192,1.0
85,29,1.0
149,77,1.0
161,137,1.0
184,112,1.0
85,63,1.0
60,149,0.09090909090909091
183,102,1.0
126,176,0.6666666666666666
154,201,1.0
202,176,0.5
55,69,1.0
12,78,1.0
140,178,1.0
176,34,0.3333333333333333
200,85,0.3333333333333333
117,197,1.0
54,1,1.0
99,157,1.0
184,18,1.0
154,208,1.0
86,105,1.0
63,102,1.0
92,34,1.0
63,69,1.0
137,49,0.2
197,78,1.0
24,170,1.0
84,192,1.0
117,154,1.0
88,170,1.0
60,69,0.6363636363636364
96,5,1.0
151,208,1.0
160,137,1.0
92,69,1.0
184,169,1.0
125,163,1.0
208,88,1.0
125,192,1.0
85,69,0.6666666666666666
85,100,1.0
114,65,1.0
92,73,1.0
214,126,1.0
15,112,1.0
105,12,1.0
173,163,1.0
34,125,0.3333333333333333
169,208,0.3333333333333333
92,82,1.0
126,102,1.0
100,179,1.0
176,60,0.25
183,26,1.0
100,183,1.0
54,96,0.5
125,84,0.2
159,105,1.0
169,105,0.2
92,100,0.6666666666666666
183,69,1.0
60,45,0.3333333333333333
49,209,1.0
86,111,1.0
92,142,1.0
55,102,1.0
117,208,1.0
126,102,1.0
55,67,1.0
209,194,1.0
49,159,1.0
137,151,1.0
176,60,0.25
2,208,0.3333333333333333
34,77,1.0
118,105,1.0
102,26,0.3333333333333333
140,159,1.0
92,136,1.0
169,105,0.2
214,163,1.0
140,208,1.0
117,124,1.0
60,102,0.2
183,102,1.0
55,214,1.0
117,12,1.0
176,102,1.0
125,102,0.3333333333333333
176,77,1.0
92,78,1.0
176,67,0.3333333333333333
149,115,1.0
160,2,1.0
149,207,1.0
85,26,1.0
126,100,1.0
170,136,1.0
85,183,0.2
85,100,1.0
60,100,0.6
126,102,1.0
34,183,1.0
206,88,1.0
67,149,0.3333333333333333
100,183,1.0
194,167,1.0
60,69,0.6363636363636364
60,67,0.3333333333333333
85,34,1.0
92,45,1.0
214,67,1.0
105,112,1.0
159,124,1.0
206,117,1.0
55,115,1.0
209,201,1.0
117,131,1.0
84,207,1.0
206,209,1.0
82,12,1.0
55,149,0.5
206,131,1.0
206,209,1.0
173,34,1.0
34,63,1.0
137,78,1.0
2,157,1.0
18,78,1.0
100,69,1.0
194,167,1.0
190,54,1.0
140,2,1.0
143,169,1.0
117,78,1.0
140,117,1.0
161,78,1.0
200,149,0.5
161,99,1.0
26,77,1.0
105,15,1.0
126,92,1.0
161,197,1.0
183,69,1.0
184,137,1.0
105,124,1.0
117,49,0.6
96,83,0.5
85,125,1.0
142,45,1.0
140,49,0.6666666666666666
202,179,1.0
214,77,1.0
137,78,1.0
29,154,1.0
212,208,1.0
176,123,1.0
176,163,1.0
54,1,1.0
105,82,1.0
105,209,0.5
60,149,0.09090909090909091
214,67,1.0
184,117,0.2
209,112,1.0
85,154,1.0
197,184,1.0
197,209,1.0
126,125,1.0
92,125,1.0
88,132,1.0
154,24,1.0
117,150,1.0
126,176,0.6666666666666666
184,2,1.0
100,179,1.0
194,170,1.0
30,114,1.0
149,69,1.0
126,60,0.5
156,110,1.0
137,177,1.0
126,125,1.0
140,169,0.3333333333333333
208,82,1.0
137,191,1.0
118,124,1.0
86,169,1.0
117,88,1.0
60,45,0.3333333333333333
92,67,1.0
100,8,1.0
176,100,0.42857142857142855
117,118,1.0
126,69,1.0
26,149,0.6666666666666666
125,84,0.2
200,45,1.0
176,156,1.0
69,77,1.0
54,162,1.0
190,198,1.0
169,131,1.0
137,169,0.6
176,69,0.7142857142857143
92,150,1.0
200,207,1.0
125,100,0.3333333333333333
161,184,1.0
100,179,1.0
197,73,1.0
161,2,1.0
45,69,0.3333333333333333
118,159,1.0
143,140,1.0
126,69,1.0
149,142,0.3333333333333333
154,136,1.0
126,92,1.0
92,159,1.0
125,149,0.38461538461538464
200,45,1.0
95,114,1.0
183,163,1.0
85,69,0.6666666666666666
117,201,1.0
208,209,1.0
54,221,1.0
140,169,0.3333333333333333
194,201,1.0
184,117,0.2
92,102,1.0
173,179,1.0
126,115,1.0
142,45,1.0
92,115,1.0
169,73,1.0
2,208,0.3333333333333333
92,88,1.0
126,85,1.0
67,149,0.3333333333333333
96,221,1.0
176,125,1.0
194,24,1.0
88,194,1.0
176,63,0.5
55,85,1.0
100,63,1.0
102,69,0.6
137,206,0.2
85,88,1.0
85,60,0.09090909090909091
100,30,1.0
117,124,1.0
100,34,1.0
126,26,1.0
102,163,1.0
39,209,1.0
60,26,0.3333333333333333
63,214,1.0
85,183,0.2
60,163,1.0
126,149,1.0
117,209,0.1111111111111111
173,30,1.0
99,124,1.0
60,69,0.6363636363636364
132,201,1.0
140,167,1.0
149,34,0.3333333333333333
69,179,1.0
125,192,1.0
126,149,1.0
161,209,1.0
184,209,1.0
207,102,1.0
207,67,1.0
100,149,0.14285714285714285
163,34,1.0
178,137,1.0
161,105,1.0
-1,-1