161,159,1.0
18,159,1.0
78,73,1.0
115,60,0.6
137,78,1.0
99,159,1.0
176,77,1.0
179,149,1.0
118,96,1.0
34,149,0.75
65,128,1.0
176,149,0.2857142857142857
160,2,1.0
200,85,0.3333333333333333
197,209,0.3333333333333333
34,149,0.75
117,193,1.0
117,124,1.0
117,184,0.2
54,48,0.2
214,200,1.0
110,179,1.0
96,170,1.0
85,82,1.0
169,136,1.0
100,102,0.14285714285714285
207,120,1.0
117,215,1.0
45,149,0.4
160,209,0.3333333333333333
140,159,1.0
140,96,1.0
48,223,1.0
127,69,1.0
206,159,1.0
100,120,0.6
206,223,1.0
123,149,0.25
209,96,0.5384615384615384
140,54,0.3333333333333333
209,24,1.0
29,136,1.0
126,102,1.0
123,183,1.0
169,124,1.0
54,157,1.0
159,170,1.0
184,96,0.7142857142857143
100,26,0.14285714285714285
92,102,0.5
176,220,1.0
100,110,0.2
149,156,1.0
45,63,1.0
143,124,1.0
120,220,1.0
67,102,1.0
88,132,1.0
115,69,1.0
202,60,0.6
55,127,0.2
85,77,1.0
60,100,0.23076923076923078
178,48,1.0
120,110,0.3333333333333333
88,136,1.0
118,82,1.0
105,82,1.0
160,82,1.0
159,49,0.2
85,102,1.0
169,96,1.0
140,137,0.3333333333333333
176,69,0.7777777777777778
49,96,0.7777777777777778
169,209,0.6
176,100,0.2
140,160,1.0
208,82,0.3333333333333333
126,149,0.6
88,124,1.0
55,69,1.0
214,149,1.0
54,124,1.0
18,49,1.0
84,120,1.0
92,179,0.3333333333333333
102,220,1.0
15,131,1.0
120,149,0.6
126,60,1.0
85,140,1.0
143,169,1.0
78,219,1.0
45,77,1.0
183,69,0.6666666666666666
206,140,1.0
92,96,1.0
184,201,1.0
177,45,1.0
34,149,0.75
99,124,1.0
85,88,1.0
147,1,0.3333333333333333
55,192,1.0
140,96,1.0
176,143,0.06666666666666667
49,215,1.0
149,77,1.0
63,156,1.0
140,208,0.3333333333333333
117,92,0.5
96,151,1.0
117,88,1.0
85,48,1.0
85,45,1.0
184,209,0.5
169,157,1.0
200,85,0.3333333333333333
154,136,1.0
60,84,0.5
69,179,0.3333333333333333
63,207,1.0
100,149,0.6470588235294118
100,149,0.6470588235294118
202,63,1.0
105,219,1.0
100,69,0.1111111111111111
176,60,0.3333333333333333
184,15,1.0
100,120,0.6
202,123,1.0
137,197,0.3333333333333333
88,96,0.5
197,131,1.0
179,77,1.0
127,110,1.0
140,201,1.0
111,136,1.0
176,55,0.5
127,69,1.0
85,115,0.5
85,208,1.0
169,92,1.0
110,200,0.3333333333333333
18,49,1.0
132,136,1.0
117,132,1.0
143,102,1.0
117,61,1.0
96,124,0.5
92,34,1.0
207,69,1.0
82,12,1.0
120,102,1.0
209,96,0.5384615384615384
176,220,1.0
117,215,1.0
176,84,1.0
54,159,1.0
126,149,0.6
60,69,0.6363636363636364
69,120,0.6
173,200,1.0
209,88,1.0
140,96,1.0
149,69,0.6363636363636364
69,102,0.7777777777777778
140,88,1.0
117,159,1.0
110,8,1.0
2,73,1.0
110,200,0.3333333333333333
92,60,0.25
88,193,1.0
201,136,1.0
117,96,1.0
117,82,1.0
67,60,0.3333333333333333
169,2,1.0
105,159,1.0
60,45,0.4
100,69,0.1111111111111111
140,73,1.0
65,221,1.0
84,207,1.0
45,110,1.0
169,160,1.0
45,149,0.4
176,55,0.5
173,69,1.0
117,140,0.3333333333333333
131,96,0.3333333333333333
54,92,0.3333333333333333
34,100,0.14285714285714285
200,123,0.3333333333333333
92,110,1.0
117,170,1.0
117,159,1.0
140,131,1.0
100,149,0.6470588235294118
176,85,0.42857142857142855
69,192,1.0
149,55,0.06666666666666667
96,78,0.7142857142857143
126,69,1.0
105,193,1.0
184,191,1.0
18,24,1.0
184,151,1.0
209,136,1.0
149,69,0.6363636363636364
126,115,1.0
124,193,1.0
117,159,1.0
206,197,0.3333333333333333
202,63,1.0
160,170,1.0
123,77,1.0
200,67,1.0
26,69,1.0
85,102,1.0
85,69,0.3333333333333333
34,192,1.0
143,212,1.0
2,223,1.0
100,149,0.6470588235294118
29,167,1.0
183,149,0.14285714285714285
100,192,1.0
96,170,1.0
117,208,1.0
123,77,1.0
149,55,0.06666666666666667
92,77,1.0
127,100,0.14285714285714285
49,78,1.0
88,60,1.0
60,29,1.0
149,63,0.5
88,178,1.0
69,45,0.25
100,30,1.0
137,96,0.6363636363636364
85,117,0.3333333333333333
114,198,1.0
159,49,0.2
54,124,1.0
67,69,1.0
137,209,0.75
67,102,1.0
176,123,0.6666666666666666
140,167,1.0
149,77,1.0
208,193,1.0
85,100,0.6666666666666666
45,26,0.3333333333333333
105,209,0.6
88,124,1.0
54,82,0.5
60,179,1.0
49,88,1.0
169,208,1.0
34,100,0.14285714285714285
132,193,1.0
123,127,0.3333333333333333
117,223,1.0
206,78,1.0
48,124,1.0
201,170,1.0
99,96,1.0
1,83,1.0
183,149,0.14285714285714285
24,193,1.0
126,69,1.0
173,26,1.0
88,154,1.0
169,2,1.0
150,48,1.0
123,102,1.0
169,78,1.0
209,131,0.5
126,207,1.0
140,124,1.0
214,67,1.0
156,120,1.0
149,84,0.25
92,78,1.0
118,197,1.0
49,201,1.0
200,34,1.0
160,15,1.0
202,60,0.6
149,69,0.6363636363636364
117,78,1.0
137,157,0.3333333333333333
143,77,1.0
184,131,1.0
124,170,1.0
126,67,1.0
105,49,0.3333333333333333
96,12,1.0
176,143,0.06666666666666667
24,170,1.0
143,102,1.0
123,192,1.0
1,221,1.0
84,192,1.0
140,154,1.0
176,45,0.3333333333333333
208,24,1.0
96,193,1.0
60,219,1.0
200,63,1.0
143,69,1.0
202,60,0.6
54,92,0.3333333333333333
102,214,1.0
54,170,1.0
54,191,1.0
197,49,1.0
169,160,1.0
100,77,1.0
200,60,0.14285714285714285
140,49,0.3333333333333333
49,208,0.5
92,60,0.25
54,208,0.3333333333333333
60,55,0.3333333333333333
117,29,1.0
169,157,1.0
149,55,0.06666666666666667
183,85,0.3333333333333333
49,29,1.0
84,190,1.0
206,140,1.0
100,69,0.1111111111111111
69,102,0.7777777777777778
85,88,1.0
92,100,0.5
29,178,1.0
176,120,0.6
126,55,1.0
49,96,0.7777777777777778
117,209,1.0
209,48,0.5
111,212,1.0
54,96,1.0
197,49,1.0
200,69,0.6666666666666666
85,178,1.0
137,96,0.6363636363636364
60,45,0.4
100,84,0.3333333333333333
206,49,1.0
215,124,1.0
169,49,0.5555555555555556
85,63,1.0
92,127,0.6
120,149,0.6
137,73,1.0
223,78,1.0
18,96,1.0
123,220,1.0
105,193,1.0
161,82,1.0
96,159,0.2
178,193,1.0
214,77,1.0
183,149,0.14285714285714285
124,191,1.0
49,92,1.0
117,54,0.6
49,219,1.0
118,54,1.0
143,54,1.0
54,193,1.0
117,131,1.0
123,77,1.0
177,84,1.0
67,100,1.0
18,219,1.0
69,120,0.6
176,45,0.3333333333333333
183,45,0.5
169,49,0.5555555555555556
169,219,1.0
200,115,1.0
117,137,0.6
88,48,1.0
54,208,0.3333333333333333
197,219,1.0
160,96,0.14285714285714285
65,114,1.0
115,60,0.6
92,201,1.0
60,214,0.3333333333333333
197,49,1.0
160,209,0.3333333333333333
208,191,1.0
143,100,1.0
124,78,1.0
160,99,1.0
110,30,1.0
100,110,0.2
197,208,1.0
198,221,1.0
82,96,0.2
92,55,0.6
115,183,0.3333333333333333
88,215,1.0
127,77,1.0
92,96,1.0
208,170,1.0
149,63,0.5
100,123,0.3333333333333333
85,45,1.0
85,192,1.0
92,149,0.3333333333333333
161,137,0.5
140,49,0.3333333333333333
183,85,0.3333333333333333
161,131,1.0
169,159,1.0
176,30,1.0
67,149,0.2
200,60,0.14285714285714285
159,208,1.0
150,49,0.3333333333333333
190,114,1.0
169,118,1.0
29,137,1.0
69,102,0.7777777777777778
118,92,1.0
128,5,1.0
169,15,1.0
176,121,1.0
48,96,0.42857142857142855
157,209,1.0
184,92,1.0
67,69,1.0
169,197,0.1111111111111111
159,178,1.0
45,127,0.6
137,219,1.0
173,156,1.0
60,120,1.0
206,169,1.0
159,111,1.0
183,63,1.0
159,212,1.0
169,105,0.5
126,69,1.0
197,24,1.0
176,84,1.0
60,140,1.0
123,149,0.25
143,140,1.0
117,157,1.0
48,208,0.5
92,123,0.5
60,192,1.0
78,193,1.0
117,48,0.6666666666666666
140,88,1.0
92,96,1.0
143,120,1.0
209,2,0.5
183,85,0.3333333333333333
157,151,1.0
117,167,1.0
55,110,0.5
88,96,0.5
55,127,0.2
69,179,0.3333333333333333
176,85,0.42857142857142855
126,183,1.0
85,118,1.0
197,157,1.0
156,102,1.0
99,15,1.0
92,55,0.6
212,178,1.0
115,179,1.0
176,26,1.0
67,123,1.0
55,77,1.0
54,154,1.0
60,77,1.0
169,96,1.0
150,29,1.0
200,176,0.6
150,136,1.0
173,100,1.0
149,77,1.0
92,132,1.0
169,193,1.0
85,100,0.6666666666666666
111,49,1.0
159,219,1.0
173,149,1.0
176,143,0.06666666666666667
212,105,1.0
169,160,1.0
60,102,0.6
215,193,1.0
117,160,1.0
67,100,1.0
126,120,1.0
18,105,1.0
137,193,1.0
160,208,0.3333333333333333
118,184,1.0
18,208,1.0
105,208,1.0
127,207,1.0
150,212,1.0
212,136,1.0
45,149,0.4
184,78,1.0
161,96,1.0
200,120,0.3333333333333333
131,124,1.0
85,102,1.0
200,67,1.0
140,137,0.3333333333333333
54,105,0.3333333333333333
99,12,1.0
96,12,1.0
127,102,0.5
132,137,1.0
15,96,1.0
92,45,1.0
117,99,1.0
143,69,1.0
140,215,1.0
34,102,0.5
209,159,0.3333333333333333
140,24,1.0
137,191,1.0
149,84,0.25
200,123,0.3333333333333333
123,149,0.25
117,78,1.0
177,149,0.6
60,100,0.23076923076923078
176,149,0.2857142857142857
161,88,1.0
60,69,0.6363636363636364
26,1,1.0
92,149,0.3333333333333333
149,102,0.1111111111111111
115,183,0.3333333333333333
143,100,1.0
126,102,1.0
99,48,1.0
209,96,0.5384615384615384
67,34,1.0
49,54,0.2
136,219,1.0
183,149,0.14285714285714285
117,96,1.0
127,102,0.5
137,223,1.0
143,60,0.7142857142857143
209,132,1.0
200,149,0.25
15,159,1.0
176,60,0.3333333333333333
200,176,0.6
105,78,1.0
49,124,0.5
169,54,0.5
26,77,1.0
117,48,0.6666666666666666
161,2,1.0
60,102,0.6
126,100,1.0
140,159,1.0
126,143,1.0
100,45,0.5
105,15,1.0
55,207,0.3333333333333333
173,110,1.0
197,208,1.0
67,45,1.0
117,96,1.0
117,215,1.0
206,49,1.0
197,140,0.3333333333333333
92,45,1.0
131,170,1.0
126,60,1.0
92,45,1.0
100,123,0.3333333333333333
88,150,1.0
132,24,1.0
150,170,1.0
48,96,0.42857142857142855
200,63,1.0
154,201,1.0
176,127,0.6
137,160,1.0
169,96,1.0
126,69,1.0
117,137,0.6
178,136,1.0
143,60,0.7142857142857143
60,96,1.0
197,73,1.0
124,12,1.0
26,69,1.0
176,127,0.6
206,208,1.0
55,110,0.5
96,191,1.0
69,102,0.7777777777777778
117,96,1.0
137,209,0.75
140,215,1.0
176,69,0.7777777777777778
209,96,0.5384615384615384
117,154,1.0
176,63,0.3333333333333333
30,77,1.0
49,48,1.0
176,127,0.6
78,193,1.0
176,179,1.0
60,100,0.23076923076923078
137,99,1.0
202,179,1.0
176,149,0.2857142857142857
161,131,1.0
67,149,0.2
209,151,1.0
184,132,1.0
67,34,1.0
100,69,0.1111111111111111
49,73,1.0
126,69,1.0
209,29,1.0
200,126,0.3333333333333333
169,92,1.0
126,45,1.0
88,191,1.0
143,140,1.0
49,96,0.7777777777777778
45,149,0.4
183,100,1.0
105,88,1.0
96,201,1.0
215,201,1.0
190,221,1.0
197,49,1.0
209,215,1.0
49,2,1.0
60,63,1.0
132,78,1.0
131,49,1.0
54,209,0.5
176,123,0.6666666666666666
154,137,1.0
92,26,1.0
176,60,0.3333333333333333
92,96,1.0
208,12,1.0
63,123,1.0
209,223,1.0
126,34,1.0
85,124,1.0
149,77,1.0
92,140,1.0
169,49,0.5555555555555556
137,209,0.75
26,115,1.0
197,140,0.3333333333333333
48,96,0.42857142857142855
85,111,1.0
159,201,1.0
92,149,0.3333333333333333
127,192,1.0
105,208,1.0
176,69,0.7777777777777778
92,48,1.0
200,126,0.3333333333333333
88,29,1.0
223,73,1.0
143,214,1.0
137,160,1.0
149,69,0.6363636363636364
206,49,1.0
215,201,1.0
96,215,1.0
85,209,1.0
100,102,0.14285714285714285
117,2,1.0
60,136,1.0
26,147,1.0
100,115,0.3333333333333333
173,127,1.0
92,73,1.0
149,77,1.0
150,201,1.0
150,24,1.0
49,208,0.5
100,26,0.14285714285714285
184,193,1.0
100,45,0.5
137,96,0.6363636363636364
69,102,0.7777777777777778
169,49,0.5555555555555556
60,45,0.4
177,149,0.6
143,150,1.0
207,60,0.3333333333333333
176,102,1.0
69,121,1.0
184,96,0.7142857142857143
105,124,1.0
126,60,1.0
176,34,0.3333333333333333
160,54,1.0
117,167,1.0
96,78,0.7142857142857143
176,120,0.6
34,63,1.0
117,92,0.5
115,207,1.0
117,208,1.0
69,77,0.3333333333333333
111,82,1.0
184,197,1.0
169,49,0.5555555555555556
92,149,0.3333333333333333
160,24,1.0
132,124,1.0
200,60,0.14285714285714285
126,60,1.0
34,100,0.14285714285714285
92,215,1.0
206,159,1.0
197,54,0.3333333333333333
209,208,0.3333333333333333
169,197,0.1111111111111111
105,201,1.0
149,69,0.6363636363636364
201,78,1.0
184,96,0.7142857142857143
99,49,1.0
200,77,1.0
118,48,1.0
115,67,1.0
105,160,0.3333333333333333
54,73,1.0
169,124,1.0
85,102,1.0
183,100,1.0
140,159,1.0
123,102,1.0
143,169,1.0
177,100,1.0
65,221,1.0
169,96,1.0
15,78,1.0
157,208,1.0
55,67,1.0
54,132,1.0
143,24,1.0
131,78,1.0
147,198,1.0
183,85,0.3333333333333333
105,82,1.0
169,96,1.0
126,77,1.0
160,151,1.0
67,69,1.0
179,102,0.3333333333333333
209,191,1.0
34,60,0.14285714285714285
176,183,0.3333333333333333
161,105,1.0
69,45,0.25
92,123,0.5
159,208,1.0
60,150,1.0
206,49,1.0
100,149,0.6470588235294118
117,201,1.0
209,73,1.0
85,69,0.3333333333333333
117,159,1.0
84,1,1.0
105,151,1.0
126,60,1.0
143,123,1.0
85,177,1.0
169,160,1.0
92,192,1.0
169,197,0.1111111111111111
149,84,0.25
63,120,0.5
26,60,0.5
208,88,1.0
100,120,0.6
209,124,1.0
126,123,1.0
111,2,1.0
85,77,1.0
177,123,1.0
137,78,1.0
126,85,0.3333333333333333
85,179,1.0
176,67,0.5
114,162,1.0
92,178,1.0
18,124,1.0
215,170,1.0
85,120,1.0
207,85,0.3333333333333333
85,149,0.7142857142857143
215,54,1.0
34,69,0.6
54,96,1.0
34,69,0.6
54,209,0.5
208,201,1.0
161,15,1.0
169,12,1.0
34,63,1.0
54,78,1.0
161,209,1.0
126,55,1.0
223,78,1.0
200,67,1.0
117,209,1.0
212,137,1.0
100,77,1.0
123,110,0.3333333333333333
176,143,0.06666666666666667
183,26,1.0
176,102,1.0
45,55,1.0
117,54,0.6
150,215,1.0
126,85,0.3333333333333333
140,88,1.0
120,149,0.6
140,82,1.0
200,149,0.25
84,114,1.0
197,209,0.3333333333333333
49,167,1.0
54,96,1.0
24,219,1.0
197,212,1.0
105,24,1.0
100,220,1.0
63,120,0.5
140,96,1.0
127,220,1.0
55,120,0.5
67,123,1.0
60,124,1.0
137,131,0.3333333333333333
54,48,0.2
2,78,1.0
118,208,1.0
48,96,0.42857142857142855
176,60,0.3333333333333333
169,159,1.0
60,100,0.23076923076923078
161,137,0.5
206,154,1.0
190,162,1.0
96,191,1.0
60,137,1.0
197,2,1.0
179,120,0.5
126,69,1.0
149,77,1.0
85,197,1.0
200,69,0.6666666666666666
92,26,1.0
60,102,0.6
170,193,1.0
206,18,1.0
212,2,1.0
114,1,1.0
54,193,1.0
34,100,0.14285714285714285
92,12,1.0
143,18,1.0
176,60,0.3333333333333333
157,78,1.0
149,220,1.0
117,12,1.0
143,183,1.0
92,154,1.0
169,82,1.0
197,193,1.0
131,191,1.0
49,136,1.0
54,96,1.0
117,96,1.0
85,26,1.0
140,219,1.0
159,223,1.0
55,34,1.0
169,78,1.0
156,69,1.0
49,124,0.5
85,105,1.0
88,78,1.0
26,149,0.3333333333333333
206,118,1.0
99,54,1.0
184,99,1.0
131,88,1.0
183,92,1.0
126,67,1.0
60,102,0.6
49,24,1.0
124,167,1.0
54,2,0.3333333333333333
100,55,0.2
123,26,1.0
207,67,1.0
127,100,0.14285714285714285
88,178,1.0
85,201,1.0
140,111,1.0
176,173,0.3333333333333333
45,55,1.0
209,96,0.5384615384615384
65,1,1.0
131,96,0.3333333333333333
159,49,0.2
85,96,1.0
110,102,1.0
161,160,1.0
126,207,1.0
140,219,1.0
143,82,1.0
169,49,0.5555555555555556
29,212,1.0
60,102,0.6
110,77,1.0
154,170,1.0
161,208,1.0
206,117,1.0
118,73,1.0
60,2,1.0
117,132,1.0
48,96,0.42857142857142855
92,60,0.25
105,92,1.0
140,215,1.0
92,26,1.0
202,214,1.0
150,137,1.0
177,45,1.0
48,136,1.0
127,69,1.0
149,69,0.6363636363636364
88,132,1.0
48,193,1.0
123,34,0.3333333333333333
197,209,0.3333333333333333
143,63,1.0
45,149,0.4
150,111,1.0
147,221,1.0
88,54,0.3333333333333333
143,197,1.0
60,154,1.0
48,73,1.0
207,220,1.0
159,73,1.0
126,92,1.0
159,124,1.0
85,208,1.0
207,69,1.0
160,208,0.3333333333333333
169,54,0.5
176,183,0.3333333333333333
209,191,1.0
212,219,1.0
105,99,1.0
99,54,1.0
157,209,1.0
173,30,1.0
126,183,1.0
200,176,0.6
183,69,0.6666666666666666
60,160,1.0
92,77,1.0
149,102,0.1111111111111111
118,159,1.0
96,78,0.7142857142857143
45,214,1.0
120,110,0.3333333333333333
18,136,1.0
100,30,1.0
197,124,1.0
184,82,1.0
26,149,0.3333333333333333
100,149,0.6470588235294118
34,102,0.5
202,60,0.6
117,215,1.0
191,193,1.0
123,55,1.0
85,140,1.0
159,24,1.0
55,102,1.0
159,124,1.0
143,60,0.7142857142857143
202,214,1.0
215,78,1.0
85,120,1.0
18,49,1.0
208,170,1.0
176,67,0.5
54,191,1.0
60,45,0.4
85,69,0.3333333333333333
176,77,1.0
209,131,0.5
137,2,1.0
2,208,0.3333333333333333
92,136,1.0
100,102,0.14285714285714285
60,100,0.23076923076923078
176,85,0.42857142857142855
207,192,1.0
96,154,1.0
85,115,0.5
184,49,1.0
209,159,0.3333333333333333
214,156,1.0
127,84,0.2
183,102,0.5
105,209,0.6
183,45,0.5
63,115,1.0
191,193,1.0
34,149,0.75
118,96,1.0
96,124,0.5
88,170,1.0
30,220,1.0
69,77,0.3333333333333333
197,96,0.7142857142857143
15,208,1.0
85,2,1.0
92,159,1.0
115,55,1.0
127,102,0.5
169,96,1.0
147,162,1.0
60,179,1.0
18,111,1.0
85,127,1.0
157,160,1.0
60,78,1.0
200,149,0.25
127,192,1.0
197,131,1.0
184,209,0.5
140,24,1.0
60,69,0.6363636363636364
111,178,1.0
197,15,1.0
69,102,0.7777777777777778
178,154,1.0
55,110,0.5
117,88,1.0
184,12,1.0
102,77,1.0
117,12,1.0
45,127,0.6
45,77,1.0
170,219,1.0
92,2,1.0
206,48,1.0
67,121,1.0
96,208,0.1111111111111111
92,69,0.5
85,49,1.0
92,100,0.5
60,55,0.3333333333333333
137,209,0.75
137,24,1.0
105,12,1.0
92,159,1.0
49,136,1.0
92,100,0.5
176,192,1.0
114,5,1.0
126,123,1.0
143,92,1.0
88,167,1.0
123,55,1.0
169,151,1.0
159,48,0.3333333333333333
149,55,0.06666666666666667
117,96,1.0
29,96,1.0
54,131,1.0
176,69,0.7777777777777778
88,78,1.0
170,193,1.0
143,49,1.0
100,149,0.6470588235294118
49,96,0.7777777777777778
92,149,0.3333333333333333
55,69,1.0
183,69,0.6666666666666666
143,45,1.0
55,26,1.0
169,157,1.0
60,69,0.6363636363636364
161,193,1.0
159,124,1.0
82,191,1.0
85,149,0.7142857142857143
82,88,1.0
92,127,0.6
18,150,1.0
60,77,1.0
214,115,1.0
176,60,0.3333333333333333
126,92,1.0
215,193,1.0
55,34,1.0
100,149,0.6470588235294118
96,159,0.2
115,69,1.0
197,54,0.3333333333333333
49,96,0.7777777777777778
117,209,1.0
184,78,1.0
137,215,1.0
123,45,1.0
157,96,0.14285714285714285
176,100,0.2
67,100,1.0
184,88,1.0
85,69,0.3333333333333333
176,123,0.6666666666666666
179,149,1.0
137,99,1.0
29,124,1.0
173,120,1.0
170,191,1.0
92,191,1.0
183,179,1.0
159,78,1.0
88,215,1.0
2,82,1.0
176,143,0.06666666666666667
120,30,1.0
126,123,1.0
140,223,1.0
127,84,0.2
117,48,0.6666666666666666
206,157,1.0
55,207,0.3333333333333333
99,131,1.0
202,115,1.0
197,48,1.0
85,24,1.0
100,55,0.2
137,96,0.6363636363636364
209,2,0.5
92,150,1.0
176,183,0.3333333333333333
85,127,1.0
96,208,0.1111111111111111
184,208,1.0
206,78,1.0
179,120,0.5
206,209,1.0
183,100,1.0
92,26,1.0
190,198,1.0
100,120,0.6
169,150,1.0
117,78,1.0
100,149,0.6470588235294118
2,193,1.0
150,78,1.0
60,100,0.23076923076923078
67,102,1.0
206,159,1.0
207,102,1.0
137,49,0.6
161,197,1.0
24,193,1.0
197,96,0.7142857142857143
173,220,1.0
67,123,1.0
96,167,1.0
176,110,1.0
184,208,1.0
200,69,0.6666666666666666
206,73,1.0
124,78,1.0
105,209,0.6
176,149,0.2857142857142857
169,78,1.0
123,120,1.0
123,45,1.0
92,120,1.0
67,26,1.0
82,78,1.0
24,124,1.0
206,96,1.0
159,73,1.0
127,192,1.0
137,209,0.75
85,137,1.0
60,100,0.23076923076923078
117,73,1.0
120,149,0.6
184,157,0.3333333333333333
157,15,1.0
123,55,1.0
169,209,0.6
117,49,0.2
88,167,1.0
88,201,1.0
117,82,1.0
88,136,1.0
54,48,0.2
160,159,1.0
173,207,1.0
177,127,1.0
48,208,0.5
209,96,0.5384615384615384
26,69,1.0
160,219,1.0
154,167,1.0
24,170,1.0
49,170,1.0
176,120,0.6
137,96,0.6363636363636364
126,115,1.0
197,96,0.7142857142857143
111,219,1.0
176,85,0.42857142857142855
60,111,1.0
117,223,1.0
157,2,1.0
15,2,1.0
67,123,1.0
191,167,1.0
92,176,0.2
208,73,1.0
137,48,1.0
197,208,1.0
197,12,1.0
200,115,1.0
60,69,0.6363636363636364
173,100,1.0
140,49,0.3333333333333333
85,82,1.0
85,167,1.0
200,149,0.25
176,69,0.7777777777777778
60,100,0.23076923076923078
48,78,1.0
209,15,1.0
176,30,1.0
200,207,1.0
169,219,1.0
117,184,0.2
117,96,1.0
26,77,1.0
29,24,1.0
60,84,0.5
176,149,0.2857142857142857
137,193,1.0
209,201,1.0
206,12,1.0
140,49,0.3333333333333333
124,208,1.0
111,124,1.0
49,88,1.0
85,191,1.0
209,78,1.0
54,191,1.0
69,120,0.6
92,127,0.6
156,179,1.0
92,77,1.0
209,12,1.0
49,96,0.7777777777777778
176,30,1.0
67,120,1.0
176,143,0.06666666666666667
100,149,0.6470588235294118
170,136,1.0
179,149,1.0
150,132,1.0
82,73,1.0
149,192,1.0
184,197,1.0
45,149,0.4
127,207,1.0
176,110,1.0
176,102,1.0
214,121,1.0
126,55,1.0
85,45,1.0
178,219,1.0
143,67,1.0
48,124,1.0
197,208,1.0
126,192,1.0
85,179,1.0
169,73,1.0
223,208,1.0
85,26,1.0
117,92,0.5
160,159,1.0
124,136,1.0
92,115,1.0
143,92,1.0
88,54,0.3333333333333333
100,84,0.3333333333333333
173,123,1.0
176,69,0.7777777777777778
96,193,1.0
209,124,1.0
100,156,1.0
149,77,1.0
105,117,0.3333333333333333
60,45,0.4
209,78,1.0
200,120,0.3333333333333333
54,170,1.0
126,143,1.0
2,159,1.0
197,105,0.3333333333333333
143,34,1.0
26,221,1.0
169,96,1.0
100,123,0.3333333333333333
197,18,1.0
176,67,0.5
92,78,1.0
206,170,1.0
88,215,1.0
105,223,1.0
92,179,0.3333333333333333
48,191,1.0
123,60,0.14285714285714285
209,96,0.5384615384615384
183,45,0.5
117,12,1.0
60,24,1.0
24,78,1.0
154,215,1.0
126,127,1.0
118,12,1.0
117,49,0.2
105,96,0.5
18,208,1.0
18,2,1.0
184,96,0.7142857142857143
200,176,0.6
126,60,1.0
24,167,1.0
127,84,0.2
176,143,0.06666666666666667
173,123,1.0
92,127,0.6
206,137,0.14285714285714285
143,60,0.7142857142857143
85,136,1.0
34,45,0.3333333333333333
55,26,1.0
131,159,1.0
60,77,1.0
117,96,1.0
96,219,1.0
60,69,0.6363636363636364
184,54,1.0
161,137,0.5
45,127,0.6
140,24,1.0
140,54,0.3333333333333333
92,100,0.5
178,78,1.0
117,201,1.0
209,154,1.0
54,96,1.0
117,54,0.6
54,208,0.3333333333333333
178,124,1.0
92,78,1.0
18,82,1.0
197,2,1.0
85,100,0.6666666666666666
69,102,0.7777777777777778
208,88,1.0
137,78,1.0
34,102,0.5
100,55,0.2
143,137,1.0
85,48,1.0
159,157,1.0
212,124,1.0
137,78,1.0
200,179,0.3333333333333333
190,221,1.0
207,183,1.0
92,45,1.0
49,136,1.0
140,49,0.3333333333333333
183,69,0.6666666666666666
24,219,1.0
54,82,0.5
149,63,0.5
111,24,1.0
54,96,1.0
212,160,1.0
100,77,1.0
160,131,1.0
92,60,0.25
137,124,1.0
150,215,1.0
85,12,1.0
176,207,0.3333333333333333
160,96,0.14285714285714285
176,26,1.0
178,96,1.0
176,60,0.3333333333333333
85,29,1.0
206,124,1.0
184,15,1.0
206,159,1.0
85,154,1.0
161,96,1.0
88,201,1.0
176,179,1.0
140,2,1.0
60,127,0.6
140,88,1.0
137,197,0.3333333333333333
123,149,0.25
85,127,1.0
54,105,0.3333333333333333
85,102,1.0
143,96,1.0
197,96,0.7142857142857143
176,127,0.6
221,5,1.0
124,73,1.0
143,96,1.0
60,48,1.0
92,34,1.0
100,123,0.3333333333333333
45,26,0.3333333333333333
105,2,1.0
161,209,1.0
100,63,0.5
183,214,1.0
92,124,1.0
92,167,1.0
117,118,1.0
120,45,1.0
126,77,1.0
177,110,1.0
92,63,1.0
48,78,1.0
105,137,0.3333333333333333
143,60,0.7142857142857143
159,157,1.0
117,54,0.6
212,96,1.0
18,96,1.0
2,219,1.0
176,60,0.3333333333333333
1,198,1.0
202,34,1.0
173,67,1.0
183,69,0.6666666666666666
92,60,0.25
117,48,0.6666666666666666
49,82,1.0
55,102,1.0
84,190,1.0
184,78,1.0
55,120,0.5
198,162,1.0
100,45,0.5
208,24,1.0
69,220,1.0
184,96,0.7142857142857143
92,45,1.0
207,67,1.0
200,179,0.3333333333333333
169,2,1.0
160,96,0.14285714285714285
85,100,0.6666666666666666
49,208,0.5
99,73,1.0
209,12,1.0
54,12,1.0
67,120,1.0
102,192,1.0
212,54,1.0
60,178,1.0
149,192,1.0
34,77,1.0
85,102,1.0
169,140,0.2
100,149,0.6470588235294118
143,159,1.0
54,2,0.3333333333333333
160,193,1.0
169,82,1.0
212,24,1.0
92,176,0.2
117,124,1.0
137,96,0.6363636363636364
26,162,1.0
206,96,1.0
126,177,1.0
45,149,0.4
2,191,1.0
207,85,0.3333333333333333
197,82,1.0
131,73,1.0
126,55,1.0
131,223,1.0
92,69,0.5
34,69,0.6
117,15,1.0
54,191,1.0
209,131,0.5
143,85,0.3333333333333333
169,209,0.6
60,179,1.0
206,54,1.0
161,96,1.0
85,193,1.0
123,183,1.0
18,49,1.0
137,24,1.0
110,102,1.0
99,96,1.0
54,209,0.5
176,102,1.0
96,193,1.0
92,77,1.0
197,223,1.0
209,170,1.0
170,78,1.0
207,143,1.0
209,2,0.5
149,84,0.25
126,149,0.6
105,157,1.0
85,215,1.0
176,63,0.3333333333333333
85,100,0.6666666666666666
159,78,1.0
82,193,1.0
34,207,1.0
177,183,1.0
96,208,0.1111111111111111
126,85,0.3333333333333333
78,167,1.0
156,110,1.0
149,84,0.25
140,82,1.0
179,173,1.0
140,193,1.0
215,136,1.0
123,207,1.0
173,63,1.0
92,208,1.0
173,120,1.0
184,54,1.0
147,1,0.3333333333333333
215,136,1.0
99,223,1.0
184,96,0.7142857142857143
123,84,0.3333333333333333
176,60,0.3333333333333333
123,127,0.3333333333333333
137,209,0.75
15,96,1.0
208,78,0.5
214,63,1.0
92,223,1.0
197,49,1.0
92,100,0.5
48,191,1.0
120,77,1.0
177,34,1.0
197,150,1.0
137,49,0.6
126,67,1.0
157,78,1.0
69,102,0.7777777777777778
159,78,1.0
154,78,1.0
208,193,1.0
99,92,1.0
34,120,0.3333333333333333
48,12,1.0
96,223,1.0
137,15,1.0
117,78,1.0
223,191,1.0
73,191,1.0
54,219,1.0
201,167,1.0
207,30,1.0
105,96,0.5
184,88,1.0
110,84,1.0
102,77,1.0
140,191,1.0
48,73,1.0
176,120,0.6
140,96,1.0
117,88,1.0
100,26,0.14285714285714285
85,78,1.0
149,55,0.06666666666666667
85,184,1.0
99,78,1.0
184,159,1.0
149,69,0.6363636363636364
99,82,1.0
126,110,1.0
137,209,0.75
63,179,0.3333333333333333
177,84,1.0
179,77,1.0
88,78,1.0
149,55,0.06666666666666667
49,96,0.7777777777777778
96,78,0.7142857142857143
137,157,0.3333333333333333
126,100,1.0
140,48,0.3333333333333333
126,55,1.0
157,96,0.14285714285714285
157,96,0.14285714285714285
29,219,1.0
102,30,1.0
105,96,0.5
49,219,1.0
61,83,1.0
176,45,0.3333333333333333
85,149,0.7142857142857143
118,209,1.0
169,96,1.0
197,111,1.0
114,221,1.0
123,45,1.0
184,215,1.0
34,120,0.3333333333333333
200,63,1.0
49,191,1.0
65,5,1.0
184,2,1.0
45,55,1.0
117,184,0.2
176,34,0.3333333333333333
212,140,1.0
49,24,1.0
197,191,1.0
60,49,1.0
88,96,0.5
176,69,0.7777777777777778
173,100,1.0
169,105,0.5
96,12,1.0
96,78,0.7142857142857143
117,137,0.6
26,149,0.3333333333333333
85,149,0.7142857142857143
111,96,1.0
149,192,1.0
154,208,1.0
197,157,1.0
123,30,1.0
82,219,1.0
54,167,1.0
169,48,1.0
96,170,1.0
206,96,1.0
206,191,1.0
184,78,1.0
105,209,0.6
140,208,0.3333333333333333
85,132,1.0
209,150,1.0
118,54,1.0
161,157,1.0
92,214,1.0
96,12,1.0
99,208,1.0
143,60,0.7142857142857143
69,30,1.0
176,69,0.7777777777777778
54,159,1.0
26,149,0.3333333333333333
176,102,1.0
78,12,1.0
176,55,0.5
126,34,1.0
123,60,0.14285714285714285
149,69,0.6363636363636364
29,193,1.0
48,170,1.0
96,191,1.0
176,60,0.3333333333333333
128,1,1.0
160,96,0.14285714285714285
208,78,0.5
197,208,1.0
197,159,1.0
67,69,1.0
96,191,1.0
60,102,0.6
123,60,0.14285714285714285
143,45,1.0
206,82,1.0
82,96,0.2
29,201,1.0
65,147,1.0
85,54,1.0
143,123,1.0
200,183,0.3333333333333333
100,77,1.0
96,124,0.5
126,176,0.6
177,100,1.0
49,215,1.0
54,131,1.0
127,34,0.3333333333333333
176,100,0.2
154,219,1.0
117,48,0.6666666666666666
63,110,1.0
149,102,0.1111111111111111
184,209,0.5
207,60,0.3333333333333333
126,176,0.6
85,149,0.7142857142857143
206,88,1.0
67,69,1.0
206,78,1.0
177,149,0.6
161,151,1.0
54,223,1.0
161,96,1.0
206,193,1.0
184,92,1.0
197,2,1.0
92,215,1.0
105,96,0.5
157,96,0.14285714285714285
110,192,1.0
176,149,0.2857142857142857
77,192,1.0
117,88,1.0
208,193,1.0
126,67,1.0
26,63,1.0
34,77,1.0
206,169,1.0
143,136,1.0
54,78,1.0
26,149,0.3333333333333333
85,69,0.3333333333333333
159,208,1.0
137,49,0.6
150,49,0.3333333333333333
161,191,1.0
177,92,1.0
60,102,0.6
54,201,1.0
169,212,1.0
60,105,1.0
60,77,1.0
117,78,1.0
100,149,0.6470588235294118
117,167,1.0
34,77,1.0
100,77,1.0
105,208,1.0
49,132,1.0
105,78,1.0
143,208,1.0
170,78,1.0
2,88,1.0
92,102,0.5
126,149,0.6
126,100,1.0
176,149,0.2857142857142857
143,179,1.0
202,45,1.0
200,149,0.25
49,82,1.0
159,48,0.3333333333333333
26,110,1.0
200,183,0.3333333333333333
84,1,1.0
105,96,0.5
123,149,0.25
48,201,1.0
88,24,1.0
26,65,1.0
176,207,0.3333333333333333
169,159,1.0
170,137,1.0
197,96,0.7142857142857143
85,149,0.7142857142857143
140,136,1.0
200,220,1.0
96,167,1.0
73,12,1.0
60,77,1.0
67,102,1.0
169,208,1.0
169,160,1.0
206,137,0.14285714285714285
176,173,0.3333333333333333
176,149,0.2857142857142857
60,77,1.0
96,159,0.2
60,110,1.0
45,192,1.0
60,45,0.4
143,2,1.0
85,48,1.0
214,120,1.0
177,55,1.0
85,45,1.0
121,220,1.0
123,34,0.3333333333333333
49,78,1.0
179,34,0.3333333333333333
179,34,0.3333333333333333
161,78,1.0
137,96,0.6363636363636364
55,26,1.0
85,137,1.0
184,124,1.0
137,96,0.6363636363636364
100,149,0.6470588235294118
132,167,1.0
92,100,0.5
82,96,0.2
29,132,1.0
197,78,1.0
60,24,1.0
63,220,1.0
179,102,0.3333333333333333
178,201,1.0
214,173,1.0
160,2,1.0
137,160,1.0
55,127,0.2
161,49,1.0
159,82,1.0
123,84,0.3333333333333333
147,5,1.0
149,102,0.1111111111111111
60,170,1.0
209,78,1.0
85,160,1.0
123,102,1.0
88,48,1.0
207,102,1.0
179,121,1.0
60,69,0.6363636363636364
169,208,1.0
223,12,1.0
60,63,1.0
126,102,1.0
137,49,0.6
131,78,1.0
127,120,1.0
67,149,0.2
184,54,1.0
200,69,0.6666666666666666
92,157,1.0
118,137,1.0
115,60,0.6
67,45,1.0
200,60,0.14285714285714285
169,105,0.5
169,24,1.0
176,102,1.0
127,100,0.14285714285714285
100,110,0.2
48,208,0.5
176,45,0.3333333333333333
49,124,0.5
60,127,0.6
149,55,0.06666666666666667
170,167,1.0
214,179,1.0
202,120,1.0
24,48,1.0
100,63,0.5
82,223,1.0
92,55,0.6
105,49,0.3333333333333333
159,136,1.0
208,82,0.3333333333333333
49,54,0.2
140,191,1.0
207,183,1.0
117,137,0.6
212,82,1.0
111,105,1.0
209,208,0.3333333333333333
202,179,1.0
176,123,0.6666666666666666
92,192,1.0
208,88,1.0
92,110,1.0
100,26,0.14285714285714285
34,45,0.3333333333333333
176,183,0.3333333333333333
82,24,1.0
92,77,1.0
29,170,1.0
67,34,1.0
156,121,1.0
49,54,0.2
184,197,1.0
88,170,1.0
102,77,1.0
149,77,1.0
85,49,1.0
120,26,0.3333333333333333
96,208,0.1111111111111111
92,124,1.0
161,140,1.0
85,115,0.5
117,136,1.0
176,214,1.0
156,220,1.0
176,102,1.0
126,149,0.6
183,102,0.5
176,214,1.0
178,132,1.0
117,83,1.0
60,197,1.0
177,192,1.0
63,179,0.3333333333333333
69,45,0.25
212,208,1.0
209,215,1.0
140,178,1.0
123,102,1.0
63,121,1.0
54,82,0.5
169,159,1.0
55,192,1.0
96,24,1.0
179,120,0.5
49,223,1.0
208,215,1.0
126,123,1.0
169,49,0.5555555555555556
117,150,1.0
105,117,0.3333333333333333
160,2,1.0
169,54,0.5
85,170,1.0
69,45,0.25
161,208,1.0
54,96,1.0
197,159,1.0
67,60,0.3333333333333333
117,191,1.0
223,124,1.0
105,160,0.3333333333333333
29,154,1.0
176,123,0.6666666666666666
137,12,1.0
206,92,1.0
123,110,0.3333333333333333
88,170,1.0
45,179,1.0
200,69,0.6666666666666666
126,115,1.0
126,183,1.0
26,60,0.5
126,84,1.0
45,102,0.2
123,60,0.14285714285714285
34,63,1.0
143,177,1.0
26,149,0.3333333333333333
34,149,0.75
34,60,0.14285714285714285
48,12,1.0
92,84,0.3333333333333333
100,220,1.0
197,105,0.3333333333333333
137,15,1.0
49,12,1.0
117,140,0.3333333333333333
209,96,0.5384615384615384
117,88,1.0
206,49,1.0
147,128,1.0
176,100,0.2
96,24,1.0
128,221,1.0
96,78,0.7142857142857143
197,49,1.0
206,169,1.0
127,77,1.0
127,100,0.14285714285714285
99,78,1.0
209,96,0.5384615384615384
118,96,1.0
149,69,0.6363636363636364
49,96,0.7777777777777778
197,99,1.0
209,15,1.0
214,179,1.0
169,197,0.1111111111111111
85,102,1.0
137,151,1.0
127,30,1.0
60,45,0.4
209,96,0.5384615384615384
117,193,1.0
200,77,1.0
60,127,0.6
67,77,1.0
176,121,1.0
117,49,0.2
183,100,1.0
140,78,1.0
2,124,1.0
149,102,0.1111111111111111
85,18,1.0
92,176,0.2
126,207,1.0
123,102,1.0
99,209,1.0
96,208,0.1111111111111111
96,132,1.0
160,78,1.0
115,60,0.6
100,149,0.6470588235294118
45,110,1.0
85,120,1.0
176,100,0.2
207,69,1.0
126,100,1.0
137,131,0.3333333333333333
100,69,0.1111111111111111
63,120,0.5
117,73,1.0
132,170,1.0
169,208,1.0
208,132,1.0
149,192,1.0
202,115,1.0
120,26,0.3333333333333333
197,209,0.3333333333333333
126,176,0.6
127,120,1.0
197,170,1.0
206,197,0.3333333333333333
137,160,1.0
140,96,1.0
209,124,1.0
117,191,1.0
215,78,1.0
96,73,1.0
177,77,1.0
100,179,0.5
206,137,0.14285714285714285
178,137,1.0
176,143,0.06666666666666667
206,169,1.0
60,63,1.0
92,123,0.5
60,49,1.0
2,24,1.0
140,29,1.0
34,69,0.6
126,149,0.6
92,96,1.0
212,48,1.0
161,78,1.0
126,149,0.6
34,149,0.75
118,223,1.0
88,29,1.0
100,179,0.5
159,170,1.0
92,69,0.5
173,63,1.0
137,96,0.6363636363636364
118,191,1.0
55,69,1.0
184,167,1.0
60,69,0.6363636363636364
214,179,1.0
140,170,1.0
105,191,1.0
54,78,1.0
206,2,1.0
127,34,0.3333333333333333
2,208,0.3333333333333333
60,214,0.3333333333333333
183,77,1.0
159,215,1.0
206,209,1.0
209,48,0.5
88,193,1.0
34,60,0.14285714285714285
117,209,1.0
45,127,0.6
176,149,0.2857142857142857
34,60,0.14285714285714285
183,102,0.5
85,215,1.0
126,45,1.0
209,167,1.0
160,131,1.0
123,220,1.0
1,221,1.0
159,193,1.0
178,24,1.0
212,154,1.0
206,99,1.0
85,169,1.0
178,167,1.0
2,170,1.0
160,15,1.0
92,24,1.0
169,140,0.2
197,136,1.0
54,208,0.3333333333333333
85,45,1.0
115,69,1.0
54,96,1.0
206,159,1.0
197,159,1.0
34,149,0.75
197,78,1.0
118,78,1.0
121,77,1.0
111,96,1.0
60,84,0.5
127,110,1.0
1,5,1.0
29,78,1.0
85,219,1.0
177,77,1.0
215,170,1.0
197,124,1.0
184,223,1.0
92,48,1.0
54,223,1.0
85,54,1.0
126,149,0.6
69,120,0.6
177,149,0.6
100,102,0.14285714285714285
26,110,1.0
209,48,0.5
184,140,1.0
117,178,1.0
85,117,0.3333333333333333
111,54,1.0
143,100,1.0
120,192,1.0
197,18,1.0
49,193,1.0
100,77,1.0
49,191,1.0
26,114,1.0
183,100,1.0
176,125,1.0
206,208,1.0
60,69,0.6363636363636364
208,78,0.5
105,137,0.3333333333333333
200,102,0.3333333333333333
140,150,1.0
221,162,1.0
111,169,1.0
126,176,0.6
85,69,0.3333333333333333
92,55,0.6
184,2,1.0
176,77,1.0
127,110,1.0
190,128,1.0
176,100,0.2
173,121,1.0
105,131,1.0
169,140,0.2
92,102,0.5
92,170,1.0
99,2,1.0
197,96,0.7142857142857143
207,156,1.0
137,78,1.0
156,30,1.0
92,82,1.0
82,191,1.0
126,60,1.0
190,5,1.0
92,149,0.3333333333333333
117,1,1.0
126,45,1.0
140,49,0.3333333333333333
26,60,0.5
60,102,0.6
45,102,0.2
100,63,0.5
96,219,1.0
105,167,1.0
48,219,1.0
206,137,0.14285714285714285
111,208,1.0
140,48,0.3333333333333333
105,96,0.5
84,198,1.0
110,30,1.0
177,200,1.0
147,221,1.0
149,55,0.06666666666666667
176,85,0.42857142857142855
92,84,0.3333333333333333
96,191,1.0
63,102,1.0
117,193,1.0
160,78,1.0
159,150,1.0
200,102,0.3333333333333333
55,120,0.5
169,96,1.0
143,219,1.0
54,78,1.0
169,209,0.6
105,88,1.0
82,78,1.0
197,82,1.0
96,201,1.0
45,102,0.2
54,78,1.0
126,85,0.3333333333333333
149,192,1.0
30,192,1.0
100,115,0.3333333333333333
179,121,1.0
85,212,1.0
212,96,1.0
100,179,0.5
160,49,1.0
111,160,1.0
48,223,1.0
126,127,1.0
206,96,1.0
169,197,0.1111111111111111
154,48,1.0
207,149,1.0
69,45,0.25
121,120,1.0
126,102,1.0
143,85,0.3333333333333333
206,48,1.0
60,127,0.6
140,154,1.0
197,49,1.0
184,157,0.3333333333333333
-1,-1