96,219,1.0
82,78,1.0
88,54,0.3333333333333333
169,137,0.09090909090909091
100,26,0.25
117,136,1.0
60,84,0.5
127,77,1.0
26,128,1.0
88,137,0.3333333333333333
117,167,1.0
105,48,1.0
100,127,0.1111111111111111
100,45,0.14285714285714285
85,123,0.3333333333333333
60,110,1.0
169,137,0.09090909090909091
160,170,1.0
176,60,0.375
117,78,1.0
159,78,1.0
140,48,0.3333333333333333
85,105,1.0
176,60,0.375
209,208,0.3333333333333333
159,73,1.0
92,34,1.0
208,215,1.0
85,78,1.0
92,149,0.38461538461538464
176,214,0.3333333333333333
48,208,0.5
143,60,0.5
85,184,1.0
49,24,1.0
48,208,0.5
183,100,1.0
206,169,0.7142857142857143
183,149,0.14285714285714285
8,100,0.3333333333333333
206,157,1.0
143,60,0.5
200,63,1.0
154,201,1.0
161,159,1.0
206,48,1.0
137,24,1.0
137,209,0.75
200,60,0.25
149,192,1.0
207,102,1.0
54,191,1.0
69,45,0.25
176,149,0.2
126,60,1.0
29,96,1.0
127,192,1.0
45,110,1.0
126,149,0.6363636363636364
120,149,0.6
85,105,1.0
117,159,1.0
201,170,1.0
85,100,0.75
34,120,0.6
34,77,1.0
117,92,0.5
29,219,1.0
200,60,0.25
55,77,1.0
117,12,1.0
197,124,1.0
208,96,0.09090909090909091
127,30,1.0
137,209,0.75
60,18,1.0
206,18,1.0
92,192,1.0
85,209,1.0
184,131,1.0
120,149,0.6
92,123,0.5
179,123,0.2
88,124,1.0
105,193,1.0
92,55,0.6666666666666666
85,96,1.0
1,162,1.0
92,110,1.0
127,77,1.0
197,96,0.8
100,149,0.5
160,96,0.25
69,77,0.5
150,24,1.0
115,179,1.0
207,183,1.0
209,96,0.5
176,173,0.5
169,96,0.7142857142857143
149,192,1.0
176,207,0.2
48,73,1.0
67,149,0.2
48,124,1.0
183,69,0.75
208,193,1.0
54,96,0.6666666666666666
197,24,1.0
54,170,1.0
105,184,0.3333333333333333
173,120,1.0
60,77,1.0
208,170,1.0
190,114,1.0
212,24,1.0
18,24,1.0
179,123,0.2
34,149,0.8181818181818182
197,82,1.0
169,54,0.6
92,102,0.5
176,110,1.0
202,214,1.0
100,127,0.1111111111111111
24,78,1.0
92,149,0.38461538461538464
177,77,1.0
117,96,1.0
92,96,1.0
60,45,0.5
118,54,1.0
85,24,1.0
137,160,1.0
176,69,0.8181818181818182
60,179,0.5
115,102,1.0
96,124,0.5
100,77,1.0
156,110,1.0
92,60,0.2727272727272727
143,160,1.0
45,127,0.6
161,131,1.0
69,179,0.3333333333333333
60,69,0.625
45,149,0.38461538461538464
209,96,0.5
137,151,1.0
29,193,1.0
208,191,1.0
143,123,1.0
169,96,0.7142857142857143
117,221,1.0
176,120,0.6
126,102,1.0
55,149,0.05263157894736842
34,149,0.8181818181818182
206,49,1.0
149,127,0.05263157894736842
184,209,0.7142857142857143
206,159,1.0
60,154,1.0
212,48,1.0
99,78,1.0
69,45,0.25
149,69,0.4444444444444444
82,73,1.0
85,82,1.0
126,45,1.0
143,150,1.0
149,110,0.4
156,123,1.0
117,92,0.5
34,102,0.6
127,120,1.0
137,170,0.3333333333333333
118,78,1.0
54,78,1.0
24,219,1.0
215,201,1.0
143,69,1.0
49,29,1.0
137,54,0.5
184,209,0.7142857142857143
92,88,1.0
100,179,0.42857142857142855
82,124,1.0
206,208,0.5
137,96,0.5
176,26,1.0
82,223,1.0
88,193,1.0
121,220,1.0
223,191,1.0
176,102,0.7777777777777778
206,18,1.0
184,209,0.7142857142857143
96,73,1.0
54,208,0.3333333333333333
100,102,0.1111111111111111
183,179,1.0
149,69,0.4444444444444444
123,110,0.3333333333333333
149,30,1.0
207,60,0.3333333333333333
126,69,1.0
149,77,1.0
120,149,0.6
137,159,0.42857142857142855
123,45,0.5
126,45,1.0
102,192,1.0
123,149,0.45454545454545453
105,12,1.0
126,176,0.42857142857142855
197,49,1.0
60,69,0.625
137,49,0.6
179,34,0.3333333333333333
92,96,1.0
176,30,1.0
147,162,1.0
85,191,1.0
96,193,1.0
169,209,0.5
118,96,1.0
26,149,0.4
149,102,0.07692307692307693
117,159,1.0
140,137,0.2
170,78,1.0
99,208,1.0
159,191,1.0
24,219,1.0
140,219,1.0
179,34,0.3333333333333333
126,26,1.0
140,24,1.0
169,24,1.0
54,29,1.0
99,124,1.0
92,100,0.5
92,159,1.0
149,69,0.4444444444444444
24,193,1.0
67,69,1.0
85,69,0.3333333333333333
183,69,0.75
100,149,0.5
92,215,1.0
49,12,1.0
82,88,1.0
126,45,1.0
206,137,0.2
117,54,0.42857142857142855
126,45,1.0
140,167,1.0
209,48,0.2
206,49,1.0
100,127,0.1111111111111111
191,167,1.0
200,102,0.3333333333333333
100,110,0.14285714285714285
131,49,1.0
149,69,0.4444444444444444
117,15,1.0
137,157,0.2
149,77,1.0
105,219,1.0
212,96,1.0
100,192,1.0
100,45,0.14285714285714285
117,48,0.7142857142857143
184,96,0.7777777777777778
100,120,0.6666666666666666
200,149,0.4
197,49,1.0
169,48,1.0
100,127,0.1111111111111111
140,73,1.0
123,120,1.0
88,24,1.0
197,18,1.0
197,154,1.0
126,149,0.6363636363636364
69,120,0.6
169,96,0.7142857142857143
132,24,1.0
126,55,1.0
54,131,1.0
117,193,1.0
206,137,0.2
137,131,0.2
149,127,0.05263157894736842
34,149,0.8181818181818182
117,78,1.0
26,190,1.0
159,219,1.0
215,170,1.0
60,69,0.625
84,190,1.0
96,193,1.0
208,12,1.0
105,82,1.0
169,49,0.6363636363636364
176,143,0.125
159,78,1.0
49,96,0.8
67,34,1.0
184,96,0.7777777777777778
105,137,0.3333333333333333
2,96,0.2
117,132,1.0
60,219,1.0
117,96,1.0
55,26,0.5
140,78,1.0
128,1,1.0
149,77,1.0
100,26,0.25
137,191,1.0
117,208,1.0
176,192,1.0
221,5,1.0
215,167,1.0
207,85,0.3333333333333333
60,85,0.06666666666666667
60,102,0.6363636363636364
54,159,0.6
48,96,0.5555555555555556
197,208,1.0
118,208,1.0
149,63,0.6
176,110,1.0
126,67,1.0
197,105,0.3333333333333333
88,215,1.0
149,69,0.4444444444444444
92,67,1.0
96,201,1.0
115,67,1.0
99,159,1.0
49,208,0.6
140,136,1.0
100,149,0.5
197,160,0.3333333333333333
69,102,0.7777777777777778
99,96,1.0
92,178,1.0
123,30,1.0
177,192,1.0
143,149,0.2
184,131,1.0
132,170,1.0
92,149,0.38461538461538464
117,209,1.0
154,48,1.0
92,131,1.0
85,150,1.0
197,208,1.0
197,136,1.0
117,78,1.0
143,169,1.0
176,120,0.6
49,78,1.0
200,63,1.0
92,149,0.38461538461538464
48,191,1.0
137,193,1.0
117,54,0.42857142857142855
92,157,1.0
161,131,1.0
206,49,1.0
137,78,1.0
55,149,0.05263157894736842
15,96,0.3333333333333333
207,67,1.0
184,96,0.7777777777777778
176,127,0.6
2,78,1.0
123,26,1.0
105,49,0.5
137,136,1.0
143,120,1.0
169,209,0.5
176,67,0.5
100,63,0.5
127,69,1.0
82,96,0.3333333333333333
60,102,0.6363636363636364
54,78,1.0
140,18,0.3333333333333333
85,149,0.3333333333333333
54,48,0.42857142857142855
2,88,1.0
85,29,1.0
197,18,1.0
126,115,1.0
88,170,1.0
92,12,1.0
117,191,1.0
184,201,1.0
143,45,1.0
197,191,1.0
209,193,1.0
123,220,1.0
29,178,1.0
118,159,1.0
159,150,1.0
117,184,0.2
92,201,1.0
69,102,0.7777777777777778
209,124,1.0
209,48,0.2
161,96,1.0
178,219,1.0
173,120,1.0
48,78,1.0
140,88,1.0
63,156,1.0
173,63,1.0
34,102,0.6
184,78,1.0
208,88,1.0
100,123,0.25
34,30,1.0
29,124,1.0
49,54,0.3333333333333333
100,120,0.6666666666666666
117,96,1.0
117,201,1.0
117,49,0.2
149,110,0.4
115,60,0.14285714285714285
159,49,0.14285714285714285
60,77,1.0
96,193,1.0
102,77,1.0
200,8,1.0
160,82,1.0
207,183,1.0
159,78,1.0
184,159,1.0
176,173,0.5
200,183,0.3333333333333333
85,102,1.0
170,193,1.0
140,49,0.3333333333333333
117,137,0.3333333333333333
78,73,1.0
63,120,0.5
173,123,1.0
34,120,0.6
117,159,1.0
176,60,0.375
96,191,1.0
54,96,0.6666666666666666
169,2,1.0
85,215,1.0
96,219,1.0
190,221,1.0
169,96,0.7142857142857143
60,183,0.09090909090909091
156,179,1.0
18,150,1.0
85,96,1.0
140,137,0.2
161,96,1.0
208,96,0.09090909090909091
161,169,0.3333333333333333
69,45,0.25
118,137,1.0
169,96,0.7142857142857143
200,176,0.3333333333333333
214,173,1.0
140,96,1.0
123,102,1.0
88,150,1.0
140,170,1.0
65,221,1.0
60,45,0.5
2,96,0.2
49,96,0.8
149,63,0.6
26,149,0.4
105,191,1.0
173,30,1.0
88,124,1.0
2,124,1.0
60,96,1.0
85,63,1.0
200,123,0.3333333333333333
88,159,0.3333333333333333
115,207,1.0
208,78,0.5
176,220,1.0
88,137,0.3333333333333333
208,96,0.09090909090909091
49,96,0.8
67,123,1.0
169,157,0.5
117,201,1.0
92,176,0.2
157,208,1.0
206,159,1.0
184,73,1.0
45,102,0.2
100,149,0.5
100,121,1.0
96,191,1.0
137,96,0.5
176,60,0.375
118,99,1.0
190,114,1.0
114,162,1.0
92,150,1.0
88,150,1.0
169,160,0.6666666666666666
69,102,0.7777777777777778
140,223,1.0
160,151,1.0
206,88,1.0
137,48,1.0
117,215,1.0
88,54,0.3333333333333333
105,117,0.3333333333333333
54,48,0.42857142857142855
45,192,1.0
85,100,0.75
60,179,0.5
173,149,1.0
126,69,1.0
117,54,0.42857142857142855
137,219,1.0
126,207,1.0
131,78,1.0
197,78,1.0
84,192,1.0
111,105,1.0
209,96,0.5
223,208,1.0
105,201,1.0
206,88,1.0
100,149,0.5
60,100,0.2857142857142857
176,69,0.8181818181818182
154,24,1.0
92,48,1.0
159,208,0.5
126,85,0.42857142857142855
117,96,1.0
140,96,1.0
143,136,1.0
200,77,1.0
65,5,1.0
160,15,1.0
176,69,0.8181818181818182
176,110,1.0
117,137,0.3333333333333333
209,223,1.0
169,209,0.5
207,69,1.0
82,24,1.0
60,212,1.0
140,159,1.0
131,223,1.0
124,219,1.0
55,102,0.2
169,49,0.6363636363636364
117,96,1.0
18,111,1.0
143,102,1.0
65,221,1.0
26,110,1.0
54,209,0.6
184,78,1.0
197,49,1.0
85,69,0.3333333333333333
215,124,1.0
117,137,0.3333333333333333
137,73,1.0
117,178,1.0
160,24,1.0
206,137,0.2
223,124,1.0
169,137,0.09090909090909091
126,67,1.0
126,92,1.0
207,85,0.3333333333333333
99,96,1.0
176,69,0.8181818181818182
85,110,1.0
221,162,1.0
183,100,1.0
206,169,0.7142857142857143
85,149,0.3333333333333333
117,82,1.0
176,123,0.5
143,77,1.0
176,120,0.6
214,115,1.0
92,149,0.38461538461538464
169,49,0.6363636363636364
92,136,1.0
105,208,0.5
60,120,1.0
34,69,0.6666666666666666
169,73,1.0
26,149,0.4
82,219,1.0
169,131,0.5
49,24,1.0
206,131,0.3333333333333333
209,150,1.0
154,132,1.0
178,201,1.0
126,143,1.0
118,96,1.0
105,48,1.0
137,208,0.25
117,159,1.0
143,100,1.0
137,15,1.0
200,149,0.4
149,127,0.05263157894736842
84,114,1.0
169,92,1.0
206,96,1.0
176,60,0.375
206,140,0.3333333333333333
54,131,1.0
49,167,1.0
123,183,0.3333333333333333
209,78,1.0
159,48,0.3333333333333333
100,77,1.0
202,214,1.0
100,207,0.3333333333333333
191,193,1.0
96,78,0.8
173,67,1.0
169,15,1.0
126,115,1.0
110,30,1.0
206,49,1.0
202,60,0.14285714285714285
111,96,1.0
206,208,0.5
197,96,0.8
85,115,0.5
117,170,1.0
49,96,0.8
212,178,1.0
48,96,0.5555555555555556
137,78,1.0
85,45,1.0
85,120,1.0
209,96,0.5
209,78,1.0
60,29,1.0
206,159,1.0
169,96,0.7142857142857143
60,102,0.6363636363636364
137,78,1.0
137,96,0.5
179,120,0.5
143,60,0.5
85,82,1.0
178,193,1.0
92,149,0.38461538461538464
157,124,1.0
183,100,1.0
208,167,1.0
208,78,0.5
149,110,0.4
117,159,1.0
18,136,1.0
176,67,0.5
49,96,0.8
18,208,1.0
26,198,1.0
169,209,0.5
159,223,1.0
26,192,1.0
176,60,0.375
176,207,0.2
154,124,1.0
126,123,1.0
92,191,1.0
126,110,1.0
26,115,1.0
184,157,0.5
223,12,1.0
183,102,0.6
92,2,1.0
161,137,0.6
197,208,1.0
209,78,1.0
18,154,1.0
92,209,0.3333333333333333
100,149,0.5
85,159,1.0
169,49,0.6363636363636364
197,2,1.0
60,85,0.06666666666666667
1,221,1.0
78,73,1.0
100,115,0.3333333333333333
26,60,0.5
55,183,1.0
49,215,1.0
85,140,1.0
48,12,1.0
123,102,1.0
127,207,1.0
105,82,1.0
69,102,0.7777777777777778
63,102,1.0
140,54,0.3333333333333333
169,159,0.6666666666666666
49,209,0.3333333333333333
126,67,1.0
184,159,1.0
55,69,1.0
85,2,1.0
96,78,0.8
67,102,1.0
123,34,0.3333333333333333
54,191,1.0
34,149,0.8181818181818182
197,15,1.0
156,30,1.0
206,78,1.0
177,34,1.0
54,48,0.42857142857142855
54,209,0.6
34,149,0.8181818181818182
179,77,1.0
137,99,1.0
143,123,1.0
131,96,0.3333333333333333
140,49,0.3333333333333333
184,209,0.7142857142857143
156,220,1.0
85,49,1.0
149,69,0.4444444444444444
200,77,1.0
45,179,1.0
173,156,1.0
60,127,0.6
183,45,0.5
127,69,1.0
169,96,0.7142857142857143
117,150,1.0
117,49,0.2
105,184,0.3333333333333333
169,82,1.0
18,159,1.0
55,77,1.0
140,96,1.0
143,34,1.0
183,149,0.14285714285714285
49,223,1.0
126,149,0.6363636363636364
92,209,0.3333333333333333
120,77,1.0
117,82,1.0
102,77,1.0
117,61,1.0
2,208,0.3333333333333333
183,45,0.5
34,120,0.6
197,157,0.3333333333333333
200,149,0.4
184,2,1.0
176,34,0.5
100,55,0.3333333333333333
208,78,0.5
126,127,1.0
207,120,1.0
173,121,1.0
149,156,1.0
92,55,0.6666666666666666
48,223,1.0
140,96,1.0
184,209,0.7142857142857143
102,220,1.0
126,192,1.0
60,102,0.6363636363636364
118,197,1.0
161,157,1.0
179,120,0.5
100,26,0.25
55,149,0.05263157894736842
143,82,1.0
149,220,1.0
169,105,0.6
197,160,0.3333333333333333
140,191,1.0
61,83,1.0
49,24,1.0
54,223,1.0
49,209,0.3333333333333333
159,170,1.0
88,167,1.0
117,209,1.0
123,102,1.0
127,102,0.5
85,136,1.0
48,96,0.5555555555555556
159,82,1.0
206,169,0.7142857142857143
92,100,0.5
208,88,1.0
200,67,1.0
212,82,1.0
161,170,1.0
206,160,1.0
209,131,0.5
60,69,0.625
118,96,1.0
96,78,0.8
184,88,1.0
117,49,0.2
131,124,1.0
60,85,0.06666666666666667
143,219,1.0
69,102,0.7777777777777778
209,131,0.5
26,69,1.0
85,177,1.0
67,34,1.0
102,214,1.0
150,137,1.0
176,85,0.42857142857142855
117,48,0.7142857142857143
126,84,1.0
60,127,0.6
54,124,1.0
169,96,0.7142857142857143
137,48,1.0
127,110,1.0
99,96,1.0
150,111,1.0
118,124,1.0
200,102,0.3333333333333333
206,197,0.2
85,170,1.0
96,73,1.0
67,69,1.0
96,170,1.0
45,149,0.38461538461538464
54,92,0.3333333333333333
159,178,1.0
126,176,0.42857142857142855
60,69,0.625
105,99,1.0
92,124,1.0
105,49,0.5
78,193,1.0
156,120,1.0
140,215,1.0
26,77,1.0
126,92,1.0
149,77,1.0
85,45,1.0
123,120,1.0
26,149,0.4
117,29,1.0
54,96,0.6666666666666666
176,69,0.8181818181818182
126,143,1.0
88,167,1.0
212,96,1.0
137,159,0.42857142857142855
159,215,1.0
60,2,1.0
118,48,1.0
85,69,0.3333333333333333
49,88,0.3333333333333333
200,149,0.4
202,63,1.0
140,150,1.0
183,85,0.14285714285714285
184,96,0.7777777777777778
149,84,0.2
85,137,1.0
111,124,1.0
179,121,1.0
127,192,1.0
92,34,1.0
149,84,0.2
169,105,0.6
96,170,1.0
77,192,1.0
30,192,1.0
105,193,1.0
85,154,1.0
126,69,1.0
169,117,0.3333333333333333
137,209,0.75
206,197,0.2
176,149,0.2
99,49,1.0
149,127,0.05263157894736842
201,78,1.0
214,156,1.0
117,140,0.3333333333333333
45,110,1.0
161,159,1.0
67,121,1.0
85,92,0.2
126,84,1.0
85,137,1.0
176,69,0.8181818181818182
206,49,1.0
169,223,1.0
105,49,0.5
60,102,0.6363636363636364
184,15,1.0
169,54,0.6
156,69,1.0
176,45,0.3333333333333333
208,191,1.0
55,67,1.0
177,84,1.0
48,124,1.0
160,78,1.0
209,96,0.5
176,100,0.16666666666666666
143,69,1.0
209,208,0.3333333333333333
202,60,0.14285714285714285
147,128,1.0
156,120,1.0
167,193,1.0
117,2,1.0
54,209,0.6
169,159,0.6666666666666666
54,223,1.0
143,111,1.0
60,120,1.0
117,184,0.2
176,102,0.7777777777777778
206,54,1.0
176,69,0.8181818181818182
169,49,0.6363636363636364
197,96,0.8
45,77,1.0
96,124,0.5
34,69,0.6666666666666666
100,207,0.3333333333333333
127,77,1.0
114,1,1.0
159,136,1.0
137,131,0.2
54,78,1.0
137,49,0.6
159,154,1.0
161,193,1.0
206,73,1.0
126,85,0.42857142857142855
105,78,1.0
85,77,1.0
45,102,0.2
48,208,0.5
85,193,1.0
143,45,1.0
24,193,1.0
137,160,1.0
110,8,1.0
15,208,1.0
215,170,1.0
140,49,0.3333333333333333
96,12,1.0
63,179,0.3333333333333333
137,159,0.42857142857142855
67,45,1.0
85,102,1.0
49,88,0.3333333333333333
88,78,1.0
85,45,1.0
208,82,0.3333333333333333
99,223,1.0
149,110,0.4
118,223,1.0
84,190,1.0
154,78,1.0
214,179,1.0
154,170,1.0
85,77,1.0
169,159,0.6666666666666666
2,193,1.0
85,149,0.3333333333333333
85,55,1.0
169,105,0.6
149,69,0.4444444444444444
206,197,0.2
208,96,0.09090909090909091
176,45,0.3333333333333333
92,127,0.42857142857142855
55,120,0.5
117,54,0.42857142857142855
69,120,0.6
200,121,1.0
127,102,0.5
92,55,0.6666666666666666
49,215,1.0
137,193,1.0
88,24,1.0
176,149,0.2
200,60,0.25
49,78,1.0
208,88,1.0
54,24,1.0
117,215,1.0
126,177,1.0
85,179,1.0
24,124,1.0
161,88,1.0
149,102,0.07692307692307693
184,54,1.0
92,127,0.42857142857142855
92,123,0.5
99,73,1.0
85,54,1.0
176,69,0.8181818181818182
18,54,1.0
209,178,1.0
85,102,1.0
208,170,1.0
140,24,1.0
114,128,1.0
159,48,0.3333333333333333
169,150,1.0
49,193,1.0
212,136,1.0
197,209,0.3333333333333333
55,143,1.0
206,49,1.0
117,48,0.7142857142857143
88,132,1.0
126,102,1.0
55,149,0.05263157894736842
137,209,0.75
160,96,0.25
137,209,0.75
178,154,1.0
209,96,0.5
34,77,1.0
157,209,0.5
24,136,1.0
30,77,1.0
92,100,0.5
49,48,0.3333333333333333
85,214,1.0
178,132,1.0
85,48,1.0
114,198,1.0
85,124,1.0
54,96,0.6666666666666666
184,160,0.5
161,137,0.6
88,215,1.0
88,132,1.0
169,2,1.0
200,67,1.0
161,151,1.0
169,208,0.6
160,151,1.0
137,2,1.0
206,169,0.7142857142857143
131,159,1.0
88,201,1.0
100,179,0.42857142857142855
126,85,0.42857142857142855
161,140,1.0
85,100,0.75
209,78,1.0
69,102,0.7777777777777778
48,157,1.0
140,208,0.3333333333333333
169,131,0.5
127,220,1.0
209,151,1.0
200,115,1.0
123,55,0.2
117,96,1.0
26,69,1.0
67,102,1.0
177,77,1.0
149,127,0.05263157894736842
149,102,0.07692307692307693
117,167,1.0
55,192,1.0
85,115,0.5
150,215,1.0
126,55,1.0
117,1,1.0
149,102,0.07692307692307693
100,127,0.1111111111111111
92,69,0.5
161,160,1.0
137,15,1.0
67,100,0.5
69,100,0.09090909090909091
140,137,0.2
126,102,1.0
85,123,0.3333333333333333
197,78,1.0
54,159,0.6
100,55,0.3333333333333333
169,197,0.1111111111111111
92,60,0.2727272727272727
143,169,1.0
126,100,1.0
105,78,1.0
149,127,0.05263157894736842
85,102,1.0
105,151,1.0
60,100,0.2857142857142857
54,73,1.0
173,123,1.0
183,45,0.5
45,127,0.6
115,69,0.5
202,179,1.0
49,219,1.0
92,60,0.2727272727272727
60,69,0.625
92,179,0.3333333333333333
1,221,1.0
140,160,1.0
140,208,0.3333333333333333
102,30,1.0
149,63,0.6
197,219,1.0
100,102,0.1111111111111111
67,69,1.0
117,154,1.0
209,124,1.0
169,2,1.0
160,219,1.0
55,102,0.2
126,69,1.0
60,102,0.6363636363636364
176,100,0.16666666666666666
100,220,1.0
60,69,0.625
206,78,1.0
137,96,0.5
149,69,0.4444444444444444
67,77,1.0
69,45,0.25
184,92,1.0
126,100,1.0
105,191,1.0
179,121,1.0
69,102,0.7777777777777778
200,120,0.3333333333333333
78,193,1.0
85,102,1.0
197,96,0.8
140,49,0.3333333333333333
2,73,1.0
150,48,1.0
82,96,0.3333333333333333
143,96,1.0
137,209,0.75
143,183,1.0
92,48,1.0
149,192,1.0
117,193,1.0
149,69,0.4444444444444444
26,162,1.0
149,77,1.0
105,124,1.0
85,192,1.0
55,110,0.5
176,123,0.5
183,69,0.75
176,85,0.42857142857142855
60,85,0.06666666666666667
176,84,1.0
176,127,0.6
88,136,1.0
99,209,1.0
169,160,0.6666666666666666
149,77,1.0
45,55,0.2
147,1,0.3333333333333333
169,157,0.5
34,149,0.8181818181818182
96,193,1.0
85,120,1.0
115,60,0.14285714285714285
212,137,1.0
176,149,0.2
197,49,1.0
137,49,0.6
200,69,0.6666666666666666
99,159,1.0
207,220,1.0
45,127,0.6
209,223,1.0
60,127,0.6
143,197,1.0
140,124,1.0
206,78,1.0
117,88,1.0
54,78,1.0
92,159,1.0
67,60,0.6
60,63,1.0
140,54,0.3333333333333333
176,100,0.16666666666666666
60,102,0.6363636363636364
149,207,0.3333333333333333
159,73,1.0
85,100,0.75
140,88,1.0
88,193,1.0
85,24,1.0
197,2,1.0
60,136,1.0
105,208,0.5
85,49,1.0
169,124,1.0
169,2,1.0
100,84,0.2
2,24,1.0
179,123,0.2
184,209,0.7142857142857143
177,55,1.0
100,55,0.3333333333333333
124,208,1.0
26,69,1.0
137,157,0.2
100,156,1.0
100,115,0.3333333333333333
82,96,0.3333333333333333
126,176,0.42857142857142855
209,48,0.2
100,179,0.42857142857142855
49,201,1.0
60,45,0.5
201,167,1.0
92,179,0.3333333333333333
92,115,1.0
111,2,1.0
49,82,1.0
169,15,1.0
54,48,0.42857142857142855
140,219,1.0
117,223,1.0
65,114,1.0
200,67,1.0
176,179,1.0
92,78,1.0
92,215,1.0
123,45,0.5
206,169,0.7142857142857143
96,78,0.8
48,193,1.0
60,100,0.2857142857142857
207,143,1.0
34,120,0.6
161,197,1.0
137,208,0.25
215,136,1.0
124,12,1.0
110,192,1.0
117,137,0.3333333333333333
215,124,1.0
78,219,1.0
161,49,1.0
92,48,1.0
60,85,0.06666666666666667
24,170,1.0
169,96,0.7142857142857143
215,167,1.0
147,221,1.0
176,143,0.125
177,102,1.0
1,221,1.0
92,127,0.42857142857142855
176,123,0.5
149,69,0.4444444444444444
143,85,0.3333333333333333
69,100,0.09090909090909091
160,159,1.0
177,45,1.0
176,102,0.7777777777777778
184,49,1.0
54,78,1.0
126,85,0.42857142857142855
201,136,1.0
149,77,1.0
123,77,1.0
85,132,1.0
85,149,0.3333333333333333
137,208,0.25
184,54,1.0
117,78,1.0
169,197,0.1111111111111111
60,69,0.625
55,120,0.5
60,111,1.0
63,179,0.3333333333333333
63,220,1.0
115,67,1.0
208,24,1.0
137,170,0.3333333333333333
100,63,0.5
85,69,0.3333333333333333
60,77,1.0
123,77,1.0
127,69,1.0
54,154,1.0
140,201,1.0
65,190,1.0
184,12,1.0
137,49,0.6
161,160,1.0
201,193,1.0
169,54,0.6
200,69,0.6666666666666666
26,110,1.0
123,26,1.0
118,54,1.0
183,102,0.6
169,78,1.0
48,167,1.0
69,220,1.0
85,48,1.0
117,201,1.0
92,84,0.5
120,192,1.0
169,160,0.6666666666666666
200,34,1.0
127,183,1.0
55,69,1.0
78,12,1.0
96,223,0.3333333333333333
184,160,0.5
69,179,0.3333333333333333
99,15,1.0
184,49,1.0
176,67,0.5
118,92,1.0
45,149,0.38461538461538464
137,191,1.0
34,69,0.6666666666666666
126,77,1.0
143,67,1.0
60,183,0.09090909090909091
200,156,1.0
161,137,0.6
92,193,1.0
69,121,1.0
126,183,1.0
159,49,0.14285714285714285
63,121,1.0
161,209,1.0
18,49,1.0
100,110,0.14285714285714285
161,54,1.0
82,191,1.0
85,49,1.0
115,102,1.0
1,5,1.0
49,124,0.5
49,191,1.0
92,127,0.42857142857142855
207,102,1.0
157,96,0.14285714285714285
169,49,0.6363636363636364
126,67,1.0
176,34,0.5
96,78,0.8
140,132,1.0
54,96,0.6666666666666666
117,140,0.3333333333333333
118,12,1.0
88,215,1.0
169,208,0.6
215,193,1.0
117,184,0.2
143,137,1.0
176,60,0.375
34,149,0.8181818181818182
54,208,0.3333333333333333
200,120,0.3333333333333333
197,18,1.0
200,69,0.6666666666666666
99,48,1.0
117,132,1.0
85,92,0.2
209,73,1.0
88,154,1.0
137,151,1.0
169,92,1.0
120,45,1.0
137,99,1.0
105,15,1.0
137,209,0.75
126,149,0.6363636363636364
105,159,1.0
206,49,1.0
49,219,1.0
123,45,0.5
173,220,1.0
117,124,1.0
123,183,0.3333333333333333
169,197,0.1111111111111111
60,214,0.5
190,221,1.0
60,137,1.0
131,78,1.0
169,54,0.6
45,55,0.2
123,110,0.3333333333333333
110,220,1.0
45,179,1.0
176,77,1.0
183,69,0.75
54,24,1.0
149,69,0.4444444444444444
176,85,0.42857142857142855
120,149,0.6
173,63,1.0
173,149,1.0
69,100,0.09090909090909091
209,78,1.0
177,100,1.0
147,1,0.3333333333333333
69,100,0.09090909090909091
197,159,1.0
176,102,0.7777777777777778
176,121,1.0
48,219,1.0
2,191,1.0
123,55,0.2
176,143,0.125
100,149,0.5
159,111,1.0
85,45,1.0
173,77,1.0
110,102,1.0
92,110,1.0
126,60,1.0
92,45,0.6666666666666666
143,100,1.0
209,159,0.2
100,26,0.25
209,96,0.5
1,83,1.0
54,73,1.0
209,132,1.0
117,12,1.0
92,154,1.0
82,191,1.0
184,78,1.0
206,159,1.0
123,149,0.45454545454545453
177,123,1.0
18,96,1.0
169,78,1.0
176,26,1.0
176,149,0.2
55,120,0.5
117,209,1.0
207,77,1.0
206,137,0.2
54,78,1.0
92,55,0.6666666666666666
100,149,0.5
200,115,1.0
137,208,0.25
117,73,1.0
190,5,1.0
160,2,1.0
140,160,1.0
126,176,0.42857142857142855
96,12,1.0
88,154,1.0
212,160,1.0
45,149,0.38461538461538464
54,2,0.3333333333333333
123,69,0.2
34,63,1.0
49,170,1.0
184,82,1.0
92,100,0.5
159,208,0.5
85,100,0.75
143,140,1.0
214,179,1.0
206,193,1.0
67,45,1.0
143,214,1.0
105,78,1.0
206,92,1.0
126,149,0.6363636363636364
183,77,1.0
177,149,0.6
117,12,1.0
54,157,1.0
143,149,0.2
65,1,1.0
209,151,1.0
29,24,1.0
55,207,0.3333333333333333
85,96,1.0
92,96,1.0
206,117,1.0
60,183,0.09090909090909091
206,137,0.2
118,96,1.0
209,96,0.5
118,105,1.0
157,78,1.0
132,201,1.0
92,100,0.5
209,154,1.0
88,60,1.0
209,78,1.0
176,123,0.5
161,78,1.0
137,157,0.2
60,45,0.5
99,78,1.0
202,60,0.14285714285714285
54,82,0.5
161,169,0.3333333333333333
60,120,1.0
140,209,1.0
177,100,1.0
92,77,1.0
96,78,0.8
159,201,1.0
184,197,1.0
85,201,1.0
176,60,0.375
161,208,1.0
54,191,1.0
184,132,1.0
55,26,0.5
140,131,1.0
197,96,0.8
92,149,0.38461538461538464
105,117,0.3333333333333333
117,209,1.0
92,63,1.0
170,78,1.0
54,96,0.6666666666666666
160,54,1.0
54,167,1.0
123,55,0.2
85,69,0.3333333333333333
200,176,0.3333333333333333
65,147,1.0
120,102,1.0
92,159,1.0
123,220,1.0
92,176,0.2
100,77,1.0
92,55,0.6666666666666666
100,149,0.5
96,78,0.8
60,124,1.0
184,96,0.7777777777777778
154,219,1.0
117,48,0.7142857142857143
200,149,0.4
177,55,1.0
143,102,1.0
117,78,1.0
85,102,1.0
126,127,1.0
92,69,0.5
117,167,1.0
127,192,1.0
84,192,1.0
34,149,0.8181818181818182
124,73,1.0
197,208,1.0
209,2,0.5
34,149,0.8181818181818182
105,92,1.0
24,167,1.0
96,170,1.0
105,223,1.0
117,96,1.0
197,131,1.0
60,159,1.0
92,24,1.0
126,102,1.0
85,102,1.0
100,123,0.25
209,170,1.0
176,102,0.7777777777777778
176,85,0.42857142857142855
45,26,0.3333333333333333
206,82,1.0
84,77,0.5
202,60,0.14285714285714285
117,215,1.0
132,137,1.0
69,120,0.6
169,159,0.6666666666666666
169,82,1.0
169,219,1.0
120,26,0.3333333333333333
67,60,0.6
54,191,1.0
140,49,0.3333333333333333
69,77,0.5
137,54,0.5
85,12,1.0
88,178,1.0
48,73,1.0
100,110,0.14285714285714285
173,69,1.0
143,60,0.5
85,54,1.0
117,24,1.0
117,96,1.0
197,193,1.0
147,114,0.3333333333333333
184,96,0.7777777777777778
85,102,1.0
184,78,1.0
206,118,1.0
143,140,1.0
176,121,1.0
169,117,0.3333333333333333
92,132,1.0
34,102,0.6
117,208,1.0
161,2,1.0
169,197,0.1111111111111111
184,193,1.0
54,208,0.3333333333333333
183,214,1.0
60,105,1.0
54,157,1.0
177,183,1.0
105,96,0.5555555555555556
214,120,1.0
209,131,0.5
169,12,1.0
60,69,0.625
88,193,1.0
100,123,0.25
149,127,0.05263157894736842
147,198,1.0
206,54,1.0
143,92,1.0
184,170,1.0
60,100,0.2857142857142857
123,149,0.45454545454545453
88,191,1.0
67,100,0.5
209,159,0.2
206,209,1.0
54,82,0.5
92,60,0.2727272727272727
169,137,0.09090909090909091
96,24,1.0
184,159,1.0
100,55,0.3333333333333333
82,12,1.0
117,48,0.7142857142857143
214,149,1.0
85,92,0.2
126,123,1.0
85,96,1.0
214,77,1.0
124,170,1.0
176,173,0.5
26,65,1.0
115,60,0.14285714285714285
149,127,0.05263157894736842
176,102,0.7777777777777778
96,191,1.0
48,124,1.0
117,160,1.0
85,63,1.0
150,170,1.0
92,223,1.0
137,54,0.5
179,26,0.3333333333333333
127,77,1.0
63,30,1.0
118,191,1.0
215,78,1.0
183,85,0.14285714285714285
110,200,0.3333333333333333
137,159,0.42857142857142855
176,149,0.2
157,223,1.0
131,193,1.0
197,96,0.8
82,193,1.0
137,24,1.0
126,100,1.0
197,54,0.5
117,99,1.0
143,124,1.0
45,149,0.38461538461538464
200,60,0.25
60,85,0.06666666666666667
159,193,1.0
105,209,0.6
99,96,1.0
150,49,0.3333333333333333
202,120,1.0
127,102,0.5
85,197,1.0
212,219,1.0
100,123,0.25
169,137,0.09090909090909091
149,192,1.0
92,127,0.42857142857142855
209,96,0.5
161,96,1.0
169,193,1.0
140,82,1.0
102,77,1.0
54,12,1.0
100,120,0.6666666666666666
12,191,1.0
118,73,1.0
105,209,0.6
60,69,0.625
85,117,0.3333333333333333
29,136,1.0
60,77,1.0
100,149,0.5
169,78,1.0
143,159,1.0
197,117,0.3333333333333333
85,100,0.75
209,78,1.0
60,183,0.09090909090909091
132,124,1.0
67,123,1.0
169,209,0.5
45,149,0.38461538461538464
73,191,1.0
123,149,0.45454545454545453
92,69,0.5
45,63,1.0
60,84,0.5
160,96,0.25
100,45,0.14285714285714285
26,149,0.4
161,96,1.0
88,29,1.0
132,193,1.0
197,82,1.0
60,69,0.625
118,49,1.0
212,24,1.0
200,183,0.3333333333333333
117,208,1.0
143,183,1.0
169,24,1.0
67,120,1.0
100,84,0.2
69,30,1.0
150,29,1.0
49,208,0.6
206,99,1.0
143,100,1.0
160,208,0.5
209,24,1.0
206,2,1.0
111,212,1.0
126,69,1.0
92,149,0.38461538461538464
49,132,1.0
209,201,1.0
150,136,1.0
126,60,1.0
197,73,1.0
197,154,1.0
105,209,0.6
179,149,1.0
60,100,0.2857142857142857
200,34,1.0
206,191,1.0
111,24,1.0
197,54,0.5
127,77,1.0
140,215,1.0
177,84,1.0
123,149,0.45454545454545453
214,120,1.0
209,12,1.0
160,208,0.5
159,191,1.0
149,84,0.2
184,160,0.5
183,102,0.6
48,136,1.0
157,96,0.14285714285714285
100,26,0.25
160,15,1.0
169,197,0.1111111111111111
149,127,0.05263157894736842
176,179,1.0
149,84,0.2
200,176,0.3333333333333333
60,102,0.6363636363636364
18,49,1.0
176,143,0.125
169,49,0.6363636363636364
154,136,1.0
206,78,1.0
140,2,1.0
169,191,1.0
137,131,0.2
60,49,1.0
149,84,0.2
92,34,1.0
84,77,0.5
207,67,1.0
67,120,1.0
150,154,1.0
197,209,0.3333333333333333
117,88,1.0
88,48,1.0
173,110,1.0
176,100,0.16666666666666666
178,96,1.0
60,183,0.09090909090909091
124,167,1.0
140,193,1.0
140,12,1.0
160,131,1.0
92,26,1.0
96,73,1.0
176,143,0.125
143,24,1.0
99,54,1.0
140,215,1.0
160,159,1.0
124,78,0.3333333333333333
2,223,1.0
110,69,0.3333333333333333
126,123,1.0
176,102,0.7777777777777778
85,118,1.0
190,198,1.0
169,105,0.6
169,124,1.0
92,84,0.5
160,208,0.5
176,60,0.375
173,121,1.0
92,84,0.5
1,221,1.0
137,208,0.25
63,120,0.5
54,48,0.42857142857142855
127,30,1.0
34,77,1.0
161,208,1.0
178,24,1.0
92,45,0.6666666666666666
92,45,0.6666666666666666
49,208,0.6
197,48,1.0
123,149,0.45454545454545453
105,96,0.5555555555555556
26,147,1.0
49,124,0.5
176,123,0.5
49,191,1.0
96,151,1.0
126,176,0.42857142857142855
126,69,1.0
173,123,1.0
184,215,1.0
114,5,1.0
183,149,0.14285714285714285
24,170,1.0
60,69,0.625
117,73,1.0
137,49,0.6
173,200,1.0
60,85,0.06666666666666667
140,88,1.0
161,15,1.0
209,2,0.5
118,209,1.0
169,208,0.6
128,221,1.0
206,48,1.0
100,77,1.0
126,77,1.0
126,60,1.0
176,220,1.0
197,78,1.0
45,149,0.38461538461538464
110,102,1.0
49,96,0.8
209,88,1.0
176,125,1.0
140,48,0.3333333333333333
143,96,1.0
206,159,1.0
117,209,1.0
45,55,0.2
137,78,1.0
45,77,1.0
92,96,1.0
149,102,0.07692307692307693
170,193,1.0
177,149,0.6
176,102,0.7777777777777778
54,82,0.5
197,48,1.0
88,201,1.0
100,121,1.0
18,219,1.0
209,159,0.2
60,100,0.2857142857142857
82,96,0.3333333333333333
160,2,1.0
197,96,0.8
92,77,1.0
111,160,1.0
206,124,1.0
214,179,1.0
18,2,1.0
117,54,0.42857142857142855
54,124,1.0
197,159,1.0
49,136,1.0
60,100,0.2857142857142857
84,207,1.0
215,201,1.0
132,48,1.0
200,126,0.3333333333333333
124,193,1.0
60,45,0.5
60,84,0.5
67,69,1.0
184,167,1.0
26,60,0.5
126,60,1.0
150,212,1.0
126,100,1.0
159,49,0.14285714285714285
176,77,1.0
100,63,0.5
126,60,1.0
34,69,0.6666666666666666
2,78,1.0
105,160,0.3333333333333333
184,140,1.0
60,214,0.5
179,149,1.0
48,78,1.0
215,78,1.0
67,60,0.6
176,45,0.3333333333333333
99,82,1.0
198,162,1.0
176,214,0.3333333333333333
45,214,1.0
127,192,1.0
55,149,0.05263157894736842
49,48,0.3333333333333333
117,92,0.5
49,136,1.0
88,170,1.0
88,48,1.0
60,178,1.0
157,96,0.14285714285714285
126,55,1.0
161,105,1.0
100,45,0.14285714285714285
177,110,1.0
169,160,0.6666666666666666
45,77,1.0
160,78,1.0
49,96,0.8
96,24,1.0
200,69,0.6666666666666666
117,215,1.0
176,149,0.2
26,63,1.0
208,193,1.0
115,120,1.0
169,96,0.7142857142857143
60,24,1.0
184,54,1.0
48,78,1.0
54,96,0.6666666666666666
176,84,1.0
200,176,0.3333333333333333
55,149,0.05263157894736842
126,127,1.0
137,96,0.5
26,149,0.4
92,82,1.0
29,212,1.0
128,221,1.0
176,55,0.5
120,220,1.0
169,124,1.0
96,154,1.0
169,159,0.6666666666666666
8,100,0.3333333333333333
176,143,0.125
54,92,0.3333333333333333
120,26,0.3333333333333333
140,78,1.0
184,124,1.0
34,63,1.0
169,219,1.0
123,149,0.45454545454545453
54,96,0.6666666666666666
200,149,0.4
67,123,1.0
207,26,1.0
197,131,1.0
69,100,0.09090909090909091
110,77,1.0
99,157,1.0
55,77,1.0
197,117,0.3333333333333333
209,96,0.5
200,63,1.0
100,179,0.42857142857142855
156,102,1.0
183,69,0.75
123,34,0.3333333333333333
85,96,1.0
127,110,1.0
206,131,0.3333333333333333
178,136,1.0
176,183,0.3333333333333333
176,55,0.5
143,49,1.0
126,69,1.0
173,100,0.5
69,102,0.7777777777777778
126,149,0.6363636363636364
29,137,1.0
140,88,1.0
126,55,1.0
143,212,1.0
18,212,1.0
190,128,1.0
29,48,1.0
2,82,1.0
117,157,1.0
85,140,1.0
209,2,0.5
92,110,1.0
100,77,1.0
85,88,1.0
85,208,1.0
54,170,1.0
99,92,1.0
169,137,0.09090909090909091
49,73,1.0
126,127,1.0
126,183,1.0
84,1,1.0
176,120,0.6
137,48,1.0
85,140,1.0
24,201,1.0
85,117,0.3333333333333333
159,124,1.0
60,63,1.0
131,49,1.0
176,220,1.0
150,132,1.0
177,127,1.0
85,120,1.0
126,85,0.42857142857142855
126,102,1.0
208,201,1.0
131,170,1.0
54,12,1.0
215,136,1.0
69,192,1.0
161,137,0.6
208,96,0.09090909090909091
176,100,0.16666666666666666
49,96,0.8
197,12,1.0
96,191,1.0
105,137,0.3333333333333333
176,55,0.5
183,100,1.0
223,78,1.0
96,167,1.0
85,69,0.3333333333333333
48,12,1.0
207,30,1.0
176,149,0.2
54,159,0.6
169,209,0.5
140,159,1.0
84,120,1.0
126,149,0.6363636363636364
178,137,1.0
197,208,1.0
212,154,1.0
54,193,1.0
92,102,0.5
67,69,1.0
176,34,0.5
132,167,1.0
173,102,1.0
2,170,1.0
160,2,1.0
126,123,1.0
105,88,1.0
127,207,1.0
197,49,1.0
55,110,0.5
85,45,1.0
115,69,0.5
161,78,1.0
169,208,0.6
197,49,1.0
169,82,1.0
118,54,1.0
18,105,1.0
105,24,1.0
85,63,1.0
126,60,1.0
105,96,0.5555555555555556
131,159,1.0
92,73,1.0
117,131,1.0
160,96,0.25
214,77,1.0
150,219,1.0
105,96,0.5555555555555556
111,54,1.0
137,78,1.0
111,136,1.0
206,140,0.3333333333333333
26,114,1.0
159,29,1.0
92,60,0.2727272727272727
55,207,0.3333333333333333
223,73,1.0
34,60,0.14285714285714285
115,183,0.3333333333333333
105,208,0.5
123,84,0.3333333333333333
160,131,1.0
126,69,1.0
49,124,0.5
126,100,1.0
140,29,1.0
140,82,1.0
85,212,1.0
197,96,0.8
176,183,0.3333333333333333
60,160,1.0
110,69,0.3333333333333333
48,96,0.5555555555555556
85,18,1.0
26,221,1.0
100,120,0.6666666666666666
69,77,0.5
184,92,1.0
85,219,1.0
49,136,1.0
18,124,1.0
136,219,1.0
137,96,0.5
183,102,0.6
99,48,1.0
143,54,1.0
92,208,1.0
173,100,0.5
140,96,1.0
121,123,1.0
176,143,0.125
60,55,0.2
85,127,1.0
206,191,1.0
100,30,1.0
63,120,0.5
118,82,1.0
176,183,0.3333333333333333
88,96,0.5
92,77,1.0
184,151,1.0
170,219,1.0
169,157,0.5
173,26,1.0
85,115,0.5
214,67,1.0
159,157,1.0
92,176,0.2
88,78,1.0
170,167,1.0
69,45,0.25
100,120,0.6666666666666666
149,77,1.0
85,149,0.3333333333333333
65,128,1.0
209,15,1.0
60,102,0.6363636363636364
48,223,1.0
92,29,1.0
96,223,0.3333333333333333
29,167,1.0
29,201,1.0
15,159,1.0
179,102,0.3333333333333333
67,100,0.5
169,151,1.0
137,223,1.0
159,124,1.0
54,209,0.6
54,219,1.0
212,2,1.0
123,102,1.0
60,69,0.625
201,124,1.0
197,209,0.3333333333333333
111,96,1.0
96,167,1.0
149,110,0.4
207,102,1.0
85,69,0.3333333333333333
49,54,0.3333333333333333
49,208,0.6
183,34,0.3333333333333333
209,191,1.0
176,179,1.0
126,207,1.0
209,12,1.0
208,88,1.0
137,2,1.0
126,67,1.0
69,120,0.6
54,96,0.6666666666666666
184,208,1.0
197,124,1.0
117,48,0.7142857142857143
179,102,0.3333333333333333
96,24,1.0
120,77,1.0
178,48,1.0
149,102,0.07692307692307693
126,120,1.0
143,60,0.5
209,88,1.0
149,84,0.2
207,69,1.0
150,201,1.0
88,78,1.0
179,77,1.0
177,26,1.0
143,92,1.0
176,45,0.3333333333333333
60,183,0.09090909090909091
176,69,0.8181818181818182
128,5,1.0
197,170,1.0
200,126,0.3333333333333333
184,15,1.0
118,209,1.0
208,73,1.0
137,184,0.2
54,2,0.3333333333333333
149,77,1.0
197,157,0.3333333333333333
137,12,1.0
183,69,0.75
143,208,1.0
197,212,1.0
126,60,1.0
178,167,1.0
18,49,1.0
197,49,1.0
117,96,1.0
92,140,1.0
147,114,0.3333333333333333
206,96,1.0
92,102,0.5
88,29,1.0
169,170,1.0
100,110,0.14285714285714285
154,167,1.0
123,77,1.0
34,149,0.8181818181818182
209,29,1.0
169,48,1.0
132,136,1.0
105,157,1.0
140,159,1.0
200,207,1.0
149,110,0.4
179,77,1.0
159,212,1.0
209,96,0.5
29,132,1.0
63,115,1.0
197,159,1.0
215,193,1.0
173,100,0.5
137,96,0.5
45,149,0.38461538461538464
126,55,1.0
63,102,1.0
92,123,0.5
160,99,1.0
176,207,0.2
67,149,0.2
54,96,0.6666666666666666
137,160,1.0
197,223,1.0
176,100,0.16666666666666666
92,96,1.0
60,78,1.0
34,102,0.6
183,69,0.75
184,157,0.5
208,215,1.0
88,178,1.0
159,215,1.0
92,219,1.0
92,45,0.6666666666666666
150,124,1.0
92,77,1.0
85,179,1.0
173,156,1.0
78,136,1.0
100,192,1.0
117,96,1.0
183,120,1.0
206,12,1.0
184,223,1.0
154,193,1.0
67,69,1.0
137,124,1.0
49,78,1.0
26,149,0.4
88,215,1.0
117,193,1.0
169,136,1.0
117,88,1.0
123,102,1.0
169,96,0.7142857142857143
126,115,1.0
177,200,1.0
183,85,0.14285714285714285
140,154,1.0
176,30,1.0
111,82,1.0
92,45,0.6666666666666666
92,120,1.0
191,193,1.0
60,192,1.0
208,132,1.0
126,183,1.0
137,184,0.2
123,84,0.3333333333333333
99,131,1.0
49,96,0.8
140,178,1.0
208,82,0.3333333333333333
54,159,0.6
126,183,1.0
49,82,1.0
117,208,1.0
85,127,1.0
67,102,1.0
209,191,1.0
92,26,1.0
100,77,1.0
184,88,1.0
96,201,1.0
197,140,0.3333333333333333
170,136,1.0
117,88,1.0
202,179,1.0
117,170,1.0
160,96,0.25
137,78,1.0
1,198,1.0
140,96,1.0
55,110,0.5
85,215,1.0
48,170,1.0
49,54,0.3333333333333333
126,143,1.0
105,209,0.6
161,191,1.0
49,82,1.0
1,5,1.0
149,110,0.4
137,49,0.6
197,105,0.3333333333333333
147,221,1.0
207,45,1.0
92,78,1.0
105,170,1.0
60,45,0.5
34,63,1.0
105,159,1.0
178,78,1.0
160,193,1.0
100,179,0.42857142857142855
157,73,1.0
92,63,1.0
123,77,1.0
60,48,1.0
99,2,1.0
127,110,1.0
143,18,1.0
143,60,0.5
137,191,1.0
124,78,0.3333333333333333
85,167,1.0
184,2,1.0
197,2,1.0
149,127,0.05263157894736842
157,151,1.0
88,136,1.0
137,124,1.0
105,157,1.0
111,137,1.0
92,77,1.0
100,149,0.5
114,221,1.0
54,208,0.3333333333333333
126,34,1.0
85,55,1.0
84,198,1.0
100,102,0.1111111111111111
2,131,1.0
212,54,1.0
206,209,1.0
209,124,1.0
60,24,1.0
34,60,0.14285714285714285
60,197,1.0
197,96,0.8
127,120,1.0
150,215,1.0
85,55,1.0
48,96,0.5555555555555556
150,49,0.3333333333333333
117,124,1.0
206,169,0.7142857142857143
26,69,1.0
169,96,0.7142857142857143
176,127,0.6
85,84,1.0
60,100,0.2857142857142857
55,69,1.0
179,149,1.0
92,60,0.2727272727272727
126,149,0.6363636363636364
143,85,0.3333333333333333
26,200,1.0
209,167,1.0
184,197,1.0
85,127,1.0
214,121,1.0
176,85,0.42857142857142855
60,77,1.0
159,132,1.0
117,96,1.0
117,124,1.0
123,149,0.45454545454545453
126,102,1.0
92,167,1.0
100,149,0.5
117,83,1.0
85,111,1.0
85,49,1.0
45,102,0.2
123,69,0.2
206,96,1.0
34,60,0.14285714285714285
55,69,1.0
209,96,0.5
159,170,1.0
131,88,1.0
170,191,1.0
111,208,1.0
60,150,1.0
55,149,0.05263157894736842
67,26,1.0
143,49,1.0
100,149,0.5
208,96,0.09090909090909091
100,149,0.5
207,60,0.3333333333333333
197,159,1.0
85,100,0.75
100,102,0.1111111111111111
82,78,1.0
88,96,0.5
149,77,1.0
197,140,0.3333333333333333
177,149,0.6
177,149,0.6
137,96,0.5
140,18,0.3333333333333333
26,77,1.0
45,149,0.38461538461538464
92,100,0.5
207,192,1.0
92,26,1.0
202,120,1.0
60,170,1.0
140,154,1.0
200,220,1.0
127,110,1.0
26,60,0.5
100,149,0.5
200,123,0.3333333333333333
105,96,0.5555555555555556
184,206,1.0
60,85,0.06666666666666667
26,77,1.0
29,170,1.0
110,200,0.3333333333333333
197,209,0.3333333333333333
143,177,1.0
60,55,0.2
48,201,1.0
85,78,1.0
60,55,0.2
184,197,1.0
150,78,1.0
159,78,1.0
197,49,1.0
55,149,0.05263157894736842
178,124,1.0
96,124,0.5
18,160,1.0
15,78,1.0
45,127,0.6
183,26,1.0
183,85,0.14285714285714285
55,149,0.05263157894736842
85,160,1.0
100,220,1.0
183,63,1.0
117,88,1.0
137,160,1.0
200,60,0.25
60,45,0.5
60,179,0.5
54,201,1.0
137,49,0.6
184,157,0.5
92,149,0.38461538461538464
208,24,1.0
149,207,0.3333333333333333
105,96,0.5555555555555556
197,208,1.0
60,45,0.5
157,209,0.5
85,84,1.0
200,149,0.4
60,63,1.0
183,149,0.14285714285714285
92,60,0.2727272727272727
209,215,1.0
123,192,1.0
208,12,1.0
202,115,1.0
60,45,0.5
137,159,0.42857142857142855
176,123,0.5
99,54,1.0
190,162,1.0
117,223,1.0
127,77,1.0
159,12,1.0
18,208,1.0
15,151,1.0
96,12,1.0
176,183,0.3333333333333333
60,49,1.0
67,149,0.2
156,121,1.0
85,149,0.3333333333333333
157,78,1.0
184,96,0.7777777777777778
149,77,1.0
111,219,1.0
126,149,0.6363636363636364
49,54,0.3333333333333333
2,96,0.2
176,77,1.0
140,78,1.0
117,96,1.0
126,60,1.0
159,223,1.0
169,160,0.6666666666666666
149,63,0.6
92,124,1.0
96,78,0.8
111,178,1.0
176,149,0.2
54,12,1.0
55,102,0.2
223,78,1.0
208,193,1.0
2,208,0.3333333333333333
157,96,0.14285714285714285
176,127,0.6
149,77,1.0
206,223,1.0
118,140,1.0
173,207,1.0
85,208,1.0
48,191,1.0
60,100,0.2857142857142857
55,149,0.05263157894736842
34,60,0.14285714285714285
197,150,1.0
126,102,1.0
100,84,0.2
197,111,1.0
208,191,1.0
105,96,0.5555555555555556
200,69,0.6666666666666666
15,131,1.0
67,34,1.0
69,100,0.09090909090909091
159,157,1.0
159,24,1.0
177,127,1.0
99,12,1.0
143,63,1.0
110,30,1.0
105,131,1.0
143,105,1.0
126,60,1.0
55,26,0.5
115,183,0.3333333333333333
18,49,1.0
184,215,1.0
100,149,0.5
161,82,1.0
121,77,1.0
100,149,0.5
2,219,1.0
88,170,1.0
29,154,1.0
118,184,1.0
206,96,1.0
67,26,1.0
92,78,1.0
184,208,1.0
73,12,1.0
198,221,1.0
212,208,1.0
54,193,1.0
202,63,1.0
179,149,1.0
176,60,0.375
176,69,0.8181818181818182
176,60,0.375
105,88,1.0
143,2,1.0
143,149,0.2
99,209,1.0
126,183,1.0
54,132,1.0
177,127,1.0
55,192,1.0
118,48,1.0
34,69,0.6666666666666666
26,1,1.0
100,102,0.1111111111111111
30,220,1.0
176,179,1.0
115,55,1.0
34,192,1.0
206,208,0.5
96,78,0.8
67,60,0.6
126,67,1.0
183,34,0.3333333333333333
84,1,1.0
82,170,1.0
154,208,1.0
184,191,1.0
212,124,1.0
140,193,1.0
92,170,1.0
124,136,1.0
100,123,0.25
140,191,1.0
178,170,1.0
67,123,1.0
85,69,0.3333333333333333
209,136,1.0
150,178,1.0
137,99,1.0
149,69,0.4444444444444444
96,12,1.0
149,69,0.4444444444444444
206,170,1.0
60,77,1.0
60,214,0.5
207,156,1.0
140,170,1.0
18,49,1.0
169,118,1.0
209,215,1.0
100,77,1.0
143,179,1.0
105,73,1.0
92,26,1.0
173,69,1.0
157,209,0.5
115,69,0.5
85,88,1.0
126,34,1.0
105,167,1.0
105,160,0.3333333333333333
85,48,1.0
18,82,1.0
176,143,0.125
176,30,1.0
184,96,0.7777777777777778
132,78,1.0
15,2,1.0
88,159,0.3333333333333333
18,96,1.0
123,69,0.2
149,102,0.07692307692307693
176,143,0.125
48,96,0.5555555555555556
173,200,1.0
209,15,1.0
63,207,1.0
131,191,1.0
67,102,1.0
137,184,0.2
169,131,0.5
131,96,0.3333333333333333
184,208,1.0
169,49,0.6363636363636364
176,100,0.16666666666666666
110,121,1.0
29,78,1.0
131,49,1.0
161,209,1.0
212,105,1.0
149,192,1.0
85,45,1.0
48,96,0.5555555555555556
140,49,0.3333333333333333
126,183,1.0
96,151,1.0
15,96,0.3333333333333333
96,132,1.0
159,124,1.0
140,24,1.0
183,100,1.0
92,214,1.0
207,69,1.0
137,49,0.6
206,154,1.0
100,149,0.5
60,127,0.6
143,69,1.0
177,45,1.0
173,127,1.0
209,73,1.0
169,49,0.6363636363636364
149,192,1.0
67,102,1.0
206,49,1.0
100,30,1.0
159,208,0.5
2,159,1.0
117,191,1.0
179,120,0.5
120,30,1.0
85,178,1.0
24,48,1.0
131,73,1.0
45,26,0.3333333333333333
84,162,1.0
78,167,1.0
96,191,1.0
126,207,1.0
115,60,0.14285714285714285
84,77,0.5
147,5,1.0
88,96,0.5
126,60,1.0
121,120,1.0
92,88,1.0
159,49,0.14285714285714285
92,192,1.0
124,191,1.0
202,115,1.0
197,54,0.5
206,137,0.2
137,96,0.5
179,26,0.3333333333333333
-1,-1