28997,7
28996,8
28998,7
19399,7
19398,8
5980,7
132641,8
5987,7
132644,6
19390,7
22260,8
61171,7
25062,8
25061,8
25069,8
120434,7
6797,7
6791,7
6799,8
61941,7
25285,7
25282,8
25283,6
16705,7
124174,6
116787,7
17252,7
17254,8
17255,7
17256,7
63026,6
9258,7
9259,8
9256,7
63029,8
24881,8
24880,8
24888,8
26022,8
26021,7
26020,8
64902,9
64455,7
124355,6
64901,7
124359,6
124358,6
133346,7
135966,6
135965,6
61179,8
63812,8
122061,7
14624,7
14626,6
122060,8
14622,8
14623,7
14628,8
14629,7
62885,9
62884,8
105456,7
62889,8
106628,7
61206,7
112042,7
18705,8
62088,7
122382,8
122380,7
143176,8
137641,6
133525,8
137642,8
137861,7
29818,8
29762,7
1177,8
1173,7
23050,8
23500,7
29436,6
31232,8
29108,7
31230,8
29921,8
31234,7
7180,7
7183,8
29105,7
7185,7
29107,8
8549,8
8017,7
65881,8
8014,7
65884,7
65886,8
65887,7
66504,7
66507,7
126601,7
126600,7
65084,8
65087,7
65088,7
10884,8
60902,8
60900,8
60901,7
60906,8
8290,8
8293,7
24708,8
24704,8
65264,7
65266,8
13619,8
13614,8
13616,8
13611,9
4723,7
11289,8
5841,8
11286,7
28253,6
13531,7
4622,7
13532,8
28704,8
29264,7
16394,8
63907,8
63901,8
17654,7
62501,7
62506,7
64029,6
64028,9
13289,7
13288,8
64021,6
13286,7
64023,8
13282,8
118321,6
113141,8
63674,9
140421,7
138181,7
10390,9
10391,6
16936,8
16932,7
16938,7
6217,7
6215,6
6214,7
12222,7
15708,8
15709,7
29376,8
29374,7
10574,7
21427,8
21423,7
16439,7
21429,8
30628,7
119216,7
119217,7
30625,7
7668,8
7662,8
7665,7
1762,8
1766,7
29594,7
29592,8
108453,7
1545,7
14470,9
11115,8
63930,8
14477,8
15160,6
8716,9
8717,7
31574,8
13842,7
63935,7
31578,7
5619,7
122534,7
130400,6
110575,7
110576,7
19538,8
11564,7
11566,7
63023,7
22248,6
25739,7
25737,7
25047,8
6774,7
6773,7
9963,7
9969,8
65697,7
65693,6
19911,7
16721,7
16727,7
64614,7
64615,8
63046,7
63044,8
9504,8
65521,7
65527,6
65526,8
141459,7
2518,7
64929,8
64924,7
64925,8
64927,7
26045,7
26044,7
135945,6
125461,7
22810,8
3532,8
22817,7
22815,7
5050,7
26026,8
14640,8
18549,6
14863,7
18545,8
1099,8
62317,7
122015,8
62313,8
4162,8
13075,7
133326,8
133324,7
133325,6
133328,8
108846,7
29992,8
10185,9
137668,6
137662,7
137667,7
29746,6
132498,8
1154,7
30293,8
30291,8
30298,8
15111,7
15110,8
29127,8
25899,6
29121,8
25896,7
25895,8
25894,8
31748,6
31749,7
31745,8
31214,8
31743,6
8031,8
8030,7
12589,8
12850,7
8521,8
12580,8
12587,6
12854,8
66564,8
127281,7
127282,6
22657,8
61786,7
65068,6
65069,7
65064,7
65062,7
22659,8
65060,8
22383,7
23898,8
60928,7
110962,7
13988,8
60923,8
4292,7
23387,8
24767,6
61253,7
61255,8
61257,6
61256,7
4742,7
4740,8
6207,7
5860,7
5862,7
23774,7
25385,8
4608,7
2184,7
4607,7
2189,7
4605,7
4600,7
13510,7
121979,7
15343,7
30915,7
64555,8
64554,7
124254,7
64004,8
64550,8
64001,7
64552,7
6900,7
64009,7
118307,7
118304,8
118302,8
128620,6
6185,7
140441,7
27791,8
8133,8
140445,8
9191,6
9194,8
10379,7
10374,7
7238,7
63789,8
63781,7
63782,8
16910,7
6239,8
12206,7
10565,8
63525,7
121755,7
63527,9
10519,6
9778,7
9774,7
9777,7
29353,8
9771,7
121759,7
29356,6
63258,8
8867,6
8864,6
14985,8
19150,7
62781,7
62784,8
108695,8
1704,6
1706,7
30416,8
15854,7
15855,7
15853,7
138309,7
15859,8
120193,7
14457,7
14324,6
11135,7
14450,7
14459,6
17982,8
28408,8
62122,8
62123,8
3028,8
28403,8
3026,8
3024,8
62129,7
30600,7
111020,7
30350,7
30603,7
115077,7
30354,7
30355,7
30608,8
8734,7
31009,7
31554,8
13866,7
4194,7
13864,8
4193,7
110771,7
5671,8
111976,8
111974,8
126836,7
66046,8
66049,7
130421,7
136307,7
23714,8
6437,7
8193,7
6435,7
12445,8
6433,7
8194,7
12441,7
8199,8
6756,7
9942,9
9940,7
134932,6
19932,7
16747,8
27920,8
16748,7
121136,7
117298,8
12053,6
62928,8
64638,7
64639,8
25711,8
64630,7
126320,6
25719,8
64637,6
21659,8
121562,7
121560,7
122736,7
65548,7
127234,8
65541,8
62437,8
27790,8
26067,7
26064,7
64491,8
26061,8
134308,8
2538,8
61730,7
64942,7
2536,7
2537,6
126297,7
17166,8
5079,8
17160,7
5073,7
5071,8
5074,7
22837,8
137864,6
113530,9
113533,8
9563,8
10743,8
10740,7
18560,7
11832,8
62330,8
122034,7
62336,7
62335,8
13099,8
13092,8
112001,8
112004,7
112005,8
27828,7
20296,8
20297,7
27823,8
129419,6
129418,8
9380,8
29728,7
65927,8
15133,8
15135,8
31766,7
31761,8
31762,8
31763,7
7146,7
7143,7
18746,7
12877,8
30017,7
30016,8
2883,7
2886,7
2884,7
31495,8
2888,7
133871,7
24292,7
24293,7
126137,7
66235,7
66544,7
24295,7
61019,7
26523,7
26520,7
24746,8
24747,8
24749,8
28678,6
28675,8
28676,7
28895,8
14401,7
4764,7
4769,7
4768,8
11249,9
11247,8
65045,7
65042,7
5802,7
19742,7
65048,7
116806,8
64799,7
29101,7
110239,7
25364,8
25362,8
11793,8
11796,7
65220,8
65957,8
65226,7
65228,8
65958,7
61278,8
25509,8
25508,8
16689,7
16684,7
16686,7
16681,8
10353,7
4881,7
4885,8
7964,7
9173,7
9171,8
9170,7
61901,8
61900,8
61903,6
16974,7
17081,7
17080,6
6259,7
12262,8
12263,7
105365,7
105364,8
12266,7
10530,7
113274,8
10534,8
113270,7
63501,8
9718,7
63507,7
63504,8
125054,8
9715,7
24100,7
24101,7
24105,8
8543,8
8542,8
26852,6
30175,8
133469,6
133468,8
1728,7
1722,7
13135,7
138321,8
122114,8
28461,7
28460,8
3007,8
28462,7
18358,7
28180,8
3002,8
7935,8
14309,8
9459,8
62109,8
62107,8
62100,7
1587,7
62102,8
1585,8
30379,6
9455,8
111000,7
111005,7
66686,7
66682,9
66681,8
66680,8
31022,7
31533,7
31535,8
31534,7
31537,8
31536,7
132518,7
13341,7
28285,9
66062,7
28287,8
66065,8
23220,7
23227,7
23224,7
61489,8
61481,7
15306,8
127180,7
30950,8
6410,7
61487,8
7773,8
7772,6
3917,8
19486,7
3918,7
117768,6
8317,8
6736,7
6737,7
115946,7
110532,8
110533,7
9921,8
9922,8
19262,7
16769,7
16763,7
22177,8
12077,8
12075,9
6081,7
25776,7
25777,7
25774,7
25778,7
65561,8
24825,7
21675,7
65569,7
3647,8
3643,7
2553,7
64964,8
2555,8
2556,7
2558,8
64507,6
14934,8
5018,7
135986,8
116144,7
17145,7
17140,7
17142,7
25194,7
63800,8
4418,7
4415,8
4412,8
125601,8
9548,8
9549,8
9545,7
62351,8
14828,8
14822,8
14820,8
14827,7
14824,7
64210,7
20109,7
21499,8
132980,7
27842,8
27847,8
27845,8
137803,8
137801,8
29709,6
29708,8
29707,7
29254,7
29705,9
29250,8
29701,8
29252,8
11815,8
11811,7
11818,8
11819,8
15153,8
15159,7
109425,7
109423,8
29395,7
31702,7
31703,8
31706,8
31707,7
7163,6
7161,7
8079,7
30032,8
12898,7
12895,7
8073,7
109683,8
123099,7
123094,6
123097,9
1447,8
1444,8
28078,6
1440,8
23034,7
1449,8
22619,8
22612,7
22345,7
129839,6
6338,8
28616,8
31456,7
8264,8
8265,8
4783,8
5847,8
5823,7
23697,7
5824,8
5826,7
118734,7
11264,7
61071,9
65021,6
65026,7
65027,7
61077,7
127575,7
116826,7
25691,8
25342,6
25341,7
25340,7
25694,7
10453,7
121938,9
23961,8
65979,8
127799,7
127797,8
61296,7
65971,7
65972,9
65973,8
25526,7
25523,8
64515,8
25528,7
6431,7
10458,7
12796,8
10332,7
10331,7
31625,7
16405,7
16955,7
16956,7
16401,6
9483,6
16959,7
9481,6
63741,9
7906,7
63742,7
61923,7
61922,7
61921,8
122918,7
31150,8
122917,7
122915,8
21440,8
135844,7
114524,7
63291,9
63290,6
63297,7
125034,8
22978,8
22974,8
22972,7
138129,8
112095,6
138127,7
138126,8
138121,8
138123,8
138122,8
30671,7
14148,7
13163,8
14145,7
5229,7
13114,8
138341,8
66597,7
138343,8
138342,8
138345,6
138347,7
138346,6
3063,9
14368,7
14363,8
14490,8
11328,8
62168,7
62169,8
62162,8
122263,7
62167,7
64602,8
2595,7
118503,8
118502,7
118504,7
66660,8
25356,8
111282,7
111287,7
29066,7
129629,7
29061,8
129623,6
129624,7
29068,8
29069,8
23752,7
23753,8
1300,7
9248,7
66000,8
28917,8
28916,7
66004,8
107528,7
123137,7
30939,7
30932,7
15363,7
6471,7
121555,7
12407,6
15364,8
110732,8
31515,7
31045,6
7758,8
113093,7
7750,8
3937,8
3933,7
8333,9
8334,7
6716,8
6717,9
6710,7
29553,8
9904,8
61642,6
25353,7
24466,7
24463,7
24468,8
19209,7
119756,8
119753,8
22404,7
13756,7
13759,8
13758,7
24893,8
25754,7
25757,8
24809,6
3662,8
65585,8
65587,7
65580,7
12815,7
2577,6
2574,8
64985,8
2573,6
130398,6
130399,7
11455,8
11456,7
11450,7
5038,7
3594,8
5032,8
64186,7
124684,8
64184,7
64182,8
4430,8
124683,8
13323,8
17120,7
13328,7
13329,7
116610,7
118084,7
118081,8
13025,8
140837,7
136645,7
62809,8
62378,8
62377,7
62804,7
122077,6
63233,7
124050,7
61407,7
124534,7
64231,7
63825,7
121474,7
29278,8
63172,7
63170,7
29276,8
63178,8
29274,6
11872,8
112623,8
8925,7
112626,7
11877,8
112624,7
18835,7
109919,8
30239,7
30584,8
30234,8
15174,8
15173,8
30233,6
7106,6
7107,7
28034,8
31720,6
31725,8
28118,7
18788,7
1686,7
30059,7
111631,8
30055,8
29988,7
29984,7
66272,7
66275,7
66278,7
28058,8
1468,6
1465,7
28585,7
24781,8
24782,9
24783,8
13922,9
114370,6
4230,7
28630,8
28632,7
5594,6
5597,7
28637,7
13693,7
66496,9
66497,8
12226,6
13902,7
132702,6
65008,7
27788,6
22360,8
61059,8
61725,7
6213,8
27783,8
61726,6
61721,7
27784,8
65006,8
27786,7
25320,7
25322,8
60898,7
60899,6
60894,8
120794,8
60893,8
23945,8
23943,6
23940,8
23948,8
8699,7
65911,7
65916,7
65915,8
2299,8
2290,7
2295,8
19694,7
10916,7
10917,8
17337,8
7291,6
7922,7
7923,7
7921,7
63769,7
63768,7
63763,7
63766,7
63765,8
6297,8
6293,8
64536,7
64535,8
64534,8
64539,8
64538,7
63815,7
63814,8
63543,7
63541,8
125014,7
135865,7
135864,7
3439,8
22957,8
2034,8
2033,7
4595,7
4844,8
4598,8
4847,8
4842,7
4843,8
63278,8
133425,7
133424,8
14169,8
11991,7
62490,6
62491,7
62497,8
62494,7
62495,8
13174,8
11191,6
14340,6
3048,6
62634,7
122536,8
62632,8
3041,7
13418,7
115766,8
1094,7
1095,8
66649,7
66648,7
66643,8
66393,7
66392,8
66646,7
109581,7
109580,8
109584,7
111479,7
29517,9
29514,7
29515,8
29511,7
28938,7
1327,7
28933,8
28930,7
28937,8
23776,8
23777,7
30910,7
12421,7
8681,7
8687,8
15346,7
115181,9
109764,7
6908,6
7733,8
31062,7
2393,7
8358,7
121835,6
8350,7
8357,7
66027,8
24441,8
24440,8
24447,7
126322,6
24449,8
61556,6
61557,6
61552,7
61550,6
65615,8
65611,7
65610,7
61558,7
22139,7
119736,6
4062,7
4060,7
13776,8
4065,7
5785,8
5786,7
5783,7
5788,7
27938,7
25900,8
3607,7
17101,8
17105,8
17106,7
13342,8
13340,7
4450,7
4456,6
130048,7
130049,6
30226,8
130043,7
130040,7
130041,8
24860,7
118228,7
62829,8
62823,8
62822,6
62821,8
62826,8
128740,7
16855,8
125975,8
125976,7
16853,7
125978,7
6334,8
6335,7
6331,7
6333,8
12169,7
27886,7
27882,8
29211,7
10452,9
10451,7
10109,7
29217,7
9673,8
129120,6
21763,6
63154,7
63156,7
63157,7
8901,8
11856,7
8902,7
30219,8
30215,8
30214,7
113917,8
7127,7
7124,6
7123,6
7121,7
1663,8
1661,7
115519,7
115516,8
2829,7
24278,7
3384,7
5417,7
5412,8
1408,8
13906,8
4213,8
18100,8
114351,8
5578,6
5572,8
111874,8
30072,8
5798,8
62592,8
31300,8
28351,7
11228,7
11225,7
11220,7
19054,7
25906,8
22306,8
62599,6
61703,8
22308,8
61706,7
25655,8
25302,6
65930,8
65280,9
65286,6
65287,8
66414,7
65937,8
13840,8
16629,8
16620,8
6109,6
105126,8
12756,8
12757,8
6104,7
6102,8
6100,7
64733,8
64884,6
124036,7
64734,7
124034,7
64739,7
64738,7
124038,6
64888,7
63700,8
16996,8
121201,8
63705,8
16991,7
63707,8
63708,7
9445,8
9112,7
9443,7
65426,7
65424,8
61960,9
7959,7
16441,7
105698,7
105559,8
64088,7
21487,8
63836,7
21488,7
3416,8
3413,8
3410,7
135805,6
21374,7
3419,8
116245,7
12821,7
2019,7
13481,7
10938,8
4860,7
2011,8
13484,8
4864,7
18484,6
64881,8
14108,6
17715,7
13155,8
13151,7
13158,8
10597,7
10598,8
10599,9
102617,7
112168,8
17908,7
63702,7
62618,9
20423,8
122514,7
62612,7
62613,9
30688,7
16992,7
115747,8
30685,7
12992,7
12994,8
29533,7
29028,7
29029,8
30546,8
29022,7
29021,8
65421,7
15414,8
6924,8
15417,8
6922,7
7711,6
26747,8
7718,7
8386,7
66623,8
114835,8
66628,8
61390,7
61392,7
61393,8
61394,7
61396,6
61397,7
61398,6
61399,8
2889,8
28775,7
24428,7
28955,8
28770,7
28958,7
28778,7
22447,7
61574,8
61575,8
127075,7
65630,8
61570,7
61571,8
61573,7
119714,8
13710,7
13712,7
13714,7
13716,7
3971,7
19420,7
126814,7
19427,8
19428,8
3622,7
3625,8
110330,8
140569,8
13369,7
25465,7
25462,7
25460,6
13365,9
4477,7
4476,6
113028,8
118042,7
113026,7
24846,7
24844,7
24843,8
24842,7
24841,8
24840,8
64271,9
2467,7
64275,8
64279,7
24771,8
16872,7
16878,8
12143,7
6313,7
12141,6
6311,8
6314,7
12144,7
134744,7
10438,8
9650,7
9305,7
10121,8
29233,7
9302,7
10124,8
63138,7
121437,7
63135,7
62846,7
8964,7
25731,8
1641,7
1642,7
112088,8
29492,8
29497,7
29948,8
119081,7
29946,8
29940,7
29942,8
24216,9
2802,7
2803,8
24219,8
2807,7
5432,8
112888,8
62266,7
62261,7
3369,8
62263,8
62262,7
3365,7
3366,6
5439,7
62268,8
28016,7
30277,7
4273,6
13963,8
4275,8
4274,6
4279,6
5557,7
13480,7
5559,7
13483,8
106900,6
30098,7
30095,8
30094,7
8582,7
30093,7
130520,7
114484,8
31326,7
110106,9
110100,7
5885,8
8093,8
5888,8
61763,8
30891,9
15060,7
6552,8
61766,8
27747,8
30899,8
25923,7
25922,8
25921,8
129850,7
25929,7
22325,6
28278,7
130298,8
25671,6
25670,7
25676,7
23989,8
23988,8
109043,8
7504,8
7506,6
9882,8
7503,8
16605,7
16601,7
12775,8
61187,7
61181,7
11074,8
127480,7
127481,8
61188,8
120063,7
64865,8
124015,6
64867,8
64861,7
64863,6
63728,8
63724,7
140798,8
61988,6
24982,8
24980,7
61980,8
61982,8
16729,7
120093,8
2259,7
25586,8
2255,8
5848,7
4093,8
24186,7
24184,8
24185,8
121080,7
63581,7
121083,8
63857,8
4090,7
22913,8
2785,7
4801,8
2787,7
2783,8
4807,7
4809,8
116224,8
9465,7
9466,8
11600,7
2070,7
11609,7
14129,7
27981,7
27980,8
62984,7
122754,8
62982,7
27988,8
14383,8
14382,8
14380,8
112410,7
14385,8
14384,7
62670,8
66586,7
133170,7
12977,7
12972,7
29001,7
29550,8
7085,7
7086,7
6497,7
8173,8
122519,7
8176,6
6948,6
15470,8
66102,7
126056,7
66354,8
66602,7
66352,7
61376,7
127674,7
8390,6
61159,6
119696,7
24407,6
24405,6
24402,8
4390,7
64038,7
24409,6
28753,8
28209,8
1363,7
1360,7
28754,8
28976,8
28975,8
28206,6
28200,7
28970,7
61518,8
61519,8
61513,6
61516,8
22461,7
13733,8
13730,7
13292,7
4029,8
19158,7
19155,8
19156,7
19402,7
19152,8
118126,8
118122,7
118121,8
65875,7
65657,7
65872,8
65658,8
118738,7
119993,7
106350,7
25118,7
25119,8
25115,6
25110,8
25111,7
126976,8
8551,7
124599,6
124598,8
2444,7
64296,7
124594,7
2448,6
64292,8
8095,7
7866,8
7862,8
12521,7
61584,8
117323,7
15203,6
16813,8
15202,7
6379,7
6370,7
12123,7
12122,7
12125,8
12124,8
6376,7
12126,8
10417,7
10411,7
63447,7
63445,7
63442,8
121415,7
121142,8
137883,8
137881,6
63448,8
9325,7
8947,8
141057,6
62865,7
62864,8
62860,8
125240,7
21238,6
3206,7
1992,7
1995,8
5187,8
1998,8
138464,8
138465,7
138466,8
134764,6
138469,6
29968,7
29965,8
29964,8
28564,7
28563,8
24232,7
24233,8
24234,8
62243,7
122143,8
3342,8
3343,7
5456,7
30259,8
30257,8
30255,8
31129,8
4251,8
13941,6
13942,7
31122,7
31692,7
28690,6
5530,7
28696,7
28697,7
5539,9
28699,7
111839,8
66163,7
23616,6
6573,7
6571,7
6574,7
6575,7
61746,8
61745,8
61744,7
27766,8
27765,8
7694,8
7696,7
29616,8
7691,7
29613,7
29612,7
29619,7
25944,6
25946,7
3835,8
3833,7
7526,7
7525,7
16664,7
16665,8
16668,7
12713,8
6140,8
12717,7
8113,8
14647,8
10974,8
64848,8
62919,8
60835,8
128599,7
16488,9
21118,7
65469,7
65463,8
65466,7
65464,7
2271,8
2270,7
64597,7
138613,7
17534,7
116209,7
2052,8
2054,8
4828,7
30061,9
4826,8
2058,8
13440,7
13443,7
13442,7
9403,8
9402,7
7982,7
7985,8
10621,8
62471,8
62472,7
62473,8
8599,7
11976,8
122778,7
64334,8
124434,7
124435,7
27969,6
64330,7
64332,8
27965,6
17753,7
27960,8
13198,7
13193,7
120955,7
120956,7
121761,6
14369,8
63874,7
63871,7
63870,8
125529,7
125528,8
62650,7
62654,7
62655,8
10085,7
10086,8
7329,8
12955,8
12956,7
12950,8
7067,7
7066,7
7065,8
7063,7
107672,9
30756,8
6963,7
12484,7
12485,7
15459,7
8627,8
8150,8
8151,8
24397,7
24396,8
24393,8
110804,8
31594,8
110800,8
110801,7
110802,7
31590,8
66379,8
66371,8
61688,8
61689,6
127381,7
61686,7
127384,8
61684,7
61685,7
9988,8
64176,8
64175,8
109380,8
11027,8
14506,8
66085,7
14503,7
28733,8
28735,7
28737,7
64351,7
11366,8
27908,8
11361,7
61355,7
61356,6
61350,7
61352,7
61359,7
110379,9
114698,6
136824,6
140528,8
64497,8
65853,7
65850,7
61534,8
129518,7
65679,7
65676,7
65858,7
65671,8
65670,8
25136,9
25130,8
25132,7
64102,8
64103,7
25422,7
118003,7
135165,7
8802,7
6682,7
61576,8
16837,8
121382,7
121381,7
7849,8
16832,8
63687,7
16839,7
16838,8
6357,6
61828,8
12108,8
9340,8
9614,7
9613,8
9346,8
9611,8
9619,8
63468,8
63466,8
63467,7
63461,7
63462,6
14883,8
137064,8
113425,7
14083,7
14084,8
3229,7
1979,8
1976,8
1974,7
3221,8
1971,7
1606,6
4001,8
138404,8
2849,7
2845,8
4005,7
5476,8
28501,7
14268,7
14269,8
28504,8
14260,8
5479,7
20075,7
62221,7
62225,7
115313,7
115310,7
115317,6
115314,8
5519,7
5518,8
5513,7
106418,7
62582,7
29901,7
1559,9
29904,7
29909,7
28342,7
66148,7
126718,7
126715,7
126714,7
126717,7
118797,8
136009,8
66410,7
118793,7
29129,9
25964,7
25961,7
17049,7
15027,8
30342,7
29634,7
29639,8
3813,7
23499,8
3814,8
8457,8
8455,8
109084,8
119154,8
120823,7
119153,7
13200,7
7549,7
31366,9
31567,8
16642,7
16643,7
6169,7
12730,7
12734,8
65194,7
109641,7
120717,7
64820,7
60812,8
10999,8
60818,8
120719,7
10991,9
24617,7
24610,7
25635,7
25633,8
25632,7
24618,7
65440,6
65448,7
65449,8
21136,9
116597,7
22729,8
116592,8
2215,7
31811,8
6130,6
116770,6
116772,7
116773,9
133044,6
12581,7
25091,6
25096,8
25094,8
12855,9
25099,7
25098,7
4517,8
4515,8
11649,7
11641,7
11644,7
11646,6
5284,8
27948,8
64314,8
64319,7
20666,8
9772,8
63898,7
63895,6
63894,6
63896,7
63891,7
63890,6
63892,8
134044,7
7300,7
9289,7
9284,7
63099,7
29085,6
11910,6
29086,8
11919,8
111965,8
30193,7
7045,7
123994,6
123995,7
10200,6
123998,7
63324,7
63328,7
30778,8
30990,8
30775,8
30777,7
8606,7
8607,8
66313,7
24379,8
24378,7
24375,7
2982,7
24376,7
2986,8
127534,7
1013,7
61033,8
4351,8
4352,6
28717,7
28716,8
28714,7
28712,6
14525,8
14524,7
28249,6
28248,8
14529,7
106881,7
11340,7
11343,6
110683,7
110681,7
110685,6
5709,8
61332,8
61330,9
61335,7
61338,8
61339,9
111489,8
111488,6
6424,7
28866,8
118167,7
120297,8
2246,8
23809,7
65831,8
65833,6
65834,8
25150,7
4296,7
25157,7
25406,7
30969,7
16582,8
12697,9
12691,8
12698,8
116906,8
116905,8
10832,8
10839,8
1050,7
7828,8
19807,8
63669,8
63666,8
63667,7
63664,8
63665,8
63662,7
63663,6
63661,7
61803,8
64127,8
17180,8
119957,7
119956,7
17184,7
107446,7
21272,7
8987,7
63405,8
3798,7
3796,7
3793,6
2154,7
2150,8
2403,8
4988,8
1956,7
1951,8
14064,7
3243,8
3246,7
13259,8
12467,7
62755,8
62756,8
1487,8
122101,6
62201,7
62200,7
5496,7
14201,7
28524,9
5492,7
30561,8
30563,8
30565,7
12142,6
6310,8
113997,7
12140,7
112714,7
6315,8
112718,8
10618,8
29382,7
29381,7
29386,6
29929,7
29435,6
29434,7
29389,8
29388,7
29433,8
28388,8
14561,7
1228,8
30384,7
6534,8
109318,8
6531,7
30388,8
25984,6
25987,7
25981,8
25980,8
31166,8
31168,7
122315,8
29661,6
8479,7
8475,7
8470,8
7566,7
7564,8
7561,8
119174,7
119173,7
66435,8
110160,6
66438,8
31381,7
127174,7
61476,8
127179,7
22528,7
120773,7
120774,6
60875,8
64807,8
24637,9
65317,7
65310,7
65311,8
65313,8
141241,8
2230,8
2237,8
3497,8
4572,7
13407,8
13406,7
13409,6
4579,8
121436,7
2188,7
11669,7
24965,7
27921,6
62439,7
27925,6
27924,8
27927,8
62929,7
17795,7
27928,7
62924,7
62925,6
62922,7
62923,8
62921,8
25216,8
25212,7
64371,7
64375,7
113299,7
23592,7
122841,6
122845,8
7368,8
7369,7
7366,8
12317,8
11935,8
11934,6
11930,8
30177,8
12913,6
12915,8
30170,7
7022,8
107631,7
9004,7
10221,8
24037,8
24032,7
21519,7
62694,8
112473,8
62698,8
30718,8
134685,8
115121,7
30710,7
30714,7
7799,8
7798,9
24353,8
24352,6
24350,7
24356,7
1038,7
1034,8
23113,8
64516,7
4372,7
4371,7
4374,7
14549,7
11060,7
28265,7
11065,7
28260,8
15490,7
8666,7
8669,8
17890,7
111179,7
4083,7
114523,8
13794,8
4087,8
13798,8
31449,8
31448,7
126694,7
66599,8
19137,7
5723,7
5726,7
61444,8
61646,7
61647,7
61644,8
61314,7
61446,8
61640,8
61641,7
110400,7
60990,7
60993,7
60992,7
60994,8
61113,7
11499,7
8084,8
8087,7
65812,8
65810,7
140071,7
140073,8
25173,7
22823,7
16563,8
29496,8
12679,6
6649,7
12677,6
10813,8
10810,7
10816,7
63644,6
63645,8
63640,6
63643,6
7809,8
63648,7
65765,8
64483,8
64482,8
65768,8
12533,7
64480,7
61860,7
24660,8
61866,7
26247,6
26246,8
2390,8
64145,7
63422,7
21218,8
12964,8
2176,8
28018,7
3265,7
5129,8
62590,7
5125,8
61880,9
5122,7
120835,9
120301,8
116031,7
120839,6
112880,7
113609,7
13235,8
14221,7
14954,7
120302,8
14225,7
14227,8
122474,7
3362,8
17179,7
20036,8
30540,7
113460,8
6886,8
13962,8
1209,7
109338,8
30818,7
8272,8
29677,7
29676,8
29675,7
114958,7
31636,7
31634,8
31143,6
31144,6
31147,6
61723,8
6669,8
111723,7
111721,8
107325,7
7585,8
9804,7
7582,7
66452,8
66450,7
66451,8
66454,8
66455,7
66108,8
66459,8
22507,8
65158,8
65156,9
61102,6
4145,7
3855,8
65376,8
63939,8
121754,7
31858,7
29359,7
114777,7
31854,6
121757,7
5918,8
63252,7
64688,9
13427,8
64680,8
64682,7
4553,8
13421,6
11684,8
11687,7
65484,7
24907,6
65482,8
24909,7
65489,7
124326,6
64356,7
124324,7
124322,7
124320,7
124321,7
27906,9
27903,6
25236,7
25234,7
125583,8
16795,8
125584,7
16790,7
16791,7
128759,8
128758,7
6078,7
2616,8
2615,7
20488,8
7346,6
7343,6
10795,9
13432,8
10793,7
21686,8
21685,8
12338,8
12334,8
4546,8
29088,8
121662,8
29081,7
29082,7
10247,7
9023,8
18680,7
22882,7
29883,7
29886,7
2942,8
2940,8
5357,8
1056,6
30151,8
30152,8
31285,7
31289,7
14565,7
14563,8
24489,7
24486,7
24483,7
27748,8
62016,6
106846,7
3116,8
3114,7
62018,7
30732,8
8648,7
31462,8
31460,7
31467,8
124442,7
110645,8
124441,7
132405,6
132406,6
136186,8
11300,8
11301,8
11302,7
11304,8
140905,8
61664,8
28942,8
61661,8
61662,7
61669,7
25823,8
126417,6
66713,7
10195,7
28822,6
61592,6
61591,6
61596,7
127094,7
14182,7
117018,7
117019,8
12658,7
6661,8
12655,7
10877,7
1602,8
63990,9
16890,7
63621,7
63996,8
16896,7
63998,8
61840,8
65740,8
141636,7
64160,7
64161,8
64162,8
64163,7
64165,7
64166,8
21237,7
140904,7
21232,7
121493,6
63194,7
63195,7
63196,7
63197,7
1878,7
4941,7
138205,8
138201,6
138203,8
2111,7
2113,7
14027,8
1919,7
5109,7
17052,8
122678,7
62575,7
122677,7
122674,7
122675,7
62571,7
3282,7
62573,7
120816,7
120818,7
13219,7
10499,6
10498,7
14978,7
14790,8
14791,7
14793,7
14794,8
18234,7
62710,8
62712,7
62715,7
20548,8
133728,7
133729,8
133726,7
133724,8
15101,8
112759,9
112752,6
9880,7
112754,8
6865,8
6867,8
8257,9
8250,7
8253,7
1266,8
8789,8
30833,7
30832,7
30837,8
1913,7
30835,7
31614,8
30352,8
29698,7
29693,8
1914,7
114979,8
8431,8
8434,7
8439,7
119133,8
30358,8
133949,6
6127,8
126778,7
126773,7
6121,8
66476,7
61439,7
61129,8
61430,8
61433,8
61435,7
12597,8
24670,8
24671,7
4128,8
24675,8
24678,8
12593,9
4127,7
4124,8
5686,8
5680,7
11514,7
11511,7
11513,7
5978,8
65170,7
5973,6
5977,7
65179,7
17208,7
17202,8
25783,7
25781,8
25786,7
25789,8
25031,7
25033,8
140736,7
65350,7
65355,8
135044,6
24922,8
24925,7
24926,8
64402,6
2581,7
64409,8
64408,6
2589,8
64864,7
9058,8
64713,7
6053,7
10005,8
10000,7
10002,8
63377,8
10008,8
9599,6
20019,7
9225,8
9590,7
62962,8
62960,8
62966,7
62967,8
62965,7
12352,7
141178,7
118875,7
118876,8
10266,7
123937,6
63722,7
126654,7
9048,6
63388,7
63385,8
63384,7
63386,7
63381,7
134025,7
134026,7
21542,7
2960,9
29868,8
29864,8
137611,7
65404,8
24318,8
24316,8
24315,6
24312,8
108740,7
62382,8
1078,8
1076,8
5374,8
5377,7
1075,8
1072,6
62388,7
30130,7
30137,8
13003,7
61795,7
30138,7
65051,7
31267,8
4331,8
3130,7
14581,8
3138,7
14583,7
20204,7
20202,7
62036,8
62037,8
115163,7
31403,9
23577,7
5764,7
5763,7
61600,8
61608,8
25808,6
25804,8
25805,7
25807,8
66731,8
126434,7
1627,7
30974,8
5408,7
12519,8
12516,8
8195,8
7422,8
7420,8
12631,7
12635,8
12634,8
12637,8
6608,7
117032,8
117034,7
117035,7
117036,9
10857,7
135824,6
6733,6
110442,8
60955,6
120655,7
120300,6
60950,7
60953,8
60952,7
122096,7
19537,7
63600,6
63977,7
63602,8
63975,7
63604,8
63605,8
63606,6
63971,9
12189,7
65725,7
12181,8
12180,8
28884,7
61987,7
135708,7
135705,6
17694,7
3735,7
3734,7
1891,7
2136,7
4690,7
4926,7
4699,8
2138,7
11727,8
11722,8
11720,7
11721,8
11729,8
4800,7
5165,6
5169,7
14002,8
14003,8
14005,6
14007,7
138483,7
62559,6
20783,8
138486,7
62553,6
17076,7
17070,7
62555,7
17073,7
120877,7
9698,7
9699,7
113646,7
128659,8
122434,6
122435,8
122436,6
122437,7
62733,8
62732,7
62730,6
14913,7
62739,8
62738,6
1794,7
6848,8
6841,7
6307,7
6845,7
10609,7
29459,8
29453,7
29323,7
30675,7
30674,8
30676,7
30855,8
30857,8
8234,6
31672,7
31673,7
31674,7
31675,8
7632,7
8787,8
7636,7
7637,9
112774,7
112775,7
112778,8
9841,8
9846,8
9849,7
63454,6
13514,8
1240,7
1243,7
1533,8
1244,7
1246,7
28325,6
28490,7
28323,7
28320,7
121153,6
62458,7
22543,7
22544,8
31096,7
9317,8
4103,8
31095,7
31093,8
4108,7
29692,7
31099,8
24699,8
10426,8
24691,8
28149,8
9311,6
3892,7
3897,8
28145,6
31894,7
31895,8
12051,7
11538,7
5959,8
11531,9
11537,7
11535,7
61140,8
61142,9
61147,7
61410,6
61419,7
61418,8
111873,7
64644,6
25013,8
25017,8
121844,7
121840,7
121842,6
25276,7
25274,7
64392,8
124360,7
124361,8
64397,6
25279,8
119894,7
6039,7
17266,8
17269,7
6036,7
6034,8
10063,7
9203,7
63018,7
121513,8
65236,7
12378,7
12379,7
62948,8
113361,7
9063,8
113367,7
10286,6
13353,8
14386,7
64631,7
125360,6
3562,8
112187,8
112186,8
22843,9
112184,8
13397,8
20993,8
2903,8
64547,7
2909,8
2908,7
64542,8
14616,7
20194,8
20191,7
5313,8
11018,7
13027,8
30448,7
30445,8
30442,8
30115,7
30117,8
31790,6
3153,8
1633,6
3157,6
3156,7
1982,8
28795,8
3158,6
28791,7
122358,7
62056,8
62057,7
122357,6
129469,6
129466,8
129467,7
3031,6
66281,8
66286,8
66285,7
23553,7
66289,7
66288,7
66531,8
66530,6
23088,8
23080,8
23084,7
61624,8
61627,7
29156,7
29152,6
29150,7
29151,9
25860,7
25864,7
126459,7
126454,7
8577,8
8571,8
8579,7
12578,7
15253,8
12576,8
12575,8
7409,8
7406,7
7401,7
12615,8
60979,8
24731,7
60973,6
60970,7
60977,7
61885,7
29487,8
65251,8
65702,8
65701,8
65700,8
65709,8
65708,7
141362,8
13625,7
13623,8
2337,7
4719,7
25480,8
25481,7
3711,7
3713,7
141097,7
141098,6
4678,7
4900,6
2484,7
4674,7
2482,7
13561,8
63955,7
63956,7
63951,8
63952,7
63953,8
11700,7
63959,7
5149,8
62539,7
5142,7
124775,7
17016,7
64079,7
63483,7
63486,7
62285,7
5422,8
133766,7
7241,8
133768,8
17168,7
6821,7
6829,6
10541,7
10543,8
129078,7
10549,7
121720,6
121722,8
29300,8
29304,7
14282,6
8816,7
14286,6
8811,7
8810,8
14938,6
18276,7
8818,8
8219,7
30651,7
15089,7
30877,8
8210,7
8745,8
15084,8
8215,7
8214,7
109826,7
30870,7
133186,7
133184,7
7658,7
133988,7
133987,7
133985,6
9867,8
11147,7
14424,7
14425,7
28300,7
28303,7
24503,8
24500,7
1518,8
28165,7
28168,7
110039,6
11550,8
11555,8
11558,8
127464,7
61166,8
65133,7
65134,8
65135,8
127462,6
25075,7
25079,8
120444,8
120441,7
135004,8
65399,7
16889,7
25296,8
14990,7
122737,7
111662,7
6010,7
117260,8
117263,8
66096,8
17248,7
17245,7
17243,8
17240,7
10734,8
10735,6
10044,7
10733,8
63038,7
122078,7
63030,8
12396,7
122734,7
12395,8
12392,8
12390,7
64915,6
141138,8
26015,6
26012,7
26013,8
26010,7
26011,6
64919,7
64918,7
26018,8
26019,7
9083,8
118834,6
21598,8
139922,7
21595,7
3502,7
3504,8
3505,8
2677,8
2929,8
5330,8
14639,7
14638,8
112968,9
5336,8
14633,8
5338,7
112966,7
30467,8
30461,8
30463,7
130764,8
13041,7
13479,8
13046,7
18040,7
18044,7
18049,7
3178,7
122377,7
3171,8
3170,7
61777,7
29822,7
29791,6
137874,7
29826,9
129442,7
29829,8
1164,7
66519,7
1161,6
126615,6
27825,6
25844,7
25845,8
25848,7
31223,7
31224,8
31227,8
29176,8
29173,8
1712,8
27199,7
12804,8
29722,7
15274,7
8009,7
65899,6
65897,7
12559,7
65895,7
8559,7
65893,7
8001,8
8003,7
28758,7
14192,8
7469,6
110621,7
19713,7
22668,8
111537,7
111534,6
111532,8
111530,7
60911,9
60914,8
60916,7
10894,8
110488,8
24712,7
24710,8
24716,8
65273,8
65270,7
65275,9
66657,7
13602,8
4737,7
4739,7
2312,8
5851,8
3773,6
3776,6
138743,7
13542,8
19575,7
63934,8
19570,7
7881,8
7883,7
7882,8
17030,7
17035,8
17036,7
62517,7
62516,7
62515,7
62511,6
64054,7
64055,7
64051,8
113178,8
21291,8
128618,7
28410,8
134164,6
10386,7
5116,7
10382,8
10380,7
16924,7
7268,6
7267,8
16929,7
7260,8
12234,6
12236,7
12233,8
12238,6
66526,7
6809,7
6802,7
6803,7
15711,7
10567,8
29367,7
9748,7
24157,7
63201,7
63203,7
18928,7
112557,7
112552,8
8832,7
30328,7
20791,8
30326,7
30637,8
7672,9
62564,7
136847,8
115245,6
24522,8
1281,7
11169,7
1283,7
11161,7
11162,8
14403,8
109842,8
8762,7
1577,6
13831,7
13839,8
12874,7
5626,7
28184,7
28185,7
28182,8
5621,7
8493,7
31016,7
8497,7
111940,7
1097,8
110766,6
23276,8
28983,6
11573,8
28989,8
12377,7
25056,7
25726,7
25053,7
64389,8
10244,8
6781,8
118873,8
6788,8
135024,6
4675,8
16718,8
16716,8
19965,8
16714,8
16710,6
16243,8
22496,9
120051,8
120134,7
64606,6
63051,8
121553,8
63053,6
63052,6
63054,7
63057,7
9538,7
63059,9
9240,8
9245,8
65515,7
24898,8
24890,8
65519,8
3691,8
63730,8
64931,8
64930,7
26038,8
64934,8
64939,7
26037,7
24096,8
133685,7
24099,7
126136,7
14650,6
62897,8
62895,7
62898,7
13067,7
30403,8
13065,8
61776,7
27816,8
122394,7
133047,7
29803,7
29806,7
1148,7
132482,7
29112,8
7192,7
31203,8
29114,8
31752,8
109186,7
12472,7
109189,8
8539,8
8028,7
12828,8
8530,8
12825,7
12827,8
15293,7
8536,6
15291,8
133825,6
15315,8
7447,8
7448,7
119034,7
61496,8
30948,7
65074,7
65072,7
22398,8
118528,6
13990,7
60939,8
60938,8
120634,7
26557,7
60931,8
120633,7
124595,7
28641,7
126498,7
126496,7
126497,6
126495,6
28648,8
24776,8
61229,7
29463,7
61227,8
65215,7
65217,8
5379,8
4758,8
4759,8
5870,8
5878,7
11291,8
11296,8
11297,7
3756,7
2193,8
13526,8
13525,6
11747,7
11748,8
63919,7
63912,7
63915,7
63917,8
62296,8
20893,8
25554,8
60798,8
64030,7
120893,7
60797,6
60796,8
6194,8
6196,6
6193,7
140983,8
2735,7
2731,7
134144,7
20097,7
9186,6
10364,7
2049,7
10361,7
7208,8
7203,8
16531,7
7205,8
6223,7
12216,6
12215,6
12214,8
12218,7
15848,8
9761,7
29347,7
29346,8
29345,7
29344,8
10504,7
10507,8
29340,7
24171,7
63262,9
24179,8
121762,8
6375,8
8859,7
8858,7
62797,7
8852,7
8850,7
1773,7
13318,8
11942,6
108111,8
24547,8
24544,8
24545,7
62135,7
28349,8
122233,7
62133,6
14462,7
3036,7
28435,7
14466,7
28433,6
30617,8
30614,7
30612,8
118445,6
30618,8
13853,10
31564,6
31563,7
31560,8
134984,7
5606,6
5600,8
24381,8
5608,7
111960,7
111961,9
9324,8
110568,8
130419,8
110566,8
110562,7
23252,8
109240,7
15337,8
15331,6
12450,7
109247,7
6428,8
22250,8
6768,7
6765,7
115918,9
16736,8
16733,7
65686,7
65680,8
65681,8
65689,7
9850,8
119836,7
119834,7
120154,7
120156,6
64626,8
64621,8
64620,6
63077,9
125654,8
63070,7
65532,7
141469,8
61276,8
25762,7
2508,7
2507,8
64950,6
26050,6
2504,7
64486,7
64485,7
22829,8
5047,8
5046,7
5043,7
22822,7
10777,7
62304,6
62302,8
30420,9
30423,7
3203,7
29755,8
29756,7
29757,9
29751,8
10190,7
10198,7
29288,8
29282,8
29287,7
29284,8
1121,8
25880,9
15106,8
30281,8
30283,8
29131,7
29133,7
29134,7
65556,8
31778,7
108872,6
31775,7
8515,7
8512,8
8047,8
8049,8
12598,8
12840,7
12845,7
31483,6
31489,8
31488,6
23067,6
23062,7
24281,8
24283,8
24287,8
65059,7
61028,7
61027,7
111579,7
61791,7
61793,7
24757,8
24755,7
24751,8
24750,8
24758,7
28668,7
28881,6
61242,8
61246,7
13646,8
13645,7
4771,7
13649,8
5818,6
19024,7
17348,7
17341,8
25390,7
13509,8
130200,8
130203,7
4611,7
25399,7
13503,8
13505,8
65945,8
65944,8
65235,8
65949,8
65948,9
64546,7
5458,8
64014,8
64015,7
64016,8
64017,7
64549,8
25579,7
25570,8
25572,7
25573,8
139201,8
117161,8
16698,7
2710,8
10349,7
7951,7
7228,8
10692,7
10345,7
63799,7
122921,6
6241,7
6242,8
10685,8
12274,8
12277,8
10520,7
63244,7
63246,8
63531,6
63538,7
25180,8
8873,8
8872,8
24110,8
24113,7
24114,8
110045,7
15446,8
30740,8
5252,7
5253,7
5250,8
136809,7
5254,7
136804,7
13940,7
15822,7
15824,7
28414,7
11124,6
14446,8
62110,8
62117,8
132600,7
3011,8
3015,8
28691,8
30361,9
60814,7
31549,8
13870,8
4182,8
110760,7
5667,8
113272,7
118574,7
118577,8
127436,6
66050,7
66059,7
11804,7
23724,8
6403,7
12471,8
15316,7
30945,8
61498,6
8184,8
61494,8
9719,6
61490,8
63500,8
7761,7
7762,8
3905,8
6742,8
4199,7
121257,6
63976,8
63601,7
9954,8
9952,7
16752,7
16751,7
63972,9
12046,7
12047,7
12044,8
63607,8
119813,7
25761,7
120178,8
25767,7
65552,6
65553,8
65550,7
3650,8
65554,7
2521,7
26077,7
26078,7
12183,8
64979,8
11465,7
8387,8
11462,7
134447,7
17151,7
17150,7
17157,7
17405,7
25186,7
25181,7
4409,8
13316,7
13311,8
9573,8
10757,8
5395,8
14830,8
14832,7
14834,7
11805,7
14836,8
64205,7
64206,7
134845,7
64209,8
27855,8
9397,8
29733,7
9393,8
29734,8
9398,7
27760,8
119974,8
31716,7
7154,8
7152,8
30006,7
30007,8
30005,7
7692,8
8068,7
12868,7
8067,7
30008,9
30009,6
28216,8
7486,7
7481,7
29736,7
123080,7
133869,6
133868,8
133867,7
133866,7
23002,8
1104,8
23006,8
23291,7
28064,8
1109,8
131423,7
129823,8
131425,8
111590,7
22601,7
118267,8
13873,7
1837,8
28608,8
28600,7
28603,7
13580,8
114418,8
4790,8
5831,7
11257,8
61004,7
65034,7
65036,6
64782,8
64784,7
64786,8
25376,8
25375,7
140672,8
140676,8
140679,6
65967,8
65788,8
65787,8
64568,8
64567,7
64560,7
64561,8
25514,7
117142,8
117145,8
12789,8
12788,6
17366,7
17367,7
12785,8
10321,8
2771,7
14304,8
9142,7
7974,7
7977,8
7970,8
16948,7
6266,8
12256,6
12253,8
12252,8
12250,8
6268,6
21186,8
119595,8
119594,8
119597,7
17095,7
122901,8
122902,6
123500,7
113269,6
63518,8
63511,8
3465,7
8898,8
8892,7
134451,7
134452,7
134104,7
138131,6
1581,7
20338,8
17074,8
5234,7
5237,7
13124,7
13125,8
122656,7
13128,8
137373,7
137374,7
18329,7
3071,7
28471,8
28477,6
28474,8
14311,8
62170,8
122277,7
12711,8
66690,8
66691,8
31528,8
126597,7
66695,8
66696,7
66697,8
66698,8
126599,7
31521,8
31525,8
132504,7
5643,7
132502,6
143441,8
29075,8
29074,7
29070,7
31530,6
28296,7
28295,7
28291,7
66077,8
66070,7
66073,9
66688,8
105951,7
6461,7
30925,8
6465,7
7741,8
14918,8
6722,9
8304,7
61527,8
120048,7
110529,7
9937,7
16778,7
16775,8
16777,7
31622,6
12065,9
6097,8
6096,8
25749,8
25748,6
25747,6
65570,8
65574,7
65576,7
65578,8
140800,8
24832,7
3673,8
64999,8
64994,9
2549,8
64991,8
64993,6
116680,7
11440,8
11446,7
3580,7
3581,8
3584,7
64194,8
64197,8
64192,7
17131,8
17130,7
17132,7
64199,7
17136,7
13339,7
13332,7
12212,7
9551,7
9555,8
66061,8
64223,7
134869,7
20134,8
135990,8
139749,6
27875,8
27873,7
63161,8
63162,8
29246,7
29241,6
11861,7
14815,8
11867,7
14810,8
15142,8
109929,7
135484,7
109925,8
109926,7
109920,7
7171,7
7179,7
31739,8
31738,7
31737,7
31734,7
31732,8
112033,8
112030,8
1690,6
112034,7
30029,7
115566,7
12884,7
30027,9
30023,8
133844,7
66263,7
66265,8
66269,8
28590,8
1478,8
12466,7
28597,8
6416,7
22373,7
61484,8
4228,8
31195,8
31194,8
4225,8
4222,6
13932,7
28624,7
28623,8
28622,8
5581,7
24792,8
28629,8
5589,8
66484,7
11271,9
13680,8
13686,7
19069,8
28340,7
61060,7
61061,8
61065,6
65016,7
61068,6
65014,8
65012,7
65011,8
60883,7
25355,8
60881,7
25357,7
60887,8
30946,6
3916,8
64766,6
64767,7
60888,6
25359,8
64760,8
25683,7
25680,8
25681,8
23976,8
65908,7
22086,7
65901,7
61285,7
65905,8
65904,6
65907,7
25536,7
124201,7
2282,7
2285,7
128698,6
6730,8
139244,7
10905,8
10906,7
10903,8
10902,8
9125,7
10306,7
10305,7
10656,6
10301,7
16437,7
63758,7
7912,8
7911,7
63755,9
7917,7
7980,7
4321,7
125000,8
63281,6
63288,8
121078,7
21300,8
63572,8
121077,6
11259,7
2025,8
2751,8
2028,8
133432,7
133430,7
5216,7
5215,8
5210,7
5218,7
65031,6
62481,8
9332,7
62487,8
28266,6
18307,8
18654,7
14487,8
14489,6
122255,7
62627,7
62626,7
122520,8
28450,7
14370,8
11974,7
124437,8
4802,7
132526,7
132525,6
132524,7
132523,7
66675,8
66672,8
66673,8
124198,6
109599,7
136884,8
129635,7
129632,8
129631,9
29052,8
137351,8
137357,7
29055,8
29507,7
126318,7
23769,8
23768,9
23767,6
28907,8
66016,8
126314,7
28900,8
1318,7
15424,7
12434,7
12433,8
15350,8
15359,9
105936,7
110721,7
31501,8
110725,8
110724,8
110729,8
110728,8
7723,7
3949,8
3946,8
6707,8
63876,7
9919,8
24474,7
24475,7
24473,8
12070,7
61544,8
61547,8
61546,6
61541,7
125525,6
125524,6
22144,8
22140,8
4052,8
4051,6
4058,7
21828,7
3619,7
65592,7
65590,7
141198,7
114628,8
61264,8
11424,8
11427,8
17115,8
17114,8
17110,7
5020,8
61414,8
13351,7
116668,7
13354,8
4448,7
24810,8
134804,6
20158,8
62814,7
62363,7
62811,7
3093,7
139985,6
10466,8
29265,8
29268,7
121440,8
63147,8
28322,8
8912,7
1539,8
18533,7
11842,7
30598,7
30229,7
30594,7
30595,8
30225,8
30222,7
30220,7
30593,8
7117,8
7116,8
18797,8
1678,8
66725,8
1677,8
137722,8
29993,7
29996,7
29997,7
28020,8
28022,7
126140,7
66242,8
1418,8
1410,8
13913,8
4201,8
4205,8
5568,8
5569,8
5564,7
140027,7
5567,7
5560,8
7759,8
111627,7
111629,7
11213,8
11218,7
19049,7
61048,6
61739,8
27792,8
61737,6
127541,6
61735,8
61732,7
61733,7
27794,6
61047,8
25334,8
25338,7
25339,8
23950,7
23955,7
28518,7
65291,9
65290,8
65923,8
65922,8
65921,8
16637,7
16188,6
16630,8
6115,7
6116,7
6110,8
124046,8
10921,8
10920,8
64741,8
116857,8
124040,8
17322,8
106589,8
64748,7
125795,7
7281,7
7932,7
121273,6
63771,6
7936,8
7938,9
65434,8
16989,7
65436,10
65430,7
65433,7
21144,6
16981,7
16986,8
16985,7
16456,7
64526,9
64528,8
121053,7
63551,7
63804,8
63803,6
63556,7
63559,7
113224,7
22946,7
21496,7
3429,8
3424,8
2002,7
2007,7
2005,7
2008,7
12482,7
14170,7
14172,7
12625,8
30751,8
10581,7
118284,7
13169,8
10585,8
10588,7
13166,8
11183,8
125604,7
11185,7
14359,8
112178,8
112179,7
62602,7
17919,7
30697,7
30692,7
137110,6
1082,7
136648,7
66381,8
66386,8
29038,7
29528,8
29033,7
29032,8
29526,7
65114,7
1334,7
1331,7
6932,8
6936,7
8694,7
8123,7
8692,7
7700,7
123100,6
66654,8
126555,7
126554,6
114829,8
61381,7
61380,7
31593,7
61389,8
61388,8
8348,6
31591,6
8341,8
28924,7
66031,8
66032,6
66034,6
63942,7
61562,6
61560,6
61567,8
61566,7
65609,8
65607,7
5133,7
22122,7
4078,8
13765,9
4077,7
13760,9
4072,7
3964,8
3962,7
5792,7
5791,6
3969,6
3639,7
114648,7
3054,8
61122,7
106368,6
17461,7
13379,8
13378,6
4467,7
13375,7
4462,8
4460,7
140759,6
24870,7
6452,8
24877,8
135669,8
24878,8
141720,8
64267,8
64262,8
16847,8
16845,7
16843,7
6326,7
12171,7
14512,8
12178,7
9667,8
9664,7
29206,8
10115,8
10441,7
10443,7
21776,8
21777,8
63120,8
63123,7
62836,7
112618,7
62832,8
8972,7
124374,8
8975,9
7139,7
7138,7
7133,8
7132,7
7137,8
132978,7
1659,7
1650,6
1651,7
1655,7
133886,6
133885,8
3895,8
119095,7
133888,7
24203,8
24205,8
24204,7
5404,7
3394,8
3399,6
1380,8
28556,7
28003,8
1439,8
30205,8
1382,9
29706,8
30209,7
114346,8
13976,6
18110,7
23466,8
5543,8
111864,7
30067,7
111868,9
11234,7
61717,8
61711,8
61712,7
61718,7
61719,8
25915,6
129840,7
22338,7
129848,7
129849,7
25918,7
129519,7
25318,8
25312,8
25313,8
25314,8
25315,7
25640,8
25641,8
4911,7
23420,7
115831,7
9890,8
9898,8
9899,7
119893,8
109931,7
1594,7
12762,7
12761,7
6136,7
64891,7
64726,7
64896,8
10946,9
16477,7
63716,8
1593,7
9472,7
9473,7
16478,8
65413,6
61971,7
65417,8
61976,8
21163,6
24996,8
5174,8
1598,7
64099,6
120296,6
124976,7
124975,7
64096,7
124794,8
24191,8
24190,6
24197,8
24198,8
63821,7
63822,6
3407,8
64064,7
4878,7
138621,6
13498,8
10615,7
10614,8
2060,7
2061,7
2797,7
14112,7
14113,7
14111,7
14114,8
108970,8
62990,7
62996,8
62447,6
62446,7
122741,7
13142,7
9783,7
9786,7
62662,7
62667,6
62666,7
115750,8
133164,7
137131,8
137130,6
137137,7
115554,6
65180,7
138843,6
29015,7
29542,8
7092,6
107643,7
29011,8
31522,8
31520,7
8105,8
1359,8
8109,7
1356,7
66630,7
66631,8
66636,6
8363,7
8365,6
61364,7
113362,7
110588,7
3184,7
28940,7
28765,7
28947,7
28944,7
24432,8
24430,8
24436,7
28769,7
13709,8
13700,7
4016,7
11399,6
19433,8
19431,8
19438,7
19439,8
3980,7
110326,7
110320,7
1111,7
65624,6
117862,7
117861,7
65621,8
65622,6
1117,8
25138,6
25108,7
24858,8
24853,7
24856,8
24857,8
64284,9
64280,7
64283,7
64282,7
7875,9
112185,8
7873,7
7878,8
6308,7
6304,6
12156,8
63455,8
63106,7
63456,8
63451,7
63102,8
9319,7
63100,7
10422,7
10420,7
9313,6
63109,7
112366,8
112362,8
8958,8
62852,7
141044,6
62859,6
26900,7
123807,7
113419,7
125237,8
125234,7
112090,7
1632,6
112092,8
1634,7
1635,7
1981,7
3218,7
1988,7
2817,8
2811,7
2812,7
29954,7
29955,8
2818,7
14257,8
14256,6
14250,7
14253,7
14252,7
24225,8
24224,8
24222,9
24220,8
122175,8
122171,7
122173,7
122172,7
28573,7
3376,7
3373,7
3370,7
30263,8
30260,8
30261,7
30265,7
31683,7
31686,7
31689,8
31136,7
4242,7
4241,8
5520,7
5523,7
5526,8
31037,8
30087,7
30084,6
31354,7
23195,7
23197,6
6547,8
63680,7
30884,7
6543,7
127274,7
16836,7
127279,7
30888,7
25937,8
115812,7
7515,7
14292,8
7510,7
16671,8
16675,7
16674,7
16679,7
6152,7
12702,9
61192,8
6158,8
6159,8
61198,7
64708,9
25665,8
120059,6
64879,8
64876,8
120723,7
60823,7
63739,8
15521,7
121233,7
22717,7
61996,7
65472,7
65474,8
8759,7
141236,6
2269,8
2267,8
63848,7
139804,7
63847,7
139803,7
138608,8
138609,7
2044,8
138601,7
138602,6
138603,6
138607,6
9411,8
9413,10
10639,7
10631,7
11948,6
14131,7
11944,7
14134,7
11940,8
27991,7
27996,7
27997,7
17724,7
62465,8
65022,7
63596,8
125533,8
62646,8
62645,7
62642,8
62640,8
62649,7
10097,7
10096,8
117805,6
138861,8
122355,7
106770,7
12945,7
12944,7
13189,7
14395,8
8162,7
15443,8
15442,8
12497,7
66610,8
6475,8
66616,8
66617,8
61349,8
8388,7
61691,8
61690,7
61340,7
61694,7
130766,8
25692,8
24414,7
24415,8
4383,8
24419,7
130762,6
1372,7
28749,8
28744,7
28217,7
28214,8
28740,7
28742,7
28967,7
4036,7
26360,6
11376,8
11371,8
11372,8
121934,8
19415,7
30861,8
23872,8
23871,7
23877,8
30862,7
65866,7
65643,6
65640,7
61523,7
65861,8
137067,7
120557,8
124616,6
124614,8
124615,7
25430,8
25433,8
25434,7
25124,7
65795,8
7852,8
7853,7
7850,8
63690,7
63699,7
61836,8
61832,7
16802,7
61839,8
61838,7
12138,8
12139,7
24837,8
6362,7
12136,6
10150,7
10156,7
10405,7
10407,7
10159,7
9338,8
63470,6
63474,8
63479,7
63478,8
14898,7
14897,7
14895,7
21731,8
14891,8
62870,7
3082,7
62874,8
3226,7
113439,7
3230,8
3231,7
1968,7
1969,8
1618,8
1619,7
3238,7
1613,7
138470,8
2870,8
3354,6
28513,8
28512,8
2547,8
3358,7
20064,8
122159,6
5442,8
62257,7
30539,8
30536,9
30534,8
64997,8
30247,7
114303,8
5508,7
18152,7
5505,7
23605,8
66151,7
66155,7
66404,8
66403,6
132799,7
27776,8
27771,7
61758,7
61759,8
6565,7
61752,6
61753,6
61755,6
29606,8
29607,7
7685,7
5475,8
7682,7
29600,8
29601,8
25950,7
25956,7
29608,8
29609,8
9155,7
3824,6
3821,7
65980,8
8440,8
109079,8
115872,7
115873,8
115876,7
5134,7
7537,8
7536,8
31379,7
19355,7
16650,7
6178,8
12726,8
6171,8
64857,8
64850,8
64851,7
64853,6
10984,7
10981,7
64859,7
10983,7
24607,8
60802,8
60801,6
60800,8
24608,6
65456,7
24954,7
16957,7
65459,9
119535,8
119533,7
64583,8
64584,8
124934,7
7904,7
64589,7
11584,7
11580,7
138662,8
116210,8
4839,7
4830,7
4523,7
13453,8
130138,7
4520,7
7993,8
7991,8
4423,8
11636,7
62406,8
13184,8
64327,8
13187,8
64323,8
64321,7
134964,7
20653,7
8638,8
63862,8
63863,9
63866,8
122838,7
9293,8
7331,8
9298,8
9299,8
18439,7
30185,8
30181,6
12926,7
30188,8
10215,7
10211,8
10213,7
63313,8
121613,6
61401,7
63318,7
61151,8
112111,7
61404,8
8148,7
30760,6
30989,7
66365,8
6994,7
6995,7
61155,8
8633,7
24382,8
65126,7
31588,7
2999,6
66366,8
66367,7
66360,7
2990,8
2991,8
66368,7
31587,7
24389,9
65706,7
111490,8
111491,8
111492,8
111493,9
9999,6
65703,8
137531,8
66091,8
11032,8
28231,8
29900,7
11038,8
1397,8
1393,8
19557,7
11351,8
61321,6
61322,8
61325,8
64821,8
130305,7
112254,7
23819,8
23811,8
23810,7
23812,8
66416,8
118795,8
65664,7
65841,7
124638,7
25140,8
64130,8
124636,8
2437,8
2436,7
2435,7
16821,7
16824,7
63678,7
16827,7
16828,7
16829,7
63676,8
7835,8
63672,8
12110,6
117358,7
6343,8
61815,7
6346,8
6349,8
119493,6
17198,8
17197,8
17195,7
9351,8
9602,7
9355,7
9359,7
9358,8
10174,8
63419,8
63418,7
21244,8
11035,7
212340,8
63413,8
63415,7
63417,8
3781,7
3786,7
3785,7
8990,7
4993,7
4990,7
113459,9
125277,6
125276,6
125275,7
125274,7
125279,6
116004,8
1949,8
106073,7
1943,7
1940,8
13241,8
2859,8
133245,6
2856,8
14219,7
3336,8
122138,6
20047,8
62236,8
62237,8
122137,7
29710,8
106404,7
29910,7
29916,7
137943,8
137232,8
29918,6
1234,8
66428,8
28397,8
28395,8
126720,7
126721,7
28398,8
1239,8
66425,8
66424,7
8288,8
25970,8
25972,8
25976,7
25978,7
6502,7
2489,7
31170,7
29624,8
29626,7
4903,7
23486,8
13562,8
3807,8
23485,8
8463,8
8465,8
111779,7
110179,8
31394,8
7556,8
7554,8
22536,7
22532,8
64833,6
64830,7
3062,8
60868,6
64839,8
25628,8
24621,7
24620,7
25623,8
25627,8
65303,9
24978,8
24971,8
24976,7
24975,6
119553,7
116586,7
22751,7
116588,6
31821,8
2226,8
2222,8
2220,7
10724,7
15415,7
13474,10
4503,7
138641,8
2080,7
2086,7
25081,8
2085,8
11656,7
125860,7
128541,7
17761,8
141497,8
27957,7
64308,8
64304,7
64306,8
64301,7
64302,8
64303,8
139665,8
63886,8
63883,8
128764,6
63881,7
62689,8
62688,7
20900,7
20901,8
62686,8
20909,7
63084,8
63085,7
63082,8
63083,8
63080,6
63081,8
7315,8
7316,7
12304,8
11907,6
11908,7
12309,8
30169,8
12909,8
30165,8
12904,7
30161,8
30163,8
10232,7
9016,7
10237,8
10236,7
10235,7
10238,8
21505,8
21504,7
21507,7
63338,8
63339,6
21503,8
65196,7
24029,7
21508,7
64387,7
26000,7
30709,8
119316,9
119314,7
7781,8
66300,7
66301,7
66305,7
24360,9
24361,7
1004,7
10990,8
4340,6
28700,7
28701,7
28256,7
28706,7
65669,8
14535,8
11017,7
11012,8
8611,7
125358,6
5711,8
65665,7
25631,7
61655,8
61656,7
61302,8
61653,8
61300,7
28877,8
11482,7
11480,8
140049,7
140044,8
140042,8
65829,7
65827,8
65825,7
120518,7
120574,7
25168,8
25167,7
25166,6
120513,7
25164,7
120517,7
64135,8
32280,7
16597,6
12688,7
12689,8
10827,7
129626,8
28919,8
63651,7
63650,8
63657,8
61871,8
61872,8
61877,7
64153,6
64154,7
64156,7
141397,7
121134,7
63435,7
121137,8
20988,8
63430,8
113611,7
9372,8
121139,6
24291,8
116394,8
116395,7
116393,8
1820,7
1823,7
2146,7
29934,7
4973,8
1920,8
3277,7
3275,7
1926,7
3278,8
116029,8
13228,8
4223,7
13227,8
112877,7
112876,8
112874,7
14233,7
112878,8
122447,6
62745,8
62742,8
62215,8
62740,8
62217,6
3311,8
3310,7
62748,8
20029,7
20028,7
30576,7
30577,7
20021,8
28620,7
12403,7
15360,7
138925,7
138924,6
138921,6
123138,7
31517,7
137960,7
29939,8
29930,7
29427,7
29396,6
29397,7
29390,8
29423,7
29392,8
1213,8
1210,8
23137,9
6522,8
6527,7
6529,6
6528,7
8266,8
30398,6
30399,8
25993,8
29649,8
31629,9
31159,8
29642,9
63679,7
31627,7
29647,8
29645,7
3862,8
121377,7
8402,7
7575,7
7576,7
9815,6
9812,7
66441,8
66114,8
66445,9
66447,6
66446,7
66448,8
117359,7
65148,8
12111,8
65145,8
65144,6
14285,8
61811,7
65142,7
4156,7
6347,8
60847,8
60846,6
60845,7
24648,8
28119,7
4510,7
24646,8
65368,7
22772,7
29953,7
65491,6
65365,8
65494,7
119574,6
31849,7
31843,7
31846,8
5902,8
15087,8
5901,8
19311,8
8213,7
19318,7
109823,8
106261,8
3480,7
109825,7
13412,6
13410,10
4560,6
4569,8
4568,7
11670,8
11672,7
24912,7
121839,8
128560,7
121834,7
121833,8
27932,8
27930,7
27936,7
27937,7
62913,7
62911,8
17780,7
25202,7
25203,7
25201,7
64363,8
64360,7
64367,9
64364,7
64365,7
16785,7
16784,8
16781,7
125595,6
118223,7
12094,7
6066,8
12091,8
12090,8
2606,7
2602,7
10787,7
10035,7
10789,7
127574,8
10030,7
10033,7
61069,6
7370,7
11929,8
12321,8
11923,8
11925,8
123474,8
60882,7
30490,7
30495,7
30146,7
30496,9
29099,8
29098,8
7017,7
29095,7
10252,7
64768,8
24005,8
18699,6
24008,8
121656,6
29895,7
29894,8
29899,7
29898,8
24344,8
2950,9
2953,7
5340,8
5342,8
126020,9
137573,6
137572,8
4367,8
62005,6
3105,8
3107,7
14554,7
3103,7
111102,7
111103,9
8675,7
30720,9
106853,8
13782,8
4091,7
31455,6
13786,8
31453,7
4094,8
126621,7
13789,8
31459,8
5735,7
66588,8
66292,8
11315,8
11313,7
66582,6
11310,7
19124,7
127378,7
61679,7
61676,6
127376,7
127377,7
60983,7
60984,7
140067,7
140065,7
28858,8
140062,7
140061,7
28851,8
28853,7
61581,8
8096,7
61583,8
65803,8
61585,7
8092,8
61587,6
61586,8
61589,8
8099,8
128978,7
11142,7
16573,7
12669,7
6653,7
107817,7
10801,8
120359,7
120358,7
63986,7
63633,8
63984,6
63635,7
63637,7
63639,8
65776,8
19878,7
6386,7
65772,7
65773,8
65771,8
21066,9
19873,7
61859,8
21061,8
24803,6
124678,6
64177,6
124675,8
124676,8
124677,7
64173,7
63188,8
121481,7
63181,8
63180,7
21204,6
124394,7
2169,8
2163,7
14036,8
62581,6
17047,7
122680,7
1906,8
3297,8
1902,8
3291,7
120824,8
13204,8
13201,8
120822,7
11914,8
14960,8
20005,7
20556,7
62768,7
62761,8
30558,8
30559,7
30550,8
12545,8
113498,7
113494,6
64984,6
113490,8
113491,7
112721,7
112720,9
138904,7
138901,6
133288,6
133284,6
1279,8
116831,7
1274,8
133246,8
8247,6
8245,7
3333,6
29663,8
12459,7
29668,8
29669,9
26898,8
31600,7
31607,6
31604,7
8423,8
111731,6
111732,7
10658,10
9831,8
9835,7
23111,7
66468,6
66465,7
23118,8
65169,8
61448,8
65163,7
61445,6
61114,7
61112,7
61441,8
61442,8
24662,7
4434,7
17128,7
24669,8
3840,8
5690,8
28130,7
5697,9
28135,7
3848,8
28139,7
22794,8
22797,9
22791,8
124995,7
63757,7
116615,7
5968,7
125596,7
5961,7
64189,8
5965,8
17237,7
17232,8
17233,7
13439,8
64699,7
64692,8
13431,7
64690,7
124195,6
124196,6
121817,7
121816,7
121815,8
11694,6
121819,8
121818,8
65345,8
65343,8
65342,7
24934,7
24931,8
64436,9
64341,7
2596,7
124440,6
64344,8
64433,7
64346,7
2593,7
27913,6
27914,8
25224,7
25227,7
25223,6
6044,7
2620,7
2625,7
2628,8
7350,7
10013,7
9589,8
9230,8
10016,7
62975,6
62977,8
62976,7
62979,8
12346,7
10277,8
121673,7
7336,6
63374,8
125315,7
121674,8
9051,8
9052,8
24069,8
24068,8
134870,6
24066,7
122075,6
122895,6
133547,7
29875,8
29874,8
29870,7
29873,8
129851,7
61167,8
2975,7
62395,8
122094,7
62396,7
62391,6
1045,9
62399,7
122099,6
30121,7
30127,8
30128,8
14163,8
65247,7
11051,8
65245,7
11056,8
14578,7
24491,7
24495,8
3129,7
3121,7
3126,7
64663,6
115404,7
8655,8
8657,7
31479,8
31474,7
31477,6
5750,8
5757,8
23561,8
61610,7
15197,7
127316,7
15199,7
25817,6
66708,6
1230,8
28836,7
28834,7
12503,8
7435,7
7437,8
7430,7
64423,6
13634,7
66426,8
117006,8
6678,8
117003,7
110387,7
10868,7
110382,7
10860,8
10867,8
16885,7
63617,8
121315,7
63967,8
63966,6
19508,7
63962,8
13639,7
119436,8
6509,6
21959,6
1860,8
1864,7
1866,6
13597,8
4932,8
4685,7
4682,7
4936,8
13590,8
138747,8
138210,6
138741,8
13599,8
25979,8
2101,8
2100,8
6500,7
5111,8
14019,7
14017,7
14016,7
14011,8
17061,8
17065,7
17069,7
62562,9
14150,7
10482,8
10484,9
14908,7
62488,8
62709,7
62702,7
62700,8
62705,7
29621,7
133049,7
133731,8
133730,8
133045,7
133732,7
1783,7
121478,7
29342,8
6873,8
112622,7
29461,8
29466,8
18221,8
29341,8
3806,6
30822,7
8229,7
14808,7
31661,6
31660,7
31662,7
29689,7
31669,8
7602,7
7601,8
13552,8
4641,8
137436,6
137434,6
137432,8
28483,7
1257,7
1254,8
116791,7
1523,9
28337,7
63520,7
28333,8
28332,8
30236,8
30231,8
61420,8
61421,8
22221,8
61427,7
61425,8
4115,8
11770,8
24689,8
122257,8
28152,7
28155,7
28157,7
116526,6
31888,7
31887,8
31881,7
31880,8
5944,7
132605,7
23793,8
23790,9
11509,9
11506,8
11502,7
23799,8
65100,10
127435,7
65105,7
61131,8
65107,8
65106,7
65108,8
127439,8
127438,7
106228,9
25799,7
25025,8
25020,7
25021,8
31392,8
64418,8
120845,7
124319,6
124318,6
124316,6
124315,8
124314,8
64410,8
134384,7
64412,8
118264,8
25241,7
1682,8
6020,7
6025,7
9216,7
9217,7
12365,7
12364,8
62957,8
62955,7
62954,8
21159,7
9071,6
10297,8
10296,7
123435,8
10292,8
125379,7
24040,8
63394,8
121693,7
3556,7
3555,8
30906,7
112190,6
134031,7
138004,6
138005,7
138002,8
138000,6
2916,7
29852,7
137602,7
24302,8
24304,8
5301,7
5306,7
13013,8
13011,7
30451,8
30100,7
4328,7
31276,7
4322,7
31270,7
3144,8
14597,8
14592,8
14593,7
14590,8
62049,7
17861,8
17072,8
106760,7
62046,7
123694,8
31418,9
18241,7
5772,7
5774,8
23544,7
61635,7
25878,8
29143,8
25870,7
25874,7
25877,8
136264,7
136265,7
136267,8
66728,7
28817,7
28819,8
66726,8
126424,7
126423,6
66723,7
109621,7
109158,8
140024,8
12568,8
135914,6
12560,7
15242,7
7416,6
110679,8
117026,8
117024,7
117020,7
61093,7
12620,7
6617,7
61095,7
61094,8
61098,8
127840,7
127841,8
10840,8
60949,7
60942,7
60943,7
120315,7
120314,7
63056,8
63943,8
5087,7
63941,8
63945,7
61899,8
65739,6
65732,8
12192,8
65737,8
65734,7
2345,7
119419,9
2346,7
2340,8
2342,7
119414,8
119417,8
66013,7
25495,8
135247,8
3708,8
65056,8
3700,7
1884,8
3707,7
13579,8
2124,6
4918,8
12436,7
4666,7
13570,8
13572,7
15354,6
105670,7
62543,7
5179,8
12430,9
62549,7
138490,8
64061,7
64060,7
64063,8
64062,8
9689,8
63490,8
63493,8
63495,8
63494,6
121194,9
63498,7
121199,7
62723,7
62724,6
62728,7
7257,8
7250,8
7251,6
7253,7
15347,7
5334,7
138943,7
10550,7
112965,7
29448,8
29449,8
29338,7
63232,8
29443,8
29332,7
29446,7
14290,8
8807,8
14923,8
14297,7
14296,7
31504,8
8808,8
30666,8
30843,8
30662,8
30847,7
30660,8
8755,8
6588,9
8750,7
109366,8
109364,7
121713,7
7620,7
30306,8
31643,8
121718,6
136725,8
28502,6
9872,8
7826,9
1500,7
28313,7
3087,7
7824,8
28317,8
28316,6
28315,7
28314,8
22207,8
22205,7
13800,8
28176,7
3886,7
132599,7
117904,7
117905,6
117902,8
117903,8
116503,8
25080,8
116504,8
11523,6
18732,7
61400,7
61153,8
61402,7
61403,8
127455,8
61405,6
61406,8
65128,8
61408,8
61409,8
65124,8
15092,8
25000,8
120455,7
25002,8
120458,7
30312,6
64652,8
64650,7
119955,8
66185,7
9916,9
140760,8
65389,8
65383,7
24795,7
65387,7
17762,7
19954,8
134944,8
19953,7
7648,7
6003,6
65009,8
6008,6
17272,7
9273,8
10056,7
10726,8
27780,7
63004,8
61055,7
63000,7
12389,8
12381,8
26004,8
26006,8
64381,7
64382,8
64383,7
26008,8
125357,6
133369,8
133366,8
133367,8
113373,8
113371,7
113370,6
61540,8
29823,7
3574,9
3570,7
4497,7
4496,8
4495,8
4494,7
2662,8
2663,8
13380,7
13381,7
13326,8
20983,8
4498,8
108772,8
2938,7
65717,8
133506,7
133504,7
108778,7
5327,7
14606,8
11896,7
14603,8
112970,7
112971,7
20185,8
30479,7
30477,7
13032,8
11094,7
11096,7
31789,7
18051,7
11099,7
62065,7
62064,8
122360,7
122361,7
3164,7
132361,7
28785,7
28787,8
30781,7
128098,8
30783,9
30782,7
30789,6
20237,7
29830,7
29784,8
29837,8
2402,8
129470,7
23526,8
118444,8
23528,6
118446,6
66290,7
126620,7
126623,7
118443,7
25852,8
25859,7
31254,7
29161,8
29167,8
29165,7
29164,8
20904,7
15267,7
15265,7
12544,8
8562,7
15261,8
12540,7
123015,7
123014,7
123017,8
123016,6
123019,7
105805,8
31430,8
11172,8
19094,7
6639,8
22695,7
65913,8
126298,7
12603,8
12606,8
60964,7
26582,7
26016,8
60969,6
24725,8
24720,7
24531,7
24728,8
65710,8
65711,7
65244,7
14418,8
65242,6
65243,7
61212,6
65718,7
3612,8
119477,7
119474,7
120593,7
120595,7
13630,7
2328,8
20779,6
4708,7
11508,7
3761,7
3769,6
138701,6
138703,8
138705,8
138707,8
138706,7
7319,8
17641,7
17640,7
2490,7
4640,7
13550,8
13557,8
2497,7
13554,7
63927,8
63928,7
7892,8
61483,8
17027,8
62520,8
62526,8
62527,7
62525,8
5152,9
64115,9
64041,7
64045,9
64049,7
64048,7
11903,8
128663,7
62290,9
62295,7
16453,8
7277,8
7275,8
25405,7
7278,8
7279,7
2561,8
64011,7
12805,8
6831,7
6830,7
6836,7
29316,8
29317,7
10552,9
10553,6
29312,8
65896,8
8007,7
121717,7
16454,7
8823,8
8826,8
30649,7
30644,7
111064,7
30646,7
30647,7
30640,7
30865,8
30310,8
7647,7
7646,7
119273,6
119275,6
119277,7
28528,7
114920,7
62204,8
7034,8
112780,8
1743,7
9132,8
111205,7
14412,9
24539,7
24538,9
14417,6
28374,6
11174,7
24533,8
126295,8
126296,7
11178,7
24537,9
5742,8
109831,8
1562,7
1567,7
13828,7
24021,8
13824,7
5639,8
28195,7
28194,7
28190,7
7466,7
8484,8
8486,8
8488,8
