28997,67
28996,8
28998,44
19399,707
19398,81
5980,69
132641,373
5987,2
132644,317
19390,218
22260,124
61171,66
25062,108
25061,47
25069,44
120434,62
6797,88
6791,58
6799,121
6297,5
25285,6
25282,490
25283,189
16705,773
124174,513
116787,215
17252,141
17254,141
17255,726
17256,797
63026,222
9258,58
63023,112
9256,89
63029,130
24881,356
24880,66
24888,51
26022,312
26021,55
26020,318
64902,17
26026,95
124355,157
64901,20
124359,281
124358,71
133346,58
135966,129
135965,262
61179,20
63812,12
122061,273
14624,26
14626,395
122060,86
14622,320
14623,77
14628,42
14629,50
62885,12
62884,1
62811,48
62889,305
30416,776
65273,11
112042,168
18705,183
62088,55
122382,333
122380,10
143176,366
137641,373
133525,2
137642,358
137861,138
29818,96
29762,6
1177,91
1173,16
23050,95
23500,691
29436,350
31232,18
29108,87
31230,88
29921,2
31234,31
29101,791
7183,3
29105,115
7185,31
29107,22
8549,107
8017,35
65881,15
8014,47
65884,746
65886,53
65887,28
66504,689
66507,120
126601,90
126600,7
65084,47
65087,675
65088,97
10884,16
60902,27
60900,53
60901,162
60906,182
30384,162
8293,18
24708,61
24704,1
65264,159
65266,557
13619,299
13614,41
13616,7
13611,1
4723,652
11289,4
5841,356
11286,43
28253,269
13531,67
4622,70
13532,489
28256,35
29264,98
16394,89
63907,14
63901,74
3773,108
62501,86
62506,815
64029,284
64028,10
13289,11
13288,11
64021,425
13286,159
64023,808
13282,354
118321,374
113141,48
140421,74
138181,5
10390,5
10391,75
16936,589
16932,112
16938,782
6217,64
6215,39
6214,105
12222,68
15708,61
15709,18
29376,118
29374,52
10574,138
21427,3
21423,746
21429,11
30628,813
119216,23
119217,64
30625,81
7668,84
7662,13
7665,473
1762,9
1766,25
29594,24
29592,40
108453,23
1545,98
14470,4
11115,130
19575,128
14477,72
30594,35
8716,1
8717,51
13840,4
13842,144
19570,813
31578,209
7882,134
122534,62
130400,162
110575,99
110576,23
19538,815
11564,44
126814,38
9259,5
22248,154
25739,791
25737,108
25047,300
6774,26
6773,84
9963,33
9969,106
65697,29
65693,303
19911,12
16721,26
16727,822
64614,682
64615,828
63046,6
63044,70
9504,3
65521,32
65527,113
65526,660
141459,12
2518,23
64929,8
64924,69
64925,188
64927,374
26045,8
26044,36
135945,252
125461,407
22810,4
3532,1
22817,18
22815,7
5050,23
64455,21
14640,6
18549,69
14647,114
18545,30
66646,39
62317,84
122015,856
62313,5
4162,147
13075,533
133326,12
133324,103
133325,373
133328,352
108846,40
29992,376
10185,8
137668,175
137662,2
137667,96
29746,443
132498,828
1154,16
30293,168
30291,142
30298,57
15111,117
15110,38
29127,209
25899,265
29121,88
25896,63
25895,610
25894,525
31748,87
31749,713
31745,4
31214,5
31743,227
8031,209
8030,25
12589,105
12850,78
8521,65
12580,181
12587,333
12854,4
66564,240
127281,162
127282,128
22657,2
61786,801
65068,193
65069,726
65064,840
65062,15
22659,17
65060,831
22383,106
60928,154
110962,249
13988,139
60923,79
4292,10
23387,55
24767,374
61253,303
61255,32
61257,60
61256,8
4742,473
4740,149
12236,3
5860,21
5862,24
28937,166
25385,9
4608,17
2184,96
4607,18
2189,55
4605,122
4600,62
13510,172
121979,45
15343,90
30915,16
64555,818
64554,836
124254,27
64004,345
64550,10
64001,12
64552,19
115181,2
64009,239
118307,389
118304,96
118302,434
128620,337
6185,9
140441,347
27791,63
6908,68
140445,243
9191,47
9194,104
10379,46
10374,19
7238,848
63789,201
63781,734
63782,239
16910,570
6239,54
12206,15
29367,27
63525,92
121755,393
63527,11
10519,51
63252,85
9774,13
9777,32
29353,19
9771,36
121759,9
29356,411
63258,864
8867,71
8864,72
14985,216
62781,842
62784,366
108695,367
1704,62
1706,20
106628,143
15854,23
15855,180
15853,37
138309,22
15859,1
120193,728
14457,6
14324,123
11135,358
14450,41
63203,36
14459,390
17982,423
28408,1
62122,145
62123,849
3028,5
28403,8
3026,9
3024,283
62129,780
30600,18
111020,12
30350,30
30603,804
115077,2
30354,135
30355,103
30608,28
8734,213
31009,26
31554,19
13866,37
4194,17
13864,22
4193,108
110771,659
5671,46
111976,720
111974,38
126836,22
66046,9
66049,7
130421,112
136307,15
23714,136
6437,76
8193,90
6435,7
12445,2
6433,12
8194,69
12441,17
8199,80
6756,27
9942,2
9940,7
134932,86
19932,116
16747,134
27920,349
16748,777
63435,785
117298,361
12053,74
62928,32
117024,814
64638,14
64639,33
25711,39
64630,26
24447,648
25719,793
64637,74
21659,366
121562,728
121560,16
62923,346
65548,711
127234,90
65541,748
62437,7
27790,44
26067,779
26064,25
64491,20
26061,40
134308,260
2538,15
61730,81
64942,8
2536,31
2537,130
17166,807
5079,87
17160,769
5073,10
5071,16
17168,678
22837,289
137864,250
113530,1
113533,237
9563,4
10743,87
10740,21
18560,26
11832,78
62330,108
122034,27
62336,277
62335,542
13099,21
13092,73
112001,348
112004,163
112005,67
27828,38
20296,20
20297,726
27823,340
129419,401
129418,71
9380,195
29728,13
65927,602
15133,28
66725,3
15135,1
31766,6
31761,355
31762,18
31763,27
7146,45
7143,14
18746,845
12877,3
30017,711
12874,9
2883,129
2886,148
2884,81
31495,825
2888,20
133871,334
24292,697
24293,43
126137,28
66235,783
66544,5
24295,105
61019,758
26523,12
26520,39
24746,550
24747,91
24749,15
28678,153
28675,2
28676,20
28895,3
11161,10
4764,739
4769,14
4768,11
11249,6
11247,470
65045,29
65042,334
5802,37
19742,437
65048,101
116806,27
64799,30
7180,8
110239,21
25364,5
25362,10
11793,291
11796,18
65220,160
65957,768
65226,201
65228,657
65958,326
61278,5
11991,5
25509,38
25508,753
16689,738
16684,840
16686,742
16681,827
10353,16
4881,57
4885,473
7964,76
9173,31
9171,97
10685,2
61901,287
61900,10
61903,321
16974,771
17081,762
17080,227
6259,30
12262,11
12263,39
105365,25
105364,28
12266,48
10530,36
113274,12
5823,92
113272,11
113270,132
9719,115
63500,14
63507,126
63504,7
125054,778
9715,128
24100,3
24101,143
24105,22
134447,351
8542,30
26852,447
30175,133
133469,168
133468,332
1728,93
1722,29
13135,29
138321,97
62217,27
28461,20
28460,119
3007,107
28462,7
18358,600
5621,20
3002,17
7935,7
14309,14
63771,343
62109,106
62107,13
62100,262
1587,32
62102,50
1585,4
30379,136
9455,4
111000,135
111005,126
66686,100
66682,1
66681,441
66680,85
31530,107
31533,729
31535,677
31534,7
31537,11
66688,591
132518,209
13341,248
28285,2
66062,51
28287,32
66065,9
23220,27
23227,27
23224,8
61489,58
61481,61
15306,112
6416,14
30950,37
6410,25
61487,775
7773,4
7772,264
3917,134
3916,196
3918,24
117768,138
8317,67
6736,190
6737,86
115946,30
110532,6
110533,21
9921,5
9922,3
19262,770
16769,798
16763,861
22177,15
12077,128
12075,43
12070,123
25776,8
25777,16
25774,188
25778,17
65561,12
24825,145
21675,26
65569,63
3647,23
3643,752
2553,11
64964,2
2555,3
2556,32
2558,327
5018,13
135986,229
116144,812
17145,793
17140,738
17142,765
25194,5
63800,9
4418,393
4415,5
4412,27
125601,9
9548,11
9549,128
9545,83
62351,8
14828,478
14822,436
14820,713
14827,233
14824,140
64210,834
20109,800
21499,61
132980,225
27842,28
27847,4
27845,209
137803,81
137801,56
29709,124
29708,282
29707,149
29254,13
29705,3
29250,37
29701,82
29252,324
11815,93
11811,35
11818,176
11819,126
15153,742
15159,41
109425,105
109423,77
29427,33
31702,844
31703,753
31706,355
31707,498
7163,17
7161,2
8079,74
115554,139
12898,6
12895,50
8073,2
109683,819
141497,302
123099,64
123094,579
123097,5
1447,91
1444,2
28078,82
1440,111
23034,88
1449,189
22619,14
22612,148
22345,12
129839,146
12169,60
28616,33
13782,12
6529,300
6528,18
4783,3
5847,4
118738,152
23697,136
5824,15
5826,58
118734,9
11264,24
61071,2
65021,466
65026,8
65027,64
61077,9
127575,85
116826,151
25691,43
130766,55
25341,123
25692,2
25694,15
29211,803
121938,1
121934,157
65979,14
11060,83
127797,782
61296,23
65971,784
65972,28
65973,35
25526,852
25523,373
64515,338
64516,33
6431,8
129120,162
12796,451
9155,27
10331,82
29642,43
16405,93
16955,563
16956,766
16401,157
9483,68
16959,745
9481,144
63741,2
7906,58
63742,207
61923,19
61922,33
61921,7
122918,113
29645,846
122917,160
122915,109
21440,43
135844,12
4083,53
63291,1
63290,218
63297,106
125034,814
22978,15
22974,149
112254,793
138129,203
112095,233
138127,37
138126,350
138121,89
138123,54
138122,314
30671,47
14148,7
13163,19
14145,70
5229,54
13114,182
138341,389
126694,161
138343,116
138342,7
138345,354
138347,217
138346,151
3063,43
3062,9
14363,10
14490,5
11328,21
62168,184
62169,3
62162,12
122263,19
62167,31
120134,64
118503,13
118502,41
118504,16
66660,23
111282,33
111287,20
29066,20
129629,208
29061,769
129623,333
129624,9
29068,17
29069,36
23752,805
23753,5
1300,30
9248,117
66000,128
28917,8
28916,5
66004,97
63052,100
123137,228
30939,1
30932,799
15363,819
6471,15
9538,25
12407,156
123138,193
110732,59
31515,105
31045,49
7758,2
113093,821
7750,66
3937,11
3933,73
8333,25
8334,17
66448,1
6716,7
6717,3
6710,26
29553,842
9904,233
61314,15
24466,738
24463,50
24468,300
19209,23
119756,399
119753,98
22404,84
13756,5
13759,88
13758,48
27930,15
65519,7
25754,44
25757,45
24809,24
3662,15
24803,253
65587,5
65580,175
2577,56
2574,10
64985,24
2573,101
130398,229
130399,161
11455,20
11456,28
11450,54
5038,17
3594,122
5032,4
64186,169
4434,57
64184,63
64182,345
4430,189
124683,16
13323,26
116615,691
13328,2
13329,125
116610,110
118084,46
118081,92
13025,9
16829,790
140837,132
136645,29
62809,347
62378,65
62377,56
62804,5
122077,369
63233,117
61407,44
124534,20
64231,785
63825,123
13480,24
121474,56
29278,172
63172,29
63170,66
29276,10
63178,798
29274,70
11872,63
112623,29
8925,106
112626,725
11877,14
112624,377
18835,350
109919,7
30239,69
30584,6
30234,167
15174,24
15173,23
30233,115
7106,54
7107,27
28034,332
31720,403
31725,829
18788,123
1686,11
30059,203
111631,4
30055,794
29988,841
29984,109
66272,831
66275,5
66278,54
28058,782
1468,23
1465,422
28585,237
24781,269
24782,28
24783,7
13922,8
114370,95
4230,496
28630,1
28632,35
5594,80
5597,27
28637,31
13693,31
66496,20
66497,9
12226,92
13902,79
132702,147
65008,769
27788,199
22360,5
61059,280
61725,45
6213,31
27783,743
61726,106
61721,11
27784,76
65006,48
27786,166
25320,131
25322,10
60898,32
60899,88
60894,19
120794,99
60893,3
23945,322
23943,195
23940,106
23948,16
8699,10
65911,14
65916,147
65915,59
2299,106
2290,26
2295,11
19694,768
10916,428
10917,39
17337,234
7291,27
7922,42
7923,30
7921,20
63769,17
63768,129
63763,122
63766,20
63765,30
61941,111
6293,2
64536,1
64535,133
64534,2
64539,1
64538,42
63815,126
63814,768
63543,751
63541,48
125014,140
135865,116
135864,64
3439,183
22957,27
2034,6
2033,28
4595,32
4844,163
4598,20
4847,2
4842,70
4843,115
63278,4
133425,179
133424,377
14169,4
14163,12
62490,34
62491,98
62497,221
62494,1
62495,91
13174,4
11191,57
14340,252
3048,149
62634,161
122536,4
62632,322
3041,29
4569,1
115766,518
1094,35
1095,37
66649,70
118528,416
66643,13
66393,58
66392,196
1099,6
109581,7
109580,37
109584,748
111479,116
29517,8
29514,29
29515,824
29511,17
28938,86
1327,49
28933,29
28930,37
23774,19
23776,223
23777,234
30910,313
12421,57
8681,2
8687,185
15346,59
6900,24
109764,24
8133,164
7733,125
31062,737
26246,107
8358,95
128560,372
8350,53
8357,107
66027,361
24441,3
24440,176
126320,182
126322,297
24449,66
61556,123
61557,179
61552,37
61550,134
65615,19
65611,141
65610,734
61558,174
22139,23
119736,87
4062,29
4060,33
13776,111
4065,772
5785,3
5786,766
5783,52
5788,14
62911,328
25900,20
3607,80
17101,331
17105,795
17106,757
13342,217
13340,40
4450,40
4456,117
130048,41
130049,391
30226,38
130043,192
130040,352
130041,65
24860,1
16785,66
62829,43
62823,2
62822,56
62821,351
62826,381
16781,775
16855,808
125975,2
125976,60
16853,761
125978,6
6334,100
6335,37
6331,21
6333,36
6338,85
27886,698
27882,13
10453,21
10452,3
10451,129
10109,72
29217,37
9673,75
10458,58
21763,89
63154,75
63156,784
63157,63
8901,37
11856,275
8902,38
30219,12
30215,796
30214,721
113917,46
7127,72
7124,16
7123,59
7121,10
1663,13
1661,45
115519,116
115516,789
2829,37
24278,712
3384,64
5417,690
5412,17
1408,2
13906,6
4213,5
18100,11
114351,151
5578,50
5572,8
111874,6
30072,70
5798,46
5129,122
31300,32
28351,109
11228,91
11225,9
11220,95
19054,32
25906,314
22306,869
62599,239
61703,257
22308,123
61706,149
25655,12
25302,167
65930,278
65280,1
65286,48
65287,1
66414,40
65937,3
31574,11
16629,508
16620,59
6109,99
105126,352
12756,10
12757,324
6104,17
6102,18
6100,62
64733,813
64884,243
124036,273
64734,14
124034,181
64739,16
64738,170
124038,264
64888,27
63700,288
16996,388
121201,47
63705,65
16991,495
63707,12
63708,34
9445,122
9112,8
9443,6
65426,728
65424,29
61960,4
16441,18
105698,694
11925,16
64088,119
21487,5
63836,34
21488,45
3416,42
3413,104
3410,209
135805,169
21374,738
3419,161
116245,102
15293,45
2019,702
13481,94
10938,78
4860,35
2011,76
13484,218
4864,80
18484,78
64881,2
14108,63
30146,27
17715,694
5619,756
13155,5
13151,115
13158,174
10597,22
10598,19
127799,695
102617,8
112168,45
17908,698
63702,787
62618,9
20423,62
122514,70
62612,1
62613,1
30688,306
16992,837
115747,229
30685,740
12992,14
12994,88
29533,837
29028,81
29029,26
30546,133
29022,21
29021,32
24008,317
65421,19
15414,120
15415,107
15417,28
6922,46
7711,533
26747,264
7718,9
66623,168
114835,835
66628,179
61390,790
61392,10
61393,832
61394,802
61396,228
61397,121
61398,105
61399,356
2889,3
28775,97
24428,32
28955,4
28770,7
28958,25
28778,20
22447,33
61574,14
61575,7
61576,6
65630,4
61570,216
61571,44
61573,180
119714,9
4001,10
13712,37
4005,3
13716,45
3971,31
19420,478
11566,47
19427,94
19428,780
3622,44
3625,13
110330,14
140569,47
13369,54
25465,758
25462,17
25460,139
13365,155
4477,253
4476,206
113028,6
118042,777
113026,101
24846,5
24844,67
24843,302
24842,20
24841,16
24840,34
64271,2
2467,24
64275,17
64279,118
126496,82
16872,786
16878,831
12143,10
12142,396
6310,197
12140,182
6314,22
6315,140
134744,219
10438,13
9650,39
9305,129
10121,145
29233,67
9302,50
10124,4
63138,26
121437,223
121436,97
62846,224
8964,22
25731,5
1641,3
1642,39
112088,23
29492,492
29497,7
29496,133
119081,206
29946,757
29940,824
29942,40
24216,30
2802,69
2803,96
24219,118
2807,76
28018,80
112888,34
62266,122
62261,52
3369,104
62263,373
62262,7
3365,143
112880,24
5439,40
62268,1
3362,35
30277,90
13962,74
13963,6
4275,1
4274,141
4279,62
5557,120
135484,88
5559,4
13483,53
106900,239
30098,33
30095,74
30094,202
8582,20
30093,32
130520,81
114484,39
31326,7
110106,8
110100,143
5885,315
5888,32
61763,13
30891,42
27748,2
6552,41
61766,4
27747,287
30899,8
25923,22
25922,5
25921,23
129850,200
25929,25
22325,209
62005,423
130298,7
25671,72
25670,35
25676,13
23989,2
23988,109
109043,62
7504,311
7506,117
9882,32
9880,704
16605,752
16601,788
12775,215
6127,102
6121,34
14554,13
127480,163
127481,228
61188,261
120063,119
64865,273
64864,201
64867,20
64713,16
64863,153
63728,125
63724,25
63722,741
61988,206
65404,367
24980,35
61980,350
61982,99
16729,43
2193,125
2259,144
25586,73
2255,2
5848,17
4093,200
24186,165
24184,48
135824,294
121080,84
63581,789
121083,39
63857,2
31455,209
22913,65
4800,111
4801,60
4802,50
2783,96
4807,6
4809,32
116224,615
9465,10
9466,24
11600,41
10609,27
11609,21
14129,829
62458,105
27980,5
62984,22
122754,4
62982,42
27988,367
10599,1
14383,9
14382,29
14380,94
14386,108
14385,24
14384,46
62670,779
11315,10
133170,19
12977,27
12972,70
29001,80
29550,763
7085,8
7086,50
6497,18
8173,408
122519,75
8176,33
6948,46
15470,29
66450,8
126056,73
66354,67
66602,9
66352,19
61376,38
127674,28
8390,170
61159,106
119696,235
24407,24
24405,55
24402,180
4390,13
64038,97
24409,363
28753,71
28209,294
1363,27
1360,71
28754,158
28976,734
28975,154
28758,123
28200,771
28970,690
61518,625
61519,5
61513,158
61516,2
22461,9
13733,11
13730,115
64030,24
4029,136
19158,763
19155,7
19156,776
19402,52
19152,15
118126,3
118122,30
118121,17
65875,313
65657,795
65872,317
65658,9
119993,114
106350,146
25118,16
25119,12
25115,246
25110,43
25111,153
28853,70
124599,154
124598,31
2444,20
64296,67
124594,134
2448,36
64292,14
61583,9
7866,22
7862,118
61585,789
8092,23
117323,90
61587,71
16813,3
61586,386
6379,44
6370,25
12123,83
12122,69
12125,85
12124,179
6376,40
12126,82
10417,2
10411,91
63447,113
63445,6
63442,69
121415,67
121142,39
137883,302
137881,331
63448,2
9325,7
8947,53
141057,97
62865,7
62864,23
62860,340
125240,65
21238,55
3206,129
1992,13
1995,152
5187,48
1998,641
138464,76
138465,58
138466,352
134764,481
138469,336
29968,77
29965,4
29964,40
28564,169
28563,238
24232,797
24233,331
24234,26
62243,734
122143,84
3342,4
3343,147
5456,44
30259,41
30257,256
30255,369
31129,1
4251,2
13941,177
13942,18
31122,27
31692,737
28690,70
5530,35
28696,425
28697,87
5539,8
28699,24
111839,41
66163,39
23616,28
6573,17
6571,20
6574,29
6575,6
61746,2
61745,186
61744,8
27766,81
27765,167
7694,297
7696,107
29616,8
7691,63
29613,769
29612,58
29619,854
25944,306
25946,79
3835,9
3833,16
7526,295
7525,214
16664,826
16665,96
16668,747
12713,309
6140,24
12717,24
8113,166
14863,8
10974,7
64848,19
60835,138
128599,73
16488,15
21118,187
65469,3
65463,8
65466,405
65464,65
2271,10
2270,50
64597,302
138613,110
17534,683
116209,165
2052,34
2054,176
4828,49
30061,2
4826,21
2058,2
13440,77
13443,7
13442,61
9403,41
9402,29
7982,742
7985,9
10621,74
62471,19
62472,730
62473,142
8599,37
11976,21
122778,120
124437,811
124434,583
124435,102
27969,105
64330,160
64332,175
27965,111
17753,694
27960,4
13198,24
13193,12
120955,171
120956,176
121761,237
63874,48
63871,96
63870,242
125529,264
125528,47
62650,40
62654,739
62655,3
9051,40
10085,37
10086,179
7329,4
12955,40
12956,181
12950,4
7067,718
7066,46
7065,83
7063,121
107672,1
30756,775
6963,33
12484,96
12485,71
15459,7
8627,147
8150,5
8151,143
24397,651
24396,86
24393,451
110804,6
31594,9
110800,36
110801,67
110802,14
31590,14
66379,19
66371,5
61688,753
61689,78
127381,106
61686,785
127384,362
61684,52
61685,252
9988,7
124675,3
124676,3
109380,599
11027,4
14506,13
66085,644
14503,8
28733,526
28735,74
1382,20
64351,101
11366,48
27908,10
11361,3
61355,58
61356,159
61350,11
61352,55
61359,60
110379,12
114698,32
63180,142
136824,31
140528,8
64497,199
65853,255
65850,1
61534,1
129518,151
65679,104
65676,21
65858,42
65671,16
65670,29
25136,4
25130,13
25132,23
64102,2
64103,91
25422,116
118003,29
135165,16
6682,509
127075,146
16837,793
121382,31
121381,701
7849,116
16832,775
63687,730
16839,805
16838,816
6357,53
61828,466
12108,725
9340,217
9614,49
9613,2
9346,108
9611,7
9619,8
63468,16
63466,149
63467,774
63461,26
63462,193
14883,5
137064,11
137067,91
14083,85
14084,12
3229,79
1979,2
1976,21
1602,339
3221,96
1971,36
1606,14
13710,27
138404,357
2849,729
2845,38
13714,55
5476,5
5475,83
14268,167
14269,18
28504,5
14260,36
5479,9
20075,569
62221,3
62225,57
115313,72
115310,31
115317,214
115314,41
5519,13
5518,8
5513,11
106418,129
62582,52
29901,26
1559,55
29904,8
29909,37
3036,25
66148,32
126718,38
126715,234
118795,174
126717,20
118797,103
136009,206
66410,60
118793,16
29129,41
25964,21
25961,27
1902,236
15027,5
30614,6
29634,93
29639,185
1974,17
3813,55
23499,8
3814,99
8457,99
8455,104
109084,17
119154,795
13201,51
119153,8
120822,41
7549,8
31366,59
13853,1
16642,65
16643,661
6169,61
12730,73
12734,5
65194,6
109641,3
120717,30
64820,81
60812,832
10999,81
60818,20
120719,287
10991,38
24617,51
24610,18
25635,759
25633,123
25632,20
24618,149
65440,100
65448,113
65449,39
21136,3
116597,132
22729,1
116592,48
2215,6
31811,80
6130,412
116770,252
116772,156
116773,1
133044,337
12581,6
25091,279
25096,3
25094,835
12855,5
25099,16
25098,158
4517,92
4515,33
11649,20
11641,46
11644,86
11646,125
5284,50
27948,785
64314,357
64319,11
20666,543
9772,33
63898,11
63895,187
63894,207
63896,67
63891,824
63890,117
63892,9
134044,114
7300,4
9289,44
9284,61
63099,215
29085,148
11910,440
10244,49
11919,13
30193,79
7045,19
123994,230
123995,421
10200,63
123998,291
63324,265
63328,139
30778,6
30990,387
30775,285
30777,67
8606,1
8607,10
66313,773
24379,442
24378,54
24375,18
2982,23
24376,172
2986,100
127534,152
1013,235
61033,8
4351,133
4352,50
28717,8
28716,171
28714,179
28712,98
14525,14
14524,16
28249,115
28248,33
14529,74
106881,123
11340,119
11343,144
110683,701
110681,747
110685,44
5709,8
61332,4
61330,2
61335,81
61338,20
61339,26
111489,6
111488,423
6424,25
28866,727
118167,138
120297,121
2246,8
23809,89
65831,13
65833,81
65834,165
25150,389
4296,8
25157,14
25406,17
6428,5
16582,47
12697,1
12691,200
12698,18
116906,819
116905,810
10832,674
10839,8
1050,12
7828,3
19807,5
63669,54
63666,2
63667,131
63664,3
63665,45
63662,32
7826,9
63661,201
61803,5
64127,18
17180,97
119957,195
119956,77
17184,726
107446,27
21272,771
8987,63
63405,313
3798,77
3796,27
3793,10
2154,29
2150,54
2403,40
4988,13
1956,134
1951,183
14064,20
3243,677
3246,39
13259,94
12467,17
62755,744
62756,94
1487,396
122101,278
62201,231
62200,263
5496,27
14201,730
28524,5
5492,34
30561,66
30563,4
30565,143
6313,32
12141,407
113997,143
6311,145
112714,19
12144,4
112718,9
10618,4
29382,92
29381,144
29386,144
29929,111
29435,36
29434,12
29389,67
29388,792
29433,10
28388,5
14561,40
1228,2
8290,95
6534,2
109318,608
6531,74
30388,82
25984,134
25987,103
25981,88
25980,33
31166,139
31168,253
122315,320
8479,45
8475,93
8470,94
7566,113
7564,96
7561,6
119174,45
119173,74
66435,89
110160,386
66438,5
31381,45
127174,145
61476,3
127179,9
22528,166
120773,109
120774,316
60875,145
64807,12
24637,1
65317,10
65310,64
65311,70
65313,5
141241,2
2230,61
2237,3
3497,64
4572,105
13407,12
13406,36
13409,22
4579,5
63135,155
2188,31
11669,26
24965,57
27921,150
62439,147
27925,181
27924,11
27927,182
62929,75
17795,606
27928,12
62924,120
62925,378
62922,70
122736,43
62921,308
25216,28
25212,64
64371,89
64375,384
113299,776
23592,651
122841,276
122845,5
7368,15
7369,90
3333,85
7366,114
12317,248
11935,70
11934,19
11930,10
30177,45
12913,316
12915,177
30170,48
7022,40
107631,785
9004,30
10221,146
24037,38
24032,136
21519,89
62694,78
112473,5
62698,115
30718,4
134685,363
115121,838
30710,104
30714,31
7799,14
7798,23
24353,134
24352,387
24350,18
24356,85
1038,33
1034,30
66468,486
4372,16
4371,43
4374,16
14549,15
28266,225
28265,66
11065,12
28260,45
15490,10
8666,35
8669,26
17890,13
111179,770
114524,60
114523,4
13794,213
4087,12
13798,25
31449,789
31448,116
66597,715
66599,47
19137,771
5723,27
5726,14
8007,756
65163,16
61646,229
61647,771
61644,118
61642,474
61114,123
61640,17
61641,77
110400,818
60990,705
60993,12
60992,11
60994,17
61441,65
11499,21
8084,4
8087,27
65812,12
65810,17
140071,15
140073,4
25173,700
22823,69
124684,3
16563,65
29948,42
12679,141
6649,44
12677,197
10813,15
10810,5
10816,10
63644,167
63645,116
63640,338
63643,117
7809,7
63648,206
65765,6
64483,4
64950,277
65768,24
12533,145
64480,150
61860,143
61866,740
26247,48
2393,52
2390,12
64145,190
63422,73
21218,16
12964,5
2176,18
5432,3
3265,83
62592,4
62590,72
5125,5
61880,23
5122,33
120835,18
120301,57
116031,185
120839,402
3366,267
113609,201
13235,120
14221,132
14954,9
120302,119
14225,126
14227,4
122474,185
28016,308
17179,759
20036,6
30540,136
113460,294
6886,1
111064,40
4273,12
1209,62
109338,382
30818,127
8272,136
29677,239
29676,60
29675,1
114958,348
31636,28
31634,48
31143,395
31144,342
31147,209
61723,285
6669,36
111723,8
111721,715
107325,804
7585,3
9804,38
7582,46
66452,95
66102,814
66451,134
66454,6
66455,112
66108,3
66459,156
22507,22
65158,9
65156,1
61102,249
4145,20
3855,70
65376,265
121754,286
31858,165
29359,137
114777,9
31854,343
121757,14
5918,104
9778,5
64688,1
13427,127
64680,218
64682,75
4553,11
13421,149
11684,54
11687,614
65484,137
24907,60
65482,91
24909,205
65489,117
124326,88
64356,42
124324,204
124322,151
124320,130
124321,29
27906,15
27903,125
25236,718
25234,139
125583,86
16795,6
125584,191
16790,680
16791,715
128759,20
128758,199
6078,35
2616,386
2615,49
20488,18
7346,39
65236,42
7343,69
10795,22
64690,7
10793,29
21686,15
21685,364
12338,140
12334,44
124196,103
29088,307
121662,5
29081,32
29082,84
10247,39
29086,360
18680,39
22882,22
29883,121
29886,91
2942,22
2940,98
5357,22
5087,8
1056,115
30151,71
30152,13
31285,4
31289,843
14565,6
14563,4
24489,103
24486,20
24483,78
15060,187
62016,202
106846,823
3116,19
3114,113
62018,692
30732,8
8648,18
31462,788
31460,83
31467,4
124442,17
110645,25
2596,12
132405,365
132406,369
136186,372
11300,32
11301,34
11302,35
11304,106
140905,151
61664,4
28942,19
61661,13
61662,223
61669,164
25823,483
126417,315
66713,55
29757,2
28822,262
61592,140
61591,269
61596,15
127094,150
14182,28
9324,16
117018,819
117019,812
12658,14
6661,20
12655,10
10877,145
63990,18
16890,815
63621,65
63996,371
16896,691
63998,741
61840,75
65740,47
141636,38
64160,9
64161,18
64162,85
64163,15
64165,39
64166,92
21237,86
140904,11
21232,46
121493,468
63194,146
63195,24
63196,34
63197,819
1878,158
4941,70
138205,90
138201,282
138203,245
2111,38
2113,61
112622,144
14027,43
1919,66
5109,84
17052,550
122678,9
62575,819
122677,321
122674,129
122675,240
62571,125
3282,23
62573,37
120816,191
120818,111
13219,20
10499,18
10498,51
14978,63
14790,24
14791,105
14793,99
14794,15
18234,777
62710,51
62712,111
62715,19
20548,208
133728,146
133729,212
133726,59
133724,328
30283,67
112759,9
112752,116
7503,220
112754,334
6865,41
6867,161
8257,1
8250,25
8253,44
1266,10
8789,385
30833,7
30832,8
13439,12
30837,98
1913,49
30835,195
31614,147
30352,359
29698,8
29693,103
1914,6
114979,810
8431,164
8434,26
8439,58
119133,5
30358,2
133949,169
61187,18
126778,130
126773,234
61181,318
66476,811
61439,62
61129,524
61122,30
61433,364
61435,96
8515,20
24670,1
24671,111
4128,4
24675,83
24678,439
4199,20
4127,30
4124,5
5686,40
5680,12
11514,87
11511,87
11513,855
5978,2
65170,595
5973,83
5977,6
65179,9
17208,791
17202,8
25783,157
25781,371
25786,106
25789,34
25031,4
25033,415
140736,94
65350,30
65355,6
135044,153
24922,2
24925,29
24926,49
64402,66
2581,5
64409,133
64408,158
2589,84
124015,110
121673,114
64861,69
6053,37
10005,5
10000,17
10002,30
121674,10
10008,1
9599,123
20019,753
9225,4
9590,34
62962,3
62960,201
62966,125
62967,22
62965,71
12352,17
141178,213
118875,32
118876,776
10266,10
123937,255
140798,46
24281,5
9048,27
63388,74
63385,260
63384,100
63386,22
63381,141
134025,162
134026,20
14462,10
2960,12
29868,63
29864,16
137611,71
24982,341
24318,133
24316,26
24315,146
24312,9
108740,35
62382,325
1078,45
1076,5
5374,2
5377,32
1075,86
1072,18
62388,99
30130,25
30137,321
13003,17
61027,19
30138,163
111579,50
31267,794
4331,101
3130,202
14581,85
3138,14
14583,94
20204,49
20202,10
62036,107
62037,7
115163,16
31403,20
23577,58
5764,17
5763,102
61600,50
61608,117
25808,286
25804,13
25805,87
25807,6
66731,45
126434,111
1627,15
30974,1
5408,161
12519,1
12516,22
8195,17
7422,147
7420,6
12631,27
12635,20
12634,16
12637,4
6608,17
117032,815
117034,863
117035,446
117036,35
10857,64
24185,4
6733,83
110442,203
60955,416
120655,111
120300,472
60950,45
60953,815
60952,807
62395,84
19537,734
63976,35
63601,16
63602,13
63975,84
63972,2
63605,105
63606,389
63607,144
12189,8
12183,10
12181,361
12180,349
28884,71
61987,16
135708,70
135705,24
17694,769
3735,32
3734,74
1891,7
13580,13
4690,316
4926,25
4699,372
2138,6
11727,104
11722,8
11720,27
11721,4
11729,169
2785,4
5165,20
5169,7
14002,22
14003,47
14005,30
14007,98
138483,108
62559,166
20783,11
138486,161
62553,17
17076,761
17070,789
122656,17
17073,332
120877,12
9698,30
9699,79
113646,115
128659,485
122434,358
122435,577
14918,263
122437,252
62733,7
62732,70
62730,249
14913,20
62739,7
62738,139
1794,116
6848,4
6841,39
6307,89
6845,15
2070,6
29459,215
29453,147
29323,66
30675,130
30674,343
30676,29
30855,788
30857,769
8234,110
31672,798
31673,26
31674,36
31675,817
7632,52
8787,46
7636,29
7637,18
136884,270
112775,73
112778,6
9841,98
9846,74
9849,40
63454,235
13514,105
3093,78
1243,19
1533,1
1244,49
1246,13
28325,473
28322,413
28323,124
1539,22
121153,260
27981,93
22543,86
22544,28
31096,40
9317,31
4103,42
31095,130
31093,19
4108,14
29692,40
31099,29
24699,360
10426,68
24691,73
28149,4
9311,411
3892,5
3897,89
106589,288
31894,438
31895,310
12051,40
11538,104
5959,11
11531,3
11537,28
11535,64
61140,317
61142,3
65114,130
61410,152
61419,50
61418,6
111873,70
64644,73
25013,216
25017,9
121844,39
121840,5
121842,422
25276,52
25274,41
64392,337
124360,39
124361,127
64397,162
25279,160
119894,13
6039,5
119893,82
17269,756
6036,2
6034,2
10063,752
9203,32
63018,10
121513,59
12377,9
12378,106
12379,17
62948,48
113361,162
9063,8
113367,766
10286,18
112410,805
64631,20
125360,215
3562,109
112187,827
112186,799
22843,1
112184,45
13397,92
2489,44
20993,27
2903,14
64547,808
2909,8
2908,35
64014,70
14616,33
20194,20
20191,749
5313,10
11018,4
13027,15
30448,8
30445,754
30442,108
30115,782
30117,84
31790,23
3153,33
1633,21
3157,87
3156,32
1982,168
28795,308
3158,65
28791,52
122358,181
122355,40
62057,149
122357,384
134870,221
129469,280
129466,346
129467,155
3031,194
25528,779
66281,470
66286,801
66285,752
23553,213
66289,824
66288,778
66531,101
66530,277
23088,57
23080,7
23084,42
61624,3
61627,30
29156,11
29152,86
29150,81
29151,27
25860,720
25864,36
126459,284
16454,61
126454,129
8577,79
8571,88
8579,32
12578,7
15253,19
12576,33
12575,5
7409,26
7406,44
7401,14
12615,26
60979,2
24731,154
60973,213
60970,55
60977,816
65706,120
29487,27
65703,61
65702,28
65701,9
65700,287
19557,84
65708,70
141362,138
13625,66
13623,45
2337,29
4719,14
25480,19
25481,737
3711,28
3713,37
141097,313
141098,244
4678,741
4900,76
2484,101
4674,743
13562,164
13561,659
63955,287
63956,44
63951,3
63952,84
63953,10
11700,64
63959,8
5149,42
62539,852
5142,16
124775,26
17016,733
64079,8
63483,39
63486,776
62285,182
5422,3
133766,97
7241,36
133768,329
7959,17
6821,19
6829,40
10541,21
10543,36
129078,31
10549,21
121720,223
121722,13
29300,833
29304,6
14282,67
8816,18
14286,30
8811,92
8810,115
14938,113
18276,7
8818,131
8219,89
30651,18
15089,48
30877,45
8210,40
8745,54
15084,161
8215,24
8214,80
109826,119
30870,34
133186,114
133184,109
7658,29
133988,770
133987,46
133985,176
9867,93
11147,19
14424,79
14425,88
28300,83
28303,84
24503,195
24500,784
1518,2
28165,191
28168,109
64341,55
110039,165
11550,124
11555,135
11558,151
127464,130
61166,360
65133,744
65134,31
65135,43
127462,304
25075,804
25079,49
120444,5
120441,28
135004,258
65399,24
63966,30
25296,152
8873,191
122737,296
111662,78
6010,339
117260,107
117263,8
116791,721
17248,710
17245,690
17243,660
17240,707
10734,121
10735,190
10044,28
10733,4
63038,214
63030,353
12396,35
122734,80
12395,36
12392,48
12390,65
26016,122
141138,108
26015,148
26012,48
26013,134
26010,26
26011,265
64919,54
64918,49
26018,7
26019,22
9083,186
118834,123
21598,5
139922,307
21595,721
3502,29
3504,64
3505,9
2677,80
2929,11
5330,88
14639,36
14638,23
112968,9
5336,336
14633,157
5338,26
112966,67
30467,811
30461,786
30463,49
4510,18
130764,18
13041,730
13046,36
18040,243
18044,702
18049,619
3178,24
122377,33
3171,302
3170,11
127274,87
29822,10
29791,329
137874,33
29826,23
129442,74
29829,74
1164,150
66519,70
1161,150
126615,343
27825,252
25844,145
25845,2
25848,19
31223,104
31224,14
31227,7
29176,38
29173,100
5253,11
27199,151
12804,13
12805,42
15274,54
8009,11
65899,445
65897,129
12559,21
65895,887
8559,8
65893,234
8001,71
8003,26
28206,134
136804,216
7469,269
2787,81
110621,11
19713,723
22668,167
111537,788
111534,211
111532,34
111530,36
60911,20
60914,69
60916,20
10894,92
110488,130
24712,82
24710,253
24716,57
61206,742
65270,74
65275,6
66657,277
13602,88
4737,772
4739,781
2312,16
5851,146
17654,720
3776,135
13599,361
13542,17
63930,104
63934,274
63935,77
7881,17
7883,50
63939,421
17030,696
17035,399
17036,596
62517,797
62516,22
62515,7
62511,318
64054,153
64055,30
64051,103
113178,188
21291,2
128618,253
28410,22
134164,200
10386,15
10382,1
10380,8
16924,791
7268,57
7267,279
16929,693
7260,20
12234,152
6207,10
12233,352
63663,139
12238,35
6809,42
6802,48
6803,26
15711,36
10567,22
10565,27
9748,47
24157,11
63201,47
19150,768
18928,374
112557,846
112552,12
8832,40
30328,708
17065,611
30326,16
30637,205
7672,26
17069,746
17120,637
136847,59
115245,115
24522,21
1281,48
11169,5
1283,14
14401,220
11162,91
14403,534
109842,255
8762,32
1577,40
13831,33
13839,17
30016,18
5626,21
28184,60
28185,776
28182,8
28180,17
8493,68
31016,41
8497,47
111940,398
1097,405
110766,338
23276,12
28983,66
11573,5
28989,23
25056,195
25726,15
25053,58
6781,49
118873,16
6788,139
135024,401
4675,156
16718,723
16716,618
19965,12
16714,569
16710,223
16243,730
22496,7
120723,61
64602,4
64606,327
63051,42
121553,12
63053,463
107528,169
63054,9
63057,287
121555,778
63059,17
9240,120
9245,12
65515,17
24898,319
24890,4
24893,5
3691,237
121233,11
64931,269
64930,746
26038,5
64934,25
64939,33
26037,52
24096,11
133685,734
24099,4
126136,92
14650,244
62897,2
62895,725
62898,41
13067,12
30403,6
13065,1
61776,21
27816,30
122394,217
133731,326
29803,111
29806,108
1148,713
132482,197
29112,158
7192,12
31203,15
29114,13
31752,2
109186,153
12472,7
109189,8
8539,94
8028,119
12828,211
8530,98
12825,42
12827,20
12821,157
8536,43
15291,116
133825,432
15315,62
7447,163
7448,80
119034,37
61496,55
61494,2
65074,24
65072,48
22398,52
13990,86
60939,9
60938,820
120634,55
26557,47
60931,20
120633,16
124595,62
28641,1
126498,54
24771,315
126497,173
126495,273
28648,3
24776,12
61229,714
61227,757
65215,9
65217,46
5379,19
4758,14
4759,51
5870,94
5878,4
11291,28
11296,99
11297,33
3756,26
120093,161
13526,131
13525,466
11747,110
11748,17
63919,52
63912,10
63915,86
63917,179
20893,3
25554,2
60798,149
13292,52
120893,53
60797,172
60796,130
6194,65
6196,45
6193,25
140983,823
2735,18
2731,629
118444,3
134144,5
20097,721
9186,86
10364,47
138607,349
10361,15
7208,38
7203,37
7205,15
6223,10
12216,111
12215,255
12214,6
12218,101
15848,20
9761,32
29347,85
29346,107
29345,26
29344,242
10504,43
10507,109
29340,797
24171,100
63262,21
24179,333
121762,180
6375,13
8859,84
8858,223
62797,11
8852,38
8850,20
14418,44
1773,92
13318,19
14134,774
108111,43
24547,221
24544,22
24545,38
62135,21
28349,174
122233,37
62133,79
28340,63
28342,666
28435,109
14466,78
28433,114
30617,13
30342,753
30612,101
30618,3
31567,8
31564,150
31563,50
31560,17
134984,275
5606,62
5600,7
24381,87
5608,34
111960,730
111961,1
111965,371
110568,799
130419,2
110566,5
110562,78
23252,45
109240,16
15337,37
15331,48
12450,82
109247,50
30969,751
22250,124
6768,87
6765,23
115918,1
16736,90
16733,707
65686,90
65680,376
65681,150
65689,726
137436,51
119836,157
119834,37
120154,188
120156,457
64626,34
64621,557
64620,251
63077,3
125654,7
63070,90
65532,728
141469,107
61276,255
25762,3
2508,13
2507,45
64482,77
26050,4
2504,15
64486,19
64485,90
22829,87
5047,4
5046,19
5043,119
22822,259
10777,32
62304,329
62302,3
30420,1
30423,17
3203,23
29755,29
29756,155
10195,45
29751,6
10190,67
10198,46
29288,69
29282,855
29287,17
29284,6
1121,193
25880,1
15106,136
30281,337
15101,641
29131,50
29133,4
29134,124
3650,7
31778,725
108872,54
31775,9
12597,6
8512,135
8047,8
8049,165
12598,45
12840,49
12845,56
31483,76
31489,799
31488,169
23067,236
23062,16
126654,44
24283,15
24287,607
65059,9
61028,28
61795,49
65051,54
61791,816
61793,6
24757,45
24755,21
24751,9
24750,10
24758,29
28668,21
28881,468
61242,11
11462,32
61246,19
13646,16
13645,18
4771,40
13649,56
5818,76
19024,735
17348,754
17341,24
25390,38
13509,127
130200,78
130203,41
4611,80
25399,32
13503,26
13505,3
65945,807
65944,306
65235,173
65949,13
65948,6
64546,855
5458,5
64542,272
64015,79
64016,8
64017,5
6924,314
64549,12
25579,69
25570,774
25572,4
25573,393
139201,54
117161,849
16698,745
2710,20
10349,8
7951,22
7228,74
10692,23
10345,16
63799,551
122921,277
6241,40
6242,18
9170,17
12274,344
12277,2
10520,82
63244,717
63246,362
63531,40
63538,748
25180,7
14990,31
8872,147
24110,369
24113,169
24114,8
23528,37
31888,10
8162,68
15442,36
5252,6
1712,29
5250,17
136809,102
5254,72
14192,427
30646,839
31880,15
13940,165
15822,7
15824,212
28414,27
11124,92
14446,250
62110,188
62117,89
23790,2
3011,279
3015,58
28691,86
30361,3
60814,50
31549,127
13870,27
4182,2
110760,37
5667,86
10534,1
118574,10
118577,98
65100,1
66050,74
66059,38
11804,3
23724,83
6403,65
12471,80
15316,144
30945,74
61498,142
8184,32
30948,33
63501,15
61490,307
9718,66
7761,107
7762,2
3905,14
6742,49
121257,466
63600,56
63977,3
9954,4
9952,92
16752,810
16751,517
63604,38
12046,167
12047,15
12044,110
63971,4
119813,745
25761,85
120178,75
25767,98
65552,204
65553,306
65550,218
65556,678
65554,84
2521,23
26077,726
26078,749
65725,63
64979,776
11465,50
61691,265
61690,4
17151,777
17150,663
17157,838
17405,9
25186,182
25181,18
4409,358
13316,19
13311,5
9573,2
10757,112
5395,7
14830,212
14832,76
14834,2
11805,19
14836,342
64205,717
64206,795
134845,125
64209,64
17049,828
27855,75
9397,45
29733,68
9393,37
29734,7
9398,91
27760,3
119974,834
31716,795
7154,80
7152,42
30006,9
30007,289
30005,5
7692,11
8068,110
12868,59
8067,24
30008,1
30009,122
28744,81
7486,29
7481,14
29736,50
123080,75
133869,328
133868,212
133867,111
133866,388
23002,165
1104,6
23006,257
28742,29
28064,40
1109,2
131423,99
129823,45
131425,23
111590,110
22601,53
25241,2
13873,17
28608,125
61430,65
28600,28
28603,81
2136,85
114418,61
4790,33
5831,28
11257,176
65031,317
65034,194
65036,142
64782,57
64784,725
64786,13
112971,15
25376,590
25375,268
140672,326
140676,12
140679,177
65967,100
65788,238
65787,4
64568,33
64567,815
64560,156
64561,767
25514,354
117142,293
117145,36
12789,5
12788,13
17366,4
17367,501
12785,14
10321,246
2771,40
14304,69
9142,688
7974,176
7977,104
7970,102
16948,803
6266,57
12256,266
12253,144
12252,300
12250,307
6268,77
21186,190
119595,12
119594,36
119597,43
17095,770
122901,25
122902,350
123500,44
113269,123
63518,821
63511,812
3465,14
8898,282
8892,40
134451,201
134452,132
134104,243
138131,283
1581,112
20338,16
17074,436
5234,59
5237,51
13124,118
13125,224
62555,23
13128,58
137373,10
137374,83
18329,747
3071,201
28471,626
28477,50
28474,793
1598,57
62170,306
122277,152
12711,253
66690,64
66691,11
31528,3
126597,243
66695,140
66696,35
66697,323
31522,810
31520,7
31521,95
31525,4
132504,75
5643,40
132502,272
143441,93
29075,8
29074,55
29070,42
31022,78
28296,153
28295,7
28291,10
66077,34
66070,60
66073,21
31536,5
105951,732
6461,97
30925,33
6465,22
7741,91
122436,296
6722,3
8304,8
61527,66
120048,40
110529,255
9937,71
16778,747
16775,129
16777,695
31622,399
12065,2
6097,39
6096,20
25749,32
25748,244
25747,49
65570,10
65574,68
65576,109
65578,357
24837,19
24832,68
3673,50
64999,3
64994,4
2549,115
64991,393
64993,281
124616,164
11440,79
11446,20
3297,3
3580,33
3581,20
3584,16
64194,760
64197,77
64192,797
17131,231
17130,775
17132,879
64199,827
17136,696
13339,95
4423,6
12212,203
9551,69
9555,18
66061,7
64223,8
134869,106
20134,56
135990,27
139749,476
27875,63
27873,18
63161,37
63162,78
29246,831
29241,377
11861,743
14815,3
11867,117
14810,54
15142,172
109929,100
109925,315
109926,112
109920,126
7171,23
7179,4
12593,1
31739,742
31738,13
31737,64
31734,36
31732,11
112033,211
112030,36
1690,69
112034,24
30029,109
115566,698
12884,145
30027,1
30023,170
133844,5
66263,806
66265,16
66269,19
28590,5
1478,108
12466,2
28597,27
127180,41
22373,7
61484,27
29722,113
4228,7
31195,34
31194,9
4225,7
4222,47
13932,45
28624,19
28623,9
28622,29
5581,142
24792,1
28629,114
5589,17
66484,686
11271,6
13680,28
13686,52
19069,292
61060,41
61061,119
61065,74
65016,321
61068,415
65014,78
65012,810
65011,231
60883,23
25355,84
60881,54
25357,182
60887,1
30946,140
19486,742
64766,144
64767,44
60888,125
25359,8
64760,6
25683,85
25680,34
25681,69
23976,172
65908,100
22086,727
65901,138
61285,3
65905,70
65904,194
65907,187
25536,3
124201,90
2282,126
2285,30
128698,199
6730,126
139244,32
10905,20
10906,37
10903,69
10902,32
9125,15
10306,153
10305,40
10656,47
10301,49
16437,230
63758,66
7912,213
7911,15
63755,28
7917,11
7980,191
31276,842
125000,129
63281,419
63288,108
121078,106
21300,7
63572,77
121077,229
11259,107
2025,281
2751,34
2028,2
133432,130
133430,46
5216,832
5215,18
5210,47
5218,8
61004,22
62481,219
9332,39
62487,794
18307,650
18654,13
14487,35
14489,20
122255,100
62627,31
62626,21
122520,12
28450,89
14370,25
11974,76
64334,351
132526,339
132525,194
132524,61
132523,177
66675,45
66672,866
66673,825
109599,747
112774,86
129635,10
129632,4
129631,3
29052,168
137351,849
137357,78
29055,491
29507,771
126318,41
23769,106
23768,4
23767,253
28907,7
66016,16
126314,62
28900,105
1318,74
15424,35
12434,32
12433,93
15350,285
15359,1
105936,71
110721,47
31501,801
110725,6
110724,440
29390,341
110729,12
110728,54
7723,21
3949,16
3946,1
6707,51
63876,34
9919,12
24474,101
24475,16
24473,262
6081,29
61544,28
61547,6
61546,286
61541,134
125525,524
61212,57
125524,301
22144,18
22140,67
4052,104
4051,15
15364,385
4058,3
21828,123
3619,22
65592,124
65590,15
141198,11
114628,68
61264,801
11424,28
11427,18
17115,230
17114,217
17110,34
5020,284
61414,336
13351,31
116668,78
13354,5
4448,4
24810,124
134804,515
20158,106
62814,8
62363,4
105456,118
1240,70
139985,325
10466,74
29265,137
29268,51
121440,332
63147,16
28490,773
8912,30
28320,32
18533,830
11842,762
30598,16
30229,766
15160,102
30595,768
30225,36
30222,701
30220,30
30593,11
7117,12
7116,8
18797,589
1678,140
28819,7
1677,5
137722,147
29993,737
29996,829
29997,67
28020,49
28022,760
126140,801
66242,282
1418,17
1410,41
13913,17
4201,63
4205,51
5568,4
5569,13
5564,98
109158,805
5567,30
5560,25
7759,1
111627,47
111629,145
11213,4
11218,12
19049,494
61048,185
61739,160
27792,46
61737,229
127541,49
61735,42
61732,46
61733,101
27794,72
61047,29
25334,109
25338,118
25339,55
23950,17
23955,165
28518,55
65291,9
65290,101
65923,2
65922,374
65921,22
16637,791
16188,61
16630,242
6115,29
6116,18
6110,68
124046,417
10921,17
10920,11
64741,127
116857,46
124040,1
17322,750
28145,574
64748,700
125795,72
7281,32
7932,56
121273,398
9459,44
7936,325
7938,3
65434,83
16989,733
65436,1
65430,116
65433,126
21144,225
16981,796
16986,570
16985,773
16456,128
64526,2
64528,5
121053,53
63551,742
63804,358
63803,311
63556,248
63559,11
113224,69
22946,125
21496,9
3429,27
3424,88
2002,770
2007,736
2005,691
2008,10
12482,36
14170,12
14172,772
61094,23
30751,32
10581,17
118284,27
13169,3
10585,155
10588,6
13166,731
11183,246
125604,12
11185,9
14359,123
112178,337
112179,117
62602,57
17919,781
30697,25
30692,63
137110,143
1082,18
136648,27
66381,10
66386,14
66648,719
29038,47
29528,785
29033,6
29032,320
29526,845
61147,359
1334,108
1331,12
6932,148
6936,64
8694,76
8123,29
8692,27
7700,752
123100,186
66654,728
126555,88
126554,74
114829,532
61381,7
61380,346
31593,718
61389,332
61388,141
8348,70
31591,147
8341,126
28924,143
66031,3
66032,108
66034,87
61562,78
61560,123
61567,8
61566,76
65609,23
65607,12
22122,716
4078,15
13765,11
4077,23
13760,1
4072,242
3964,5
3962,2
5792,15
5791,57
3969,90
3639,16
114648,751
106368,86
17461,746
13379,1
13378,293
4467,31
13375,106
4462,9
4460,14
140759,261
24870,70
6452,8
24877,349
135669,47
24878,326
141720,83
64267,788
64262,788
16847,814
16845,831
16843,765
6326,14
12171,14
14512,24
12178,1
9667,3
9664,27
29206,78
10115,47
10441,32
10443,23
21776,288
21777,90
63120,377
63123,28
62836,22
112618,746
62832,8
8972,14
8975,3
26008,7
7139,19
7138,37
7133,77
7132,110
7137,129
132978,79
1659,36
1650,106
1651,42
1655,25
133886,105
133885,254
3895,4
119095,81
133888,381
24203,70
24205,12
24204,8
5404,28
3394,12
3399,10
1380,40
28556,14
28003,180
1439,31
30205,62
28737,67
29706,55
30209,6
114346,8
13976,142
18110,655
23466,27
5543,334
111864,112
30067,115
111868,2
11234,9
61717,256
61711,243
61712,45
61718,15
61719,27
25915,16
129840,15
22338,672
129848,71
129849,125
25918,12
129519,73
25318,133
25312,111
25313,16
25314,45
25315,128
25640,41
25641,13
13572,114
23420,24
115831,248
9890,110
9898,38
9899,55
17266,281
109931,47
1594,95
12762,7
12761,13
6136,52
64891,86
64726,3
64896,8
10946,20
16477,19
63716,14
1593,61
9472,39
9473,51
16478,157
65413,147
61971,1
65417,92
61976,283
21163,89
24996,308
62543,819
14311,6
64099,456
120296,242
124976,14
124975,212
64096,13
124794,34
24191,336
24190,68
24197,62
24198,29
63821,131
63822,217
3407,80
138490,309
4878,8
138621,437
13498,5
10615,86
10614,498
2060,7
2061,17
2797,8
14112,334
14113,22
14111,14
14114,147
108970,522
62990,271
62996,823
62447,308
62446,125
122741,117
13142,223
9783,799
9786,2
62662,62
62667,70
62666,64
115750,354
133164,150
137131,14
137130,283
137137,36
30032,80
65180,31
138843,87
29015,24
29542,815
7092,89
107643,769
29011,49
14297,7
66698,261
126599,175
8105,9
1359,272
8109,53
1356,18
66630,51
66631,159
66636,349
8363,97
8365,63
61364,605
113362,281
110588,30
3184,9
28940,17
28765,153
28947,18
28944,67
24432,3
24430,23
24436,14
28769,99
13709,80
13700,17
4016,73
11399,89
19433,100
19431,18
19438,13
19439,13
3980,55
110326,109
110320,206
1111,22
65624,6
117862,32
117861,36
65621,50
65622,438
1117,1
25138,220
25108,129
24858,117
24853,241
24856,386
24857,44
64284,2
64280,54
64283,208
64282,19
7875,3
112185,5
7873,53
7878,24
6308,5
6304,189
12156,8
63455,722
63106,28
63456,4
63451,38
63102,4
9319,15
63100,140
10422,115
10420,146
9313,23
63109,36
112366,37
112362,815
8958,8
62852,729
141044,184
62859,99
26900,3
123807,53
113419,88
125237,48
125234,687
112090,825
1632,199
112092,3
1634,29
1635,119
1981,62
3218,3
1988,10
2817,17
2811,40
2812,54
29954,34
29955,217
2818,122
14257,309
14256,92
14250,51
14253,755
14252,18
24225,26
24224,205
24222,2
24220,365
122175,2
122171,250
122173,175
122172,164
28573,524
3376,89
3373,269
3370,22
30263,15
30260,1
30261,55
30265,91
31683,47
31686,16
31689,297
31136,689
4242,117
4241,82
5520,23
5523,34
5526,547
8543,14
31037,59
30087,115
30084,383
31354,18
23195,80
23197,136
16453,11
6547,118
63680,28
30884,113
6543,25
61777,796
16836,782
127279,17
30888,766
25937,332
115812,171
12436,22
7515,38
14292,104
7510,10
16671,184
16675,401
16674,808
16679,656
6152,51
12702,1
61192,9
6158,4
6159,1
61198,106
64708,18
25665,393
120059,340
64879,74
64876,26
120051,301
60823,733
63739,71
30843,15
63730,806
22717,651
61996,244
65472,49
65474,9
30847,7
141236,71
2269,168
2267,19
63848,73
139804,11
63847,11
139803,224
138608,387
138609,27
2044,51
138601,52
138602,76
138603,111
2049,104
9411,15
9413,1
10639,122
10631,83
11948,145
14131,786
11944,42
11942,58
11940,2
8807,111
27991,69
27996,744
27997,14
17724,771
62465,80
65022,738
63596,11
125533,7
62646,160
62645,59
62642,815
62640,8
62649,49
10097,36
10096,46
117805,237
138861,8
62056,14
106770,814
12945,11
12944,3
20653,189
14395,251
15446,324
15443,60
30740,231
12497,21
66610,57
66616,61
66617,7
61349,36
8388,76
8387,142
8386,29
61340,24
61694,122
25342,156
25340,63
24414,762
24415,9
4383,107
24419,43
130762,147
1372,30
28749,35
28216,199
28217,49
28214,23
28740,31
23291,68
28967,506
4036,28
26360,356
11376,10
11371,28
11372,42
23961,139
19415,754
23872,3
23871,717
23877,99
65866,268
65643,64
65640,53
61523,19
65861,5
113425,181
120557,91
116680,775
124614,81
124615,824
25430,17
25433,150
25434,37
25124,100
65795,4
7852,310
7853,76
7850,30
63690,106
63699,762
61836,322
61832,786
16802,116
61839,124
61838,781
12138,65
12139,23
140800,144
6362,37
12136,222
10150,28
10156,131
10405,118
10407,19
10159,15
9338,8
63470,262
63474,5
63479,801
63478,229
14898,8
14897,76
14895,65
21731,232
14891,27
62870,92
28314,389
62874,258
3226,52
113439,56
3230,1
3231,747
1968,52
1969,9
1618,3
1619,816
3238,718
1613,51
138470,55
2870,79
3354,109
28513,756
28512,82
2547,398
5074,14
3358,53
20064,173
122159,409
5442,24
62257,11
30539,107
30536,8
30534,27
64997,3
30247,27
114303,69
5508,27
18152,308
5505,44
23605,38
66151,807
66155,852
66404,134
66403,91
132799,93
27776,13
27771,121
61758,18
61759,9
6565,54
61752,407
61753,168
61755,102
29606,182
29607,77
7685,5
28501,112
7682,113
29600,93
29601,45
25950,74
25956,164
29608,32
29609,24
10332,65
3824,219
3821,43
65980,757
8440,135
109079,65
115872,60
115873,477
115876,689
7537,56
7536,138
31379,154
19355,715
16650,21
6178,76
12726,194
6171,12
64857,340
64850,73
64851,71
64853,138
10984,100
10981,29
64859,17
10983,55
24607,142
60802,46
60801,228
60800,56
24608,44
65456,706
24954,64
16957,849
65459,1
119535,819
119533,173
64583,97
64584,813
124934,39
7904,54
64589,108
11584,54
11580,37
138662,335
116210,777
4839,13
4830,40
4523,182
13453,374
130138,44
4520,40
7993,114
7991,13
13332,39
11636,21
62406,28
13184,316
64327,368
13187,101
64323,401
64321,37
134964,330
13189,73
8638,20
63862,5
63863,19
63866,296
122838,203
9293,25
7331,8
9298,110
9299,15
18439,800
30185,69
30181,17
12926,65
30188,852
10215,22
10211,35
10213,6
63313,507
121613,267
61153,8
63318,742
61403,31
112111,24
127455,74
8148,94
30760,222
30989,13
66365,538
6994,12
6995,27
65128,112
8633,23
66366,69
61409,31
31588,10
2999,25
24382,2
66367,45
66360,9
2990,283
2991,68
66368,150
31587,98
24389,10
61885,777
111490,1
111491,4
111492,305
111493,2
9999,250
9023,23
65251,200
64915,63
137531,825
66091,784
66096,810
28231,15
29900,37
11038,163
1397,6
1393,71
65709,290
11351,3
61321,388
61322,7
61325,88
64821,113
130305,95
22972,12
23819,42
23811,33
23810,10
23812,280
66416,230
126714,85
65664,27
65841,44
124638,163
25140,720
64130,11
124636,84
2437,142
2436,104
2435,9
16821,817
16824,809
63678,162
16827,779
16828,729
121377,176
63676,211
7835,16
63672,781
12110,61
117358,177
6343,3
61815,713
6346,91
6349,1
119493,250
17198,23
17197,296
17195,578
9351,563
9602,5
9355,104
9359,18
9358,16
10174,25
63419,49
63418,197
21244,71
11035,3
11032,113
63413,771
63415,430
63417,7
3781,3
3786,144
3785,8
8990,14
4993,32
4990,112
113459,2
125277,259
125276,317
125275,104
125274,196
125279,160
116004,128
1949,456
106073,759
1943,5
1940,2
13241,31
2859,141
133245,290
2856,114
14219,811
3336,3
122138,335
20047,3
62236,249
62237,346
122137,173
29710,72
106404,775
29910,13
29916,27
137943,27
137232,23
29918,91
1234,112
66428,87
28397,100
28395,6
126720,53
126721,16
28398,8
1239,14
66425,3
66424,818
8288,17
25970,325
25972,106
25976,122
25978,174
6502,35
6500,13
31170,38
29624,879
29626,29
4903,27
23486,4
2482,17
3807,136
23485,332
8463,8
8465,2
111779,754
110179,506
31394,72
7556,3
7554,4
22536,61
22532,33
14369,55
64830,8
14368,84
60868,383
64839,61
25628,125
24621,94
24620,14
25623,29
25627,145
65303,36
24978,5
24971,93
24976,819
24975,213
119553,9
116586,750
22751,615
116588,149
31821,22
2226,300
2222,282
2220,126
10056,49
13474,2
4503,40
138641,422
2080,15
2086,58
25081,78
2085,6
11656,41
125860,109
128541,34
17761,605
17762,745
27957,15
11178,55
64308,167
64304,50
64306,150
64301,739
64302,9
64303,164
139665,19
63886,15
63883,3
128764,282
63881,121
62689,198
62688,4
20900,2
20901,93
62686,5
20909,187
63084,332
63085,6
63082,329
63083,284
63080,156
63081,253
7315,190
7316,61
12304,10
212340,273
11907,101
11908,24
12309,20
30169,1
12909,130
30165,464
12904,48
30161,19
30163,57
10232,64
9016,26
10237,25
10236,46
10235,112
10238,48
21505,316
21504,42
21507,114
63338,19
63339,137
21503,200
65196,29
24029,19
21508,135
26006,96
64381,73
30709,6
119316,1
119314,44
7781,8
66300,20
66301,17
66305,26
24360,11
24361,27
1004,69
10990,67
4340,272
28700,22
28701,32
28704,46
28706,120
65669,117
14535,45
11017,31
11012,32
8611,55
113373,6
5711,9
65665,57
25631,32
61655,275
61656,156
61302,644
61653,41
61300,45
28877,3
11482,529
11480,13
140049,275
140044,367
140042,206
65829,133
65827,116
65825,82
120518,170
120574,123
25168,125
25167,94
25166,187
120513,78
25164,14
120517,55
64135,21
32280,112
16597,162
12688,148
12689,23
10827,15
129626,2
28919,122
63651,18
63650,320
63657,42
4496,122
61871,185
61872,79
61877,63
64153,52
64154,52
64156,27
141397,21
121134,8
121136,35
121137,3
13380,75
63430,65
113611,19
9372,91
121139,212
24291,107
116394,3
116395,21
116393,10
1820,9
1823,15
2146,99
4973,33
1920,5
3277,230
3275,15
1926,16
3278,9
116029,138
13228,4
4223,28
13227,10
112877,37
112876,181
112874,287
14233,39
112878,13
122447,280
62745,20
62742,4
62215,293
62740,813
122114,12
3311,16
3310,161
62748,57
20029,11
20028,689
30576,222
30577,132
20021,51
28620,862
12403,141
15360,95
138925,3
138924,256
138921,221
6475,22
31517,4
137960,49
29939,223
29930,11
29395,13
29396,302
29397,113
29934,11
29423,702
29392,9
1213,28
1210,33
23137,9
6522,306
6527,5
8264,131
8265,113
8266,17
30398,155
30399,29
25993,333
29649,40
31629,3
31159,75
31625,78
63679,38
31627,742
29647,10
31150,32
3862,7
63674,9
8402,8
7575,59
7576,126
9815,110
9812,6
66441,4
66114,49
66445,12
66447,225
66446,9
14934,161
117359,4
65148,56
12111,15
65145,44
65144,84
14285,226
61811,62
65142,29
4156,10
6347,14
60847,6
60846,176
60845,819
24648,340
28119,55
28118,72
24646,49
65368,212
22772,7
29953,17
65491,433
65365,92
65494,9
119574,495
31849,106
31843,198
31846,83
5902,335
15087,23
5901,105
19311,123
8213,10
19318,740
109823,267
106261,152
3480,18
109825,835
13412,118
13410,2
4560,212
13418,128
4568,46
11670,2
11672,194
24912,8
121839,486
121835,465
121834,191
121833,287
27932,447
62919,391
27936,69
27937,142
62913,361
27938,156
17780,686
25202,44
25203,94
25201,146
64363,36
64360,103
64367,6
64364,12
64365,49
118228,28
16784,796
128740,23
125595,300
118223,188
12094,11
6066,12
12091,23
12090,34
2606,44
2602,8
10787,22
10035,735
10789,5
127574,107
10030,7
10033,138
61069,366
7370,110
11929,50
12321,18
11923,159
105559,793
123474,2
60882,5
30490,211
30495,136
25356,94
30496,3
29099,90
29098,180
7017,119
29095,152
10252,65
64768,23
24005,161
18699,116
25353,75
121656,429
29895,70
29894,3
29899,738
29898,109
24344,304
2950,23
2953,7
5340,4
5342,1
126020,1
137573,82
137572,3
4367,12
28278,747
3105,39
3107,11
11074,27
3103,47
111102,18
111103,2
8675,24
30720,3
106853,813
31456,118
4091,57
4090,151
13786,205
31453,51
4094,19
66290,10
13789,7
31459,112
5735,587
66588,88
126623,57
66586,123
11313,34
66582,508
11310,4
19124,772
127378,17
61679,711
61676,463
127376,69
127377,127
60983,751
60984,842
140067,126
140065,221
28858,282
140062,99
140061,78
28851,17
126976,842
61581,13
8096,37
8095,60
65803,72
12521,41
61584,36
15203,393
15202,318
61589,403
8099,96
128978,71
11142,24
16573,748
12669,27
6653,298
107817,711
10801,144
120359,109
120358,36
63986,138
63633,5
63984,201
63635,29
63637,53
63639,703
65776,6
19878,791
6386,37
65772,22
65773,10
65771,7
21066,6
19873,771
61859,3
21061,469
65585,13
124678,448
64177,264
64176,21
64175,10
124677,218
64173,81
63188,27
121481,72
63181,3
64507,15
21204,187
124394,44
2169,87
2163,151
14036,2
62581,212
17047,778
122680,48
1906,45
5134,18
5133,13
3291,23
120824,5
13204,2
120823,147
13200,24
11914,54
14960,102
20005,40
20556,4
62768,15
62761,156
30558,2
30559,40
30550,776
15265,65
113498,104
113494,194
64984,51
113490,15
113491,73
112721,791
112720,20
138904,21
138901,47
133288,256
133284,391
1279,104
116831,737
1274,31
133246,334
8247,121
8245,768
29661,321
29663,76
12459,49
29668,21
29669,10
26898,311
31600,37
31607,301
31604,669
8423,14
111731,215
111732,39
10658,2
9831,108
9835,42
23111,795
23113,96
66465,161
23118,450
65169,86
61448,364
61444,762
61445,96
61446,77
61112,193
61113,123
61442,829
24662,15
24660,2
17128,805
24669,7
3840,22
5690,6
28130,254
5697,3
28135,750
3848,115
28139,23
22794,62
22797,3
22791,755
124995,117
63757,40
16439,38
5968,41
125596,134
5961,11
64189,682
5965,1
17237,723
17232,59
17233,712
124198,185
64699,738
64692,818
13431,131
13432,194
124195,158
4546,9
121817,41
121816,691
121815,6
11694,73
121819,271
121818,699
65345,37
65343,4
65342,30
24934,40
24931,142
64436,24
2595,157
124441,85
124440,326
64344,15
64433,11
64346,35
2593,36
27913,54
27914,120
25224,12
25227,29
25223,182
6044,23
2620,665
2625,73
2628,19
7350,37
10013,19
9589,58
9230,4
10016,5
62975,37
62977,327
62976,702
62979,778
12346,39
10277,148
9058,12
7336,46
63374,252
125315,170
63377,288
122078,91
9052,10
24069,11
24068,11
21542,29
24066,69
122075,381
122895,65
133547,135
29875,72
29874,239
29870,26
29873,143
129851,143
61167,321
2975,20
122096,69
122094,34
62396,124
62391,62
1045,25
62399,241
122099,185
30121,4
30127,773
30128,73
65711,1
11051,66
11056,35
14578,43
24491,20
24495,61
3129,14
3121,11
3126,8
64663,90
115404,73
8655,167
8657,9
31479,5
31474,4
31477,69
5750,27
5757,137
23561,98
61610,62
15197,719
127316,7
15199,787
25817,236
66708,361
1230,29
28836,29
28834,16
12503,26
7435,6
7437,90
7430,7
64423,280
120593,94
66426,20
117006,804
6678,5
117003,87
110387,32
10868,796
110382,92
10860,57
10867,30
16885,821
63617,299
121315,101
63967,5
16889,789
19508,533
63962,418
4708,750
119436,788
6509,63
21959,271
1860,36
1864,130
1866,46
13597,231
4932,14
4685,781
4682,652
4936,5
13590,121
138747,338
138210,159
138741,198
138743,75
25979,38
2101,3
2100,2
5116,10
5111,19
14019,56
14017,16
14016,44
14011,26
17061,551
20791,545
62564,10
62562,7
14150,34
10482,95
10484,22
14908,50
62488,123
62709,127
62702,41
62700,8
62705,316
29621,153
133049,74
133047,93
133730,20
133045,102
133732,242
1783,27
121478,51
29342,15
6873,25
29463,797
29461,3
29466,816
18221,602
29341,2
3806,40
30822,137
8229,19
14808,5
31661,32
31660,124
31662,834
29689,19
31669,786
7602,19
7601,2
2490,88
13550,7
9850,88
137434,295
137432,19
28483,7
1257,77
1254,12
1523,9
28337,44
63520,7
28333,42
28332,41
30236,313
30231,33
61420,2
61421,16
22221,115
61427,58
61425,4
4115,10
63928,3
24689,20
122257,327
28152,728
28155,676
28157,9
116526,159
110045,30
31887,113
31881,65
3054,13
5944,85
132605,76
23793,136
132600,114
11509,38
11506,127
11502,33
23799,216
127436,47
127435,50
65105,109
61131,31
65107,6
65106,706
65108,10
127439,11
127438,137
106228,1
25799,41
25025,112
25020,85
25021,8
31392,19
64418,12
64045,5
124319,307
124318,275
124316,482
124315,174
124314,41
64410,13
134384,144
64412,317
118264,49
118267,26
1682,88
6020,214
6025,33
9216,5
9217,60
12365,17
12364,11
62957,34
62955,15
62954,196
21159,808
9071,16
10297,6
10296,136
123435,17
10292,53
125379,49
24040,311
63394,67
121693,60
3556,15
3555,311
112190,24
134031,245
138004,153
138005,32
138002,59
138000,391
2916,14
64833,418
29852,27
137602,64
24302,314
24304,44
5301,54
5306,10
13013,149
13011,150
30451,14
30100,64
4328,34
4321,73
4322,13
31270,635
3144,24
14597,128
14592,89
14593,62
14590,16
62049,74
17861,787
17072,215
106760,361
62046,219
123694,8
31418,5
5772,24
5774,7
23544,566
61635,73
25878,4
29143,51
25870,12
25874,198
25877,346
136264,73
136265,712
136267,43
66728,96
28817,75
23898,16
66726,5
126424,56
126423,102
66723,261
109621,762
140027,37
140024,116
12568,11
135914,180
12560,7
15242,35
7416,39
110679,6
117026,844
16531,17
117020,852
61093,50
12620,12
6617,17
61095,36
12625,46
61098,789
127840,140
127841,806
10840,5
60949,766
60942,18
60943,806
120315,350
120314,56
63056,15
63943,90
63942,179
63941,324
63945,274
61899,319
65739,285
65732,15
12192,98
65737,493
65734,808
2345,25
119419,1
2346,5
2340,2
2342,42
119414,793
119417,12
66013,23
25495,143
135247,56
3708,47
65056,9
3700,22
1884,119
3707,48
13579,483
2124,16
4918,50
30906,81
4666,18
13570,3
4911,92
15354,156
105670,781
5174,118
5179,7
12430,1
62549,8
64064,782
64061,17
64060,1
64063,124
64062,646
9689,246
63490,136
63493,49
63495,34
63494,105
121194,15
63498,4
121199,726
62723,99
62724,12
62728,233
7257,44
7250,103
7251,130
7253,623
15347,12
5334,68
138943,141
29312,335
112965,691
29448,679
29449,7
29338,12
63232,814
29443,267
29332,61
29446,717
14290,8
18241,547
14923,130
8802,26
14296,10
31504,12
8808,83
30666,8
15521,100
30662,15
8759,41
30660,9
8755,128
6588,2
8750,101
109366,818
109364,824
15267,47
7620,63
30306,3
31643,184
136725,151
28502,96
9872,12
13479,29
1500,15
28313,788
3087,58
7824,104
28317,53
28316,189
28315,721
3082,784
22207,4
22205,58
13800,87
28176,17
3886,50
132599,65
117904,197
117905,204
117902,46
117903,163
116503,76
25080,35
116504,5
11523,324
18732,800
61400,14
61401,319
61402,71
61151,187
61404,2
61405,88
61406,489
61155,31
61408,206
65126,99
65124,99
15092,61
25000,24
120455,302
25002,61
120458,18
30640,708
64652,11
64650,174
119955,2
66185,677
9916,2
140760,8
65389,94
65383,16
24795,16
65387,18
124374,47
19954,83
134944,115
19953,14
119273,318
6003,185
65009,27
6008,239
17272,806
9273,44
10724,5
10726,55
27780,158
63004,285
61055,741
63000,12
12389,5
12381,333
26004,89
64387,25
26000,21
64382,88
64383,148
64389,18
125357,359
133369,5
133366,215
133367,7
125358,380
113371,84
113370,195
61540,9
29823,7
3574,3
3570,129
4497,15
124050,33
4495,1
4494,20
2662,17
2663,9
20988,2
13381,70
13326,7
20983,315
4498,2
108772,1
2938,117
133506,847
133504,176
108778,22
5327,7
14606,18
11896,744
14603,258
112970,50
1837,70
20185,2
30479,54
30477,28
13032,32
11094,42
11096,49
31789,832
18051,675
11099,17
62065,13
62064,83
122360,265
122361,17
3164,40
132361,205
28785,22
28787,5
30781,55
128098,1
30783,3
30782,51
30789,195
20237,13
29830,56
29784,7
29837,320
2402,4
129470,121
23526,21
66526,73
118445,437
118446,358
126621,47
126620,26
66292,23
118443,769
25852,119
25859,318
31254,796
29161,451
29167,124
29165,22
29164,95
20904,70
12815,8
12545,12
12544,13
8562,52
15261,742
12540,202
123015,49
123014,46
123017,107
123016,253
123019,341
105805,6
31430,10
14412,1
19094,833
6639,17
22695,21
65913,3
14417,126
12603,639
12606,15
60964,4
26582,14
60969,351
24725,42
24720,22
126296,94
24728,361
65710,94
65247,169
65244,122
65245,23
65242,237
65243,177
65717,70
65718,25
3612,7
119477,84
119474,63
13634,6
120595,229
13630,27
2328,67
20779,367
13639,24
11508,11
3761,57
3769,246
138701,278
138703,335
138705,256
138707,33
138706,65
7319,179
17641,675
17640,725
13552,11
4640,774
4641,2
13557,251
2497,4
13554,65
63927,24
11770,314
1567,31
7892,98
61483,106
17027,573
62520,813
62526,295
62527,802
62525,274
5152,1
64115,4
64041,50
120845,390
64049,43
64048,91
11903,9
128663,228
62290,9
62295,7
62296,3
7277,157
7275,15
25405,22
7278,43
7279,19
2561,2
64011,711
8551,126
6831,95
6830,32
6836,17
29316,82
29317,21
10552,1
10553,478
10550,305
65896,6
121713,803
121717,120
121718,401
8823,21
8826,45
30649,33
30644,20
30861,44
30862,9
30647,688
30312,49
30865,121
30310,9
7647,689
7646,5
7648,9
119275,85
119277,18
28528,22
114920,141
62204,61
7034,27
112780,164
1743,73
9132,1
111205,39
28190,164
11172,9
24539,29
24538,3
126298,110
28374,115
11174,185
24533,371
126295,10
24531,60
126297,220
24537,3
5742,137
109831,318
1562,208
8093,24
13828,6
24021,33
13824,16
5639,3
28195,21
28194,39
13353,150
7466,99
8484,1
8486,10
8488,198
