28997,67
28996,12
28992,110
28998,52
19399,290
19398,65
5980,33
5986,2
5987,6
19390,242
22260,161
22263,6
61171,84
61175,1
25062,162
25061,152
25069,51
6796,74
6797,83
6791,106
6799,142
6297,2
25284,507
25285,5
25282,533
25283,227
25281,743
16705,758
64675,67
17252,174
17254,125
17255,671
17256,746
63026,258
63021,112
9258,56
9259,14
9256,76
9521,27
24881,339
24880,108
24885,137
24884,4
24888,56
26023,20
26022,315
26021,43
64902,16
26026,125
64901,30
62368,19
61179,42
3515,64
14624,90
14626,206
14622,331
14623,122
14628,53
14629,41
62884,12
62880,5
62889,267
30416,754
13058,148
13054,663
13055,671
65273,18
112042,167
18705,169
62088,31
29818,101
29816,2
29761,53
29763,134
29762,4
1177,199
1173,7
23050,119
23500,615
29436,307
31232,20
29108,94
31230,6
29921,4
31234,35
29101,754
31239,111
29105,135
7185,24
29107,17
14561,43
8549,96
12834,108
8017,28
65881,40
65882,56
8014,44
8543,18
8542,30
66504,632
66507,93
4409,307
65084,98
65088,91
10884,23
13600,60
22677,663
1228,14
60902,35
60900,63
60901,175
60906,134
60904,31
8290,94
6534,11
107895,1
24708,8
24704,4
24707,114
13608,159
65268,27
30383,6
65264,179
65267,177
2308,402
13619,260
13614,48
13616,18
2302,6
13611,1
4723,4
5847,1
11288,27
5841,343
5848,11
28700,69
28701,24
3747,33
13531,80
4622,48
13532,451
13536,143
28256,27
10466,176
16394,94
63907,16
63901,51
62450,36
3773,210
14537,250
62500,48
62501,53
62505,3
20889,41
62507,42
64029,347
64028,5
13289,33
64020,8
64023,820
64025,185
13282,334
113141,75
6936,111
10390,5
10391,119
10392,16
16936,407
16932,118
16930,699
7215,3
16938,759
7217,47
6217,42
6216,2
6215,23
6214,140
12222,81
24909,108
12221,106
6218,34
15708,58
15709,18
29372,6
29376,146
29374,145
10574,119
10576,44
63278,4
21423,458
21420,769
16439,52
21429,7
8846,65
30628,788
30623,756
30621,19
30625,103
7668,102
7662,49
7665,417
63258,848
1762,8
1766,35
29597,762
29594,18
29592,32
29591,153
108453,24
1545,135
28429,19
14470,4
11113,14
11115,37
63930,118
14477,58
30335,99
30337,117
8716,6
8717,54
13841,13
13840,49
13842,149
31571,233
19570,786
31578,233
7883,81
63939,414
23262,97
11563,95
11564,61
11566,52
62519,32
63023,112
25739,770
25737,116
63029,244
6774,35
9963,41
9969,108
65502,257
16239,432
65697,31
65690,19
19911,10
16721,26
16727,770
65698,79
19917,8
64612,23
64613,174
64611,71
64614,612
63040,355
63046,9
63044,68
9504,7
65521,159
65520,15
65527,312
65526,655
3684,5
2518,20
2519,2
64924,262
64925,112
64927,431
26045,9
64921,108
22810,4
3532,20
22817,22
22815,46
22819,20
5050,51
64906,1
10764,40
64455,19
14866,7
18891,670
18549,41
14647,175
18545,27
62319,461
62314,53
62317,148
62313,6
13070,279
13075,596
30439,763
4160,28
18769,2
10185,7
61765,44
29746,332
1154,5
23076,46
30293,247
30291,153
15119,35
30298,80
15111,124
15110,32
15113,133
29127,213
29125,30
29121,148
25896,108
25895,641
25894,423
31748,77
31749,698
31745,1
31214,5
31743,190
8031,257
8030,41
12589,139
66365,612
12850,80
8521,59
12580,105
12855,7
12854,4
66563,71
61780,45
61039,173
61038,135
65068,77
65069,711
65066,3
61037,7
61788,572
65062,35
22659,26
65060,819
65061,725
22383,69
22380,72
60928,307
110962,343
110960,35
13988,196
11768,88
60920,100
60923,89
4293,15
4292,33
24768,134
23387,61
24767,412
65202,209
61253,297
65201,73
61255,50
61257,28
61256,5
4742,210
4740,134
12236,1
5860,11
5862,27
23774,25
2183,3
25385,13
25384,168
28935,57
4608,14
2184,88
4607,15
13515,10
2188,16
4600,30
13510,160
12421,88
6452,13
15432,2
8687,268
64555,833
64557,11
64004,380
64003,11
64002,95
64001,19
64000,202
15347,9
64009,103
64008,58
6185,12
6908,59
9191,32
9195,98
9194,126
10379,60
10374,9
7238,750
63789,145
63788,37
63781,714
63782,197
16910,537
6239,64
6235,4
12205,10
12206,21
9742,47
63525,82
29359,102
63527,16
63526,12
9778,7
63523,720
29350,27
9774,13
9777,44
10511,28
9771,38
29356,343
29357,42
8867,44
8864,59
14985,155
8863,32
14986,63
24167,62
62781,813
62784,342
26837,68
28540,27
1703,42
1704,92
1706,4
14182,10
15854,21
15855,206
15853,42
15858,1
14457,2
14324,148
11135,258
14453,11
14450,19
63203,27
28408,2
62122,163
3028,7
28403,7
3026,6
3024,260
30600,19
30350,19
30354,143
30355,116
30608,46
8734,347
31551,30
31009,26
31554,13
13866,72
31007,8
13864,32
110773,316
110771,297
5671,67
111973,108
111970,4
66046,3
66043,220
66049,8
6437,51
8193,101
30974,4
12445,17
6433,8
6432,21
8194,64
30971,5
8199,83
30325,20
6756,17
9940,12
16747,159
27920,353
16748,761
12051,19
12053,122
62928,53
64638,13
64639,90
25711,30
64630,25
64631,21
64633,183
25719,805
64637,118
62433,41
21659,361
63062,4
63066,91
24438,156
65549,52
65548,662
61737,250
62437,16
26067,754
26064,7
64491,23
26061,40
2538,15
61730,95
64942,15
64943,429
64940,161
61047,39
2536,16
2537,35
17166,679
17164,108
5079,90
17160,734
5073,17
5070,26
5071,12
5074,21
22837,240
113533,226
9563,8
9567,41
10743,100
10741,4
10740,25
18560,18
11832,114
62339,40
62338,27
62330,131
62336,264
62335,514
13099,63
13096,27
13092,72
25053,155
112001,332
112004,227
112005,51
63338,18
27828,30
20296,27
27825,273
20294,62
27823,320
29723,60
29722,186
9380,238
9382,25
29729,311
29728,8
65291,9
15133,10
65923,1
15135,1
31766,5
31761,343
31762,50
31763,59
7146,19
7143,4
18746,875
12877,2
8051,15
30016,8
30012,117
12879,285
2886,111
31497,14
2884,92
31495,862
2888,19
2889,2
24292,670
24293,26
66543,642
66544,6
66546,15
24295,162
61019,685
26523,56
26520,12
24746,504
24747,92
24749,11
1923,43
28678,179
28676,28
24980,27
11161,13
4764,727
4769,21
4768,10
11249,6
30594,65
65045,61
65047,203
65042,207
5803,24
5802,30
19742,193
65048,335
64797,7
116806,60
8186,297
64799,107
7180,16
110239,5
25364,10
25361,11
25362,9
7183,3
11793,291
11797,10
11796,6
65220,182
65957,785
65224,653
65226,246
61278,4
30597,89
25509,68
25508,730
16689,765
16684,833
16686,693
16681,791
16683,632
10353,3
4881,58
4885,157
13839,12
7967,17
7964,86
10686,78
9171,119
10685,3
61901,278
61900,20
61903,296
16977,777
16974,724
17081,740
17080,370
6259,23
12269,169
12262,1
12263,116
105365,27
12266,56
10530,24
113274,11
113272,7
113270,185
10537,26
63503,3
65880,94
9719,99
9718,59
63507,112
63504,8
63509,14
8015,15
9715,95
24108,393
22991,6
24100,9
24101,158
24106,299
8881,2
24105,10
65886,66
65887,18
26852,351
12913,430
1728,102
1722,28
13135,34
15182,643
28461,34
28460,149
3007,112
28462,4
18358,603
5621,9
14304,34
28469,23
9458,60
14309,11
17105,770
62109,160
1581,126
62100,134
1587,47
62102,28
1585,4
9455,1
111000,204
111005,79
110759,25
66682,82
66681,596
66680,82
31530,127
31533,678
31532,101
31535,794
31534,21
31537,7
66688,604
13341,185
66062,73
28287,41
66065,6
3184,8
23220,26
23227,34
23224,13
61489,53
61481,72
15306,124
6416,37
30950,38
6410,11
15302,13
61487,767
7777,5
7773,14
7772,250
3917,62
19486,680
3911,42
3918,33
6730,68
6731,13
8317,65
6736,277
6737,75
110535,101
110536,11
110532,9
110533,24
9921,9
9922,4
19262,731
16769,770
16763,876
22177,6
22170,271
12077,126
12075,52
12070,179
63268,308
25771,3
25776,13
25777,11
25774,253
25778,18
25779,4
65564,134
24825,182
21675,33
21673,2
65569,50
3647,15
3643,687
3640,108
64961,25
2553,17
2554,15
2555,15
2556,28
64967,100
2558,416
64507,91
5018,13
111064,104
116144,838
17144,826
17145,757
17140,647
17142,699
25194,2
63800,16
13308,309
4418,336
4415,7
4412,10
9548,34
9549,174
9545,135
62351,8
14828,501
62356,3
14822,367
14820,711
14827,392
14824,163
14825,281
64210,828
20109,770
25079,62
21499,69
3897,104
27842,90
27843,65
27846,5
27847,3
27845,102
29709,191
29708,282
29707,100
29254,37
29257,11
29250,42
29701,115
29252,315
11815,100
11811,6
11818,213
11819,314
15153,717
15159,38
109425,91
109423,153
29394,34
29427,80
29424,5
31702,783
31703,744
31700,91
31706,389
31707,537
31704,57
7163,24
7161,1
8079,38
30032,59
12898,7
30034,363
12895,47
8073,5
109683,790
1447,86
1444,15
1115,104
1117,6
1440,109
23034,175
1449,210
22619,13
22612,158
22345,16
12169,59
28618,244
28611,122
28616,40
13782,18
6529,289
6528,5
4783,3
23692,110
5823,117
23697,143
5824,12
5846,148
11261,33
11264,34
61071,7
65023,41
65020,173
65021,356
65026,10
65027,37
65024,127
65028,21
64776,316
116826,122
64772,69
25699,69
25691,48
25342,211
25341,166
25692,1
25347,30
25694,21
31455,161
29211,795
23961,176
65979,16
11060,62
11286,11
65971,727
65972,29
61292,36
25526,812
25525,123
25523,367
64510,30
64513,5
29216,46
64515,330
64514,174
64516,24
17314,707
12791,6
12796,455
9155,69
10333,9
10331,87
12476,67
29642,51
16405,115
16955,527
16956,686
16401,175
9483,64
63744,253
9481,153
7904,59
63740,5
7906,74
63742,232
12240,17
61922,27
61921,3
6272,2
29647,27
4623,53
29645,814
21440,48
4083,25
63290,203
63297,116
63296,96
22978,6
22974,162
22972,12
19962,47
112095,172
30671,25
14148,7
13163,9
14145,241
14146,46
5229,75
13115,151
13114,401
13119,4
14369,39
14368,58
3066,579
28449,616
14363,16
11328,29
62168,209
62169,4
110766,312
62167,230
62165,38
66667,100
66660,32
66662,93
111282,40
111287,13
29066,24
29063,1
29061,781
29068,18
29069,43
23752,810
23753,8
1300,28
28918,18
66000,158
66003,143
66005,127
66004,100
63052,95
30939,10
30932,779
12403,212
6471,19
30931,130
30936,25
12407,173
15364,357
110732,32
31516,9
31515,104
31045,56
7758,2
31048,152
7750,97
31518,1
3935,10
3937,4
8333,31
8336,8
8334,75
6716,2
6717,1
6710,21
9904,264
61314,15
25353,77
24464,7
24466,786
24463,41
24898,283
24468,325
19209,16
13286,8
22404,138
16824,799
22403,798
13756,2
4040,4
13758,8
65519,17
25754,22
25757,141
24809,13
3662,39
65585,17
65587,6
65586,190
65580,156
12815,8
65142,30
64989,7
2577,19
64984,84
64985,10
64983,50
11455,28
11456,33
11450,50
5038,24
17433,666
5032,1
64186,153
4434,130
17128,737
64182,362
4430,176
13323,20
116615,613
13328,1
13329,168
64189,655
64936,33
62809,365
62808,103
62378,63
62377,65
62804,15
62374,2
62372,283
63233,111
8087,57
63825,126
29278,208
63172,56
63170,73
29276,12
63178,804
29274,47
11872,62
112623,21
112626,638
11877,50
112624,367
112625,31
18835,233
14809,137
109919,7
30239,106
30584,6
30234,219
30237,346
15174,158
15173,6
30233,62
7106,31
7107,18
5412,25
31720,171
31722,151
31723,7
31725,804
31727,3
18788,183
1686,10
30059,211
30058,77
111631,5
30055,781
29988,802
29984,113
28054,30
28058,786
1468,7
1465,296
28585,299
24781,279
24782,22
24783,6
13927,1
13922,11
4230,361
28630,1
28632,44
5594,50
5597,23
28637,36
28639,794
13690,145
13693,31
13699,1
66496,19
7216,32
12226,96
4213,2
19078,719
65008,678
27788,303
22360,6
61059,272
61725,41
27780,167
27783,659
61726,170
61721,52
27784,114
61723,305
27786,203
25320,206
25322,10
60898,4
60899,84
25326,7
60894,21
64754,57
23946,157
23945,329
23943,183
23942,29
23940,50
23948,12
65913,11
65911,41
65916,116
65914,43
65915,66
2299,107
2290,34
2295,10
10916,430
10917,49
17337,180
7291,41
7922,92
7923,24
10648,10
7921,18
10312,2
10317,125
63769,43
63768,167
63763,198
63762,242
16420,26
63766,27
63765,102
61941,171
61940,1
6293,2
64537,120
64536,3
64535,164
64538,30
63815,165
63814,768
63811,304
63541,17
63812,6
3439,150
22957,59
2034,5
2033,16
4595,14
4844,178
4598,35
4847,3
4842,35
4843,131
65247,156
13065,6
14169,3
11991,258
14162,53
11993,54
14160,40
24140,37
62492,13
62490,68
62491,97
62497,214
62494,16
62495,110
13172,62
13174,6
11191,45
14344,134
14340,253
3048,164
62634,105
62632,311
62633,315
3041,13
115766,420
1094,21
1095,32
66649,1
1097,385
66643,27
66393,91
66392,209
1099,7
109581,14
109580,50
109584,724
111479,166
29044,256
29517,20
29514,20
29515,789
29513,792
29511,23
28939,193
28938,119
1327,21
1324,4
28933,44
28930,37
28937,137
28936,14
23776,239
23777,323
6450,43
8681,17
30914,25
30915,28
15346,110
6900,35
6459,86
30919,691
109764,9
109762,11
8133,203
7733,111
31063,11
31062,670
26246,157
19196,257
8358,73
111408,5
8350,46
8357,91
66027,376
66026,177
24441,50
24440,178
24447,629
66021,38
24449,68
61556,30
61557,316
61552,46
61553,69
61550,234
65615,28
65611,261
27930,16
61558,234
22139,82
4062,28
4060,48
4066,73
13776,118
4065,744
27818,744
5786,711
5782,3
5783,71
5788,24
62911,347
25900,28
3607,34
17780,665
22308,77
11436,31
17101,328
17457,3
17106,712
17107,233
13342,227
13340,29
4450,39
4456,42
30226,91
65609,19
24860,26
24865,68
62829,52
62822,242
62821,379
62826,339
25650,50
153351,301
64254,13
16855,775
16853,685
16852,885
6334,93
6335,13
6331,36
6333,32
6338,59
27886,562
27882,29
10453,13
10452,8
10451,120
10109,66
29217,28
9673,112
10458,79
21763,39
63154,57
63157,69
63150,613
11858,696
11852,594
11853,629
8901,49
11856,578
8902,13
65282,7
30219,9
30216,38
30215,788
30214,671
113917,85
7127,55
7124,9
7123,76
7121,12
65936,6
1663,9
1661,66
115516,783
2829,50
24278,668
24279,593
3384,41
5417,688
28034,246
5419,44
1408,3
13906,4
13902,84
4218,137
18100,35
114351,239
5579,6
5578,14
5572,8
111874,4
111875,4
30072,48
30070,4
3265,70
5798,49
5129,81
31302,757
31300,20
28351,141
11228,84
11225,9
11220,160
19054,12
61709,2
25906,256
22306,847
5122,11
61703,251
61702,553
61701,38
61700,13
61706,161
61705,34
25655,14
25656,12
25302,360
31755,40
7192,10
4205,52
65930,243
65280,11
65281,7
65286,65
65284,8
65937,11
31751,29
7196,314
5133,6
31574,13
28376,7
16629,341
16620,67
6109,97
105126,244
12756,12
12757,340
6104,21
6102,19
6100,17
64886,199
64884,347
10938,32
64734,237
64880,6
64739,18
64738,184
64888,50
63700,174
16996,300
63705,148
16991,574
16992,828
63708,22
9113,12
9112,23
9443,40
9114,25
9441,119
65424,14
65420,78
65421,31
16440,27
16441,41
12289,1
64088,167
63832,10
21487,6
63836,19
63835,14
21488,32
3416,66
3413,119
3410,230
21374,709
3419,93
116245,103
15293,76
10665,28
2019,654
13481,283
13480,137
13483,46
2011,95
13484,240
4864,46
13486,56
18484,188
108967,6
30146,20
17715,645
5619,739
13155,5
13151,159
13158,211
10597,9
10598,26
10599,3
102617,3
29098,190
112168,47
20423,100
62614,48
62613,1
30688,354
30689,31
63707,11
30684,6
30685,697
9445,139
12992,9
12994,104
29533,766
29028,86
29029,16
30546,243
29022,39
29021,49
24008,346
21158,37
4469,84
8118,731
15414,146
6924,313
15416,1
15417,61
15411,73
6922,38
7711,560
26747,271
7718,5
66623,117
66625,47
25047,261
66628,133
61390,746
61392,8
61393,820
61396,180
61397,107
61398,47
61399,307
28775,163
28953,784
28955,22
28958,35
28778,10
22447,49
61574,4
61575,5
61576,3
65630,1
61570,239
61571,50
61572,259
61573,174
29894,7
4001,12
13712,28
13714,45
13716,79
3971,34
19420,384
19427,384
19428,805
65825,268
3622,46
3625,25
110330,10
26557,19
13368,23
13369,28
25465,734
25462,13
25460,150
13365,166
4477,338
4476,136
113028,6
24849,55
24846,8
24845,333
24844,85
24843,317
24842,12
24841,20
24840,34
64271,3
64272,74
2467,41
64275,12
64279,100
9459,26
5340,5
16872,731
16878,862
12143,39
6313,24
12141,397
6311,178
6314,19
12144,10
10439,82
10438,6
9650,50
9308,5
10123,116
9305,133
10121,297
29234,28
10435,28
9302,67
10124,3
21743,224
63138,19
63130,757
63135,72
62846,225
8960,37
8964,1
25731,18
1641,3
1642,26
112088,41
29492,472
29497,6
29496,151
29946,758
29940,814
29942,8
24216,22
2802,62
2803,102
24219,144
2807,81
28018,83
112888,7
62266,162
62261,47
3369,126
62263,348
62262,7
28010,293
3365,300
112880,44
5439,56
62269,94
28543,145
3362,69
30277,96
13962,63
13963,7
4274,167
4279,91
5557,8
2014,679
5559,10
4860,15
106900,289
10669,124
30098,22
30095,45
30094,288
8582,20
30093,22
111673,2
110104,8
110106,15
110100,213
5885,319
5888,21
61763,8
6550,24
15060,198
6552,31
61766,4
61769,151
27747,268
30899,6
30898,44
25923,17
25922,20
25921,16
25924,337
25929,36
25928,784
22325,207
62005,419
25671,112
25670,53
25676,32
23989,10
23988,123
109043,47
7504,325
7506,94
9882,35
9880,631
16605,672
16600,2
16601,677
16609,167
6125,12
12775,135
6127,176
6121,70
14554,4
28277,239
61188,243
111103,5
64865,276
64864,198
10950,34
64866,2
64861,60
64711,63
63728,134
16469,70
63724,48
24988,182
61988,191
24982,372
61987,14
61980,354
61982,133
16729,66
2259,104
2251,16
4093,177
63589,319
24186,188
24187,174
24184,29
24185,6
63854,15
13781,51
22913,70
4800,121
4801,76
4802,45
2783,99
4809,39
116224,147
19914,149
9465,12
9466,22
11600,34
10609,17
11609,12
14129,815
27987,51
27981,79
27980,4
62456,79
62455,28
62453,43
62982,58
27988,374
8974,75
14383,9
14382,37
14380,84
14386,32
14385,32
14384,47
62670,773
62676,82
11315,7
12977,33
12972,96
29001,40
29550,657
7085,16
7086,93
8171,111
6497,31
8173,509
8176,27
6492,26
6948,21
15470,67
15471,9
66354,73
28319,39
66602,2
66352,12
61376,34
61374,4
8390,209
61370,94
30203,213
24407,31
24405,107
24402,146
24400,20
4390,8
25554,33
24409,446
28753,58
28209,341
28756,195
28979,62
28754,165
28976,736
28975,91
28206,112
28973,44
28200,712
28203,4
28970,668
61518,568
61519,2
61513,216
22461,6
4024,27
13733,9
13730,99
64030,25
4029,127
11384,569
65156,3
19155,4
19156,693
19402,80
19152,8
65875,274
65653,190
65655,1
65870,15
65657,770
65872,311
65658,9
25118,25
25119,9
25117,185
25114,36
25115,284
25441,20
25110,40
25111,147
64929,5
2447,28
2444,7
64299,356
64292,6
61583,10
7866,41
7862,115
61585,745
8092,30
61587,46
16813,5
15202,176
26044,70
6379,31
6370,97
12123,112
12122,73
12125,85
6375,21
6376,46
12126,68
10417,2
10411,116
63446,271
63447,127
63445,14
63442,29
63117,130
9323,2
9635,53
9324,14
9325,23
8947,41
62869,78
62865,12
62864,32
62860,319
3206,153
1992,17
1995,161
5187,60
5184,785
3200,45
1998,701
28109,50
2860,79
29968,44
29963,39
29964,45
28564,187
28565,38
14244,76
28563,246
24232,759
24233,383
24234,43
8047,12
14249,5
5458,14
62241,56
62240,3
3342,23
3343,121
5456,46
30259,31
30257,267
30255,324
30254,8
30252,14
31129,3
4251,8
13941,126
13942,14
31697,65
31122,23
31692,759
31693,13
28690,41
5530,26
28696,378
28697,92
5539,25
28699,48
3668,75
111839,30
23616,36
6573,15
6571,26
6574,28
6575,4
61745,54
61744,21
27766,106
27765,124
7694,275
7696,99
29616,8
7691,48
29613,798
29612,50
29619,845
25944,243
25946,78
3835,10
3833,22
3839,30
7526,143
7525,123
16664,748
16665,114
16668,696
9313,20
14640,5
31857,207
12712,312
6140,17
6146,166
15415,128
12718,617
14863,16
10974,12
10978,716
64848,7
25619,167
60835,134
60832,15
21116,157
16488,14
21118,206
16480,285
65469,3
65463,4
61077,14
65466,378
65464,25
65465,21
2271,3
2270,46
64597,349
63986,10
63984,200
17534,624
2052,29
2054,191
4828,101
30061,7
4826,20
2058,5
4530,170
13440,78
13443,4
10504,51
9403,61
9402,20
7982,699
11626,18
10621,58
62474,704
62473,165
8599,106
11976,27
11974,72
64334,335
24170,15
27969,242
64330,36
64332,239
27965,112
17753,660
13198,37
13193,31
13197,32
63877,32
63876,27
63875,44
63874,108
63871,112
63870,200
63878,209
62650,54
62652,208
62654,738
62655,3
62658,292
62659,751
64681,1
10085,25
10086,130
7329,8
13421,141
12955,126
12956,201
12950,4
12953,139
7067,732
7066,89
7065,66
7063,132
107670,49
30756,777
30757,833
12480,41
12484,109
30751,38
15459,7
8627,166
8150,12
8151,188
24397,481
24396,139
24395,209
24393,421
110804,12
31594,32
31593,672
110802,14
31590,9
66379,17
66371,11
61688,725
61689,114
61681,743
61686,752
61684,98
61685,202
9988,3
11027,5
14506,16
66085,108
14503,11
28739,285
28229,163
28733,357
28732,16
28735,120
28737,75
63975,70
64423,303
11366,60
11361,10
61355,57
61356,121
61350,14
61351,210
61352,76
61359,94
110379,18
23868,696
64497,203
65852,36
61532,270
65850,1
61534,1
65679,107
65676,20
65858,65
65672,1
65671,17
65670,30
25136,10
25130,11
25132,38
25138,245
64103,117
25422,101
25311,117
6682,532
25644,47
63680,34
16836,754
7849,132
16832,722
63687,679
16839,768
16838,772
6357,77
12102,47
6351,589
61828,406
12108,750
9340,168
9614,45
9612,22
9613,1
9346,162
9611,11
10163,84
9619,13
63468,13
63469,121
63466,135
63467,727
63460,95
63461,17
63462,70
14881,10
14883,8
14886,2
113425,156
14083,92
14084,7
1608,5
3229,182
1979,2
1976,34
1602,347
3221,64
1971,32
1606,24
13276,47
4954,83
13710,31
2849,710
2846,353
2847,121
2845,30
4005,5
28502,113
5475,128
14268,393
14269,13
28504,5
14260,34
14263,3
20075,398
62221,3
62225,106
115313,40
115310,28
115314,72
62134,8
25899,273
5519,8
5518,4
5513,8
106418,161
62582,35
29901,13
14462,9
29904,10
29909,47
3036,77
66418,7
66416,209
66414,88
66413,256
28433,178
27701,102
1906,20
29129,49
14465,84
12560,38
25964,30
25961,52
17049,758
15025,29
15027,3
6517,5
31100,24
31101,174
29634,54
29639,267
29638,9
1974,16
23499,21
3814,128
23491,1
23492,63
8457,125
8455,113
8452,98
109084,11
109082,71
7549,21
31366,79
31567,7
19346,634
16643,575
16645,294
16647,242
12738,87
12730,188
12734,90
65194,6
65195,35
60814,18
64820,72
64822,10
60812,854
60813,253
10994,164
60818,64
10993,22
10990,79
10991,51
24617,54
24610,42
25635,767
25634,7
25633,69
25632,20
24618,160
65440,114
65448,133
65449,33
24945,31
21136,5
116597,94
22729,3
116592,340
2213,52
31813,2
2215,6
31811,97
116772,62
116773,4
12581,6
25091,259
25096,19
25094,825
12587,273
25099,13
25098,118
4517,110
4515,28
11649,18
11641,55
11644,75
11646,97
62412,357
62416,91
62418,6
5284,62
27948,806
64314,388
64319,28
20666,426
63899,198
63898,22
63895,240
63894,297
63896,77
63891,809
63890,140
63892,7
63094,9
7300,6
9289,32
9284,57
63099,315
10247,4
11910,387
11915,27
9023,35
11919,4
30191,25
30193,78
30194,50
30197,14
30198,28
7045,7
10200,73
7049,8
24999,10
63324,424
63328,215
30778,15
30990,290
30775,307
30777,38
30994,12
8607,35
24991,2
22657,10
24379,544
24378,86
24375,15
2982,14
24376,193
24371,4
2986,97
1013,233
61033,10
4351,155
4352,17
28717,15
11001,165
14520,41
28712,146
14525,14
14524,23
28249,104
28248,38
14529,72
106881,135
11340,86
11343,111
110683,680
110681,701
110685,41
5709,6
61332,11
61330,6
61335,80
61338,10
61339,34
111489,10
111488,482
28866,713
23809,77
23801,8
65831,11
65834,120
25152,8
25401,3
25150,348
4296,5
25157,11
25154,6
25155,572
12459,64
16582,71
63828,22
2461,15
12691,188
12698,23
10832,690
10839,22
1050,14
14297,8
7828,10
19807,9
63669,52
63666,4
63667,15
63664,2
63665,3
63662,6
7826,115
63661,195
61807,9
61803,7
64127,21
17180,106
17184,664
9367,69
21272,691
8987,67
63405,286
1832,15
1831,182
3798,190
3796,38
3793,20
2154,24
2150,60
2403,50
4988,16
1956,148
1951,207
1953,8
14064,11
3248,27
3243,720
3240,5
3246,41
13259,46
28528,31
28529,1
62756,98
1487,317
62750,187
1485,71
62200,207
5496,44
14201,654
62759,199
28526,626
30561,50
30563,9
30565,125
12142,435
30569,400
6310,156
113997,120
12140,115
6315,92
10619,15
10618,5
29382,78
29381,315
29387,6
29386,186
29929,119
29435,38
29434,11
29389,90
29388,666
29433,11
28388,7
28389,1
14113,53
23120,84
23122,13
30384,258
8293,9
6532,246
109318,630
6531,20
8299,456
30388,142
25984,249
25987,123
25981,106
25980,39
25983,38
8247,88
29659,180
31166,92
31165,61
29650,324
31168,269
62016,165
3872,10
8479,39
8475,93
8470,102
7566,94
7564,116
7562,465
7561,3
66435,147
31381,3
61476,2
10431,35
22528,233
22294,4
22525,757
4162,129
64809,151
60875,136
64807,9
29233,95
13899,32
24636,18
24637,1
65315,18
65317,16
65310,73
65311,81
65313,4
2230,57
2237,1
3497,58
4572,73
13407,17
13406,33
13409,10
4579,6
2189,44
4605,168
11669,32
24965,56
24967,340
24969,32
27921,208
62439,280
27923,56
27925,232
27924,2
27927,21
62929,75
27928,44
62924,105
62925,271
62922,58
62923,350
62921,281
25216,37
25212,120
64371,96
64370,9
64373,405
64375,386
23592,589
7368,14
7369,115
7366,119
12317,169
11935,41
11934,25
11930,12
30179,61
30177,45
30175,156
30172,316
12915,218
30170,44
7022,59
107631,723
9004,33
10221,174
24037,75
24032,156
21519,56
62694,79
62697,143
62690,315
62691,41
112473,4
62698,139
64007,496
30718,10
115121,853
30710,95
30714,19
7799,23
7798,49
24353,142
24352,450
24350,21
24356,100
1038,33
1034,37
66468,392
4372,14
4371,48
4374,10
14549,17
28266,258
28265,38
11062,109
11065,4
14547,2
28260,28
15490,8
8666,40
8669,30
114524,60
114523,28
13794,198
4087,11
13799,23
13798,23
31449,813
31448,124
66590,212
66599,47
19137,697
5723,42
5721,1
5726,9
8007,718
65163,7
61646,317
61644,174
61642,467
61446,107
61640,32
61641,70
60990,659
60993,6
60992,21
60994,11
61441,64
23820,98
11499,17
23355,8
28848,215
8084,6
65814,41
65812,25
65810,20
25170,164
25173,656
22823,163
16563,73
29948,49
12679,162
6649,17
12674,21
12677,137
10813,14
10810,7
10816,6
10819,221
63644,140
63640,319
63641,16
63643,131
7809,18
12559,5
63648,219
65765,197
65764,78
65766,262
65761,8
64482,17
65768,24
61868,166
2504,31
61860,23
61866,702
26247,39
2393,30
2390,3
64145,79
63422,59
21218,18
21217,171
5693,58
2176,48
2175,93
4961,81
5432,3
62593,73
62592,22
62591,33
62590,68
5125,3
5121,77
62599,181
29011,23
28546,16
3366,220
113609,264
13235,82
14221,86
14954,10
14225,118
14227,10
62268,6
28016,383
17179,658
20035,795
6886,1
6882,11
15799,5
15798,182
29411,199
29414,1
4273,12
1209,51
1203,16
109338,302
30818,205
8272,137
29677,307
26884,5
29675,4
29672,150
31636,32
114957,803
31634,58
31143,378
31144,457
31147,182
6669,51
8417,2
8414,179
7585,11
9804,99
7582,46
66452,118
66101,18
66450,13
66451,96
66454,9
66455,218
66108,5
66459,201
22507,33
61108,139
65158,9
61105,61
65155,39
61102,276
4145,11
61484,41
3855,93
3851,39
24651,52
24655,4
22765,111
65376,280
31858,165
114777,7
31854,411
10519,47
5918,18
63252,51
63603,5
64689,6
64688,1
13427,116
64680,263
13423,10
4553,17
64687,374
29353,6
11684,18
11687,603
11682,27
65484,113
24900,7
65482,107
24908,187
9772,22
65488,36
65489,117
64357,40
64356,89
64353,76
64351,189
27908,13
27906,12
27903,180
25236,643
25234,129
16797,231
16795,8
16790,634
16791,652
6078,52
2616,295
2615,66
20488,27
30836,20
7346,11
7345,58
7343,74
7341,67
10026,122
10795,31
10791,1
10793,30
21686,16
21684,122
21685,401
7303,117
12338,183
12334,52
12337,266
12331,52
29088,300
29081,15
29082,109
29085,161
10244,13
18680,48
22882,31
29883,248
28942,25
24334,186
24338,21
2942,19
2940,181
5357,14
5087,51
1056,120
5421,4
30151,87
30152,10
31285,5
5420,13
31289,810
14565,4
14563,3
24489,235
11040,263
27749,219
24484,397
24483,93
14569,3
106847,182
3116,8
3114,35
3111,48
62019,29
30732,17
8648,13
30738,84
31462,759
31460,62
31467,20
31465,147
31464,1
5742,175
11300,46
11301,16
11302,29
11304,98
64345,3
61664,6
61665,10
61662,352
61669,237
25823,309
25821,790
25828,11
66716,128
66713,141
2598,55
28828,4
29757,5
28822,197
61592,125
12537,7
61590,14
61591,249
61596,7
12533,159
61594,500
61595,11
16453,11
117018,807
117019,815
12658,19
6661,14
12655,5
10877,177
63990,22
16890,792
63621,64
16895,156
63627,4
63996,357
16896,635
63998,730
61840,71
65740,72
65749,6
65748,284
65251,229
64168,210
64160,8
64161,16
64162,39
64163,17
64165,176
64166,109
21237,64
63199,18
21235,3
21233,29
21232,9
63192,3
63194,104
63195,39
63196,11
21238,57
1877,6
1875,108
1878,286
4941,76
2111,48
2113,64
14022,10
112622,109
14027,49
1919,84
5109,128
17052,511
3288,93
4556,112
62571,87
3282,86
17059,529
14325,17
13219,22
10499,48
10498,63
10497,10
18238,649
14978,32
14790,34
14791,111
14793,121
14794,10
14796,550
18234,714
13704,254
62710,46
62712,245
62715,10
20548,242
62716,156
113489,40
30283,159
112752,413
7503,349
6865,40
6867,186
17055,6
8257,22
8250,33
8253,40
1260,7
1266,10
8789,486
30833,32
8782,15
30837,156
1913,37
30835,129
31614,209
30352,368
10010,102
29698,14
7617,55
29690,56
29693,113
1914,3
62572,101
8431,173
8434,22
8439,57
30358,4
6124,49
61187,20
61181,259
66476,800
66477,32
61439,68
61129,695
61430,90
61121,1
61120,806
61435,100
61436,69
12597,3
24670,4
24671,89
4128,4
24675,102
24678,597
4121,16
4199,16
4127,35
4124,13
28125,11
5686,48
28120,760
4194,12
4193,154
4191,114
11514,104
11511,86
11513,786
65175,157
65177,3
65170,527
5973,51
5977,3
65179,11
17209,11
17208,790
17202,10
25783,266
25781,369
25786,100
25789,145
25031,1
25030,72
25033,274
13432,188
65350,26
65355,3
24920,441
24922,12
24923,320
24925,22
24926,46
64402,46
2581,9
64404,124
64409,160
64408,217
2589,129
64867,20
64713,8
64863,158
6054,271
6053,44
10004,26
10005,7
10006,4
10000,22
10002,40
10008,2
9599,66
20019,708
9225,21
9224,45
9590,27
62962,4
62960,269
62966,116
62967,45
62965,111
12352,22
12356,7
113832,611
9048,54
63388,79
63385,265
63384,162
63386,119
63381,166
2965,11
2960,14
29868,114
29867,48
29864,18
65404,379
64552,30
24318,198
24317,22
24316,22
24315,424
24313,335
24312,22
62382,304
1078,51
1076,15
5374,5
5377,45
1075,98
1072,24
30130,53
30131,72
30137,338
13003,2
61027,14
30138,151
111579,302
10286,18
4335,8
4331,22
3130,207
23291,55
14581,197
3138,8
14583,89
20204,71
20202,21
62036,119
62037,14
31403,9
5768,28
23577,55
5764,19
5763,147
61603,40
61600,30
15185,3
61606,441
61608,219
25808,77
25804,9
25806,132
25807,6
25801,230
28805,785
1627,68
6435,6
5408,124
12518,2
12519,3
12515,9
12516,21
12441,10
7422,163
7420,15
12631,25
12635,19
12634,15
12637,8
12636,77
6608,13
10857,17
10855,39
6733,149
60958,348
110442,368
60955,395
60954,644
60951,80
60950,187
60953,777
60952,756
1043,2
19537,678
63976,74
63977,2
63974,3
19538,797
63972,1
63605,61
63606,365
63607,171
12189,4
12187,19
12183,5
65724,129
12181,242
12180,306
28884,184
2351,67
17694,716
3736,13
3735,42
3734,75
1891,10
2136,79
4690,294
4926,22
2130,48
4699,352
2138,11
11727,118
11722,6
11720,126
11721,6
11728,126
11729,694
5161,13
5165,24
5166,7
5169,13
14002,38
14003,46
14005,95
14007,120
62559,142
20783,18
63451,24
17079,297
17074,284
17076,663
62550,108
17070,757
17072,206
17073,257
4806,12
9698,10
9699,30
9692,57
9693,50
62737,10
14918,249
62733,16
62732,135
62730,259
14913,13
62739,6
62738,106
1794,133
6848,3
6841,43
12156,10
6844,35
6845,14
2070,76
29329,119
29459,142
29457,7
29453,176
29323,214
30675,422
30674,312
30676,40
30855,759
30854,66
30857,787
8234,27
14578,22
30832,12
31672,771
31673,16
31674,27
31675,795
7632,22
8787,28
31679,279
7636,9
7637,29
7635,22
112774,176
8785,94
112778,11
9841,123
9846,73
9849,58
63454,214
13514,133
3093,42
1533,2
1244,60
1246,2
28494,85
28495,825
28496,869
28497,183
28322,502
28323,155
1539,116
63102,4
62458,34
22543,90
22544,26
22546,2
22231,56
31097,157
4103,89
31095,104
4105,26
31093,10
26431,67
29692,40
31099,15
24699,311
63459,142
24691,101
28149,8
9643,12
3892,11
28146,9
28147,113
28145,563
31894,384
31895,248
117298,366
11538,101
25391,7
5959,6
11531,5
11537,24
11535,69
61417,64
61140,276
61143,294
61142,3
61413,236
61147,260
61410,86
61419,53
61418,26
64645,35
64644,106
64640,10
13500,116
13501,66
25013,186
25017,3
25016,123
61086,206
25276,42
25274,40
25271,223
64392,338
64462,206
64397,237
25279,197
6039,4
17262,312
17266,348
17269,627
6036,138
6035,208
6034,1
10063,718
3370,33
9203,43
63018,10
63013,25
65236,28
12378,108
12379,14
62948,113
9061,564
113362,207
113364,81
113367,745
9069,29
112410,766
3562,90
112187,837
112185,15
112184,40
13397,138
2489,44
20993,12
2903,12
64011,680
2909,12
2908,373
64014,118
14616,30
64015,88
20194,69
20191,686
20192,265
5313,10
11018,4
13027,9
13025,10
30445,714
30442,158
30115,764
30117,97
31791,2
31790,274
31241,14
31240,25
31794,122
3153,50
1633,31
3157,24
3156,53
1982,208
28795,288
3158,88
28791,69
11084,3
62057,34
65006,51
66281,530
66286,792
23553,187
66530,331
23088,64
23080,3
23084,19
61624,30
61627,29
29156,6
29152,68
29150,88
29151,50
25860,660
61433,376
25864,28
8577,101
8571,88
8573,56
8579,28
12578,15
15253,20
12570,46
12571,14
12576,61
12575,14
31427,45
7409,19
7406,11
7401,18
61088,139
22681,15
6626,29
12615,27
61087,127
60979,2
24731,142
60973,294
60970,19
60977,793
60975,832
61885,754
65705,177
29955,168
65703,99
65702,15
65701,9
65700,288
19552,735
65124,138
19557,201
65708,60
13625,52
13623,45
2337,28
14257,262
25480,11
61960,6
4679,652
4678,594
4900,58
4675,12
4674,719
13562,417
13561,698
63955,173
63956,157
63951,9
63952,87
63953,11
11700,107
63959,16
62535,303
29553,793
5142,12
28579,17
64075,9
17016,666
64079,10
65149,8
7955,81
5680,16
63482,42
63483,13
63481,372
63486,658
63489,277
28577,788
62285,320
62284,164
62280,14
5422,15
22832,11
7241,55
17168,612
6821,25
6825,162
6829,70
30265,159
10541,23
10540,26
10543,31
10549,30
63225,5
29300,804
63229,106
14282,69
8816,30
14934,161
8811,100
8810,116
14938,133
18276,13
8819,18
8818,142
8219,110
30540,193
30651,7
15089,63
15087,32
8210,20
30307,4
15084,164
8215,28
8214,74
109826,60
30870,28
7658,17
31651,806
31131,10
4241,77
9867,84
11147,15
14424,170
14425,60
28300,54
28303,86
24503,291
24500,697
1518,3
28168,126
5978,2
64341,128
110039,89
11550,139
11555,148
11554,159
11559,30
11558,193
5976,6
61167,368
63244,728
30934,2
65134,61
65135,30
64669,144
25075,756
25076,56
64663,22
65399,26
16889,751
25296,245
8873,181
30087,238
6010,375
6012,13
6019,162
116791,674
17248,617
17245,497
17243,527
17240,686
10735,109
10044,26
10733,4
63038,287
63030,370
12396,37
12397,272
12395,41
12392,45
12390,27
26016,145
64914,356
26015,154
26012,24
26013,72
26010,24
26011,273
64919,88
64918,82
26018,5
26019,33
61372,10
113301,13
9083,317
21598,4
21595,670
3500,744
3502,6
3504,58
3505,5
2677,105
2929,11
5331,6
5330,95
14639,71
14638,25
5334,71
5336,301
112965,676
5338,24
112966,68
64763,4
30467,816
30461,780
30463,37
4510,13
13049,22
13041,680
13046,70
18040,202
18044,655
30887,17
18049,480
18739,19
3178,17
62073,157
3171,292
3170,15
3172,174
30797,149
29822,56
29823,20
29793,741
29826,23
29824,34
29829,107
1164,135
66518,165
1161,215
11259,114
25844,249
25845,2
25848,13
31223,128
31224,29
29174,180
29176,33
2785,11
1363,37
1360,274
5253,27
109641,3
27199,156
12804,14
12805,27
15274,16
8009,25
65899,366
12801,1
65897,103
65896,6
65895,801
65894,12
8000,322
8001,8
8003,40
28758,107
7469,244
2787,52
110624,19
7466,106
19713,641
22668,175
111534,153
111530,28
60911,27
10899,5
60914,120
60916,64
10894,309
24712,15
24710,200
24717,96
24716,79
110480,41
61206,745
65270,66
65275,5
65279,16
20782,1
13602,64
4731,3
4736,126
4737,722
4739,745
2312,19
5851,165
5852,18
17654,715
3776,146
3779,3
13542,23
16959,710
19575,115
63934,272
63935,74
7881,51
63938,202
7882,141
17030,600
17035,463
17036,467
62516,42
62515,14
62513,23
62511,320
64054,268
64055,48
64056,744
28414,40
21291,6
28410,36
10386,27
10382,1
10380,6
16924,783
7268,45
7267,202
16929,642
7260,39
12234,72
6206,29
6207,5
12233,357
12239,4
12238,32
6809,31
6802,69
6803,24
15711,28
29360,177
10567,33
10565,35
29366,407
9748,9
21435,1
24157,10
63207,101
63200,225
63201,47
19150,623
18928,349
112552,6
8832,19
30639,164
111059,14
30328,496
20791,433
30632,4
30326,6
30637,157
7679,6
7672,38
17069,679
16674,780
1755,52
24522,27
1281,30
11169,4
1283,3
14405,56
14401,256
11162,116
14403,561
109842,323
109840,442
8762,11
1573,121
109849,85
1577,35
27761,287
13830,27
13831,35
2818,179
30017,662
12874,45
5626,12
28184,114
28185,749
28182,5
28180,18
8493,35
13870,30
8497,178
60850,3
31015,11
28987,2
23276,16
28983,67
28981,17
4186,7
11573,28
28989,23
25059,92
25056,60
25726,13
25721,87
25720,149
6781,26
10266,6
6788,202
16718,663
16716,473
19965,13
16714,590
16710,248
16243,702
22496,2
64602,3
64606,444
63051,125
9248,137
63053,518
107528,149
63054,14
63057,425
9538,24
63059,15
9245,8
65515,24
65512,70
24890,2
24893,32
3691,232
64931,174
26038,25
26039,31
64934,25
26034,337
64939,66
26037,55
24096,62
24093,328
24099,13
24291,112
3594,140
14650,318
14652,101
14655,40
62897,7
62895,673
62898,34
13067,6
30403,16
30400,198
13062,34
61776,6
27816,56
27810,314
27540,44
62093,4
29803,305
29806,91
1148,812
23045,33
29112,60
31754,32
31757,236
31204,147
31203,24
31750,32
29114,8
31752,12
109186,151
109185,215
15312,8
8539,66
8028,81
12828,208
15299,4
8530,94
12825,24
15294,34
12827,22
12820,165
12821,143
8536,22
15291,145
15315,77
7447,16
7448,72
12474,46
8184,42
61494,5
65074,19
65072,51
22398,45
22392,35
13990,102
60939,18
60938,820
60936,765
60935,12
60933,283
60932,715
60931,45
24779,42
28641,1
28642,102
24771,328
28648,5
24776,47
61229,678
61227,726
65215,19
65217,44
5379,28
4758,24
4759,63
5870,119
12118,48
5877,102
208467,204
5878,1
11291,20
11296,78
11297,39
3756,39
2193,181
13526,87
13525,250
11747,107
11748,32
63918,41
63919,55
63915,89
63917,121
20893,8
64038,113
60798,124
13292,33
60797,122
60796,39
6194,20
6196,19
6193,19
2735,17
2731,597
20097,648
9186,93
9180,14
10364,67
10361,29
7208,83
7203,39
7205,17
6223,6
12210,15
6226,20
12216,116
12215,212
12214,8
15848,48
9761,25
29347,111
29346,129
29345,56
29344,292
29342,42
10507,115
29340,765
24171,79
63269,59
24179,325
12124,198
8859,68
8858,344
10631,71
8852,43
8850,25
1773,68
106820,668
14134,728
24543,406
108111,103
24547,83
24544,38
24545,69
62135,36
28349,279
62137,185
62133,124
63111,22
1559,63
14463,70
28342,473
28435,119
14466,30
3031,163
3033,88
30617,10
30614,3
30613,786
30612,133
30611,1
30619,108
30618,1
13853,4
31564,43
31563,11
31560,18
27998,21
5606,30
5600,7
24381,139
5608,19
111961,2
63448,2
111968,174
110568,779
110566,2
110562,125
110560,2
23252,94
23701,94
23700,69
6424,24
15337,45
15331,70
12450,75
109247,33
6428,4
62201,248
22250,155
22255,189
6768,113
6765,32
115918,43
16736,110
16733,669
16739,698
65680,452
65681,152
16227,762
64626,25
64621,232
64620,176
63077,33
63073,4
63070,78
61276,208
64489,34
2508,16
2507,98
64950,253
26050,13
64480,73
64486,15
64485,86
64956,48
61601,295
22829,114
5047,3
5046,34
5043,153
10770,2
9511,51
10777,29
14853,32
14854,17
62304,274
62302,9
62300,354
30420,5
30423,13
5181,34
3203,15
28489,26
29755,36
29756,163
10195,39
29751,11
10190,97
10198,52
29288,68
29282,843
28332,49
29287,14
29284,10
1121,230
66731,67
25880,8
15106,82
30281,322
15101,689
29131,52
29133,16
29134,163
3650,12
31778,708
31775,4
8514,35
8515,15
8512,122
8045,14
12592,134
12593,5
8049,144
12598,51
2521,1
12840,52
12845,60
31483,120
31489,804
31488,175
23067,118
23062,19
24285,754
24287,705
61798,444
61028,80
61795,42
65051,57
65056,7
61793,6
24757,47
24755,18
24752,182
24751,5
24750,30
24758,23
28668,27
28881,478
61242,21
61246,38
61247,276
13646,19
13645,11
4771,36
13649,49
5818,76
19024,670
17348,724
17341,41
25390,56
13509,116
25396,81
4611,66
25399,21
13503,52
13505,22
23934,180
65945,765
65944,329
65949,9
65948,11
64546,838
64547,761
64542,256
64543,17
64016,6
64017,9
64019,2
10359,27
25579,64
25570,751
25571,20
25572,4
25573,631
16694,683
16698,680
2710,13
10349,4
7951,10
7228,59
10692,25
9161,8
10345,5
9173,30
63791,44
63797,6
6241,44
6242,22
9170,12
12274,370
12277,12
10520,51
63242,119
63535,3
63532,143
63246,345
63531,38
25180,7
14993,2
14990,19
8872,101
24110,350
24113,113
24114,8
31888,7
15446,264
30740,327
5252,9
1712,31
5250,18
5254,68
14192,351
31880,21
13940,379
17082,769
15824,171
14336,125
11124,59
28411,28
14446,148
17088,6
62117,118
11508,1
3013,43
3011,275
3016,3
3015,63
28691,61
30368,321
30361,8
4189,154
31548,27
31549,164
31016,42
4182,3
110760,35
31011,131
5667,103
10534,2
66056,203
61132,49
66050,65
11807,54
66059,137
23724,79
6403,78
12471,62
15317,78
15316,186
30945,81
61498,328
61496,89
30948,128
63501,42
61490,297
63500,10
7761,127
7762,1
64200,5
3905,14
6745,23
6744,7
6743,43
6742,99
6748,8
63600,44
63601,16
9954,18
63602,14
9952,70
16752,798
16750,684
16751,5
16754,536
63604,22
12046,171
12047,13
12044,94
25761,102
25760,89
25762,1
25767,48
8880,4
65552,428
65553,282
65550,276
65556,737
65554,35
26072,684
26074,33
26077,682
26078,687
65725,77
64979,755
11465,20
61691,246
11462,58
4091,67
5066,22
5061,9
5063,104
8382,3
17151,671
17150,675
17405,15
25186,207
25181,25
13318,17
25183,35
25182,279
13315,200
13316,17
13311,2
10751,12
10757,113
62327,25
62320,64
62321,25
5395,2
11803,34
14830,231
14832,102
62328,8
14834,5
11805,35
14836,313
64205,672
64206,758
64201,125
20118,7
64209,103
27855,101
27856,8
9397,54
29733,30
29731,86
29736,66
29734,1
9398,22
6578,22
15126,12
31716,731
7154,67
7153,277
7152,53
30006,42
30007,281
30005,12
7692,8
8068,83
12868,87
8067,17
8062,38
30008,1
30009,45
28744,168
7486,36
7481,16
9393,44
2897,13
2891,97
23002,171
23000,40
23006,371
28742,18
28064,48
111591,216
22601,67
13873,13
1837,118
28608,126
28600,19
28603,81
28602,28
13580,11
114418,66
4790,53
5831,23
11257,222
61004,1
65033,10
65034,138
64780,18
64782,47
64786,27
25376,615
25375,269
65961,17
61263,10
65967,120
65788,260
65787,5
65785,5
64568,27
64560,267
64563,39
25514,381
12789,2
12788,10
17366,3
12785,8
10321,112
2771,57
3002,7
4894,276
16417,106
9142,679
7974,172
7977,59
16419,122
7970,180
16948,766
6266,35
12256,291
12253,181
12252,293
12250,317
61918,128
21186,179
17095,654
9726,65
9724,246
9728,23
63518,825
22980,90
3465,15
3461,106
8898,269
8892,44
62107,13
62101,10
62553,33
5234,42
5237,68
13124,126
13125,304
62555,75
15802,75
13128,76
15800,30
18329,664
1594,65
28471,726
28476,1
28477,64
28474,809
3078,108
14310,56
14311,5
62170,297
12711,266
12717,30
66691,6
31528,5
66695,126
66696,84
11615,15
31522,803
31520,20
31521,101
31525,31
5643,37
7959,19
29075,8
29074,108
29070,46
29073,14
31022,53
6213,59
28296,175
28295,8
28291,11
66077,44
66070,124
66073,29
8060,4
12418,81
12410,104
30925,31
30924,661
12417,46
7741,130
7745,20
31038,331
62735,111
6722,4
8304,29
65866,340
61690,2
61735,24
9932,78
110529,327
9937,63
16778,772
16775,286
16777,606
12068,119
31622,320
6091,1
12065,5
6097,45
6096,25
64840,309
25749,29
25748,317
25747,44
25746,299
25745,89
65570,10
65574,33
65576,113
65577,11
65578,381
24837,19
21663,103
24832,73
21667,1
3673,10
64999,6
64994,8
2549,108
64996,34
64991,426
1104,5
64993,326
64115,23
11440,71
11446,15
3580,43
3581,23
3584,68
17138,704
64197,127
64192,806
17131,432
17130,650
17132,814
64198,17
17137,119
17136,624
13339,95
4423,5
4424,19
12212,383
9555,21
62346,8
66061,8
64223,5
8745,62
20134,114
27875,93
27873,273
27879,11
63161,19
63162,104
29246,790
29717,16
11861,704
14815,2
11867,227
14810,8
15142,611
109929,113
109925,293
109926,121
109920,85
13031,103
7171,7
7179,6
31739,763
31738,6
31737,62
65438,73
31734,76
112033,151
112030,44
1690,58
112034,18
30029,146
115566,643
30025,37
12883,368
30023,169
61791,673
66263,787
66265,14
66269,27
1474,177
28591,9
28590,9
1478,32
12466,3
28597,27
12467,12
12460,11
31193,2
4228,17
31195,35
31194,4
4225,3
4222,45
4223,23
28624,10
28623,10
28622,30
28620,825
24797,2
28629,94
5589,23
66487,91
11271,7
13680,14
11278,253
13686,78
19069,303
28340,83
63695,209
61062,3
61060,35
61061,145
61065,57
65016,326
61068,280
65014,118
65013,2
65011,313
60883,59
25355,123
25356,105
25357,150
60887,1
25351,96
30946,118
3916,157
64766,170
60888,55
25359,4
64760,12
25688,4
25683,202
25680,35
25681,40
25686,718
23973,81
23976,223
22086,647
65901,142
61285,8
65905,37
65904,184
65907,146
64508,6
64509,36
2282,121
30108,36
2285,25
10905,97
10906,17
10903,51
10902,16
10909,711
9120,298
8233,7
9125,19
10306,172
10305,77
10656,28
10301,44
16437,205
63758,48
7912,215
7911,15
13442,25
7917,6
6288,4
6282,58
4321,117
7985,61
63281,403
63283,6
63288,158
63289,28
21300,4
63572,13
29705,3
2025,388
2751,33
2028,6
2029,535
5216,788
5215,126
5210,56
5211,53
14150,41
65031,267
62481,208
9332,28
62487,761
13102,24
18307,582
18654,9
14489,78
14378,138
62626,59
62152,180
28450,90
3054,14
3055,11
66673,859
29052,120
29055,534
29507,748
23769,100
23768,166
23767,192
28907,5
28904,787
66016,12
28900,130
1318,60
15424,75
12434,7
12433,86
12430,22
15359,3
15358,14
105936,91
31501,786
31502,212
31051,7
31504,21
110724,575
29390,326
110729,15
110728,64
7723,22
3949,28
3946,5
6701,33
6707,66
9916,3
9919,11
24474,148
24475,81
24473,275
6081,20
61544,180
61547,10
61546,375
61541,268
61540,7
22144,21
22140,37
4054,16
4052,118
4051,10
13741,2
4058,8
3612,9
3615,78
3617,11
3618,80
3619,30
65592,111
65593,1
65590,13
65591,159
2561,1
2562,10
11424,104
17115,232
17114,133
17110,63
5020,223
61414,307
5027,173
13351,26
13353,147
13354,3
4448,8
24810,117
24813,15
20151,7
62819,280
20158,149
62814,18
62363,1
62366,355
62811,85
1240,128
27895,25
27894,6
27896,53
27891,679
29264,101
29265,164
29266,38
29262,21
23146,195
29268,40
63140,170
63147,25
28490,775
8912,49
28320,65
18826,180
8918,3
11842,705
30598,24
30599,69
15160,82
30595,759
30225,56
30222,665
30220,14
30593,10
7117,13
7116,12
18797,474
1678,179
23898,20
1677,5
64963,34
29992,329
64964,4
29996,803
29997,59
28020,81
28022,681
1418,33
1410,44
1411,11
4108,14
13913,16
4201,67
13916,21
13914,4
5568,20
5569,9
5564,133
5567,36
5560,46
7759,2
111627,56
15248,48
31319,326
11213,4
11218,49
19049,310
28513,764
61048,130
61739,221
27792,53
27793,8
27790,38
27791,73
61732,30
61733,101
27794,82
61731,65
25334,115
25338,112
25339,88
23950,17
23953,10
23955,234
28518,32
65927,653
65290,103
65295,260
65922,326
65921,30
65928,16
16637,769
16188,211
16630,268
6115,22
6116,17
6110,54
12742,65
10921,10
64741,138
17322,638
3895,24
63775,5
7281,35
7932,92
7935,18
63771,443
63772,157
7936,272
7938,3
10676,60
65434,98
65436,2
65430,66
21144,235
16981,747
16986,327
16985,726
16456,162
64528,8
121053,176
63804,336
63803,309
63556,168
63559,12
63809,118
30240,170
22946,164
24486,34
21496,17
3429,30
3422,18
3424,116
2002,706
2006,74
2007,666
2005,567
4585,17
2008,13
28326,66
12482,50
14170,15
12624,109
14172,621
61094,20
6963,57
6268,61
11982,192
11985,47
61098,799
30750,74
12485,91
10581,12
10580,15
13169,4
10585,199
10588,41
13161,14
13166,564
11183,234
11185,14
14359,176
112178,339
112179,123
62602,81
62601,48
30759,790
63754,8
30697,41
30696,118
30694,42
30692,97
1082,13
66381,8
66386,16
66648,713
29038,71
29528,795
29033,10
29032,287
29526,815
61411,6
1334,124
61146,3
1331,10
6932,127
8699,6
8128,64
8694,125
15409,21
8123,24
8692,29
7700,684
66654,765
66655,2
66656,114
66657,334
114829,646
66658,151
61382,754
61381,10
61380,270
61389,261
61388,506
8348,58
31591,181
8341,184
24398,10
28924,114
66031,6
66032,50
66034,48
61563,7
61562,117
61561,69
61560,104
61567,27
61566,196
61565,47
61564,23
65607,9
65604,119
61568,2
22122,648
22121,13
4078,25
13765,15
4077,22
13760,1
4072,210
3964,23
3962,6
5791,31
3969,37
3639,11
3637,173
11407,34
114648,740
11403,57
61122,30
65735,25
106368,167
25475,3
13379,2
13378,314
4467,66
13375,108
4462,16
4460,15
13370,397
113036,207
24870,86
24877,334
24878,368
24879,175
64267,750
64262,750
16844,748
16845,708
16843,735
6326,7
12173,22
12171,20
12178,4
9667,3
29206,83
10115,62
10441,63
10443,13
21776,218
21777,71
63120,617
63123,37
63122,78
63127,41
63126,186
62836,7
62832,5
62833,215
8972,27
62838,305
8975,7
26008,6
7139,22
7138,47
64398,68
7133,66
7132,117
7137,186
1659,27
1650,101
1651,46
1655,34
24203,17
24205,15
24204,49
3391,126
3393,116
5404,12
3394,27
28009,122
28008,10
3399,8
1380,51
28556,36
28003,167
1439,75
30205,38
30206,37
1382,29
29706,115
30209,1
114346,15
13976,106
29702,95
18110,590
5549,27
23466,25
5543,409
5545,24
111864,91
30067,158
30068,7
8595,5
111869,13
111868,3
11238,14
11234,6
11236,45
61717,342
61711,291
61712,44
61719,22
25916,24
25915,60
22338,520
25918,11
25318,172
25647,36
25312,151
25313,11
25314,62
25640,55
25641,11
13572,109
23420,22
115831,400
9890,123
9898,26
9899,68
3071,666
12762,8
6130,435
6136,51
64891,92
64726,4
64727,34
64896,9
64898,61
64899,123
10946,29
16477,33
63716,26
1593,40
9472,32
9473,88
16478,167
65413,174
61971,2
65417,94
65416,173
61976,279
21163,35
65419,2
24997,9
24996,319
64099,396
2246,16
64096,6
24191,310
24190,93
24195,85
24197,65
24198,31
63826,12
63827,27
63821,183
63822,278
3407,85
3409,176
4878,11
13498,6
10615,190
10614,499
2060,51
2061,15
2797,3
61046,42
14111,17
14114,186
108970,339
62990,230
62447,427
62446,1
62441,61
13142,167
13149,42
9783,739
9786,1
112401,2
62669,271
62192,318
62662,72
62667,70
62666,50
12377,7
65180,1
12964,10
29015,44
29542,797
7092,59
29547,805
12722,12
66698,245
8105,4
1359,186
8109,43
1356,8
9406,183
64853,107
66630,84
66631,176
66636,152
66634,235
8363,108
8365,54
111321,422
61364,735
9063,10
61531,170
110588,60
28766,235
3185,124
28940,13
28765,148
28947,15
28944,47
24432,6
24430,14
24436,26
28769,115
61509,174
61508,275
61500,278
61502,117
61507,96
13709,84
13700,10
4016,68
11399,87
19433,135
19431,16
19438,74
19439,19
3980,65
110326,108
110320,290
1111,46
23852,1
23858,4
65624,4
65621,52
65622,298
16284,11
65629,553
28078,138
64102,1
25108,128
24858,134
24850,4
24852,212
24853,185
24856,317
24857,50
65128,127
64284,9
64281,158
64280,59
64283,216
64282,44
7875,5
7873,41
7878,22
16860,330
16861,673
6308,22
8050,365
6304,146
6307,139
6301,22
63455,767
63106,22
63456,4
9649,5
63450,103
9319,17
63100,243
10422,115
10420,182
29223,32
10426,127
63458,62
63109,16
112366,26
21757,31
8958,15
62852,675
62850,20
62854,1
62855,26
62859,133
26905,23
26900,6
113419,20
112090,793
3216,46
112092,18
1634,40
1635,132
1981,82
3218,1
1988,8
2817,23
2811,39
2812,57
29954,44
29487,21
29952,8
29953,24
29950,340
29483,508
18284,761
14256,108
14250,79
14253,646
14252,17
24225,36
24224,220
24223,107
24222,4
24220,341
62274,10
28573,540
3375,64
3373,110
1183,20
28574,85
30263,23
30260,1
30261,73
6461,43
30268,388
31683,40
31687,337
31686,13
31689,234
31136,642
4242,159
6465,23
5520,13
5523,47
5526,534
31037,95
30088,22
30086,54
111662,115
30084,500
31352,1
31354,12
23195,73
23196,6
23197,101
23622,326
6547,138
16837,803
30884,148
6543,28
61777,715
61774,6
61775,39
27756,182
27755,7
30888,759
6548,57
25937,318
115812,197
14926,15
7515,38
14292,123
7510,18
16671,193
16675,391
30448,8
16679,519
6152,56
12702,1
61192,8
6158,2
6159,1
13028,12
64708,24
25665,505
25662,127
60825,19
60823,719
60822,135
63739,76
21107,612
30843,9
63731,50
4834,20
22717,642
61999,296
61996,166
65472,58
65474,27
65477,9
30847,12
30844,155
2269,23
2267,16
63848,92
30849,84
8202,2
63847,13
109364,813
2044,41
4819,19
5826,30
2049,64
9411,29
9413,15
10639,146
11618,5
11948,17
14130,163
14131,777
14133,48
11942,41
11940,8
11941,26
27991,57
27996,724
27997,20
17724,715
62465,84
65022,671
63594,50
63596,25
63593,1
62646,162
62642,734
62640,37
62649,38
62648,518
20417,8
10092,1
10097,80
10096,70
64321,52
12947,6
12945,38
7070,19
29561,797
27973,145
14395,122
14398,132
14399,26
8163,42
8162,53
15443,62
15442,181
12497,8
30742,294
116827,139
11074,11
66610,89
66616,58
66617,5
61349,38
8388,134
8387,154
8386,25
61340,34
61694,246
25340,62
24414,740
24415,6
4383,91
24419,54
4381,96
1372,25
28749,55
28216,204
28217,89
28214,33
28740,96
28966,766
28967,455
4036,19
26360,402
11376,8
11371,67
11372,56
19415,730
23872,1
23871,654
23877,126
30862,5
61527,43
65640,51
61523,17
65861,6
65869,12
116680,739
64117,1
64112,16
25431,54
25430,6
25433,318
25434,39
25124,96
61296,17
65795,7
65973,31
7852,275
7853,102
7850,12
63694,4
63693,64
63690,98
63698,2
61836,313
61831,253
61832,722
16802,134
61839,80
16807,805
12138,71
12139,29
28325,561
6362,53
12136,235
10150,36
10156,96
10405,72
10407,31
10159,19
9338,3
63470,290
63475,106
63474,7
63478,272
14898,10
14897,107
14895,122
21731,441
14891,20
4985,50
62879,8
62870,100
28314,397
62874,298
3226,67
113439,57
66689,41
3230,25
3231,654
1968,24
1969,17
1618,9
1619,770
3238,526
1613,46
1611,1
2872,5
2870,103
3354,125
14271,48
28512,75
2547,479
3358,51
20064,196
5442,32
30248,9
30539,106
30536,5
30534,33
64997,7
30530,42
30247,20
114303,115
18152,312
5505,49
5503,155
29979,342
23605,227
66151,811
23600,79
66155,802
66404,122
66403,163
27776,16
27771,160
27773,111
61758,40
61759,7
6565,56
61752,565
61753,232
61755,276
61757,593
29606,169
29607,104
7685,11
28501,132
7683,5
7682,108
29600,91
29601,133
25950,74
25956,189
29608,33
29609,33
10332,68
3824,210
3821,38
3820,7
8440,134
65988,150
109079,22
14219,810
115873,529
115876,654
31423,248
7537,90
7536,4
19355,651
16650,24
6178,94
12726,309
12725,67
65184,236
6171,5
64857,318
64850,105
64851,33
64194,675
10984,101
10981,32
64859,2
10983,45
24607,183
60802,60
60801,276
60800,58
24608,63
65456,663
24958,19
65322,7
24955,676
24954,64
65459,1
116609,44
64583,123
2204,198
64584,810
63741,4
64589,234
11584,88
11580,28
61923,15
4839,8
4830,43
4523,175
13453,284
4520,47
7993,112
7991,9
7995,9
13332,52
11636,38
62401,141
62400,242
62406,52
5295,56
13184,250
64327,382
13187,111
64322,150
64323,525
64320,79
13183,168
20653,163
64329,131
30764,846
8637,10
63863,24
63866,353
63869,285
9293,28
7331,5
9298,129
9299,12
18439,757
30187,107
30185,55
12924,42
30181,83
12926,63
30188,843
10215,43
10211,18
10213,10
63313,397
61401,249
63318,735
61403,33
112111,48
8148,108
30760,131
6998,117
30989,20
8638,33
6994,12
6995,38
61407,22
8633,30
66366,128
61409,37
24384,12
2999,24
24382,11
66367,36
66360,14
24386,98
2991,109
66368,306
31586,264
31587,92
24389,10
65706,69
111490,1
111492,287
9999,230
61880,31
64915,38
66091,794
66096,841
28231,11
29900,86
65252,186
11038,167
125034,855
28728,6
1397,4
1393,82
65709,322
11351,1
61321,388
61320,33
61322,5
61325,149
61326,16
5476,3
23819,15
23811,37
23810,10
23812,278
65669,151
65844,70
65841,36
65667,1
25140,719
30969,745
64136,135
64135,22
14001,43
6694,14
2439,207
2437,172
2436,142
2435,9
4719,20
16821,769
63679,51
63678,185
16827,759
16828,682
16829,772
63676,250
7835,11
7837,78
12110,98
12111,33
61811,31
6347,9
6346,87
6349,2
17199,100
17198,22
17197,337
17195,581
17193,747
9351,336
9602,4
9355,50
9359,18
9358,11
10174,35
63419,64
63418,249
21244,59
11035,1
14512,28
63413,772
63415,419
63414,12
63417,81
63416,6
3782,58
3781,17
3786,102
3785,22
8990,10
4993,53
4990,84
113459,3
116004,206
1949,433
3713,62
1943,3
1940,6
3255,81
3257,103
13241,36
2856,97
3333,81
5465,48
5464,53
28539,11
28538,82
28534,736
28533,78
28532,11
1542,6
62239,88
20047,6
20046,123
62230,58
62231,223
62236,365
62237,338
62234,701
29710,66
29241,417
29910,17
29916,30
29918,105
1234,110
1235,11
66428,99
28397,109
28395,4
66423,78
28398,30
1239,23
66425,4
66424,787
5479,6
8288,21
25972,156
25976,52
25978,218
6502,36
6500,45
31170,40
31172,7
13567,96
29624,745
29625,22
29626,43
4903,24
23486,9
2482,17
3807,85
23485,425
8463,15
8460,3
8465,3
8468,186
111779,757
110179,478
31394,128
7557,24
7556,10
22282,677
22536,66
22532,54
3063,54
64830,22
3062,12
60868,136
64839,103
25628,127
24621,122
24620,24
25623,40
25627,197
65303,94
24979,41
24978,6
24971,111
24976,813
24975,208
119553,7
116586,803
22751,554
116588,175
31821,20
2226,310
5149,52
2222,307
2220,108
10724,2
8113,148
64483,3
4503,52
13473,23
13479,50
2088,90
25088,3
2080,21
25080,42
25081,143
25082,30
2085,6
62162,42
11656,68
17761,509
17762,663
27957,14
17764,347
62932,291
64308,284
64309,227
64304,34
64306,192
64307,57
64301,689
64302,17
64303,140
63928,218
63003,160
63888,10
63886,12
16642,59
63881,131
20907,247
62689,243
62688,12
20903,207
20900,9
20901,110
62683,245
62686,2
20909,195
63086,3
63087,6
63084,384
63085,14
63082,305
63083,309
63080,144
63081,302
7315,61
7316,37
63088,843
11902,12
12304,10
12307,11
11032,157
11907,147
11904,12
11908,29
12309,21
30169,2
30168,8
30165,590
12904,52
30161,4
30163,58
10232,75
9016,25
7034,34
10236,32
10235,139
10238,57
21505,287
21504,36
21507,62
24021,46
63339,96
21503,171
63334,2
65196,14
24029,24
21508,224
26006,155
64381,98
30709,7
64821,141
6431,6
30701,8
30703,155
15487,75
7781,9
66300,21
66301,10
10998,24
66305,7
10999,100
24360,41
24361,54
1004,54
4340,359
28252,76
28253,236
28250,32
28704,52
28706,85
28707,53
14535,46
28258,57
11017,44
11010,69
11012,28
8611,49
19103,2
5711,22
65665,99
25631,449
61655,258
61656,136
61302,508
61653,92
61300,46
28877,5
11483,27
11482,333
11480,27
65829,170
12472,13
64130,8
25169,12
25168,149
25167,109
25166,138
25164,20
32280,124
16597,200
12681,98
12684,55
12688,192
12689,40
10827,26
63659,46
63658,8
19818,5
63653,18
28919,57
63651,20
63650,300
63657,41
63656,33
4496,147
61871,100
61873,9
61872,203
61877,74
64150,281
64153,94
64156,27
28917,8
20988,6
63430,78
9371,99
9372,59
28910,114
116395,50
2214,25
1820,7
1823,8
2146,84
4972,33
4973,53
1920,8
3277,122
3275,22
3273,79
1926,9
14057,18
3278,6
116029,152
13228,6
13223,8
13932,13
13227,10
112877,67
112876,155
112874,264
14233,48
112878,15
62745,13
62742,6
62215,292
62740,728
62217,10
3311,19
3310,242
5485,13
62748,82
20029,9
20028,595
30576,170
30577,99
30574,95
20021,82
30578,60
5581,162
15363,807
15360,79
6475,24
6169,98
31517,3
29939,36
29930,6
29395,11
29396,364
29397,85
29934,33
29423,662
29392,18
31512,6
1213,27
1210,41
23137,31
23135,9
23133,17
6522,390
6527,5
30391,3
8264,157
8265,117
8266,19
30398,294
30399,33
14108,44
25995,194
25993,310
25991,45
29649,46
31629,4
31159,36
31625,48
29643,340
31627,677
31620,62
31150,35
3863,5
3862,3
63674,7
8402,8
29304,3
7572,279
7575,57
7574,29
7576,93
9815,113
9810,64
9812,2
66441,121
61084,168
66114,81
66445,42
66447,319
66446,6
61464,35
61462,44
65148,63
65145,35
65144,55
14285,155
65143,7
61469,13
4156,8
61815,818
60848,79
60847,10
60846,138
60845,819
64813,149
64816,50
60840,31
24648,323
28119,35
28118,55
24646,44
65368,230
22772,3
65492,724
65491,393
65365,86
31788,18
65494,8
31849,9
31843,216
31847,49
31846,90
5902,333
30877,56
5901,68
19311,172
8213,1
19318,716
17560,304
30306,3
3480,13
109825,815
13412,178
4560,261
13417,26
13418,154
4568,52
11670,3
11672,213
11678,2
24912,28
24914,191
24919,46
27932,506
27933,101
62919,392
62918,6
27936,67
27937,121
62913,369
27938,171
62915,60
62914,48
64369,1
25202,53
25203,96
25201,443
64363,46
64360,145
64367,30
64364,2
64365,56
16784,640
65221,15
16781,713
12094,2
6066,11
12096,1
12091,25
12090,38
6062,3
2606,39
2602,13
10787,30
10035,682
10789,6
10030,5
10033,131
61069,375
7370,88
11929,31
12321,38
12329,128
11923,159
11925,44
60882,5
30490,298
30495,154
60881,165
30497,114
30496,10
29099,103
63410,49
7017,112
29095,341
10252,56
29092,2
18693,731
64768,56
24005,162
18699,95
64769,70
29895,17
64765,586
29891,475
29899,720
29898,163
24344,320
24345,52
2955,74
2950,51
2951,4
2953,11
1021,10
5342,3
4367,17
4369,43
28278,682
62004,761
3105,45
3107,13
28276,72
3103,44
111102,126
30726,37
8675,27
30720,3
31456,129
31454,30
4090,26
13786,110
31453,66
4094,5
13789,3
31458,667
31459,85
5735,559
66588,65
11319,28
11318,11
66586,152
11313,34
11312,50
66582,470
11310,6
19124,743
61679,688
61671,195
61670,45
61676,574
61674,11
60984,864
28858,370
28851,35
28853,40
61581,14
8095,28
65803,135
12521,15
61584,45
15203,242
61586,393
61589,373
8099,88
22181,34
28305,130
8046,11
11142,34
16573,672
1567,17
12669,30
24509,40
6653,143
12661,17
10801,145
63630,42
63632,14
63635,23
63637,40
63639,649
65776,12
65777,714
19878,727
6386,29
65772,2
65773,28
65771,8
21066,21
19873,753
21062,6
61859,4
21061,388
24803,240
64178,7
64177,396
64176,23
64175,11
64174,7
64173,158
64172,2
64171,18
63188,37
63182,49
63181,1
63180,50
21204,230
1849,32
1848,134
2169,13
2163,164
14036,2
62581,294
17047,744
11289,5
5134,13
1902,232
3291,18
13204,1
13201,59
13200,42
13208,21
11914,99
14960,128
20005,46
20556,17
62761,177
30558,2
30559,31
30550,738
15265,47
30557,34
12544,16
113498,48
2574,13
113490,23
113491,44
112721,732
112720,18
29406,49
28914,800
29402,34
1278,1
1279,95
116831,690
1274,85
8248,49
8792,96
8794,306
30803,810
8245,663
29661,324
29662,463
29663,101
29668,17
29669,9
26898,324
31600,34
31607,366
3336,16
8423,6
111731,231
111732,62
10658,2
9831,123
9837,34
9835,57
23111,681
23113,134
28530,39
23118,490
65169,47
10304,8
61448,346
61444,754
61445,124
61114,201
61112,137
61113,179
61442,815
61443,42
24662,48
4132,25
64184,45
24669,9
24668,52
3840,45
5690,5
28130,297
5697,3
28135,672
3848,127
28139,33
28138,3
22794,35
22797,5
22791,744
29086,346
63757,11
17120,642
63755,28
118653,366
5968,22
5961,8
5962,184
5965,26
17549,37
17239,478
17237,682
17232,50
17233,663
13439,12
64699,779
13431,153
64690,4
64691,1
64696,186
4546,11
11694,95
11693,219
65345,18
65343,8
65342,29
11117,83
24934,26
24931,186
64436,27
2595,187
2596,41
64344,19
64433,10
64346,19
2593,21
27912,73
27913,21
27914,95
64439,51
25224,11
25225,245
25227,30
25223,307
6044,22
2620,499
2625,108
8606,3
2628,13
9582,296
7350,25
10013,17
9589,110
9230,6
61180,288
62975,36
10277,177
10271,80
10270,52
9058,8
7336,83
63374,275
63377,76
9051,72
9052,16
24069,20
24068,14
21543,121
21542,20
24066,18
29879,407
29878,7
29875,118
29874,239
29870,24
29873,165
24326,32
61166,360
2975,30
62395,83
62396,157
62391,94
62390,389
1045,35
61163,85
62399,348
30121,1
30127,761
30128,68
31291,722
14163,18
31297,828
11051,52
11056,44
11058,98
24491,25
24492,71
24493,16
24495,77
24497,3
3129,4
3121,3
3126,15
8658,98
8655,201
8657,6
31479,8
31474,1
31477,66
9317,20
5750,31
5757,155
23561,56
15426,32
61610,111
15197,661
15199,711
25813,42
66708,290
64549,23
1230,38
28830,3
28836,42
28837,732
28834,12
12503,7
7435,6
7437,85
7430,2
16550,696
66426,57
12648,215
6678,5
117003,112
110387,60
10868,710
110382,87
10860,103
10867,39
9311,355
16887,561
16885,836
63617,321
63967,1
63966,27
19508,491
63962,451
65755,76
4708,736
65753,52
6509,59
21959,209
1860,52
28714,181
1864,74
1866,58
13597,227
4932,11
4685,669
4682,4
4936,4
13590,154
13599,356
28786,113
25979,31
2101,8
2100,9
5116,6
5111,22
14017,22
14016,71
14011,35
17061,626
17066,335
17065,519
62564,9
62562,18
5218,15
10482,277
10484,28
14908,59
64833,327
62488,106
62709,93
62702,32
62700,7
62707,3
62705,312
29621,103
1789,16
1781,24
1783,26
1786,40
6876,9
6873,9
15761,6
29463,778
29461,2
29466,824
29468,836
18221,523
23487,137
29341,1
3806,67
30822,151
8229,19
62984,29
14808,3
31661,39
31660,242
31663,770
31662,814
31666,344
31669,796
7602,18
13552,8
13551,220
13550,9
9850,94
9857,117
9859,185
4645,4
28483,6
1257,83
1254,7
28338,52
1523,9
28337,21
63520,14
30589,88
28333,49
1259,302
61428,6
30236,300
30231,35
61421,12
22221,141
61427,62
61425,3
4115,16
7897,32
24689,6
24685,10
62627,27
28159,165
17932,1
28152,652
28155,624
28157,6
28156,5
62520,816
110045,51
31887,76
31881,24
14370,24
5944,138
23793,273
23790,3
23791,1
11506,148
11502,35
23799,200
65100,4
65105,120
61131,34
65107,2
65106,670
65108,21
106228,1
25799,36
25028,115
25025,173
25020,146
25021,26
64418,42
64415,25
64410,14
64412,298
25240,159
25241,81
1682,91
6020,289
6025,52
10071,191
2646,261
9216,3
9217,18
12365,106
12364,7
62957,40
62955,64
62954,295
62951,2
21159,794
9071,34
10297,16
10296,100
10292,53
63398,17
24040,309
63394,49
21569,325
3556,12
3555,478
30906,75
20969,238
63770,149
2916,22
2917,30
29852,15
4176,33
29854,109
24302,308
24304,197
24307,72
5301,71
4173,8
5306,12
13016,6
13013,164
13010,23
13011,298
30107,19
30451,5
30102,165
30100,54
4329,50
4328,32
31276,794
4322,12
3144,24
14597,103
14592,348
14593,55
14590,17
62049,37
17863,678
17861,751
62046,103
31418,13
18241,329
5772,14
5774,34
23544,502
61635,89
25878,7
29143,56
25870,25
1632,228
25874,205
25877,259
28811,92
66728,157
23897,420
28817,103
66725,1
66726,321
66723,183
109158,800
25405,12
12569,25
12568,19
15240,26
15242,5
15247,33
7416,43
61093,134
12620,27
12621,149
6617,14
61095,40
12625,59
61099,28
6618,51
10840,6
10841,2
10848,264
13891,24
60949,728
60942,9
60943,745
63056,36
63943,139
63942,206
63941,326
63945,307
22057,7
61899,11
65739,205
65732,43
12192,26
65731,14
65737,454
22059,32
2345,25
2346,6
2340,1
2342,61
66013,13
25495,156
3708,6
3700,27
1884,154
3707,117
13579,463
2124,14
4918,50
12436,18
29365,66
4666,5
13570,3
4911,66
15354,151
15343,72
62544,2
105670,760
5174,100
5179,8
15350,319
62549,48
64064,831
64066,107
64061,30
64060,2
64063,142
29367,20
9689,272
63490,112
63493,35
63495,26
63498,69
62723,78
62724,1
62728,273
20519,17
7254,185
7257,26
7250,79
7251,93
7252,828
7253,535
29311,26
10550,315
14633,178
7007,3
29448,668
29449,7
29338,12
63232,800
29443,178
29332,41
29446,742
8804,112
14290,3
8807,158
14923,196
8802,22
14296,17
8808,94
30666,6
15521,124
30662,19
8759,55
30660,5
30661,15
8755,155
6588,4
8750,85
109366,809
30669,110
7620,56
31643,120
9872,22
24511,13
24510,7
63663,215
1500,9
3087,57
7824,57
28317,58
28316,133
28315,715
3082,680
22207,4
22205,65
13800,152
28176,12
3886,57
116503,87
2086,98
116505,68
116504,5
13189,103
61153,23
61402,144
61151,3
61404,15
61405,46
61406,517
61155,38
61408,179
65126,73
61159,69
30646,775
25004,12
25000,55
64657,30
64650,102
30866,17
64128,5
65389,141
24795,5
65387,35
25268,9
19954,82
19950,96
19953,18
64753,16
6003,268
65009,29
6008,177
17272,745
9273,50
10056,31
10726,63
13408,8
61724,188
63004,176
61055,693
63000,7
2573,73
12389,10
12381,298
12380,16
12382,20
26004,125
64387,56
26000,16
64382,126
64383,192
61050,38
26009,2
64389,11
29791,363
3574,5
3570,117
4497,9
13387,394
4494,20
2662,35
2663,8
13380,98
13381,89
13326,5
20982,340
20983,324
4498,10
2938,107
2939,30
5327,28
11898,40
14606,44
11896,735
14603,276
112970,105
112971,29
20185,4
30479,80
30477,14
30476,2
13032,11
11094,23
11096,36
31789,798
11091,110
18051,631
31786,135
11099,20
31784,78
18058,636
62065,24
62064,79
28781,4
3164,79
28783,825
28785,26
62069,225
28787,28
30781,62
30783,5
30782,105
30789,179
20237,12
29830,50
29784,14
29837,355
29836,1
2402,3
23526,94
66526,47
23528,26
66290,5
66292,25
66293,11
25852,15
25859,411
63883,23
31254,736
29161,455
29167,179
29165,16
29164,86
29169,202
20904,100
15267,46
12545,10
12816,4
8562,8
15261,745
12540,143
12548,35
105805,11
31430,14
7475,61
19094,703
6639,26
6638,32
22695,18
31597,43
6631,56
12603,487
12604,339
12606,14
28374,51
60964,25
26582,9
60961,807
60962,61
11174,207
60968,70
60969,438
24725,63
24720,28
24728,322
65710,103
65711,11
65244,205
11178,54
65242,499
65243,127
65716,122
61212,29
65718,28
21828,107
2322,4
13634,7
13630,25
2328,74
20779,307
13639,61
3760,173
3761,75
11509,48
63652,142
7319,153
17641,618
17640,706
61482,147
2498,272
13553,1
2490,116
4640,728
4641,2
13557,460
2497,13
13554,63
63920,5
63925,29
19891,105
63927,20
63926,14
11771,32
11770,158
29173,171
7892,103
61483,124
17027,674
17025,724
62521,107
62526,274
62527,761
62525,213
5151,38
5152,34
64041,160
64045,11
64049,123
64048,103
8197,9
11903,9
62290,11
62294,130
62295,37
62296,1
8195,23
7277,175
7275,15
7278,39
7279,16
8551,109
6831,101
6830,23
6836,17
6839,1
29315,723
29316,49
29317,20
10553,479
29312,332
10551,16
29318,23
8559,13
16454,70
65893,268
8823,67
8826,24
18914,672
30649,36
30644,20
30861,51
15092,80
30312,15
30865,111
30310,11
7640,347
7646,20
7648,20
62755,764
30113,4
10237,30
1743,65
62753,378
9132,6
111202,8
111205,60
7295,8
11172,16
24539,34
24538,3
14417,140
7920,23
14414,8
24533,350
28524,8
24531,103
14418,57
24537,5
5492,42
109831,325
1562,281
1297,1
8093,7
29689,22
13828,4
13822,62
13824,13
5639,4
28195,93
28194,21
28190,203
8484,3
8486,15
8487,130
8488,104
