1004,1031
1013,1523
1034,624
1038,1018
1043,486
1045,1031
1050,1031
1055,1523
1056,1523
1072,1523
1073,1523
1075,697
1076,1018
1078,624
1082,1018
1094,1031
1095,277
1097,253
1099,697
1104,624
1108,1018
1109,1523
1111,1523
1115,624
1117,697
1121,697
1148,703
1151,624
1154,1031
1161,1523
1164,277
1173,1523
1177,253
1183,253
1194,703
1203,1031
1209,1031
1210,1031
1213,1031
1226,697
1228,697
1230,1031
1234,697
1235,1018
1239,1018
1240,1018
1244,624
1250,486
1254,697
1257,486
1260,1018
1266,1031
1274,253
1278,1031
1279,697
1281,1523
1283,1523
1297,1031
1300,1031
1318,277
1324,2
1327,1523
1331,1523
1334,1523
1351,1523
1356,1031
1359,624
1363,1018
1372,1031
1380,697
1382,1031
1392,1523
1393,253
1397,1031
1408,1031
1410,1018
1411,1523
1418,1031
1439,697
1440,697
1444,83
1446,697
1447,253
1449,253
1456,1018
1465,253
1468,1018
1474,253
1478,624
1485,277
1487,253
1494,1031
1495,1523
1496,1031
1500,1523
1523,1523
1533,1031
1537,697
1539,486
1542,1031
1545,486
1546,1018
1559,327
1562,1523
1567,1031
1573,1018
1577,1523
1581,277
1585,1031
1587,486
1590,486
1593,1031
1594,1018
1598,1031
1602,624
1606,1523
1608,1523
1611,3
1613,1031
1618,486
1619,703
1627,1523
1632,1523
1633,1523
1634,1018
1635,1523
1641,1031
1642,1031
1650,1523
1651,1523
1655,1018
1659,1018
1661,697
1663,1018
1677,1018
1678,697
1682,697
1686,1031
1690,1523
1703,1523
1704,1523
1706,1031
1712,697
1721,697
1722,1018
1728,1018
1743,1031
1746,697
1754,486
1755,1031
1762,1031
1766,1031
1772,1031
1773,1523
1780,1523
1781,1031
1783,1018
1786,1031
1789,697
1794,697
1820,1523
1823,1031
1824,486
1831,253
1832,1031
1835,1031
1837,697
1848,697
1849,1031
1856,697
1860,697
1864,1018
1866,1523
1875,1523
1877,1523
1878,1523
1884,327
1891,1523
1902,624
1906,486
1910,253
1913,1031
1919,1523
1920,1018
1923,1523
1926,1031
1939,1523
1940,1523
1943,1031
1949,703
1951,624
1953,1523
1956,486
1968,1031
1969,1031
1971,1031
1974,697
1976,697
1979,1031
1981,1031
1982,253
1988,1031
1989,624
1992,1031
1995,697
1998,703
2002,703
2005,703
2006,1523
2007,703
2008,1031
2011,697
2014,703
2019,703
2022,703
2024,703
2025,486
2029,703
2032,703
2033,1031
2034,1523
2044,624
2049,1031
2051,703
2052,697
2054,697
2058,1523
2060,1523
2061,1018
2070,1523
2080,1018
2085,624
2086,1031
2088,697
2100,697
2101,1031
2111,1031
2113,1018
2124,1523
2128,697
2130,1018
2136,277
2138,1018
2146,277
2150,277
2154,1031
2159,253
2163,1018
2169,1018
2175,697
2176,253
2183,697
2184,1018
2188,1031
2189,1031
2190,1031
2193,327
2201,1018
2204,697
2213,327
2214,1018
2215,1031
2220,1031
2222,624
2226,624
2230,624
2237,624
2239,1031
2246,624
2249,624
2251,624
2259,697
2265,1031
2267,624
2269,703
2270,697
2271,1031
2282,1018
2285,1031
2290,1031
2294,1523
2295,697
2302,1523
2304,697
2308,1523
2312,327
2322,327
2328,697
2337,1031
2342,1018
2345,1523
2346,1523
2351,486
2356,1523
2390,1018
2393,1031
2402,486
2403,624
2424,697
2435,1018
2436,1018
2437,697
2439,703
2444,1031
2447,697
2461,486
2464,1031
2467,486
2482,1031
2484,1018
2489,1018
2490,697
2497,1523
2498,1523
2504,1523
2507,697
2508,1018
2518,1018
2519,1031
2521,697
2536,1523
2537,1523
2538,327
2547,253
2553,1031
2554,1018
2555,1018
2556,1018
2558,253
2562,1018
2573,624
2574,1031
2577,2
2581,1523
2589,327
2593,1031
2595,1018
2596,1523
2598,1031
2602,1523
2606,1018
2615,277
2616,624
2620,703
2622,486
2625,1523
2628,697
2633,1031
2634,486
2636,486
2644,1523
2646,624
2662,697
2663,1031
2677,697
62285,1523
2751,1018
2771,1031
2783,697
2784,277
2785,277
2787,1031
2797,624
2800,1018
2802,1031
2803,697
2807,1018
2811,1031
2812,1031
2817,1031
2818,1018
2820,1031
2845,486
2846,624
2847,697
2849,703
2854,703
2856,697
2858,697
2860,697
2870,697
2872,1018
2884,277
2886,486
2888,1031
2889,3
2891,1523
2897,1018
2903,624
2908,1523
2909,1018
2916,1031
2917,1031
2918,1031
2928,624
2929,697
2938,1018
2939,277
2940,327
2942,624
2950,624
2951,1523
2953,1523
2955,1018
2960,1018
2963,697
2965,1031
2982,1031
2986,697
2991,697
2999,486
3002,697
3007,1018
3011,624
3013,1018
3015,277
3016,697
3022,1031
3024,253
3026,624
3028,83
3031,1523
3033,697
3036,277
3041,1031
3048,1523
3053,624
3054,1018
3055,1523
3062,1018
3063,83
3066,703
3071,703
3078,277
3082,703
3087,1018
3093,1031
3103,1031
3105,277
3107,486
3108,697
3111,486
3114,277
3116,1031
3121,1018
3122,1018
3126,1031
3129,1031
3130,697
3138,1018
30656,327
3144,1018
3153,697
3156,1523
3157,624
3158,1523
3171,624
3172,624
3178,1031
3184,486
3185,697
3200,1031
3203,1031
3206,697
3216,1031
3218,1523
3221,253
3226,277
3229,1523
3230,1523
3231,703
3238,703
3240,697
3243,253
3246,1031
3248,1031
3255,697
3257,697
3265,277
3273,1523
3275,1031
3276,327
3277,1523
3278,1018
3282,1523
3288,327
3289,1523
3291,1523
3297,1523
3310,1523
3311,1031
3315,486
3325,1523
3333,1523
3336,486
3342,1523
3343,277
3349,277
3354,1523
3358,1523
3362,1018
3365,1523
3366,1523
3369,1018
3370,1523
3373,703
3375,1018
3384,277
3391,697
3394,697
3399,1523
3407,486
3408,486
3409,486
3410,486
3413,697
3416,1031
3419,697
3422,1031
3424,1018
3426,1031
3429,486
3444,697
3461,327
3465,486
3480,1523
3497,327
3500,486
3502,1031
3504,327
3505,1018
3515,624
3518,1523
3524,1031
3527,703
3532,1031
3547,1018
3555,703
3556,1523
3562,486
3570,1018
3574,1018
3580,1031
3581,253
3584,1523
3594,697
3600,697
3607,1031
3609,1523
3612,1018
3615,1018
3617,1018
3618,697
3619,1031
3622,1018
3625,697
3637,697
3639,1523
3640,1018
3642,486
3643,703
3647,1018
3650,1031
3662,1031
3668,1018
3673,624
3684,1523
3686,1523
3691,624
3693,486
3700,1018
3705,1523
3707,1523
3708,697
3713,1018
3734,1031
3735,1031
3736,1031
3747,1018
3756,1523
3760,1523
3761,1523
3772,1523
3773,1523
3776,1523
3779,1523
3781,1523
3782,1523
3785,1523
3786,624
3793,1523
3796,1523
3798,1523
3799,703
3805,1031
3806,486
3807,624
3814,697
3821,1018
3824,1018
3827,1031
3833,1031
3835,1031
3839,624
3840,1018
3844,1018
3848,697
3851,1031
3855,697
3862,1031
3863,703
3872,624
3878,703
3892,1523
3895,1031
3896,697
3897,1018
3905,327
3911,1031
3916,624
3917,624
3918,1523
3933,1523
3935,624
3937,1031
3938,1523
3946,486
3949,697
3955,1523
3962,1018
3964,1018
3969,1523
3971,1031
3980,277
4001,1018
4005,1018
4016,1018
4024,697
4029,697
4036,1031
4040,1523
4050,1018
4051,1523
4052,697
4054,1018
4058,1031
4060,1031
4062,277
4065,703
4066,1031
4069,1031
4072,1018
4073,1031
4077,1523
4078,1018
4083,1018
4087,1031
4091,1031
4093,697
4103,697
4105,1031
4108,1031
4115,1523
4121,1031
4124,624
4126,2
4127,1523
4128,1523
4132,1523
4145,1523
4148,1523
4156,1031
4160,697
4162,624
4173,1018
4176,697
4182,486
4186,1031
4189,697
4191,697
4193,486
4194,1018
4199,1031
4201,486
4204,1031
4205,697
4207,1018
4213,624
4218,1018
4220,697
4222,1523
4223,1523
4225,1018
4230,486
4238,1018
4241,697
4242,697
4251,486
4265,624
4273,1523
4274,1523
4275,1523
4279,1523
4283,1523
4292,1523
4293,1031
4296,1523
4321,1031
4322,486
4328,1031
4329,624
4331,697
4335,1018
4340,1523
4344,1523
4351,697
4352,1523
28034,253
4367,697
4369,697
4371,1031
4372,1031
4374,1031
4381,697
4383,697
4393,697
4409,624
4412,1031
4413,1031
4415,1523
4418,624
4423,703
4424,703
4430,697
4434,697
4443,697
4448,1018
4450,1523
4456,1523
4457,697
4460,1523
4462,1031
4467,1523
4469,1018
4476,1523
4477,1523
4479,1031
60822,1523
4494,1031
4496,697
4497,1031
4498,1031
4503,697
4506,83
4510,697
4515,486
4517,697
4520,1018
4523,1018
4530,1523
60832,1523
4546,486
4553,1018
4560,1018
4568,1031
4572,277
4573,1018
4579,1018
4585,1031
4592,1018
4595,1031
4598,1031
4600,1031
4605,486
4607,486
4608,1031
4611,1018
4622,1031
4623,1523
28078,1523
4635,1018
4639,1523
4640,703
4641,1031
4645,1523
4666,1523
4674,703
4675,624
4678,703
4679,703
4680,703
4682,2
4685,703
4690,703
4694,703
4699,703
4708,703
4719,697
4723,2
4731,1523
4736,703
4737,703
4739,703
4740,486
4742,703
4743,703
4758,1031
4759,1018
4764,703
4768,1031
4769,1018
4771,1018
4790,1031
4800,697
4801,697
4802,1031
4806,1523
4807,1523
4809,1018
4817,1523
4819,1031
4826,624
4828,1018
4830,1018
4834,486
4837,486
4839,1031
4842,486
4843,624
4844,697
4847,1018
4850,1031
4860,1031
4864,1031
28118,1018
60887,1018
4878,697
4881,1031
4885,486
4892,1018
4894,697
4895,697
4900,1523
4903,1031
4911,1018
4918,1031
4924,1018
4926,1031
4932,277
4936,1018
4941,697
4954,697
4961,277
4962,1523
4972,1031
4973,253
4975,1018
4985,624
4987,1523
28138,1018
4990,1018
4993,1018
28139,1523
5014,1031
5016,253
5018,1031
5020,624
5027,1523
5032,486
60914,486
5038,1018
5043,1523
5046,1523
5050,1018
5060,1018
5061,1018
5065,1523
5066,1031
5070,1523
5071,1018
28152,703
5074,1031
5079,697
5080,253
5087,1031
5109,1018
5111,1018
5116,1031
5121,1018
5122,1523
5125,1018
5129,697
5133,1031
5134,1031
5142,1523
5144,327
5149,697
5151,1018
5152,1018
5161,1018
5165,1523
5166,1523
5169,1018
5174,624
5179,1031
5181,1031
5187,697
60942,1523
5210,1018
5211,83
5215,697
5216,703
5218,697
28178,486
5234,1031
5237,1031
5247,1031
5250,1031
5252,1031
28182,1018
5254,1031
5275,1523
5284,277
5295,1018
60958,624
5306,1031
5313,486
5321,703
28194,1031
5327,1018
5330,697
5331,703
5334,1018
5336,624
5338,1031
5340,486
5342,1031
5357,486
28200,703
5374,1018
5377,1018
5379,697
60974,277
5399,1523
5404,1523
5408,486
5412,703
60977,703
5417,703
5419,703
5420,1523
5421,624
5422,1523
5432,1523
5439,697
5442,486
60982,1523
5456,1018
5458,1018
5460,1031
5464,1031
5465,1018
5475,697
5476,1523
5479,1018
5485,1031
5492,1523
5496,1031
5503,253
5505,1018
5508,1031
5518,1018
5519,1031
5520,1523
5523,1018
5526,703
5530,1031
5539,327
5543,486
5545,624
5549,1031
5557,624
5558,1018
5559,1018
5560,697
5564,1018
5565,327
5566,1031
5567,1031
5568,1031
5569,1031
5578,1523
5579,1031
5581,697
5589,1031
5594,1523
5597,1018
5606,1523
5608,1031
5614,486
5619,703
5621,1031
5626,697
5639,1018
5643,83
5667,697
5671,83
5680,1018
5686,697
5690,1018
5693,1523
5697,327
5709,1018
5711,1018
5714,327
28259,253
5721,1031
5723,486
5726,1018
5729,1018
5735,703
5742,697
5750,486
28265,327
5757,697
5758,1031
5763,486
5764,1031
5768,1031
5772,1018
5774,1018
5782,1031
5783,1031
5786,703
5788,1523
5791,1523
5798,624
5802,1018
5803,697
5818,1523
5824,1018
5826,697
28278,703
5831,1523
5839,1523
5841,624
5846,1523
5847,1031
5848,1018
5851,486
5852,327
5860,1031
5862,1031
5869,1523
5877,697
5878,1018
61055,703
5884,624
5885,624
5886,624
5888,624
5901,624
5902,624
5918,697
5928,1031
61064,1018
5944,1523
5959,1031
5961,1523
5962,1523
5965,1018
5968,1031
5973,1523
5976,1031
5977,3
5978,3
5980,697
5986,1523
5987,1523
6006,277
6008,1523
6010,1523
6012,1031
6019,486
6020,1523
6025,1018
6034,1018
6035,1523
6036,1523
6038,1031
6039,1523
6044,1031
61083,697
6053,1031
6054,624
61084,697
6062,1523
6066,1031
6074,1018
61087,1523
6078,1031
6081,1031
6091,1031
28322,703
6096,624
6097,83
6100,1523
6102,1018
6104,1031
6108,1018
6109,1523
6110,624
6115,697
61094,1018
6121,697
6124,83
6125,83
6127,486
6130,1523
6136,1031
6140,1018
6145,697
6152,1523
6158,624
6159,1523
6169,1523
6171,1031
6172,697
6178,697
61105,1523
6185,1523
6192,624
6193,1523
6194,697
6196,1523
61108,624
6206,1018
6207,1031
6213,83
6214,1018
6215,1523
6217,1018
6218,277
6223,1031
6226,1031
6235,1018
6239,486
6241,253
6242,1031
61117,327
6259,486
6266,624
6268,1031
6269,486
6272,1018
6507,1031
6282,277
28354,327
6288,1018
6297,1031
6301,1031
6304,1523
6307,1018
6308,1031
6310,697
6311,697
6313,1018
6314,1031
6315,624
6326,1523
6331,697
6333,253
6334,697
6338,697
6343,1018
6346,1018
6347,697
6349,1031
6351,253
6357,1031
6362,1523
6370,1523
6375,1018
6376,1018
6379,327
6386,1031
6399,697
6400,1018
6402,1031
6403,697
28374,1523
6410,1018
6416,1523
6424,1031
6427,1031
6431,1018
6432,486
6433,1018
6435,1031
6437,697
6450,277
6452,277
6459,486
6461,697
6465,1031
6468,1018
6471,1018
6475,277
61156,486
6492,1523
6497,1018
6500,1031
6502,1018
28391,327
6509,1523
6517,1523
6522,697
6527,697
6528,1031
6529,1523
6531,1031
6534,1523
6541,486
6543,1018
6547,697
6548,1031
6550,1018
6552,1031
6565,1523
6571,1031
6573,1018
6574,1018
6575,1031
6578,1523
61171,1018
6588,624
6608,1523
61176,703
6617,1018
6618,1031
6619,1018
6626,697
61179,327
6631,1031
6638,1523
6639,277
6649,1018
6653,486
6654,703
6661,277
6669,486
6678,1031
6682,253
6694,83
6701,1031
6707,253
6710,1031
6714,277
6716,486
6717,1523
6722,1523
6730,624
6731,1031
6733,1018
6736,703
6737,1031
6742,253
6743,277
6744,1031
6745,1031
6748,83
6756,1031
6764,1018
6765,1523
6768,1018
6774,1523
6781,253
6785,1523
6788,697
6790,486
6796,697
6797,1031
6799,697
6802,1018
6803,1031
6809,327
6819,697
6821,1031
6825,697
6829,1018
6830,1031
6831,1018
6836,1031
6837,1031
6839,624
6841,1031
6842,1018
6844,624
6845,1031
6848,1031
6864,277
6865,486
6867,697
6873,1031
6876,1523
6882,327
6886,1523
6896,697
6900,1031
6908,1031
6922,1523
6924,624
6932,697
6936,697
6948,1523
6956,1031
6963,697
6971,486
61239,1031
6994,1018
6995,277
6998,327
61242,1031
7008,697
7017,697
7022,486
28478,624
7034,697
7045,1031
7049,1523
7059,2
7063,486
7065,486
7066,1018
7067,703
7070,1523
61255,83
7085,1031
7086,1031
7092,1523
61257,1523
7099,1031
7106,1523
7107,1031
7116,1018
7117,486
7121,1018
7123,1523
61262,1523
7127,1018
28495,703
7132,1018
7133,327
7137,697
7138,486
7139,1031
7143,1031
7146,1018
7152,697
7153,486
7154,1018
7155,1031
7159,697
7161,1031
7163,486
61269,1031
7171,1018
7179,1018
7180,1031
7182,1031
7183,1523
7185,1031
7192,1523
7196,624
7199,624
7203,277
7205,624
7208,624
7215,624
7216,327
7217,624
7228,624
7229,1031
7238,703
7241,1018
7250,624
7251,1523
7252,703
7253,703
7254,1018
7257,624
7260,277
7267,486
7268,1523
7273,486
7275,624
7276,697
7277,697
7278,1031
7279,486
7281,1031
7284,486
7291,1523
7295,1523
7300,1523
7303,697
61292,277
7315,486
7316,1018
7319,697
7329,1523
7331,1523
7332,1018
7336,1523
7341,1523
7343,1523
7345,1523
7346,1523
7350,1523
61300,1031
61302,253
7366,697
7368,697
7369,253
7370,697
7380,697
61306,1031
7395,1018
7398,1018
31037,327
7401,1031
7406,1523
7409,1031
7416,1523
7420,1031
7430,697
7435,1031
7437,697
7447,486
7448,697
7466,697
7475,697
7478,697
7481,1031
7486,1031
7503,624
7504,624
7505,624
7506,1031
7510,1018
7515,1031
7525,486
7526,624
7536,1031
7537,697
28564,697
7549,1523
7556,1018
7557,1031
7562,703
7564,486
7566,1018
7571,486
7572,486
7574,1523
7575,1018
7576,1523
7578,1031
7582,1018
7585,1523
28573,703
7601,1031
7602,1031
7617,1018
7620,697
7632,486
7635,1018
7636,1031
7637,624
7640,1523
7646,1031
28581,327
7650,703
7658,1031
7662,624
7665,703
7668,697
7672,1031
7679,1031
7682,1523
7683,1018
7685,1523
7691,1018
7692,1018
7694,624
7700,703
28591,1031
7708,486
7711,703
7718,1523
7723,1523
7727,1523
7733,697
7734,697
61364,703
7741,327
28597,1018
7745,1018
7750,327
7758,1018
7759,697
7761,1018
7772,1523
61370,1523
7777,1031
7781,1523
7798,1031
7799,1031
28608,486
7824,697
7826,624
7828,624
7835,1523
7837,697
7849,697
7850,486
7852,486
7853,1018
7862,697
7866,277
28618,1523
7873,1031
7875,1018
7878,486
28620,703
7882,697
7883,1523
7892,697
28622,1031
7897,1018
7904,697
28624,1031
7906,1018
7911,1031
7912,697
7914,1018
7917,1031
7920,697
7921,1031
7922,1018
7923,1031
7932,1523
7935,1031
7936,624
7938,1018
28630,697
7952,1523
7955,697
7959,486
7962,697
7967,1031
7970,697
61403,1031
7974,697
28636,1031
7982,703
7985,1018
7991,1031
7993,697
7995,1523
8000,253
8001,697
8003,1031
8007,703
8009,1523
8014,624
8015,1031
8017,1523
8030,1031
8031,253
8044,277
8045,624
8046,1031
8047,1031
8049,697
8050,697
8051,1523
8060,1018
8062,1523
28651,697
8068,697
8073,1018
28641,1523
8079,697
8084,1523
8087,1523
8092,697
8093,697
8096,1018
8099,697
28639,703
8105,1031
8109,1031
8113,697
8118,703
8123,1031
8128,327
8133,327
8148,486
8150,1018
28665,253
8162,1523
8163,1523
8171,697
8173,253
8176,1523
8179,1031
8184,486
8186,253
8193,1018
8194,1018
8195,1031
8197,1031
8199,697
8202,1031
8210,697
61443,1523
8213,327
8214,1031
8215,1031
61444,703
8219,1018
8229,1031
8233,1018
8234,1523
8240,1031
8244,697
8245,703
8247,1031
8248,697
8250,1031
8253,1031
8257,1031
8264,697
8265,697
8266,83
8272,697
8280,1523
8286,277
8288,1031
8290,697
8293,1031
8296,277
8299,486
8304,1031
8315,1031
8317,1018
8324,697
8325,697
8333,624
8334,1523
8336,1018
28696,703
8341,697
28697,1018
8348,1523
8350,1031
8357,697
8358,1031
8363,486
8365,1523
61469,1523
28702,327
8386,1031
8387,697
8388,1523
8390,1018
8391,697
8402,327
8404,1018
8414,697
8417,3
8423,697
30832,1031
8431,253
61480,1018
8434,1031
8439,1018
8440,697
61482,327
28715,1018
8452,697
8455,697
8457,486
8460,1018
8461,1523
8463,1031
8465,1031
8468,697
8470,697
8475,1018
8479,1018
8486,486
8487,486
8488,1031
8493,697
8497,1523
8504,486
8512,697
8514,697
8515,697
8517,1031
8521,697
28728,1018
8530,624
8536,697
8537,486
8539,697
8542,697
8543,1018
8549,697
8551,1018
8559,1523
8562,1523
8570,1018
8571,1018
8573,1523
8577,697
8579,1018
8582,1018
61505,697
8590,697
8595,697
8599,1523
61508,624
8605,486
8607,1031
8627,697
8637,1523
8638,277
8642,277
8647,1031
8648,1031
8655,697
8657,486
8658,1523
8669,1031
8675,1031
8681,1523
8682,486
8687,624
8692,1031
8694,697
8699,1031
8716,253
8717,1031
8734,486
8745,277
8750,486
8754,486
8755,697
8759,1523
8760,277
8762,1018
8770,697
8782,1018
8783,1031
8785,486
8787,486
8789,253
8792,697
8794,253
8802,1031
8804,697
8807,697
8808,697
8810,697
8816,1031
8818,697
8819,1018
8823,486
8826,697
8832,1031
8846,1523
8850,1031
8853,697
8858,1523
8859,1031
8863,1018
8864,1523
8867,1523
28785,1018
8872,624
8873,697
8874,1031
8877,486
8880,1031
8881,1031
8892,327
8898,486
8901,697
8902,1031
8912,1031
8918,1031
61562,1523
8926,1031
28795,624
8947,1031
8958,1031
8960,486
8964,486
8965,1031
61569,1523
8972,1523
8974,697
8975,1018
8984,1031
8987,486
8990,1018
9004,1018
9013,1031
9015,1523
9016,1031
9023,1018
9048,1523
9051,624
9052,1018
9056,1031
61584,327
9058,1031
9061,703
9063,697
9069,697
9071,1523
9074,624
30833,1523
9083,703
62497,624
9112,1523
9113,1018
9114,1031
9118,1018
9120,624
9125,1523
61596,1031
9132,1523
9142,703
9155,486
9161,1018
9168,1031
9170,1031
9171,697
9173,1031
9180,1018
28837,703
9186,1523
9191,1523
9194,697
9195,277
9203,1031
61610,1018
9216,697
9217,1031
9218,1031
9224,697
9225,486
9230,1031
9236,624
9240,1018
9243,1018
9245,1018
9248,1018
9256,486
9258,697
9259,1018
9273,697
28678,1523
9279,486
9280,1018
9284,1018
9289,1018
9293,1018
9298,1018
9299,1031
9301,1018
9302,486
9303,1018
9305,1018
9311,1523
9313,1523
9317,486
9319,1031
9323,1523
9324,697
9325,1523
9332,1031
9338,697
9340,624
9346,697
9351,253
9355,1523
9357,697
9358,1031
9359,486
9366,1523
9367,83
9371,697
9372,624
9380,253
9382,1018
9386,327
9392,697
9393,697
9397,83
9398,1018
9402,1018
9403,486
9406,697
9411,1018
9433,1018
9441,1018
9443,1523
9445,697
9450,1523
9458,624
9459,624
9465,697
9466,1523
9472,1031
9473,1018
9481,1523
9483,1523
9504,486
9511,1523
9521,1018
61662,1523
9538,1018
9545,1523
9548,1031
9549,697
9555,1031
9556,1031
9557,1018
9563,1018
9567,1018
9570,1018
9582,1523
9589,697
9590,1031
9597,624
9599,1523
9602,1523
9603,1031
9607,327
9611,5
9612,1018
9613,1031
9614,486
9619,1031
9635,1523
9643,1018
9649,1018
9650,1523
61684,1523
61685,1523
9667,1031
9673,1018
9678,1018
9682,83
9689,327
9692,697
9693,486
9698,1031
9699,1031
9715,1523
9718,1523
9719,1523
9724,1523
9726,697
9728,697
9742,1031
9748,1018
28933,1031
9761,1031
9771,1031
9772,697
9774,1018
9777,1018
9778,1031
9783,703
9786,1523
61706,624
9799,1523
9802,697
9810,697
9812,486
9815,1031
61712,1523
9831,697
9835,697
9837,1031
9841,697
9846,697
9849,697
9850,697
61717,624
9857,697
9859,697
9861,277
9867,697
9872,1018
61721,1018
9880,703
9882,1031
9890,697
9898,697
9899,277
9904,697
9906,697
61726,1523
28959,703
9916,624
9919,1031
9921,1031
9922,486
9932,1523
9937,1523
9940,1018
9942,1018
61732,1523
9952,1018
9954,1523
9963,1018
9969,624
61738,83
9988,1031
9999,1523
10000,1031
10002,703
10004,1031
10005,1523
10006,277
10010,1523
10013,1018
10016,1018
28976,703
10022,624
10026,1523
10030,1031
10031,486
10033,1018
10035,703
10044,1031
10056,1031
61751,1523
10063,703
10067,1018
10071,1523
10085,1031
10086,253
10092,1018
10093,1031
28989,697
10096,486
10097,1523
10107,1523
10108,1018
10109,1018
10110,1031
10115,624
10123,1018
10124,1031
10132,1031
10134,1523
61765,327
61766,1523
10150,1031
10152,1031
10156,697
10159,1523
10163,1031
61769,697
10174,697
10185,624
10187,703
10190,1018
10195,1031
10198,1018
10200,1523
10211,624
10213,1523
10215,1018
10221,697
10232,1523
10235,1018
10236,1031
10237,624
10238,1031
10244,624
61782,327
10247,1018
10252,1523
10266,1018
10270,277
10271,1018
10277,697
10278,697
10286,1523
10292,697
10296,697
10297,697
10301,1031
10304,1031
10305,1523
10306,697
10312,1018
10317,1018
10321,624
10323,1523
10326,1018
10329,1523
10331,1018
10332,1018
10333,1018
10345,1018
10353,697
10359,1523
10361,1523
10364,1523
10379,1523
10380,1523
10382,1523
10386,1031
10388,1031
10390,1031
10391,1523
10392,1523
10393,277
10398,1031
10399,1018
10405,1031
10407,1031
10411,277
10417,1523
10420,1523
10422,1523
10426,703
10427,277
10431,1523
10435,327
30899,697
10438,1031
10439,327
10441,1031
10443,1031
10451,1523
10452,697
10453,1523
10458,1523
10466,697
10482,697
10484,1031
10497,486
10498,1031
10499,1523
10504,486
10507,697
10511,1018
10516,277
10519,1031
10520,486
10526,1031
10530,1031
10534,1031
10537,1031
61831,624
10540,1031
10541,1031
10543,1018
10549,1031
10550,624
10551,1018
10553,1523
10554,1018
61834,1018
10560,1031
10564,697
10565,697
10567,1018
61836,624
10574,1523
61837,1523
10576,277
10580,277
10581,1031
10583,1523
10585,697
10588,1523
10597,697
10598,1018
10599,1523
10609,1018
10614,253
10615,697
10618,1031
10619,1523
10621,697
10631,703
10634,1018
10639,1018
10640,1523
10648,1018
10656,1031
10658,1523
10665,1031
10669,253
10676,1031
10685,1031
10686,1523
10692,1031
10703,1018
29092,1031
10717,1523
10719,1523
10723,1031
10724,1031
10726,277
10733,1018
10734,624
10735,697
10740,1523
10741,1031
10743,697
10751,1031
10754,1523
10756,697
10757,697
10764,1018
10770,486
10777,1031
10787,277
10789,1018
10791,697
10793,1018
10795,1031
10801,697
10809,1031
10810,486
10813,697
10815,253
10816,1031
10819,486
10827,1523
10832,253
10839,1018
10840,1018
10841,1031
10843,327
10848,624
10855,1031
10857,697
10859,327
10860,697
10867,697
10868,703
10877,697
10884,1031
10888,697
10889,703
10894,486
10899,1018
10902,624
10903,327
10905,697
10906,1031
10909,703
10916,703
10917,486
10921,697
28733,486
10931,703
10938,697
10946,1031
61899,624
10950,486
29132,1031
61901,624
10960,697
10972,624
10974,1018
10978,703
10981,1523
10983,1031
10984,277
28735,486
10990,277
10991,83
10993,697
10994,697
10998,1523
10999,697
11001,1523
11003,1031
11010,697
11012,1031
11017,1031
11018,1031
11027,1018
11030,1031
11031,1018
11032,327
11038,697
11040,624
11042,697
11049,253
11051,624
11054,697
11056,697
11058,1523
11060,1018
11062,1523
11065,703
11074,1018
11084,1031
11088,1031
11091,697
11094,1031
11096,1031
11099,486
28739,327
11113,697
11115,1018
11117,1031
11124,1523
11142,1523
11145,1031
11147,1018
11155,1031
11161,1031
11162,1018
11169,1523
11170,697
11172,1018
11174,703
11178,1018
11183,624
11185,1018
11191,1523
11196,1031
61941,486
11206,1523
11213,1523
11218,1523
11220,486
11225,1018
11228,1031
11234,1031
11236,697
11238,1523
11249,327
11257,697
11259,1018
11261,1031
11264,1018
11271,1523
11278,1523
11286,1523
11288,624
11289,253
11295,697
11296,697
11297,486
11298,253
11300,277
11301,486
11302,1031
11304,697
11306,697
11312,1523
11313,1018
11315,1031
11316,277
11318,1018
11319,1018
11323,697
11328,486
11340,486
11343,1018
11349,1523
11351,1018
11352,1018
11359,703
11361,1523
11366,1018
11371,253
11372,327
11376,1031
11384,253
11399,1523
11403,486
11407,1523
11408,486
11424,1018
11440,697
11446,1031
11450,277
11455,1018
11456,1031
11462,1031
11465,1031
11475,1031
11480,327
11482,703
11483,1523
11499,277
11503,1018
11506,697
11509,83
11511,1018
11513,703
11514,697
61996,624
11531,1018
11535,1018
11537,1031
11538,1018
11550,697
11554,697
11555,697
11558,697
11559,1031
11563,1018
11564,1018
11566,1018
11573,1031
62004,703
11590,1031
11600,1031
11609,1018
11614,1523
11615,1031
11618,1031
11626,1018
11636,1523
11641,1031
62015,327
11644,697
11646,1523
11649,1031
11656,697
11669,1018
11670,697
11672,1018
11682,1031
11684,486
11687,703
11691,1031
11693,1523
11694,1523
11700,1523
11713,1018
11720,1523
11721,1031
11722,1031
11727,1018
11728,1018
11729,253
11748,1018
11754,327
11764,697
11768,1523
29268,1018
11770,486
11771,486
11791,1018
11793,624
11796,1031
11797,1031
11803,1523
11804,1031
11805,624
11807,1031
11811,1523
11815,1018
11818,486
11819,486
11823,277
29278,624
11832,327
11842,703
11852,703
11853,703
11856,703
11858,703
11859,703
11861,703
11867,1523
11871,1018
11872,1018
11877,703
11896,703
11898,327
11899,697
11902,1018
11903,1031
11904,1031
11907,1523
11908,1523
11910,1523
11912,277
11914,624
11915,1031
11919,327
11923,697
11925,697
11929,624
11930,1018
11934,1523
11935,624
11940,1523
11941,1031
11942,1018
11944,1018
11948,1523
11974,1018
11976,1018
11982,327
11985,697
11986,486
11987,277
11991,1523
11993,697
12039,697
12042,697
12044,697
12045,697
12046,697
12047,1031
12051,1031
12053,1523
12065,327
12068,486
12070,486
12075,83
12077,327
12078,327
12090,697
12091,624
12094,1523
12096,2
12102,277
12108,703
12110,486
12111,327
12112,624
12118,83
12122,1018
12123,1018
12124,486
12125,486
12126,327
12129,1031
12136,1523
12138,486
12139,697
12140,486
12141,1523
12142,1523
12143,1523
12144,1523
62100,1523
12156,1018
12168,1018
12169,1031
12171,1523
12172,1018
12173,1018
12178,327
12180,624
12181,624
12183,1523
12187,697
12189,1523
12191,703
12192,486
62107,83
12201,1018
12205,1031
12206,1031
62109,327
12210,253
12212,1523
12213,486
12214,1031
12215,1523
12216,1523
12221,1018
12226,1523
12232,624
12233,624
12234,1523
12236,1523
12238,1523
12239,486
12240,1523
12250,624
12252,624
12253,327
12256,1523
12259,1018
12261,486
12262,1031
12263,1523
12266,1031
12267,1018
12269,327
12270,1018
12274,624
12277,1018
12279,277
12289,1018
12300,1018
12304,327
12307,1523
12309,1018
12327,1031
12329,1523
12331,1031
12334,486
12337,1523
12338,327
12339,327
12342,697
12346,1018
12349,624
62133,1523
12356,1018
29366,1523
62135,1523
12364,1018
12365,1523
12366,1523
12369,624
12370,1018
12374,1018
29369,697
12377,1523
12378,1018
12379,1018
12380,1523
12381,624
12382,1031
12389,1031
12390,624
12392,1031
12395,486
12396,1523
12397,624
12403,1018
12407,486
12409,1018
12410,697
12417,1031
12418,277
12421,1018
12429,253
12430,486
12433,624
12441,1523
12444,697
12445,1031
12452,1018
12453,1018
12459,486
12460,1031
12466,703
12467,1031
12471,697
12472,1523
12476,486
12480,1031
12482,1523
12484,277
12485,277
12503,703
12515,277
12516,1031
12518,1031
12521,1523
12529,486
12533,1018
12540,1523
62165,327
12544,1031
12545,277
12546,1523
12548,1031
12559,1031
12560,624
12568,277
12569,1031
12570,624
12571,486
12573,1018
12575,624
12576,327
12578,1031
12580,624
12581,1031
12583,1523
12587,1523
12589,327
12592,624
12593,1031
12597,1018
12598,1031
12603,253
12604,253
12606,253
12608,1523
12614,1018
12615,486
12620,1523
12621,1523
12624,1031
12625,1031
12630,1018
12631,1018
12633,327
12634,327
12635,1018
12636,327
12637,1018
12638,277
12648,697
12655,1018
12656,1031
12657,1523
12658,1523
12661,1018
12664,486
12669,1018
12674,1031
12677,1523
12679,1523
12681,1018
12682,1018
12684,624
12688,697
12689,486
12691,624
12692,1031
12698,697
12702,1523
62192,1523
12711,624
12712,624
12717,1523
12718,1523
12722,1031
12725,486
12726,253
12730,1523
12734,327
12736,1018
12738,486
12742,486
12756,1018
12757,624
12762,1031
12775,327
12785,1018
12788,1018
12789,1523
12791,624
12796,703
12798,3
12799,1523
12804,697
12805,697
12815,1018
12816,327
29443,486
12820,327
12821,697
12825,1018
12827,277
12828,624
12834,327
12840,1031
12842,697
12845,1018
12846,1031
12848,327
29448,703
12850,1523
12854,277
12855,327
12866,1018
12868,1018
12874,1523
12877,2
12879,624
12883,1523
12884,1523
12895,1031
12898,1018
62225,1018
12904,1018
12913,1523
12915,624
12924,1523
12926,1031
62229,277
62231,624
12944,1523
12945,1523
12947,624
12950,1031
12953,1018
12955,486
12956,486
12964,486
62236,624
12972,1018
12977,277
12992,1523
12994,697
13003,1031
13010,1523
13011,1523
13013,624
13016,1523
13025,1523
13027,697
13028,1031
13031,1018
13032,4
13033,703
13041,703
13046,1018
13048,624
13049,1018
13053,703
13054,703
13055,703
13058,1523
13062,697
13065,1031
13067,1018
13070,1523
13074,703
13075,703
13081,486
13092,1018
13096,1523
13097,1031
13099,1018
13109,1031
13113,703
13114,253
7647,703
13119,1018
13124,327
13125,327
13128,697
13135,1031
13141,1523
13142,486
13149,486
13151,486
13115,697
13156,1031
13158,697
13160,1018
13161,624
13163,1018
13166,703
13169,1031
13172,1523
13174,697
13183,697
13184,624
13187,1018
13189,486
13193,327
13197,1031
13198,624
13200,1523
13201,1031
13204,1523
13207,1018
13208,1523
13209,1018
13219,1031
13223,1523
13227,1523
13228,1523
13235,624
13240,1031
13241,1031
13251,486
13259,697
13260,486
13263,1031
13264,1031
13270,277
13276,697
13282,624
13286,1523
13289,1523
13292,1018
13295,327
13308,624
13314,1523
13315,1523
13316,624
13318,1018
13323,1018
13324,1018
13326,1018
13328,1523
13329,1523
13332,624
13333,624
62297,1523
13338,1018
13340,486
13341,253
13342,253
13351,1031
13353,697
13354,277
13365,624
13367,1031
13369,1523
13370,1523
13372,1523
13374,624
13375,277
13378,1523
13380,1018
13381,1018
13387,253
13388,253
13391,1523
13393,624
13155,486
13397,327
13406,1031
13407,1031
13408,1031
13409,1523
13412,1523
13413,1031
13417,1031
13418,1018
13421,1523
13423,1523
13427,697
13431,697
13432,697
13439,1031
13442,277
13443,1523
13448,1031
13452,1018
13453,486
29549,703
13468,624
13471,697
13473,1031
13474,624
13479,1018
13480,1523
13481,1523
13483,624
13484,624
13486,83
13495,1018
13498,1031
13500,1523
13501,1523
13503,1018
13505,1018
13509,486
13510,486
13514,703
13515,1031
13525,1523
13526,697
13531,1018
13532,253
13534,486
13536,327
13542,697
13550,1018
13551,697
13552,486
13553,1018
13554,1018
13557,253
13561,253
13562,486
13566,697
13567,697
13570,2
13572,697
13573,277
13577,486
13578,486
13579,703
13580,486
13583,327
13584,327
13589,486
13590,327
13594,1018
13597,253
13599,624
13600,624
13602,83
13604,1018
13608,1523
13614,486
13616,1031
13619,624
13621,1031
13623,624
13625,486
13626,486
13628,277
13630,1523
13634,1031
13639,277
13645,1523
13646,1018
13649,486
13650,486
13653,1018
13657,327
30424,703
13670,1031
13680,1031
13686,1018
13690,1018
13693,1018
13700,624
13704,624
13709,486
13710,1018
13712,1031
13714,277
13716,486
13729,486
13730,486
13733,327
13741,1031
13756,1523
13758,486
13760,697
13765,1031
13775,1018
13776,703
13779,327
13781,697
13782,1031
13786,624
13789,1031
13794,624
29606,486
13798,1018
13799,1523
13800,327
13809,486
62377,1523
13822,1523
13824,1523
13828,1523
13830,1018
13831,1523
29612,1031
13839,1031
13840,277
13842,1018
13843,697
13853,1018
13864,1018
13866,1018
13870,486
7773,1018
13873,697
13878,277
13891,1523
13894,697
13899,327
13902,1523
13906,1031
13913,83
13914,1523
13916,697
13922,697
13923,1523
13929,697
13940,1523
13941,1523
13942,1031
29553,703
29631,697
13961,1018
13962,697
13963,1018
13976,1523
13988,486
13990,1018
14001,327
14002,1018
14003,486
14005,1523
14007,1018
14009,1523
14010,697
14011,697
14016,1018
14017,697
14022,277
14027,697
14036,1523
14037,327
14057,1018
29650,624
14064,1031
14083,1018
14084,1031
7809,277
14103,486
14104,327
14108,1523
14111,1018
14113,1523
14114,697
14124,1031
14126,486
14129,703
14130,486
14131,703
14133,486
14134,703
14145,1523
14146,1523
14148,1031
14150,277
14152,1018
14160,697
14162,697
14163,277
14169,1031
14170,1031
14171,703
14172,703
14173,703
62437,1523
14182,1031
14185,697
14192,253
14201,703
14213,697
14214,1031
14219,703
14220,703
14221,1031
14225,1018
14233,1523
14244,277
14249,697
14252,1523
14253,703
14256,1523
14257,624
14260,486
14263,1031
14264,1523
14269,1031
14271,697
14275,703
14277,1031
14280,486
14281,1031
14285,624
14286,486
14290,624
14292,1018
14293,486
14296,327
14297,1031
29690,1031
14303,703
14304,624
14309,1018
14310,277
14311,1031
14324,1523
14325,697
14336,1523
14337,697
14340,1523
14359,697
14362,703
14363,697
14364,1018
14365,1523
14367,703
14368,486
14369,277
14370,327
14378,624
14380,697
14382,1018
14383,1031
14384,1031
14385,624
14395,624
62474,703
14398,697
14399,1523
14401,253
14403,703
14405,1018
14412,486
14414,1018
14417,1523
14418,83
29710,327
14424,1523
14425,486
14445,1018
14446,624
14450,1031
14453,697
14457,1018
14458,697
14462,1031
14463,1523
14465,697
14466,253
14470,1018
61585,703
14474,1523
14477,697
62488,624
14487,624
14489,1523
14491,253
62490,1523
62491,1018
14503,1018
14506,1018
14512,624
7881,697
14520,1018
14524,1523
14525,327
14529,1031
14535,277
14537,1523
14547,486
14549,1018
14554,1523
14555,327
62501,697
14561,1523
14563,1031
14565,1523
14569,1523
14573,1018
14578,1031
14581,624
14583,486
14590,697
14592,486
14593,1031
14594,1031
14597,624
14603,624
14606,327
14616,1031
14617,1018
14619,624
14622,624
14623,1523
14624,1018
14626,1523
14628,1031
14629,1018
14633,697
14638,1031
14639,486
14640,1031
14647,697
14650,1523
14652,327
14655,1523
62519,1523
29754,1523
62525,624
14790,486
14791,486
14792,1018
14793,697
14794,1031
14796,703
14808,1018
14809,327
14810,1031
14819,253
14820,253
14822,253
14824,253
14825,253
14826,253
14827,253
14828,253
14830,253
14832,1018
14834,1523
14835,327
14836,624
62549,1523
14849,1523
14853,327
14854,1018
14856,277
14861,1523
14863,1031
14866,253
14878,697
14881,624
14883,1018
14884,1523
14885,1031
14886,624
14890,1031
14891,1018
14895,1523
14896,486
14897,624
14898,1523
29791,1523
14908,697
14913,1523
14918,624
14923,697
14926,697
14933,624
14934,697
14938,1523
14942,1031
14947,327
14952,1018
14954,1031
14960,327
14973,486
14978,697
29803,1523
14981,486
14985,624
14986,277
14990,277
14993,1018
15025,697
15027,1031
15060,697
15066,277
15072,703
15084,697
15087,1018
15089,1031
15092,1018
15094,1018
7977,697
29823,1523
15101,486
15106,624
15110,697
15111,486
15112,697
15113,624
15126,1031
15133,1031
15142,486
15153,703
15159,1031
15160,1523
15173,5
15174,486
15176,1523
15182,703
15185,486
15197,703
15199,703
15200,1523
15202,703
15203,1523
29845,697
15240,697
15242,1031
15243,697
15244,697
15246,697
15248,1523
15252,1031
15253,1031
15261,703
15267,1031
15274,697
15290,2
15291,697
15292,277
15293,1523
15294,1031
15298,697
15299,1031
15302,1031
15306,697
15312,1031
15315,624
15316,697
15317,253
15320,486
15331,1523
15337,277
15343,1031
62632,624
15347,1523
15349,277
15350,697
15351,1031
15354,1523
15358,697
15359,697
15360,1018
15363,703
15364,253
15405,486
15409,1523
15411,486
15413,1031
15414,624
15415,1018
15417,253
15424,1018
15426,1031
15428,1018
15442,327
15443,697
15446,624
15455,1031
15458,1018
15459,1031
62652,1523
15469,1523
15470,624
15471,1018
15472,277
15476,486
15487,697
15490,486
15494,1523
15503,486
15521,1018
62662,486
62665,1523
62669,1523
8067,1031
29918,1523
62689,253
15708,624
15709,1031
15710,1018
15711,1031
15712,1031
15713,1031
15714,1031
62694,1018
62697,277
62698,1018
15758,624
15761,1018
15763,327
29934,1523
29939,624
15798,327
15799,1523
15800,83
15802,277
62710,1018
15824,277
15848,1018
62716,1523
15853,486
15854,1031
15855,1523
15858,1018
15859,1031
29955,624
29968,1031
62752,277
8151,697
16188,1523
62776,327
16227,703
16238,703
16239,703
16243,703
62784,624
16284,703
16394,1018
16401,1523
16405,1523
16417,1523
16419,1523
16420,277
16437,1523
16438,83
16439,697
16440,1031
16441,1523
16452,1523
16453,624
16454,1018
16456,327
16469,624
16470,1018
16475,1031
16477,1031
16478,697
16480,624
16488,624
30055,703
62826,624
62831,277
16545,1018
16550,703
62834,1523
16558,277
16563,277
62836,1031
16573,703
62838,624
16582,697
16597,1523
16600,1523
16601,703
16605,703
16609,253
16620,624
16629,253
16630,253
16633,486
16635,253
16637,703
16642,486
16643,703
16645,253
16647,253
16650,1031
16663,253
16664,703
16665,1018
16668,703
16671,253
16672,703
16674,703
16675,703
16677,703
16679,703
16681,703
16683,703
16684,703
16686,703
16689,703
16694,703
16698,703
16705,703
16710,1523
16711,703
16714,253
16716,253
16718,703
16721,1523
16727,703
16728,703
16729,1523
30095,624
16733,703
16734,703
16736,253
16739,703
16742,703
16747,253
16748,703
16750,253
16751,703
16752,703
16754,703
62868,1523
16763,703
16764,703
16766,703
62869,327
16769,703
62870,697
16775,253
16777,703
16778,703
16781,703
16784,703
16790,703
16791,703
16792,703
16795,327
16797,253
16802,253
16807,703
16809,697
16813,486
16815,703
16827,703
16828,703
16829,703
16832,703
16835,703
16836,703
16838,703
16839,703
16842,703
16843,703
16844,703
16845,703
16846,703
16847,703
16852,703
16853,703
16855,703
16859,703
16860,703
16861,703
16864,703
16865,703
16872,703
16878,253
16885,703
16887,703
16889,703
16890,703
16891,703
16895,253
16896,703
16908,703
16910,703
16924,703
16929,703
16930,703
16932,697
16934,703
16936,253
16938,703
16948,703
16955,253
16956,703
16958,703
16959,703
16961,327
16965,703
16966,703
16974,703
16977,703
16979,703
16983,703
16985,703
16986,253
16991,703
16992,703
16994,703
16996,253
16998,703
17002,703
17008,253
17016,703
17018,703
17019,703
17021,703
28936,1018
17025,703
17027,703
17028,703
17030,703
17031,703
17035,253
17036,253
17047,703
17049,703
17052,253
17055,1031
17059,253
17061,253
17065,703
17066,253
62919,703
17069,703
17070,703
17072,253
17073,253
17074,253
17076,703
17077,703
17081,703
17088,253
17093,703
17095,703
17101,624
17105,703
17106,703
17107,624
17110,1523
17114,253
17115,253
17117,697
17120,703
62928,486
62929,277
17128,703
17129,703
17130,703
17131,253
17132,703
17136,703
17137,1018
17139,703
17142,703
17144,703
17145,703
17150,703
17151,703
17156,703
17160,703
17164,697
17166,703
17167,703
17168,703
17179,703
17180,253
17184,703
17195,703
17197,253
17199,624
17202,1031
17208,703
17209,1523
17213,1018
17232,624
17233,703
17239,327
17240,703
17241,703
17242,703
17243,253
17245,703
17248,703
17252,253
17254,253
17255,703
17256,703
30183,253
17262,253
17266,253
17269,703
17272,703
30187,1523
62957,1031
30192,1523
17314,703
17316,703
17317,703
17319,253
17322,703
62962,1018
17337,253
17341,697
62965,1523
17348,703
30198,1031
17366,1031
30206,1523
17409,703
17433,703
62982,1523
30216,1523
62990,624
17497,1031
30227,486
17560,1523
63004,624
30245,1018
17640,703
17641,703
17654,703
63020,327
30255,624
17694,703
63028,1018
17761,486
17762,703
17764,624
17765,1018
17780,703
63051,624
17861,703
30285,1523
17932,486
30298,486
28967,703
61703,624
18040,703
18044,703
18049,703
18051,703
18058,703
18069,486
61705,486
18087,1523
18100,624
18110,703
63094,697
18152,253
18221,253
30344,697
18234,703
18238,703
18241,703
63116,1523
63117,624
30352,624
18276,703
18284,703
63123,1031
18303,703
18307,703
30358,1018
63129,1523
18358,703
18439,703
30382,327
18457,703
18482,277
18484,1523
63157,1031
30394,703
18545,1031
18549,1523
18553,277
18560,277
30414,703
18654,1031
63188,697
18693,703
18699,1523
18701,1018
18705,697
18739,1523
18757,703
18769,1523
18788,486
30086,1523
30439,703
18797,253
18802,1018
18813,1018
18826,253
18835,703
18891,703
18914,703
63229,277
18928,703
19020,703
30477,1031
19024,703
19049,703
19054,486
19069,624
19094,703
63258,703
19103,1018
63262,1031
19137,703
19150,703
19152,486
19155,1031
19156,703
19196,253
19209,1031
29009,624
63281,1523
19260,1523
19262,703
19311,697
19318,703
19346,703
19355,703
63930,1018
19390,253
19398,1018
19399,703
19401,703
19402,1018
19415,703
19420,703
19427,697
19428,703
30545,1523
19433,697
19438,1523
19439,697
19462,703
19486,703
19508,703
30561,327
19538,703
19552,703
19557,1523
19570,703
19571,703
19575,1523
19713,703
19742,703
62852,703
19807,4
19818,1523
63381,1523
30617,486
30618,1031
19873,703
19891,703
19911,1031
19914,1523
19917,1018
63396,327
30630,327
19950,277
19954,703
19962,697
19965,1031
30637,486
20005,1031
20019,703
20021,83
20025,703
20029,486
20031,1523
20035,703
20036,1031
20046,253
20047,277
63417,1523
20064,697
30651,1018
20075,703
30654,703
20097,703
20118,1018
63430,327
20134,697
20151,1523
20158,327
20185,1031
20191,703
20192,624
20194,624
20202,327
20204,1018
30674,624
20208,703
20237,486
20294,327
20296,624
30690,703
30692,486
63461,703
30694,1031
118653,624
63472,624
20423,83
20488,697
20519,1523
30730,697
20548,697
30732,327
20556,277
63506,327
20653,697
30750,277
20666,253
30755,1018
63525,1523
63527,697
30764,703
30769,703
20779,1523
20782,327
20783,277
20789,1018
20791,486
30773,1031
30785,1031
20888,703
20889,1523
20900,1523
20901,1018
20902,1523
20903,1523
20904,624
20907,624
20909,697
63567,1018
20969,1523
20982,1523
20983,624
20988,1523
20991,1523
20993,697
21060,703
21061,253
21062,1031
21063,1031
21078,1523
21081,1018
21107,703
21116,624
63596,1031
21144,1523
21153,1018
21158,1031
21159,703
30165,253
21163,1523
30835,1523
30836,327
30837,327
21186,624
21204,1523
21217,697
21232,277
21235,327
21237,1031
21238,1523
21244,327
21251,1523
63617,624
21291,1018
21300,486
63630,1018
63635,1523
21374,703
30869,1031
61815,703
21420,703
21423,703
21427,1523
21429,1031
21434,1018
21435,1031
21440,1031
21487,1031
21488,1523
30888,703
21491,703
21496,1523
21499,486
21503,253
21504,1018
21505,624
21507,277
21508,1523
21519,1018
63663,1523
21542,1031
21543,1523
21555,703
21569,703
21595,703
21602,703
21606,1031
21659,624
21667,1523
21675,1018
21684,1523
21685,624
21686,1018
30925,1031
21731,253
21740,697
21757,486
21763,1523
21776,624
21777,624
30939,1523
62920,1523
21828,1018
30948,1523
21868,1018
29402,1018
21962,327
63739,1018
63742,697
22057,1031
22059,1523
30989,1031
29105,1018
30990,703
22121,1018
63762,1523
22139,1523
22140,697
22144,624
63768,1523
22170,1523
22177,1523
22181,697
22192,703
22196,703
63775,1018
22205,1018
22207,327
22221,327
22228,1523
22231,697
22250,624
22255,697
22257,1031
22260,327
22263,697
22264,486
153351,624
22282,703
31021,1523
22294,697
22306,703
22308,624
22325,1523
22338,253
22360,1031
22383,1018
22392,1018
22398,697
22403,703
22447,697
22461,1031
22466,1018
22496,1018
63826,1523
22525,703
22528,1523
22532,1031
22543,1018
22544,486
22545,703
22546,1523
22601,327
22615,327
22619,1031
22657,486
22659,277
22668,697
22681,1031
22717,703
22729,1523
31095,486
22751,703
63868,1523
22763,277
22765,1523
31101,697
22772,1031
22776,277
22791,703
22794,697
22797,327
22810,1031
22815,1523
22817,624
22823,1523
22829,1018
22832,697
22833,486
22837,624
22843,1523
22913,277
22946,697
22957,1523
22972,1523
22974,697
22978,486
22980,327
22991,1031
23000,624
63908,253
23002,697
23004,1523
23006,253
23015,486
31144,1523
23027,2
23034,1523
31147,1523
23045,624
23050,1018
31150,486
23062,1018
23065,1031
23067,1523
23076,1523
23080,624
23084,1523
23088,624
23111,703
23113,1018
23118,253
23122,1523
23130,697
23133,624
23135,624
23143,703
23146,697
31166,624
63938,1523
63940,1523
23194,703
23195,697
23196,624
23197,1523
23221,697
23224,1523
23227,277
23252,1018
23261,327
23262,1523
23276,697
23282,1523
31187,1523
23291,624
23355,624
31200,1523
23420,1031
23466,486
23469,83
23484,277
23485,253
23486,1523
23487,624
23491,1523
23492,253
23499,1031
23500,703
23503,624
23520,486
23528,1523
63998,703
23544,703
23553,703
23576,327
23577,1018
23592,703
64007,1523
23600,486
23605,624
23622,624
31248,703
23692,703
23697,1018
23700,1523
23701,1523
23716,253
23724,486
23727,486
23743,697
23752,703
23753,1031
23767,1523
23768,253
23769,1018
23774,1031
23776,624
23777,1523
23778,1018
23779,697
23791,624
23793,486
23801,697
23809,1018
23810,697
23812,624
23819,624
23820,277
23826,327
23852,624
23858,1523
23868,703
23871,703
23872,1018
28528,1031
23877,327
23886,1018
23890,1523
23897,1523
23898,697
23929,1018
23934,277
23938,1018
23940,327
23943,1523
23945,624
23946,327
23948,1031
23950,1018
23955,1523
23961,697
23968,1523
23976,697
23988,327
23989,327
24005,697
24008,624
24014,1018
24021,624
24029,624
24032,1018
24036,624
24037,327
24038,624
24040,624
24058,1523
24066,277
24067,1523
24068,624
24069,1031
24093,1523
24096,1018
24099,1018
24100,1523
24101,1018
24103,327
24105,1031
24106,624
24110,624
24113,1018
24114,327
24157,4
24167,1523
24170,697
24171,1018
24179,624
24184,327
24185,624
24186,1018
24188,277
24190,1523
24191,624
24193,697
24195,327
24197,624
24198,624
24203,703
24204,1523
24205,1031
24216,697
24218,1018
24219,327
24220,624
24222,1018
24223,486
24224,327
24225,327
24232,703
24233,253
24245,1018
24276,703
24278,703
24279,703
24285,703
24287,253
24289,697
24291,1018
24292,703
24293,1031
24294,486
24295,1523
24302,624
24303,1018
24304,624
24306,1523
24311,1523
24313,703
24315,1523
24316,1018
24318,253
24326,697
24338,1031
24344,624
24345,83
24350,1018
24352,1523
24353,327
24356,1018
24357,1523
24359,277
24360,327
24361,277
24363,1031
24369,624
24371,1523
24376,1523
24378,1523
24379,253
24381,327
24382,1018
24384,1031
24386,624
24389,327
24393,253
24396,327
24397,703
24398,1523
24402,624
24403,1031
24405,1523
24407,1523
24409,1523
24414,703
24415,1031
24419,1018
24427,697
24428,1018
24430,4
24432,1018
24436,1523
24440,253
24441,1018
24443,486
24447,703
24449,624
24464,1031
24466,703
24468,624
24469,703
24471,486
24472,486
24473,624
24474,1523
24475,1523
24485,1018
24489,1523
24491,1523
24497,1523
24499,697
24500,703
24503,253
24505,624
24510,277
24513,486
24514,486
24530,83
24531,327
24533,327
24535,624
24536,1018
24537,1018
24538,5
24539,327
24543,1523
24544,486
24545,1018
24547,486
24548,1523
24551,1018
24561,1018
64171,1523
24607,327
24608,1523
24610,1523
24615,703
24617,1031
24618,327
24619,703
24620,277
24622,1523
24629,1018
24637,1018
24640,277
24645,327
24646,486
24648,624
24651,624
24660,1031
24662,624
24667,624
24668,327
24669,327
24670,1523
24671,1018
24675,1018
24678,253
24680,1523
24685,1523
24689,624
24690,697
24691,327
24697,486
24699,624
24704,1018
24707,327
24708,277
24711,253
24712,624
24716,486
24717,1523
24720,1031
24723,1523
24728,624
24731,486
24733,1523
24741,1018
24746,703
24749,1523
24750,277
24751,1018
24753,486
24754,1018
24755,1018
24757,277
24758,327
24767,1523
24768,624
24771,624
24779,1523
24781,624
24782,624
24783,697
24791,1523
24793,1523
24797,83
24803,1523
24808,697
24809,1031
24810,697
24813,327
24825,486
24832,1523
24837,624
24840,277
24841,1031
24842,624
24843,624
24844,277
24845,624
24846,1031
24849,486
24850,624
24852,624
24853,624
24856,624
24857,1031
24858,327
24860,1031
24865,1523
24867,624
24870,277
24872,1018
24877,624
24878,624
24879,697
24880,277
24881,624
31380,703
24884,1018
24885,703
24887,624
24890,624
24893,1018
24898,624
24900,624
24903,1018
24907,1523
24908,624
24909,1523
24910,253
24912,1523
24913,703
24914,624
24920,253
24922,697
24923,327
24925,1031
24926,1031
24931,327
24934,1523
24935,624
24945,327
24948,327
24953,486
24954,486
24955,703
24958,83
24967,703
24969,1031
24971,624
24974,703
24975,1523
24976,703
24978,1031
24979,277
24980,697
24982,624
24988,624
24991,624
24993,703
24996,624
24999,1031
25003,624
25004,1523
25013,624
25015,1018
25016,327
25017,1523
25020,1018
25021,1523
25025,1018
25028,1018
25030,486
25031,486
25046,1018
25047,624
25051,327
25053,277
25056,1523
25059,486
25061,703
25062,327
25069,1031
25075,703
25076,624
25078,703
25079,83
25080,486
25081,327
25082,486
25086,624
25088,1031
25089,1018
25091,1523
25094,703
25096,1018
25098,1523
25099,1523
25110,624
25111,1018
25114,1031
25115,1523
25116,703
25117,1523
25118,1523
25119,1018
25121,624
25123,327
25124,1031
25130,1018
25132,1523
25134,1018
25136,277
25138,1523
25147,624
25149,1523
25152,697
25154,1018
25155,253
25157,486
25164,1031
25166,1523
25168,327
25169,327
25170,327
25173,703
25180,1031
25181,1018
25183,1018
25186,1018
25194,277
25201,703
25202,1018
25203,277
25205,277
25207,277
25212,1523
25216,1523
25222,624
25223,1523
25224,1031
25225,1523
25227,1018
25236,703
25240,697
25241,1523
25243,624
25268,624
25271,1523
25272,624
25273,624
25274,1523
25275,1018
25277,1018
25279,624
25281,703
25282,703
25284,253
25285,1018
25288,703
25296,486
25300,1018
25302,1523
25311,1018
25312,327
25313,624
25314,83
25317,624
25318,327
25320,1523
25322,253
25323,703
25326,1018
25334,1018
25338,1018
25339,253
25340,486
25341,1523
25342,1523
25347,83
25351,697
25352,1523
25355,624
25356,327
25359,1018
25361,327
25362,1018
25364,1018
25375,1523
25376,703
25384,1523
25385,1523
25389,1031
25390,624
25391,1018
25396,624
25398,1523
25399,1018
25401,1031
25419,703
25420,1018
25422,697
25423,1523
25430,697
25431,1018
25433,624
25434,1018
25435,327
25436,703
25438,1523
25441,1523
25448,486
25460,1523
25462,486
25465,703
25475,1523
25480,697
25486,703
25489,1523
25495,697
25496,327
25508,703
25509,697
25511,703
25514,624
25515,703
25521,703
25523,624
25525,1523
25533,697
25536,1018
25554,1523
25562,703
25564,327
25568,1031
25570,703
25572,1031
25573,253
25579,624
25583,1523
25602,1018
25603,697
25604,1523
25613,1523
25616,1523
25619,1523
25622,1523
25623,624
25627,697
25631,1523
25632,486
25633,486
25635,703
25640,697
25641,327
25642,624
25643,1523
25644,1018
25647,1031
25656,1523
25658,1523
25662,1523
25665,486
25669,1018
25670,1018
25673,1018
25674,1523
25676,1523
25677,327
25681,624
25683,1523
25686,703
25688,1018
25690,1523
25691,697
25698,703
25699,327
25700,277
25711,624
25719,703
25721,697
25726,1031
25731,1018
25737,1018
25739,703
25745,697
25746,624
25747,1523
25748,1523
25749,327
25754,253
25757,327
25758,253
25759,697
25760,327
25769,703
25774,1523
25776,697
25777,1031
25778,1018
25779,1018
25781,253
25783,1523
25786,1523
25788,703
25789,327
25799,1018
25801,1523
25803,624
25804,1031
25806,1018
25813,624
25821,703
25826,327
25828,1018
25844,1523
25846,253
25847,486
25851,1523
25853,697
25858,327
25859,1523
25860,703
25862,83
25863,83
25870,1031
25873,1031
25874,697
25877,253
25878,1523
25879,253
25880,1018
25894,253
25895,253
25899,1523
25906,624
25915,1523
25918,1031
25921,1031
25922,1031
25923,1018
25924,624
25925,1018
25928,703
25929,1523
25932,1018
25937,624
25944,1523
25946,1018
25950,486
25955,1031
25956,697
25959,1031
25961,1018
25964,1031
25965,486
5229,1031
25972,327
25975,703
25976,1523
25978,1523
25979,697
25980,83
25981,1018
25983,1523
25984,1523
25987,1018
25988,486
25992,697
25993,624
25994,486
25995,486
26000,1523
26004,327
26006,624
26008,1031
26009,1018
26010,1018
26013,697
26014,1018
26015,1523
26016,1018
26018,1523
26019,1031
26021,697
26022,703
26023,1018
26026,327
26027,277
26034,624
26035,253
26037,327
26038,1523
26039,1523
26044,1523
26045,1031
26047,703
26050,277
26060,1018
26061,277
26064,327
26067,703
26072,703
26074,277
26077,703
26078,703
26247,1523
26360,1523
26520,1523
26523,1523
26557,1523
26582,1018
60898,1031
26747,624
26837,1523
26898,624
26900,1523
26933,327
31807,1523
27199,697
27540,1523
27621,624
27701,277
27747,624
27748,1018
27749,253
27755,1031
27756,624
27758,253
27761,624
27765,624
27766,327
27769,1018
27776,1018
27780,486
27782,1523
27783,253
27784,624
27786,697
27788,1523
27789,624
27790,277
27791,624
27792,486
27793,697
27794,1523
27810,624
27811,697
27818,703
27823,624
27825,1523
27828,1018
27842,83
27843,1018
27845,624
27847,1018
27855,697
27856,1523
27867,486
27873,1523
27875,486
27879,1018
27882,277
27886,703
27894,1031
27895,624
27896,624
27903,1523
27906,1018
27908,1031
27912,1523
27913,1523
27914,327
27919,1523
27920,624
27921,1523
27923,1018
27924,1031
27925,1523
27927,624
27928,1523
27930,1031
27932,253
27933,1523
27936,1018
27940,1523
27948,703
27957,1018
27960,1031
27961,1031
27962,253
27969,1523
27973,624
27975,83
27987,697
27988,624
27996,703
27997,1523
27998,1031
28008,1523
28009,624
28010,1523
28016,1523
28019,1523
28020,327
28022,703
28026,277
60796,624
60797,1523
60798,697
60800,277
60801,1523
60802,83
60813,624
60814,1523
60815,1018
60817,277
60821,277
28054,486
60823,703
60825,697
28058,703
28064,83
28066,703
60835,327
60840,486
28076,486
60845,703
60846,1523
60847,1523
60848,697
60850,1523
60852,1018
60860,1523
60868,1523
60875,624
60881,1523
60882,1031
60883,1523
60886,1018
28119,486
60888,1523
28125,1523
60894,1031
28127,1018
28130,1523
60900,277
60901,1523
60902,1031
28135,703
60904,486
60905,486
60906,624
60907,624
60911,327
28120,703
28146,697
28147,1523
60916,1523
28149,1031
60920,1523
60921,327
28155,703
28156,1523
28157,1031
28159,253
60928,1523
60931,1523
60932,703
60933,1523
28166,1031
60935,1523
28168,697
60938,703
60939,327
28174,703
60943,703
28176,1031
60945,1523
60946,1018
28180,1018
60949,703
60950,1523
60951,1523
28184,1523
28185,703
60954,703
28190,1523
60961,703
60962,1523
28195,1523
60964,1523
60968,327
60969,1523
60970,1523
28203,1523
60973,1523
28206,1523
28209,624
60979,1031
28214,1031
28216,253
28217,1523
60990,703
60992,1523
60993,1031
60994,1018
60996,277
28229,697
28231,253
28248,1031
28250,277
28252,327
28253,1523
28256,697
28258,1523
61027,1523
28260,486
61029,1018
28264,277
61033,1018
28266,1523
61037,1523
61038,624
61039,1523
61042,703
28276,1018
28277,1523
61046,1523
61047,697
61048,1523
61049,253
61050,327
61052,1523
28285,486
28287,1018
61058,697
61059,624
61060,1018
61061,327
61062,1031
28295,1031
28296,697
61065,1523
61068,1523
61069,1523
28305,1523
61076,703
61077,1523
28314,703
28315,703
28316,1523
61086,624
28319,486
28320,1523
61090,1018
28323,486
28325,1523
28326,486
61095,1031
61098,703
61099,253
28332,83
28333,83
61102,1523
61103,1523
28337,1523
28338,697
28340,486
61109,1523
28342,703
61111,624
61112,253
61113,486
61114,486
28349,253
28351,486
61120,703
61122,1018
61127,1018
61128,327
61129,703
61131,1523
61132,1031
61140,624
61142,1018
61143,1523
28376,486
61146,1031
61147,703
61149,327
61150,1523
61151,1018
61152,1018
61153,1031
61155,1031
28388,1031
61159,1523
61160,1523
61162,1523
61163,486
61164,1523
28397,1018
61166,624
61167,624
61169,1031
28403,1018
61175,1523
28408,1523
28410,327
28411,697
61180,1523
61181,624
28414,1018
61186,1523
61187,1031
61188,486
61192,1018
28429,697
28433,1523
28435,1523
28438,697
28442,1018
61212,1523
28449,703
28450,1018
28452,1523
28460,697
28461,277
28462,1018
28469,1031
28471,703
28472,1523
28474,703
28476,1523
28477,1523
61246,1523
61247,1523
61248,703
28481,83
61250,2
28483,1031
61252,1523
61253,1523
28487,277
61256,1031
28489,1018
28494,327
61263,1031
28496,703
28497,253
28501,1018
28502,1523
61278,1018
28512,1018
61285,1031
28518,1031
28519,703
28521,1031
28524,624
61296,697
28530,83
28532,1031
28533,1523
28534,703
28536,1018
28538,1523
28539,1018
28540,1018
28543,327
28546,327
61320,1031
61321,1523
61322,83
28556,1018
61325,327
61326,1018
61327,1523
61330,1523
28563,624
61332,624
28565,486
61335,277
61337,1523
61338,1523
61339,1031
61341,327
28574,277
28576,253
28577,703
28579,1018
61349,327
61350,1523
61351,1523
61352,83
28585,1523
61355,1523
28590,1031
61359,1523
61361,1523
28596,1523
61365,1523
61366,624
28600,1018
28602,1031
28603,277
61372,1018
61374,1018
61376,1031
28610,1523
28611,1523
61380,253
61381,697
61382,703
28615,1523
28616,327
61386,1523
61388,253
28621,697
61390,703
28623,1523
61392,1523
61393,703
28627,1031
61396,1523
28629,486
61398,1523
28632,1031
61401,1523
61402,1523
28635,327
61404,486
61405,1523
61406,253
61407,1523
61408,253
61409,697
61410,1523
61411,1523
61413,697
61414,624
61416,1031
61417,1018
61418,1018
61419,1523
61420,1018
61421,1018
61424,1523
61425,1031
61426,1523
61430,327
61433,624
61435,1523
61436,277
28669,1031
61438,1523
61439,1018
28672,277
61441,277
28675,703
28676,1018
61446,1018
61448,624
28690,1523
28691,624
28693,486
61462,624
61464,277
61465,1523
28699,1523
28700,1523
28701,1018
61470,327
28704,83
61473,1523
28706,486
28707,277
61476,1018
61479,1523
28712,1523
61481,1018
28714,486
61483,327
61484,1031
28717,1523
61487,703
61489,1018
61490,624
61494,1018
61496,624
61498,1523
28731,277
28732,253
61501,1018
28734,253
61503,624
28737,1018
61507,327
28740,624
61509,327
28742,1031
28743,1523
61513,1523
28749,83
61518,703
61519,1031
28753,253
28754,486
61523,1523
28756,1523
28758,1523
61528,1018
61530,327
61531,1523
61532,1523
28765,1018
28766,1523
28767,327
28769,486
28770,1523
61540,1018
61541,1523
28775,1523
61544,703
28778,1031
61547,327
28780,1523
28781,83
61550,1523
28783,703
61552,1523
61553,1523
28786,327
28787,1018
61556,1523
61557,1523
61558,1523
28791,697
61560,1523
61561,1523
28794,1523
61563,1018
61565,327
61566,1523
61568,1523
28801,1018
61570,1523
61571,1031
61572,1523
61573,1523
61574,1031
61575,1031
61578,277
28811,1523
61581,1018
61583,1031
28816,1031
28817,1523
61586,703
61587,1523
61589,253
61590,277
61591,1523
61592,1523
61593,703
61594,703
61595,1523
28828,1523
61597,624
28830,1523
61600,624
61601,624
28834,1018
61603,1523
28836,486
61605,624
61606,1523
61608,486
28842,624
28845,624
28848,1523
28851,327
28853,1523
61623,1523
61624,1523
28858,253
61627,1523
28866,703
61635,697
61639,1523
61640,1031
61641,1523
61642,1523
61644,327
28877,1018
61646,1523
28881,1523
61653,327
61655,624
61656,624
61657,1031
28893,697
28894,624
61664,1523
61665,1018
28900,486
61669,1523
61671,1523
28904,703
61674,277
61676,1523
28909,1031
61679,703
61680,624
28916,624
28917,1031
28919,697
61688,703
61690,1523
61691,624
61694,1523
61695,624
28930,486
61700,277
61701,486
61702,253
28935,83
61704,327
28937,624
28938,1523
28939,697
28940,1523
61709,1031
28942,697
61711,624
28944,1031
61713,253
61714,703
28947,1031
28949,277
61718,1523
61719,1018
28952,703
28953,703
61722,1523
61723,624
61724,1523
61725,1523
28958,1031
61727,1523
61730,486
61731,624
28964,1018
61733,1018
28966,703
61735,697
61737,1523
28970,703
61739,253
28973,1523
61744,1523
61745,624
61746,1018
28979,486
61748,327
28981,1031
28982,703
28983,1523
61752,1523
61754,1523
61755,1523
61756,1523
61757,253
61758,1018
61759,697
28992,703
28994,486
28995,1018
28997,1018
28998,277
61767,486
29001,1031
61774,486
61775,1018
61776,1031
61777,703
29011,83
61780,486
29014,703
29015,1018
29019,486
29022,1018
61791,703
29024,83
61793,1018
61795,1031
29028,1018
29029,486
61798,253
29032,624
29033,1031
29035,1018
29038,277
61807,1031
29040,624
61811,697
29044,697
29047,277
29052,486
61821,1018
29055,253
61828,253
29063,1523
61832,703
29066,1523
29068,1018
29069,83
29070,486
61839,697
61840,486
29073,1031
29074,1523
29075,1523
29077,1031
29081,486
29082,486
29085,1523
61854,1018
29088,253
61859,1523
61860,1523
61862,1523
29095,1523
29098,697
29099,486
29101,703
61871,624
61873,1018
29106,486
29108,697
61877,1523
29112,703
29114,83
29115,624
29119,1523
29120,1031
29121,486
29125,1018
29127,624
29129,83
29131,1031
61900,624
29133,1523
29134,277
61903,1523
29139,1523
29143,83
29144,1018
29145,1031
29149,486
61918,277
29151,83
29152,1523
61922,1523
61923,1523
29156,1031
61925,697
29160,486
29161,253
29163,1523
29164,486
29165,277
29166,1523
29167,697
29169,697
61940,1018
29173,697
29176,486
61948,624
29187,327
29206,1031
29211,703
61980,624
61982,327
29216,1018
29217,1031
61986,703
61987,486
29223,1031
29228,253
29229,1018
29230,1018
61999,703
29233,486
29234,624
29236,1523
62005,1523
62006,1031
29241,1523
62012,697
29246,703
29247,1018
62016,1523
62017,624
29250,83
29252,624
29254,1018
29262,1031
29265,697
29266,277
62035,1523
62036,327
29274,1523
29276,1018
62046,277
29282,703
29284,1018
29287,1523
29288,624
62064,277
62065,1031
62066,277
62068,277
29304,1523
62073,327
29306,703
29311,1031
29312,624
29315,703
29316,486
29317,1523
29318,277
29319,624
29320,1523
62090,327
29329,486
29332,1523
62101,1523
62102,486
29337,703
29338,277
29339,1523
29341,1018
29342,1018
29344,624
29345,1523
29346,1018
29347,697
29349,1018
29350,1523
29352,1018
29353,1031
62122,624
29356,1523
29357,1031
29359,697
29360,697
29365,277
62134,1031
29367,1031
62137,1523
29372,697
29373,253
29374,1523
29376,486
29380,327
29381,1523
29382,1018
29386,1523
29387,624
29388,703
29389,486
29390,624
29392,1031
62162,1523
29395,1031
29396,1523
29397,277
62167,1523
62168,624
62169,624
62170,624
29403,1018
29411,1523
29414,1031
29423,703
29424,1031
29426,277
29427,1523
62201,1523
29434,1018
29435,1523
29436,1523
61517,1523
29446,703
62215,624
62216,2
62217,624
62218,624
29456,253
29457,1523
29458,83
29459,624
29461,624
62230,277
29463,703
62233,486
29466,703
29467,486
29468,703
62237,624
62239,277
62240,624
62241,703
29482,1018
29483,703
29487,253
29489,1523
29492,253
29493,703
62262,1018
62263,624
29496,327
29497,1031
62266,1523
62268,1031
62269,1523
62274,1031
29507,703
29511,1031
62280,1523
29513,703
29514,1031
29515,703
62284,1523
29517,1031
62289,253
62290,1018
29526,703
29527,703
62296,1031
29529,1018
62300,1523
29533,703
62304,1523
62314,1523
29547,703
62317,1523
29550,703
62319,253
62320,624
62321,1523
62323,1523
62328,1523
29561,703
62330,1018
62335,253
62336,624
62338,1523
62339,697
62346,1018
29579,1031
29580,1523
62351,1018
62352,1018
29591,486
29592,486
29594,1018
62363,1523
29597,703
62366,1523
62368,277
29603,697
62372,1523
62374,1523
29607,486
29608,1031
29609,1018
62378,1031
29611,1031
62380,1031
29613,703
62382,624
29616,1031
29619,703
29621,1523
62390,1523
62391,1523
29625,1031
29626,1018
62396,1523
62397,1523
62398,1031
62399,1523
62400,1523
29633,327
29634,1523
29635,253
29639,486
29642,83
29643,624
62412,624
29645,703
62414,1031
29647,327
62416,1523
29649,486
62418,1523
29659,1523
29661,1523
29663,1018
62433,1031
29668,1018
29669,327
62439,1523
29672,486
62442,1523
29675,1523
29677,624
62446,1523
29679,327
62450,1523
62453,703
62455,624
62456,1523
29689,1523
62458,1523
29692,1031
29693,486
29694,624
29695,1523
29697,1031
29701,486
29702,697
29703,253
29704,277
62473,697
29706,327
29707,486
29708,624
62478,1523
62479,1523
29712,1523
62481,703
29715,83
29717,1031
62486,624
62487,703
29720,1523
29722,1523
29723,83
62492,1018
62494,1523
62495,1018
29728,1018
29729,624
29731,277
62500,1018
29733,1031
29734,486
29736,1018
62505,1031
62511,1523
62513,1031
29746,1523
62515,1018
62516,1031
29751,1031
62521,1523
62522,253
29755,486
29756,486
29757,1018
62526,624
62527,703
29761,1523
29762,1031
29763,1523
62533,703
29766,277
62535,624
29768,83
29775,697
62544,1031
29781,624
62550,1523
29784,1031
62553,1523
62559,1523
29793,703
62564,1018
62571,1523
62572,624
29806,1018
62582,1018
29816,1018
29818,1018
29822,1523
62591,1523
29824,327
62593,1523
29826,1031
62596,327
29829,327
29830,1031
62599,1523
62601,1523
62602,1523
29836,1523
29837,624
62612,1523
62613,1031
62614,1018
29849,1031
29852,277
62626,1523
62627,486
29864,486
62633,1523
62634,1523
29867,83
29868,486
29870,1031
62640,277
29874,624
29875,486
29878,1031
62648,253
62649,1523
62650,1523
29883,1523
29884,1018
62654,703
62655,1018
62656,1523
62658,624
29891,253
29894,1031
29895,486
29897,1018
29898,486
29899,703
29900,1523
29901,1018
62670,703
62673,1523
62676,1018
29910,1523
29916,253
62686,697
62688,1523
29921,1523
62690,1523
62691,1018
29924,1523
62693,253
29926,1018
29929,486
29930,1031
62700,1018
29933,327
62702,1523
62705,624
62707,1031
29940,703
62709,1523
29942,1018
62712,1523
29946,703
29948,486
29950,1523
29952,1031
29953,1523
29954,1031
62723,1523
62728,624
62730,1523
29963,1523
62732,1523
62733,327
62735,624
62736,624
62737,1031
62738,1523
62745,1018
29978,703
62747,1018
29982,703
29984,486
62753,1523
62754,1031
62755,703
62756,697
62759,1523
29992,624
62761,327
30006,277
30007,624
30008,2
30012,624
62781,703
30015,1523
30016,1018
30017,703
30018,703
30022,1523
30023,697
30025,1031
30029,1523
30031,1523
30034,1523
62804,1523
62808,1018
62809,624
62811,1523
62814,1523
62819,624
62821,624
62823,2
30058,1018
30060,1018
30061,83
62830,1018
30063,703
30064,697
62833,624
30066,1523
30067,486
30068,1031
30070,1523
30071,1523
30072,486
62842,327
62848,277
62850,1031
30084,1523
62854,1523
30087,1523
30088,697
62859,1523
62860,624
30094,1523
62863,697
62864,486
62865,1031
30098,1031
30100,277
30101,1523
30102,1523
62873,253
62874,624
30107,697
30108,486
30109,624
62880,697
30113,1018
30115,703
62884,1523
30117,486
62889,327
30122,1523
62895,703
30128,486
62897,1031
30130,1018
30131,1523
62901,1018
30134,703
30137,624
62909,486
62911,624
62912,624
62913,624
30146,1523
62917,253
62918,1018
30151,1018
30152,277
62921,624
62922,1018
62923,624
62924,1523
62925,1523
30160,1031
30161,1018
62932,1523
62933,1523
30168,1018
30169,1031
30170,1523
30172,624
30175,327
62944,1523
30177,1031
30178,624
30179,1018
62948,624
30181,1523
62951,1523
30185,624
62954,624
62955,486
30189,253
30191,1031
62960,624
30193,1018
30194,624
30197,1018
62966,1523
62967,327
30203,1523
30205,624
62974,1523
62975,1523
30208,1523
30213,697
30214,703
30215,703
62984,1031
62987,1523
30220,1523
30222,703
30225,83
30226,277
62995,2
62998,624
30231,1031
63000,1031
30233,1523
30234,697
63003,624
30236,624
30237,1523
30239,1523
30240,1523
63013,1031
30247,1523
30248,327
63018,624
30252,1018
63021,1523
30254,1018
63023,277
63026,1523
30259,83
30260,1031
30261,486
63030,624
30263,1523
30265,1523
30268,703
63038,624
63040,624
63044,1018
30277,1018
63048,703
30281,624
30283,327
63052,1523
63053,1523
63054,1523
63056,277
30291,327
30293,486
30296,1018
63066,1523
63070,1523
30303,1523
63073,1523
30306,486
30307,1031
63077,253
30310,1523
63080,1523
63081,624
63082,624
63083,624
63084,624
63085,1031
63086,703
63087,1018
63088,703
63090,486
30325,1031
30326,1018
30327,1523
30328,703
30329,486
63099,1523
63100,624
30335,277
30337,486
63106,1523
63107,486
30340,1018
63110,697
63111,1031
63112,1523
30345,1523
30348,277
30349,1523
30350,1018
30351,1523
63120,253
30354,486
30355,486
63124,1018
30357,1031
63126,703
63127,1523
30361,624
63130,703
63135,703
30368,624
63138,1523
63140,624
30377,327
30378,277
63147,1031
63150,253
30383,1031
30384,486
63154,1523
30388,486
30389,703
63158,277
30391,1031
63161,1031
63162,1523
30396,327
30398,1523
30399,1031
30400,697
63170,1018
30403,486
63172,1523
63180,1523
63181,1018
63182,624
63207,327
30416,703
30418,624
63187,1031
30420,1018
30422,486
30423,277
63192,1523
63194,1523
63195,1523
63199,1018
63200,1523
5073,1031
30442,327
30445,703
30451,624
30455,624
63225,1523
30458,1523
63227,697
30461,703
30463,1031
63232,703
63233,1523
63242,1018
30476,327
63245,703
63246,624
30479,1018
30481,486
63252,1018
30490,486
30494,253
30495,486
30496,253
30497,1018
63268,624
63269,1523
61028,1523
63283,1031
63286,1031
63288,253
63289,327
63290,1523
63291,624
63293,1523
63296,277
63297,624
30530,327
30534,277
30536,327
30537,1031
30539,486
30540,1523
63313,253
30546,624
63315,253
30550,703
63324,1523
30557,1031
30558,1031
30559,1018
63328,1523
63329,1018
63334,1018
30567,1018
63336,697
63338,327
63339,1523
30574,253
30576,1523
30577,1523
30584,1031
30585,486
30586,703
30591,1018
30593,1018
30594,1523
30596,1523
30597,1018
30598,1031
30599,697
30600,1018
30602,1018
63373,486
63374,624
30608,327
63377,253
30612,327
30613,703
30614,1523
63385,624
63386,1523
30619,486
63388,1523
30621,1031
30623,703
30628,703
63398,277
30632,1018
30635,486
63405,624
30639,1523
63410,83
30644,1018
63413,703
30646,703
63415,253
63416,1018
30649,1523
63418,624
63419,1018
63422,1018
63424,1031
30657,624
30660,1031
30661,697
30662,277
30666,1018
30669,1018
63442,624
63445,1523
63446,624
63447,1018
63449,1523
63450,1523
63451,1523
30684,1523
30685,703
63454,1523
63455,703
63456,5
30689,1523
63458,486
63459,327
63460,697
30693,1018
63462,1523
63463,277
30696,1523
30697,1523
63466,697
30701,1018
30703,1523
30704,327
63474,327
30709,1031
30710,1523
30711,624
63481,1523
30714,1523
63483,1031
30718,1523
30719,1523
30720,277
63490,327
63493,486
30726,1031
63495,697
63498,1523
63499,1018
63500,624
63501,486
63503,1018
63504,1523
30738,327
63507,486
30740,697
63509,1523
30742,624
63518,703
63520,1031
63523,703
30756,703
30757,703
30759,703
30760,1523
63530,1523
63531,1523
63532,1018
63534,1523
63535,1031
63537,1018
30772,703
63541,486
30774,327
30775,624
30778,277
30780,703
30781,1523
30783,1018
63553,1018
63556,1523
30789,1523
63559,1031
30797,697
30799,253
30803,703
30818,1018
30822,486
63594,1031
30828,5
63600,1523
63601,277
63602,1523
63603,1031
63604,624
63605,697
63606,1523
63607,697
63608,1523
30841,327
30843,624
30844,1523
30847,1523
30849,1523
63619,327
63620,1031
30854,1018
63624,1031
63627,1018
30861,1031
30862,1031
63632,1523
30865,697
30866,1031
30867,1523
63637,1031
30870,1523
63639,703
63641,1523
63644,1523
30877,1031
63649,327
63650,624
63651,1523
30884,1018
63653,1523
30887,1523
63656,1523
63657,277
63658,1018
63661,1523
30895,486
63664,697
63665,1031
30898,1031
63667,327
63669,277
30903,624
63674,624
63676,624
30909,1031
63678,1523
63679,277
63680,277
30914,1523
30915,1031
63684,1523
30919,703
63689,624
63690,1018
63693,327
63694,1523
63695,697
63698,1523
30931,327
63700,624
63701,1523
30936,277
63705,486
63707,327
63711,327
30945,277
30946,1523
30947,486
63716,277
30950,277
63724,1523
63731,486
30964,1018
30971,327
63741,1018
30974,1523
63754,1031
63757,277
63758,1523
30992,697
63761,1523
30994,1018
63764,327
63765,327
63766,1523
31000,83
63770,697
63771,1523
63772,624
31007,1018
31009,486
31011,1523
63780,486
31015,1523
31016,1018
63789,624
63794,277
63797,1523
63801,1523
63804,624
63805,1523
31038,703
31041,277
63811,703
31045,1523
63815,486
31048,327
31051,697
63821,1523
63822,1523
63825,277
31058,486
63827,624
63828,277
31062,703
63832,1031
63835,277
63836,1523
63843,1523
63847,1031
63848,1018
63854,624
63855,486
63859,277
31093,1031
63862,277
63863,1031
63865,1523
63866,624
31099,83
31100,277
63869,1523
63870,703
63871,1523
63873,1523
63875,1523
63877,486
63878,624
63881,1018
63883,1031
63885,1523
63888,624
31122,327
63891,703
63892,697
31125,1031
63894,1523
63895,1523
63896,486
63897,1018
31131,1523
63901,624
31134,327
31136,703
63905,624
63906,1523
31140,327
31143,1523
63912,1523
63915,1523
63917,703
63918,486
63919,1523
63920,1031
63923,697
63924,1031
63925,1018
63926,1018
31159,486
31162,277
31165,277
63934,624
63935,486
31168,1523
31170,1031
63939,253
31172,83
63941,624
63942,277
63943,486
63944,327
63945,624
63951,1523
63952,277
63953,1018
63955,1523
63956,1523
31189,83
31190,1031
63959,1523
31193,1523
63962,703
31195,1031
63966,1523
63967,1523
63968,1018
31201,277
31203,697
31204,1523
63974,1523
63975,1031
63980,1523
31215,1018
63984,1523
63985,697
63990,1031
31223,1018
31224,327
63995,1018
63996,624
31230,486
5205,697
31232,83
31237,703
31239,277
64008,277
64009,1523
64014,624
64016,1018
64017,1523
64019,1018
64020,1523
64025,327
64028,1031
64030,1031
31272,277
64041,1523
31276,703
64045,486
64048,1018
64051,1018
31285,1523
64054,1523
64055,1523
31289,703
31291,703
64061,1523
64063,697
31302,703
64079,1031
31319,624
64096,697
64098,1018
64102,1018
64103,1523
64112,486
64115,327
31354,1018
64125,277
64127,1018
31366,697
31375,486
64145,1523
31379,1018
64148,277
31381,1523
64156,1523
64160,1031
31394,486
64163,1523
64165,1523
31398,253
64168,697
31403,1031
64172,1031
64173,1523
64174,277
64175,1031
64178,1018
64180,1018
64183,1523
64186,1523
64189,703
31423,1523
64194,703
31427,1018
64197,327
31430,1031
64200,1031
64201,697
64209,327
31448,277
31453,1523
31454,697
31455,1523
31456,1018
31458,703
31459,624
31460,1018
31462,703
31465,624
31467,1523
31470,703
31474,1523
31475,83
31477,1523
31479,1031
31483,1523
31488,1523
31489,703
64261,1018
31497,1018
31501,703
31504,1018
31508,703
31511,1523
31512,697
31515,1523
31517,1523
31518,1018
5253,1523
31520,1523
31521,486
31522,703
31525,277
31528,1523
31532,1523
31533,703
31534,1031
31535,703
31537,1523
31539,1523
31543,1031
31548,1523
31549,327
31551,1523
31554,1018
31557,1018
31560,1018
31563,1523
31564,1523
31571,1523
31574,486
31575,277
31578,1523
31579,1523
31586,1523
31587,1018
31588,1523
31589,1031
31590,1018
31591,1523
31594,697
31597,277
31600,1031
31607,1523
31611,1523
31614,327
31615,277
31618,1523
31620,1523
31622,1523
31626,697
31629,1018
31630,1523
31634,83
31635,624
31636,1018
31638,703
31642,277
31643,253
31660,1523
31661,1523
31662,703
31663,703
31666,1523
31669,703
31673,1018
31674,1523
31675,703
31677,1523
31679,1523
31682,253
31684,253
31686,1018
31688,253
31689,624
31692,703
31693,1523
31697,1523
31700,1018
31704,1523
31705,277
31706,624
31707,253
31716,703
31720,1523
31722,1523
31723,1031
61314,1031
31733,1018
31737,253
31738,1523
31739,703
31743,1523
31745,277
31748,1523
31750,486
31751,1523
31752,697
31754,1523
31755,1031
31757,1523
31759,327
31760,1523
31761,624
31762,277
31763,1018
31766,1018
31775,1523
31777,1523
31778,703
31786,327
31788,83
31789,703
31790,1523
31791,1031
31793,624
31794,486
5301,1018
31810,697
31811,1018
31813,1031
64583,327
31821,1018
31843,1523
31844,1523
31846,1018
31847,327
31850,1523
31854,1523
31857,1523
31858,486
31879,1031
31881,1523
31887,624
31888,1523
32280,277
61088,1523
29449,1031
65351,253
