180167,0.276872964169
61519,0.225298188779
19713,0.296876010607
61513,0.2874498998
150398,0.300117693213
22461,0.198152305301
180169,0.30313036587
63763,0.285856635735
177795,0.234626591014
13733,0.22995991984
165284,0.301715637941
111537,0.309174188334
111534,0.277173913043
28998,0.269952361348
166555,0.257604669435
4029,0.291595197256
177227,0.306982343499
177226,0.27779458936
177225,0.283123612139
177224,0.192501258178
60914,0.276007215875
197855,0.281750659874
5980,0.266566002671
165779,0.273784670444
161071,0.269888869289
5987,0.24302430243
132644,0.290708721262
177228,0.285910053569
61179,0.256152687092
8807,0.275543282507
19159,0.29620547238
160891,0.277660153651
160892,0.274505113331
160893,0.213587715216
19402,0.262105984468
127475,0.27784503632
19152,0.224110150872
25062,0.30269058296
65270,0.270748540081
277918,0.261568269888
16679,0.293066019665
150179,0.318971507992
25069,0.280596649957
165914,0.247199482981
142814,0.282914201183
22008,0.273181764076
6152,0.284104976479
149337,0.283210958228
61192,0.222297559086
142811,0.256754489008
142812,0.247599525299
6158,0.232346241458
12708,0.284052230955
164086,0.285447761194
13602,0.250081726054
4737,0.316137475033
6791,0.305735029641
118126,0.23907495182
118125,0.291484092208
2312,0.295499903431
118121,0.245507060334
64708,0.246588589234
25665,0.326643894108
65876,0.267654090618
65655,0.216223855285
177640,0.313011456628
177315,0.267654090618
65872,0.28192371476
165358,0.256424581006
140541,0.306388091583
166482,0.218135158255
166485,0.288316582915
120051,0.280630961115
63739,0.244058063487
175307,0.314426633785
181904,0.302033296045
111169,0.231911883589
161853,0.303993641963
25283,0.298750325436
22717,0.298497756389
138743,0.293159609121
25118,0.190725504862
25119,0.245941167015
61996,0.263067400275
65474,0.261926500799
25110,0.260958553641
166733,0.242715879647
6194,0.277056799662
140897,0.261463970379
64536,0.248942401562
141236,0.275080906149
7991,0.214877580638
111532,0.28532355318
63930,0.281526005888
2269,0.290819235887
63936,0.304983388704
116787,0.285625388923
19570,0.302730510487
7881,0.295671218758
63938,0.287000562746
7882,0.268578115857
162254,0.245297135528
8551,0.280871374373
17030,0.295766479799
60911,0.218041898247
20747,0.258285971527
124599,0.296492474646
17035,0.287936766828
2444,0.228916263528
139804,0.254900871883
2448,0.272452068618
63029,0.292505735407
6768,0.280751116276
7866,0.245520192565
176066,0.27970749543
176920,0.275940844054
23697,0.347096188748
24888,0.268405356412
5824,0.277878677806
138608,0.282949081494
178958,0.239199541404
2044,0.275940844054
146659,0.278080697928
138601,0.240540823813
148414,0.300490998363
4818,0.250340878102
163036,0.378369466656
148410,0.258010118044
2049,0.319749216301
6379,0.266612453532
26021,0.279401022644
124355,0.283578401087
166028,0.245454545455
6370,0.290304218582
28410,0.255326250209
12123,0.345112781955
124358,0.271196454948
6375,0.235469142769
10631,0.288788221971
24204,0.237013322317
2328,0.268389662028
176782,0.257850682546
10411,0.282774765895
162742,0.238008815141
11944,0.293403221682
105538,0.294949235317
63447,0.2782998848
175465,0.279929255352
10382,0.219669777459
121142,0.276090225564
160256,0.276872964169
9323,0.180772714741
160254,0.278181818182
161072,0.2565105622
63448,0.232228687073
135965,0.296281951975
179082,0.276806175371
16926,0.313932015594
7268,0.263596163786
8947,0.289992418499
163720,0.274111675127
164416,0.263626443053
125014,0.261255620696
16929,0.294023445007
7260,0.269097731137
176663,0.286731634183
12234,0.296358471074
63596,0.234626591014
12236,0.251575774185
124615,0.30875824028
125531,0.281336193687
12233,0.286677908938
63593,0.212205270458
65026,0.248686135342
62865,0.265502082369
6266,0.257042056336
146017,0.235023041475
14624,0.275163359511
62646,0.305368904265
14626,0.275791624106
61077,0.219124456963
14622,0.266767406719
6809,0.26617954071
148224,0.290414425815
3851,0.241617097436
6802,0.29609082699
66300,0.255924170616
152049,0.294551755118
10567,0.236013986014
10565,0.24851109908
31227,0.26243567753
125240,0.27209674551
110529,0.285910053569
175263,0.246403263904
3203,0.228859194256
10096,0.304983388704
30416,0.285607616203
19150,0.312776831346
66648,0.29614813859
65896,0.242012021512
18928,0.303993641963
8838,0.268013546654
138466,0.282114320836
138467,0.28628453814
147303,0.29843953186
147307,0.235989717224
147305,0.239811912226
22817,0.240175814976
16671,0.289516841176
30328,0.304578633046
138861,0.262480699949
122355,0.25566757645
30637,0.319259929053
29964,0.263369290796
28564,0.281353438764
61205,0.246337143777
62088,0.265363935943
28563,0.269635199436
12942,0.281871775976
24232,0.297723292469
24233,0.314685314685
24234,0.26979368718
17069,0.297974552064
151632,0.288570350811
5458,0.257966616085
62245,0.303430951279
3342,0.237749922304
175084,0.281077770974
123495,0.308986873107
157493,0.269271383316
175083,0.287467902549
20653,0.282322548899
108481,0.316181029138
14395,0.272225846628
137642,0.285412262156
175319,0.259395309409
63462,0.285199453212
30259,0.280288226673
30257,0.266720901854
175646,0.280665280665
30255,0.281664212077
156384,0.312904765151
29762,0.263157894737
1177,0.291613722999
8162,0.273491032593
1173,0.287252018274
30740,0.304902351534
138201,0.289919151086
176760,0.251603354711
13940,0.282531084575
65376,0.273899033298
160415,0.295461860315
178073,0.303832660356
31692,0.311905409079
23500,0.286070426924
160719,0.263702171665
175886,0.216509433962
129467,0.254349994459
178855,0.286070426924
5539,0.244382919817
162925,0.287395905078
147453,0.2437729035
178850,0.286570518824
147451,0.266798418972
151708,0.259380650995
11178,0.28555431131
11169,0.255283648498
145367,0.292654934966
14401,0.284898516541
14403,0.313932015594
29108,0.28637384577
178453,0.252544704264
29433,0.243993195832
8762,0.263959974697
174136,0.290892958996
7183,0.275113881563
7185,0.26628763706
174130,0.279044318804
114880,0.29702970297
66164,0.301576872536
66161,0.30894527832
8387,0.285465514025
8386,0.240503012837
61693,0.291780560676
127644,0.191345672836
13839,0.258795669824
12874,0.282374653953
8549,0.273425865253
8017,0.254180972422
65884,0.295157867661
23616,0.277777777778
8543,0.22762211753
147661,0.334816543876
6573,0.251796587855
24414,0.31631176349
24415,0.241299547892
6574,0.282253105399
12212,0.281871775976
155133,0.2629167144
175607,0.305186170213
27760,0.301042828097
28180,0.289717856467
130762,0.287000562746
7694,0.282044979722
144435,0.241261498029
7696,0.274226311387
144437,0.276306284614
7691,0.288370924169
126601,0.302530978118
143421,0.264980949082
28216,0.280425219941
23291,0.261003070624
25946,0.296664943123
177654,0.283298358227
3835,0.243578857992
180177,0.191098713518
65084,0.223194748359
63866,0.272662468813
3833,0.270844397238
110760,0.256238486016
10884,0.242229141379
155394,0.248578391552
155393,0.291077430401
4036,0.291854772048
1228,0.215513193727
60902,0.245113745594
60900,0.270286185373
177256,0.272678666904
177257,0.275626013331
177255,0.274160793215
161040,0.263838592861
18732,0.301378857518
11376,0.243269026924
11371,0.248081288509
160449,0.299667036626
11372,0.254632197936
160448,0.258708150152
160887,0.261627906977
141178,0.296301078045
7525,0.327482876712
6532,0.283420808892
160888,0.270956316411
16885,0.310260916588
19361,0.286606306588
25056,0.289626451287
16668,0.311482084691
25726,0.240566037736
12711,0.269445259759
141339,0.283176013326
145109,0.281284471136
12719,0.236171854901
14150,0.262645914397
6781,0.288099422546
15417,0.305918421754
23877,0.29217059198
13619,0.316573556797
64383,0.246020260492
6788,0.292524377031
164432,0.276722734672
4723,0.270079435128
65643,0.28247892178
65640,0.298750325436
120048,0.283193484699
61523,0.287864534337
12250,0.291576673866
5841,0.296511627907
177677,0.241833508957
4340,0.282931640264
5849,0.300628766047
5918,0.272727272727
120557,0.279027355623
16488,0.242664551943
165832,0.168582656921
21118,0.25638161202
177314,0.328349667358
177108,0.291521117815
177109,0.232864897773
13531,0.276057015697
4622,0.281526005888
150761,0.258897850979
25430,0.269841269841
16714,0.292916400766
25434,0.281353438764
16710,0.295119912557
25124,0.31165127648
29264,0.288788221971
2271,0.237614536419
2270,0.268814055637
10801,0.292040465738
166582,0.299921589127
120134,0.302013422819
166585,0.18701870187
64606,0.271260563796
16889,0.29939338595
120358,0.286195286195
63901,0.233385874816
9248,0.296435029708
162732,0.281785253852
11017,0.285643163856
63054,0.237221561838
63986,0.250819672131
141846,0.282827038018
141847,0.311905409079
9242,0.276456062157
25980,0.240125555846
64028,0.259043964106
153128,0.252836840366
65515,0.3
138613,0.290819235887
11012,0.271100348473
13289,0.291040517405
13288,0.23143246105
17534,0.285288085027
264395,0.258810262193
24890,0.226666666667
64027,0.222459167353
158414,0.298672566372
61836,0.280459489185
146648,0.275642565458
4826,0.26170249159
61839,0.285945676551
13440,0.273882689898
13443,0.254166897392
29342,0.249456521739
7980,0.271678011246
7982,0.306326748532
64930,0.300569707288
26038,0.251300301122
7985,0.257778276985
18049,0.306838692426
64934,0.249537892791
166051,0.294570658452
12136,0.274406647934
24096,0.250805966887
10156,0.282705099778
10405,0.279044318804
62472,0.293722403532
10407,0.263052323915
8599,0.252086994728
24466,0.320732303822
24099,0.275344931014
161852,0.288606639839
10390,0.231339146212
64334,0.273279352227
124434,0.291428571429
147849,0.284721791452
27965,0.265471370735
179298,0.32910303291
63479,0.307620132699
27960,0.205626735956
149683,0.223227312518
164408,0.25927808846
1979,0.239187076602
14898,0.249931935747
176670,0.294042280589
150477,0.248713085885
14891,0.256395933415
3594,0.277358148529
63876,0.265809589993
6215,0.266596968113
63874,0.302511039346
6213,0.299960789439
62870,0.256252791425
15708,0.281733366069
15709,0.27745874388
176999,0.306388091583
62654,0.29228222109
62655,0.219459717906
164679,0.24985030755
113439,0.269382005986
179621,0.291354576615
176698,0.237282878412
16705,0.296014446021
62895,0.302053171887
21427,0.244891426132
3231,0.305044194856
1968,0.258766490021
164572,0.290322580645
1618,0.215573924479
3238,0.298400728124
175522,0.290102389078
175523,0.264020707506
21429,0.224845694131
61398,0.297241289988
179534,0.277693750378
61399,0.306388091583
12956,0.280117173197
2870,0.271388872465
119216,0.267155578837
119217,0.266627940749
142748,0.224230581339
157803,0.263233354361
179442,0.292822966507
178662,0.277291125476
8818,0.28280961183
18439,0.302610759494
160661,0.263626443053
27816,0.261062450233
160667,0.306818181818
27810,0.268578115857
122394,0.285040054648
160668,0.281819856327
3358,0.273801002147
164756,0.304942864736
122159,0.29176201373
7067,0.303270564916
7065,0.284615861599
62257,0.236646731285
7063,0.296435029708
13174,0.259351339134
264507,0.225309247987
264506,0.290377680774
147204,0.280390959071
30539,0.281785253852
30536,0.223194748359
147208,0.294023445007
133044,0.269761974728
29804,0.273931725949
264509,0.285412262156
30247,0.270876364709
12482,0.253311258278
6963,0.250040856349
12485,0.285447761194
15459,0.242101376655
132482,0.2843866171
8151,0.297164314386
178868,0.273735687023
11096,0.276506024096
179843,0.253073826984
120444,0.265502082369
178862,0.314771636264
178863,0.298497756389
178864,0.292151995417
178865,0.259204879151
178866,0.275692233768
24396,0.304215270414
1545,0.279895115556
176833,0.284122562674
179378,0.27784503632
11115,0.281595092025
14477,0.27637283237
8579,0.307270049538
17694,0.314555921053
66379,0.235059148871
166639,0.267888409011
65893,0.27811439651
175743,0.287216069082
144640,0.229465580163
29112,0.292133401222
124678,0.306797673952
66371,0.226008173716
148950,0.258504167605
31203,0.242395437262
31752,0.2745215311
109186,0.2843866171
31576,0.323421645998
165855,0.293028600613
66155,0.310512785821
28176,0.228847783816
127383,0.284933887889
165854,0.318263763694
24409,0.288009035578
61685,0.281077770974
8539,0.301636327791
27776,0.271710175812
12828,0.264157458564
177802,0.286821221021
160474,0.26382342798
8530,0.275245862317
12825,0.248847926267
160479,0.280699608611
7883,0.258810262193
21136,0.245796294313
15291,0.267779009393
133825,0.29618635865
61759,0.251561986189
11027,0.223793271575
165912,0.260218833267
66085,0.304336294921
14503,0.244578249054
6565,0.258562415502
105670,0.301854531106
29607,0.277358148529
7685,0.237417886515
7682,0.281422440221
28733,0.323581247797
1380,0.256453234998
1382,0.258489609731
29609,0.246774193548
10332,0.289352581479
160989,0.277341389728
3820,0.228585657371
177924,0.301576872536
175476,0.290175749147
65072,0.285892245406
161056,0.274652943992
161055,0.288860918817
8440,0.299686602246
164571,0.301082322073
109079,0.275460601332
11566,0.25415282392
13990,0.280733944954
9258,0.276173285199
20245,0.27100431009
160505,0.258533288273
160502,0.32428995337
160503,0.242523512628
60931,0.244604316547
11361,0.283106149386
61356,0.277023356871
61350,0.259351339134
11811,0.278401164554
62516,0.230548997941
126496,0.283613445378
7409,0.278587035688
28648,0.25420912716
24776,0.3044978108
65218,0.264416153004
9899,0.296033537569
61229,0.308592174264
19355,0.290800810948
19605,0.280305343511
25737,0.28097453477
156633,0.229948399379
25047,0.284527646913
64163,0.259073206525
12726,0.320262349986
24005,0.287485907554
30877,0.280665280665
4759,0.242267497097
64857,0.272387395407
64850,0.275924256087
64851,0.284792455172
64853,0.295025067489
6774,0.245691039503
10984,0.28032246244
140529,0.255852842809
10981,0.283771251932
10983,0.265348595213
5870,0.281992996252
162403,0.272613886084
117902,0.244839174268
180183,0.287054409006
60802,0.240970180596
60801,0.284280936455
60800,0.281077770974
11296,0.277240879439
9969,0.260366441659
65671,0.263278650912
16955,0.316770186335
65325,0.297839205762
177111,0.300176574456
177110,0.277559412227
25132,0.278756224948
177112,0.272808320951
9466,0.267747768769
154056,0.261672652642
25234,0.296569102539
25138,0.241999261876
64103,0.270222536206
65459,0.170638313692
158563,0.281612368857
260778,0.30770262117
120093,0.27784503632
13526,0.289334341906
17130,0.295423826994
19911,0.296645770051
16721,0.278722370658
118003,0.269461077844
1408,0.297106608842
162233,0.200357937928
149268,0.283455814241
64584,0.325832327678
11748,0.268217144861
64199,0.311228641172
165934,0.280339583461
63919,0.296741660202
165244,0.305105025259
161909,0.312670299728
28195,0.266844950875
11580,0.269698572184
166593,0.276889666405
25312,0.310828198009
166591,0.271292629588
65630,0.284492376348
141859,0.249483639526
6008,0.288534070908
138662,0.288534070908
16836,0.30295030031
65521,0.274554372533
65527,0.294589564213
16832,0.315312220925
260893,0.26628763706
63687,0.294627383016
153130,0.297935869142
64030,0.241046108602
127179,0.211950498707
16838,0.321901956659
4839,0.233279121773
6357,0.263052323915
4045,0.283280873912
16790,0.295214818626
141459,0.25326932627
162585,0.279333008763
4523,0.301260173274
13453,0.29731830548
7346,0.265348595213
12108,0.308177789714
7993,0.273344449738
6196,0.278620857108
64929,0.259439294596
162349,0.29595718615
139225,0.316704616022
64925,0.280339583461
11636,0.275891086133
140983,0.310093230645
26045,0.235916940789
16813,0.207927519819
9340,0.272080616479
2735,0.269984118581
9614,0.291373071796
162560,0.282392026578
9611,0.315203955501
13657,0.306572268234
9619,0.216162757841
13184,0.271645854294
64327,0.256582257253
135784,0.296722477212
3532,0.225763612218
63468,0.244356899489
175404,0.222577829502
22815,0.261792049279
160272,0.284474744345
63467,0.296760845671
5050,0.272048364154
13189,0.296703296703
135788,0.286892930808
115554,0.289443813848
26022,0.274390243902
7203,0.290249146326
116104,0.294193052173
7205,0.240339302545
162699,0.303691941247
63863,0.239336740015
12216,0.283455814241
12215,0.292338067639
5559,0.246350364964
162160,0.289152072572
16401,0.288606639839
160183,0.246112600536
160181,0.286785379569
18549,0.260218833267
17072,0.287216069082
178015,0.267607276119
64901,0.256310029037
264708,0.293159609121
116503,0.278013325257
9761,0.270429505686
14084,0.195319148936
148390,0.2532972794
62317,0.275427542754
122015,0.317032739329
10504,0.269081955681
62313,0.243928362651
13071,0.294287362954
24171,0.296933626601
12122,0.280905752754
164506,0.238764044944
179299,0.312904765151
7331,0.231467473525
5518,0.252836840366
1976,0.261047602798
3226,0.279299014239
3221,0.295785539374
176229,0.273556231003
175533,0.278097546198
12124,0.322512647555
147988,0.248524554659
8858,0.304134640869
2163,0.250723766865
179058,0.23007518797
148170,0.269492719587
138402,0.287252018274
133328,0.292431192661
8850,0.294495059669
30185,0.2629167144
123720,0.300176574456
12926,0.294608472401
2845,0.275064421406
176275,0.273084245597
178906,0.297897196262
178673,0.226387176326
30188,0.303852773732
28502,0.291484092208
5475,0.252822913798
14268,0.283718630239
14269,0.256467564396
10213,0.241617097436
14260,0.255425709516
10187,0.305938812238
149477,0.240717432347
1773,0.328631774898
136825,0.301715637941
108449,0.298692002343
62224,0.304861849097
178973,0.209608183396
2697,0.305409541553
11456,0.280510908758
112111,0.242050308495
112112,0.332223508975
137662,0.2554114963
29741,0.226543605942
29746,0.300058835066
8148,0.28162964781
23079,0.191337696444
8638,0.288207961823
6994,0.203656047564
6995,0.266488620529
61407,0.255425709516
8633,0.260751008351
30293,0.286320254507
18364,0.257056451613
178081,0.26703124091
2807,0.285892245406
24547,0.279639332277
61409,0.271694092577
30298,0.290267501423
15111,0.287954830615
162906,0.252128536116
162907,0.271694092577
29127,0.288534070908
2999,0.299451983299
66366,0.283701094011
12677,0.283280873912
1554,0.274669379451
10386,0.236244788718
2990,0.287539936102
2991,0.261404407996
3036,0.288661090497
28435,0.283333333333
66368,0.280699608611
25896,0.30447761194
25895,0.32292106374
31587,0.295347789718
174118,0.27191943128
174119,0.237430167598
30614,0.183761710305
30612,0.306102034011
31748,0.270732570485
31744,0.322852922558
31214,0.251948622242
174115,0.312691600245
174116,0.287612005765
178704,0.302331708602
31564,0.287593984962
178706,0.257416858281
8031,0.287036458008
126718,0.291836215666
31560,0.231514173308
163983,0.237688364145
118795,0.278030165364
27997,0.249063975256
163987,0.291465582931
144567,0.296281951975
3031,0.27539449211
177872,0.285607616203
17724,0.312563840654
12589,0.30041233065
177871,0.290285858841
29129,0.24289569773
178493,0.289974098174
178492,0.300019609125
12850,0.266411283301
12581,0.202783300199
28347,0.266907018666
12855,0.232735016733
5608,0.253087781209
160255,0.27269486692
212340,0.270956316411
29900,0.288262262137
66098,0.324702886248
15092,0.249456521739
151161,0.238392022437
15027,0.215888246084
161120,0.270732570485
111961,0.20017444396
111965,0.280802642848
29634,0.258649836583
1397,0.227949940405
9325,0.254349994459
1393,0.276639344262
1974,0.258315043053
3813,0.250450155508
127282,0.28406981062
22650,0.224044516035
3814,0.281370685956
160991,0.306838692426
160990,0.316224595246
180150,0.178794016828
23253,0.27745874388
23252,0.271164411886
8455,0.274505113331
19557,0.288207961823
174470,0.299042282885
109084,0.263853759485
23700,0.255995538204
30964,0.253885723768
15337,0.25498583412
15331,0.254462800754
176701,0.256467564396
165742,0.288063260951
13200,0.259204879151
12459,0.288280366788
12458,0.231397459165
178848,0.253073826984
165744,0.231900166726
61321,0.290929834569
7549,0.243759957515
61325,0.297279792746
31368,0.312627707397
160867,0.251976284585
177475,0.285305818001
7267,0.2812327676
135990,0.279605263158
31567,0.236842105263
16641,0.293797606094
16643,0.291373071796
164411,0.28496926802
31242,0.295214818626
154595,0.293534565454
130305,0.2706048815
66148,0.295938104449
112254,0.298458937512
8030,0.234243429446
64821,0.280253999267
64820,0.305450189659
148217,0.281008938411
178703,0.264187866928
166458,0.292785609492
10999,0.233635345617
23810,0.242152466368
4740,0.292338067639
10991,0.271967766783
24617,0.277441972921
24610,0.272177419355
126714,0.276106833494
180395,0.217752265288
150562,0.255241061002
25633,0.322989233692
5860,0.281077770974
5862,0.26008612874
25140,0.300904680739
126716,0.283648498331
177124,0.287539936102
177125,0.272322752892
177127,0.280957336108
65448,0.299725741152
64132,0.268107476636
21132,0.271774527799
125533,0.268987341772
64135,0.241566233356
26044,0.257792754844
4608,0.24782679121
2184,0.302511039346
4605,0.303671849156
139025,0.29417419727
25389,0.254957507082
4601,0.334621272873
162221,0.264690617611
9999,0.279929255352
158354,0.31243618542
178494,0.256610946497
163921,0.292897709144
5606,0.278080697928
153728,0.281819856327
177051,0.285075461151
165924,0.250395504882
137611,0.25076486014
64626,0.265548163147
166213,0.248457291328
121974,0.286391713983
6130,0.297145076714
5600,0.211248159057
64554,0.28532355318
124254,0.234052317577
64004,0.271678011246
65406,0.283788796834
64550,0.236098966103
64552,0.239549084077
6136,0.242305864963
15347,0.265824984074
2436,0.28496926802
2435,0.250177140677
116770,0.290157405651
16821,0.327740092824
116772,0.191409507923
25405,0.208930766079
63679,0.284545285475
3761,0.271951653039
23577,0.258576981579
1161,0.277811402978
63676,0.28097453477
65532,0.301260173274
61811,0.249823109998
179186,0.276822869549
61815,0.298925431456
6346,0.266550522648
4510,0.243527164686
14623,0.268703898841
141460,0.281336193687
4517,0.279690451526
141462,0.259571339705
4515,0.261642820498
11649,0.277425203989
6185,0.247907102349
119493,0.297588174274
162355,0.309758401944
17195,0.301023084995
2504,0.247947277442
11644,0.284951576856
64485,0.275758486032
141913,0.265333256258
164075,0.272241992883
162576,0.306224564681
9355,0.26113671275
11291,0.272193559865
9359,0.281906399705
5284,0.270988310308
64356,0.277425203989
25964,0.266953588461
22829,0.29347826087
64314,0.27962229668
5047,0.209713528579
5046,0.261538461538
64319,0.253479125249
63415,0.280065897858
63417,0.279912184413
63789,0.285483269063
3786,0.271597633136
3785,0.242421041513
63781,0.283350824125
16910,0.290911395614
163771,0.297106608842
163772,0.252781143298
6239,0.28628453814
63898,0.258766490021
4990,0.311863024868
63895,0.302172481896
12206,0.241617097436
141001,0.245769972157
12200,0.242998570597
160742,0.239862040134
66690,0.263278650912
63892,0.304942864736
179305,0.309549500944
125275,0.291225176068
125274,0.268546688509
164680,0.248861418347
63527,0.261211017528
10519,0.239736759636
176781,0.292338067639
9778,0.248538011696
140904,0.254237288136
9774,0.23265244057
9777,0.254716981132
29353,0.267904044826
62302,0.247359344686
121759,0.270381715363
9772,0.260884392407
175509,0.276007215875
116004,0.306982343499
179288,0.228859194256
9289,0.204217832355
106073,0.299686602246
176235,0.261211017528
2942,0.240402241659
9284,0.297183554548
179281,0.283508338481
176238,0.268107476636
63099,0.295157867661
11910,0.276239768897
13241,0.235047111839
162770,0.294117647059
146119,0.304336294921
11914,0.240037652965
146114,0.298206860707
2859,0.290985165462
264418,0.300668151448
30198,0.243333510046
264414,0.285359030152
264416,0.241999261876
178645,0.29466521153
133246,0.283771251932
14219,0.30269058296
3336,0.313032803655
10200,0.252461360761
108693,0.233647238483
1995,0.292226395874
16478,0.285999127672
175342,0.174650888475
29755,0.275543282507
10195,0.251920965971
1704,0.280648119841
29751,0.238664725458
10190,0.285749859927
61971,0.208532097588
174744,0.277744160716
14182,0.254476908577
62236,0.265886578231
10198,0.253549135502
14186,0.277895501604
15855,0.276023813819
179605,0.272630078403
111629,0.296914418785
10056,0.251907140113
29282,0.314879604857
25462,0.252711556461
176524,0.294136494713
176523,0.267607276119
176521,0.21322060668
178803,0.293666026871
178800,0.276406118271
178801,0.281733366069
178806,0.251782775645
120193,0.303852773732
178804,0.292897709144
178805,0.257431295569
30990,0.302073050346
1121,0.288970032737
8606,0.268719629998
174871,0.288063260951
162919,0.301537248719
8605,0.266318537859
14324,0.284792455172
106404,0.298905965095
25880,0.238503507405
25882,0.266891499012
65553,0.287936766828
15106,0.2745215311
160912,0.234207572201
30281,0.282096982361
155616,0.25967413442
15101,0.29726054012
29131,0.252128536116
66313,0.298536585366
28408,0.231141101823
143527,0.289900840018
24378,0.270892351275
3028,0.203016497855
63657,0.245087569415
3024,0.297356828194
2986,0.265809589993
157354,0.244604316547
29910,0.246205009923
163610,0.278350515464
137230,0.285394515949
137943,0.259615384615
30354,0.279231050006
110566,0.213052357965
30608,0.253423144876
8734,0.279895115556
144998,0.27811439651
4001,0.26450757794
31775,0.241413769526
1013,0.273393293228
1234,0.263399517962
30778,0.238788887733
8515,0.254476908577
28397,0.284228125581
65413,0.285376771947
31554,0.249429409847
178738,0.305714666311
126721,0.244019138756
4194,0.234171725932
12598,0.285146300553
4193,0.279929255352
175966,0.272597695688
5671,0.268076159327
137874,0.277929155313
12840,0.278587035688
4351,0.272048364154
4352,0.24861878453
28717,0.264904484331
8457,0.293628454452
6509,0.253591160221
145977,0.304275770633
31489,0.311439815443
31488,0.28895184136
3612,0.228893432404
6500,0.236378617777
156176,0.278570128057
31170,0.259219517705
174567,0.226253265638
31276,0.307929692741
113490,0.253703294274
23062,0.260899221281
111976,0.293403221682
24283,0.245153020349
29627,0.262510723477
29621,0.265026849125
24287,0.3031904353
163887,0.25092936803
144375,0.259541984733
62797,0.254307717879
111579,0.299843219232
23485,0.247132934906
8463,0.262721080648
179459,0.272112876452
11340,0.293309476644
11669,0.282565870475
11343,0.314340501301
136307,0.215766464533
136306,0.261419296047
23714,0.305816510094
13561,0.303010298389
111779,0.297472456254
110685,0.261270491803
108306,0.305918421754
24755,0.223433773061
12445,0.179080020288
6433,0.203088358922
5709,0.263127722999
12441,0.268546688509
177260,0.272630078403
177267,0.282861896839
145935,0.279469069654
177264,0.268389662028
110179,0.32215047726
145809,0.292021885736
61338,0.280236888699
28884,0.269224001408
155073,0.295842732839
31392,0.266596968113
177284,0.281405186684
177287,0.266938063391
177286,0.295804601405
180231,0.281060559672
165798,0.257966616085
174401,0.304033914023
64156,0.258737316798
177288,0.246086210594
13646,0.25635297403
166689,0.292953791167
28866,0.303852773732
8007,0.326527708615
4771,0.275857924154
13988,0.285785442999
137704,0.260292616536
165640,0.253395163962
23809,0.309466019417
166449,0.283210958228
14368,0.264218282293
162272,0.29228222109
165649,0.297723292469
62967,0.313567427244
65838,0.260499432463
24620,0.261866727522
65831,0.2479204926
19024,0.299569246835
25623,0.265363935943
30857,0.293421977881
177606,0.288407163054
154039,0.274537950834
24978,0.259997734225
19932,0.30764075067
25406,0.286552628293
16748,0.314211391019
24975,0.268751097839
165746,0.26706231454
12053,0.276456062157
145024,0.301359070317
266315,0.290561499019
141277,0.259586019681
141276,0.286677908938
4611,0.295823665893
266319,0.246707874227
158587,0.279605263158
13505,0.252308707124
161927,0.302630711413
28769,0.274669379451
161924,0.326783425886
160207,0.293966952735
12691,0.26859383229
166200,0.283736168634
151630,0.313974964088
65621,0.27779458936
2222,0.276239768897
2220,0.269334585143
166208,0.270796460177
65944,0.267904044826
65235,0.258897850979
165264,0.294136494713
12945,0.276189903123
65231,0.300098071265
10832,0.294004611837
64630,0.281163859112
10839,0.240528218834
150139,0.286892930808
10441,0.286910863858
64637,0.269066182074
62243,0.293835221817
61739,0.296664943123
66697,0.273948075201
64549,0.243759957515
65548,0.300333704116
146616,0.281543274244
25579,0.249239791486
4503,0.257807234329
61737,0.290065722952
178851,0.160618679358
63667,0.278030165364
25570,0.312478725577
138641,0.263459993112
25572,0.23708677686
7824,0.285892245406
26067,0.300569707288
117868,0.302590810205
166061,0.272808320951
124394,0.282131661442
25088,0.285040054648
164510,0.27311674402
26061,0.286749547073
117161,0.301418439716
134308,0.283263391755
2080,0.240050206579
16698,0.294419499679
2086,0.277073524085
26069,0.287377911345
161813,0.205286461827
175085,0.290985165462
2538,0.22888201855
161810,0.224592650585
161816,0.30269058296
65036,0.295499903431
64942,0.26628763706
102696,0.279554175041
2536,0.273801002147
11657,0.259806418747
153028,0.279912184413
160213,0.289937464468
17762,0.311778290993
141496,0.272613886084
160216,0.256596601073
174147,0.266380360977
107446,0.257995615761
140821,0.263369290796
105574,0.280271111925
8987,0.252142386289
17160,0.29865313293
149070,0.238392022437
64304,0.294042280589
5073,0.24057864668
64306,0.288661090497
5071,0.240793201133
10345,0.268076159327
63405,0.276856263948
137641,0.283473320158
63798,0.211774476331
63799,0.29498714653
1837,0.260943718022
63790,0.282705099778
139665,0.255184299772
113530,0.187049187008
113533,0.25945395964
122921,0.275957434017
2150,0.276073619632
2403,0.274866758489
139662,0.292263610315
17715,0.297106608842
4988,0.271935541205
6242,0.244084020207
12277,0.233885350318
10740,0.243954291788
20904,0.280648119841
1690,0.277559412227
18560,0.309549500944
62686,0.276472714131
20909,0.296339337594
116395,0.254180972422
1951,0.267591674926
175511,0.289133858268
63531,0.263793103448
152249,0.291243654822
62330,0.276606002169
122034,0.258766490021
156383,0.28637384577
62335,0.322195704057
4409,0.278993435449
161064,0.282079646018
8873,0.279639332277
112101,0.296320206585
63083,0.282218396458
63080,0.276156669274
3243,0.327202737382
164663,0.298711440843
24113,0.280236888699
29968,0.253998118532
3246,0.266860465116
11903,0.227047882865
11032,0.297376093294
164661,0.279452054795
12635,0.277425203989
164660,0.270748540081
179077,0.279435042007
179253,0.294778755379
179254,0.301814834298
160623,0.187891440501
179256,0.277291125476
15446,0.27779458936
179258,0.271052320775
30161,0.261077299357
112007,0.307105580088
179700,0.249959157
62755,0.303250528541
9016,0.261538461538
62204,0.27845183208
7034,0.273067999286
10236,0.269145068606
10235,0.294306232367
62200,0.293872847173
20296,0.274570796195
147750,0.264599066121
5496,0.24926686217
14201,0.299373858596
5492,0.275990619927
27823,0.266086956522
1712,0.192808535663
179380,0.294249631387
29722,0.282983970407
63338,0.235059148871
21503,0.300746953217
12142,0.292617620808
14192,0.288389042473
31881,0.252183945937
63337,0.224132037697
156617,0.280253999267
13498,0.263369290796
156614,0.258358662614
4273,0.231911883589
176558,0.275196354698
12140,0.309507754552
176556,0.256668344238
162701,0.227576974565
178811,0.2943251042
119316,0.222556245151
119314,0.248457291328
178814,0.267950963222
30701,0.241489977377
31122,0.252280971749
30647,0.295766479799
6315,0.264005521684
2259,0.305673947789
137310,0.302830375404
11124,0.273915378648
2061,0.284916201117
64302,0.246641590543
179817,0.251644736842
144135,0.296530783642
7781,0.24064171123
31764,0.296224588577
122211,0.244513104624
122212,0.242446651173
66301,0.262480699949
9346,0.305450189659
7146,0.276106833494
154605,0.294930283364
24363,0.258649836583
29382,0.30597960136
5530,0.306347193486
164652,0.309862958212
29386,0.291336083783
147340,0.279197080292
29435,0.245572735541
29389,0.291891891892
1004,0.280733944954
29921,0.225121388984
12877,0.162864137956
30016,0.226387176326
28388,0.226454191129
28380,0.27799648719
178722,0.293741200563
4186,0.234602606696
30384,0.306449459207
6534,0.250518502347
179925,0.281318950723
5667,0.291465582931
109318,0.278283012004
147708,0.228767942584
165123,0.277173913043
166451,0.254166897392
175979,0.302650665963
175978,0.294854499904
4341,0.191609267376
118577,0.254900871883
28704,0.261315115286
5395,0.304760640064
2884,0.277962817174
14535,0.256267098431
2888,0.272209702289
133871,0.275212855258
174393,0.235941194613
174390,0.276606002169
150201,0.303290603938
8611,0.297646067051
66239,0.238354883938
24293,0.267716535433
66235,0.303070320238
22632,0.258664412511
62016,0.299295774648
61019,0.297125841533
66050,0.25536886614
145701,0.287648054146
139201,0.29218919091
5783,0.28719809786
66059,0.22761083011
26523,0.282235749862
26520,0.286624203822
8479,0.222642607683
8475,0.304094342123
161000,0.312990112513
7566,0.243695248208
12472,0.246734397678
12471,0.285714285714
150838,0.294892386765
24747,0.274883219547
150837,0.280390959071
12478,0.253689272094
119173,0.282374653953
177925,0.252253242471
61490,0.27146912704
126734,0.287108275474
28678,0.274242695824
7762,0.244122965642
66268,0.276239768897
61655,0.265363935943
28675,0.247346014981
61656,0.289845920687
66438,0.237307413918
61302,0.319816053512
31381,0.248564930142
127177,0.282461538462
165785,0.272274291138
11161,0.221685583192
28877,0.227791563275
6742,0.305633240112
4768,0.238577888664
11482,0.292879019908
165653,0.258445945946
165652,0.277475516866
177630,0.276672694394
120774,0.285714285714
163948,0.238305383936
140044,0.268672442051
121257,0.282531084575
163941,0.293066019665
140042,0.279248037963
65045,0.277676950998
3278,0.249253326093
65042,0.318418314256
9954,0.237331954498
24771,0.269034640408
14938,0.289133858268
7368,0.230780833627
64130,0.278502518051
25167,0.289316104633
25166,0.279963403477
120513,0.263203165319
65317,0.255553699683
142045,0.285234899329
181269,0.287108275474
66610,0.27295432921
12046,0.284951576856
12047,0.273035512462
32280,0.266117810761
16597,0.272
166789,0.154223506485
161952,0.291929021179
161953,0.216887964844
126046,0.273735687023
157058,0.271276595745
12689,0.257937622928
11796,0.216826491568
2237,0.24964647014
65220,0.284986961381
10827,0.265701881331
7186,0.290194094961
65226,0.274735140959
65228,0.292468459284
175111,0.295195832529
65958,0.299003322259
22729,0.278249272551
4093,0.267763388169
23753,0.267997898056
3497,0.277190651609
20847,0.287648054146
158733,0.289535103766
25509,0.285518785768
1633,0.227983907018
146607,0.304215270414
13406,0.230029066854
65552,0.287144197685
4579,0.251741348105
65550,0.268373969479
63650,0.269698572184
3650,0.252239380118
65554,0.24861878453
26071,0.322060061746
148281,0.285945676551
28712,0.256395933415
16689,0.317229939871
4496,0.270716602772
61871,0.281716074388
61870,0.284404238181
16681,0.314577479268
64979,0.305023923445
19907,0.314555921053
11465,0.323718174765
24965,0.26044030867
4494,0.306818181818
4600,0.256869438693
11462,0.28021978022
13510,0.3104917811
175835,0.273768340689
166303,0.2796734097
2663,0.246363587569
134932,0.282044979722
27920,0.272032240858
27925,0.271052320775
160204,0.289425562772
162559,0.278316759641
10353,0.21621366998
162557,0.334645669291
27928,0.295347789718
135425,0.303953380571
9372,0.270525137031
62922,0.29466521153
4885,0.287954830615
62921,0.276273022752
17151,0.30526735834
25216,0.283525850886
17157,0.326365187713
158743,0.250190777281
158742,0.259865255053
158740,0.263626443053
158746,0.289498580889
9171,0.272808320951
10685,0.191881610301
31193,0.215099114298
25186,0.294778755379
25181,0.2204505067
146738,0.207158008756
61903,0.280373831776
1820,0.240906943788
1823,0.282496307238
17080,0.275427542754
12262,0.252419709635
105365,0.268170133209
12266,0.285678720358
4973,0.28637384577
10530,0.2714209686
113270,0.270876364709
13554,0.25698449135
122841,0.301933956058
11805,0.264690617611
157117,0.292785609492
63501,0.257662512631
3275,0.266148672156
160338,0.294287362954
1926,0.284827800186
4225,0.258373205742
160336,0.285714285714
160331,0.264599066121
9715,0.26435523815
157118,0.298672566372
146137,0.264157458564
179066,0.284034653465
179065,0.27648936811
64745,0.222977896527
62123,0.294193052173
116029,0.297935869142
176017,0.283981934047
8881,0.224230581339
7366,0.263475116239
65886,0.275559824698
176863,0.300924408313
176725,0.315247252747
176726,0.202756427246
150221,0.284651162791
11930,0.246244635193
112876,0.283946798639
30175,0.290451180156
161798,0.291984732824
147391,0.25324137931
161797,0.236744377966
133468,0.285093167702
30170,0.295100938665
12915,0.27982686094
66149,0.212716655853
7022,0.294136494713
62745,0.247746532088
62217,0.241528099348
3310,0.269034640408
10221,0.270174819001
20029,0.266689907617
143892,0.288788221971
140194,0.291465582931
9393,0.27316550616
1728,0.282739928545
5327,0.265732646327
142382,0.293609671848
5581,0.270477312905
1722,0.281785253852
180822,0.279639332277
180821,0.26802919708
4383,0.275311900192
7092,0.266303086563
62213,0.256639642158
15363,0.300766660114
112473,0.210193707927
176540,0.295404814004
149620,0.287252018274
62698,0.272824536377
175163,0.267451345997
138321,0.278401164554
141983,0.231059652655
178828,0.301220632629
147175,0.288099422546
178538,0.287936766828
178539,0.290029066094
115121,0.298206860707
30710,0.283578401087
30714,0.253745370114
178531,0.288824565819
174490,0.270684672996
3007,0.26815446632
28462,0.219690805533
138921,0.28162964781
27765,0.268217144861
14304,0.257546852205
5826,0.263626443053
14309,0.251617147243
141400,0.276023813819
17105,0.315746027378
66504,0.298168117448
174647,0.314232902033
174169,0.29620547238
24352,0.275924256087
126036,0.212598425197
24350,0.275229357798
143356,0.306306306306
1585,0.221364842054
29939,0.282305184821
143357,0.255966986393
153813,0.273295623698
142251,0.243372216331
29930,0.219796006321
111000,0.266627940749
29934,0.250559528359
164648,0.242741551642
29392,0.243902439024
28749,0.239499086877
30006,0.296703296703
66686,0.255340453939
1210,0.252586396654
25929,0.254632197936
7692,0.25638161202
143073,0.294287362954
29733,0.26243567753
12868,0.283455814241
24291,0.279027355623
145552,0.278080697928
29612,0.284721791452
8060,0.224636617237
66688,0.318639361333
6522,0.321226117993
7481,0.2950629982
132518,0.243695248208
8264,0.292096219931
24032,0.299003322259
8266,0.262300702897
150937,0.275262368816
30398,0.29241256291
30399,0.264873910785
133869,0.308675184936
133868,0.284598214286
8199,0.269050410317
174389,0.271967766783
29734,0.182338219521
121717,0.238528296004
11060,0.275229357798
11065,0.244006166605
133866,0.27
23002,0.281681497392
1104,0.22341202239
156153,0.276772793054
31629,0.245284027147
156155,0.275311900192
8666,0.277929155313
156157,0.301319503709
16824,0.292636276697
17890,0.262886597938
28967,0.296014446021
4903,0.237160276945
29647,0.232158211522
174541,0.255539472219
66061,0.245612157534
114524,0.262841436179
129823,0.260558583106
66065,0.192719486081
4087,0.23180647442
3863,0.221642764016
144396,0.261151570323
3171,0.280819822576
66592,0.234626591014
160541,0.304679721208
66597,0.297453178666
176899,0.278097546198
177930,0.306429000601
161013,0.285465514025
8402,0.226130653266
160549,0.281767955801
23226,0.250299923656
3735,0.244852235143
23224,0.22817657586
161014,0.296972049689
160785,0.194532739987
3734,0.266658920583
160781,0.301497635313
28641,0.229936880072
19137,0.298342541436
5723,0.257027662672
160838,0.274406647934
6416,0.246191804334
30950,0.290249146326
6410,0.310030395137
9812,0.229167706825
61487,0.311757114718
28608,0.287575966418
27828,0.28496926802
7772,0.300078451883
66446,0.233564013841
61646,0.277157176499
144559,0.25919024225
61645,0.273360728962
144809,0.280613804487
2136,0.29217059198
65148,0.27637283237
140043,0.295537956345
60992,0.263717322608
65142,0.277492291881
117768,0.29218919091
30473,0.237135771854
62465,0.28149147553
166460,0.250231696015
141469,0.250956806998
8087,0.222351402412
4156,0.237258347979
11259,0.290175749147
2230,0.253759398496
60846,0.301477832512
165666,0.278131248864
140073,0.239099859353
9299,0.255070853015
61004,0.265379278446
110533,0.257200493108
160498,0.290892958996
9921,0.223618824905
165464,0.232475688817
165465,0.311270853113
28119,0.265317919075
180109,0.30731119443
165686,0.271228505584
19262,0.324427480916
130041,0.26706231454
64784,0.30423543448
22772,0.252475247525
65491,0.308841340331
25173,0.291040517405
16763,0.329410076073
164364,0.330073349633
22177,0.25672576766
145049,0.320329401912
64848,0.236329935125
145042,0.263007105203
12075,0.251424189308
145041,0.283929234195
145046,0.307249481224
119574,0.296129032258
31849,0.314685314685
161942,0.317317663325
140676,0.267810257308
6649,0.221108916614
9411,0.235541643147
31843,0.277878677806
31846,0.245428296439
5902,0.275477133597
5903,0.280134269149
165209,0.274751586256
65967,0.288642937995
10816,0.2595126364
25774,0.242882844745
150481,0.264782232478
25180,0.222923749393
63645,0.272549136037
110164,0.296569102539
63640,0.275031457846
106261,0.263233354361
63643,0.28555431131
24825,0.279639332277
12559,0.277861856045
23812,0.286713723531
65569,0.297395360892
11099,0.241008138619
17197,0.265963611079
61900,0.26698464402
4560,0.288497800126
109826,0.264400921659
3647,0.233338416959
148476,0.280579497524
29942,0.255070853015
148470,0.249673629243
11670,0.252114687466
117141,0.295385803462
117142,0.298303762917
64480,0.300825796304
117145,0.262270727387
2556,0.287666081725
28460,0.255312048059
2558,0.298497756389
6025,0.252920432004
141389,0.279214064116
12788,0.233196159122
165846,0.280940139552
24912,0.228767942584
2393,0.26859383229
2390,0.242126918816
18358,0.295690266057
12785,0.220514052366
141384,0.240364474235
27932,0.290010741139
62919,0.319370999165
157218,0.25908783021
27936,0.28628453814
27937,0.288915465475
5018,0.227712457211
2771,0.252600297177
62911,0.2738336714
160232,0.291206699657
160233,0.302890325987
7658,0.224537716466
24021,0.264690617611
17148,0.295861802243
25201,0.236536975006
17145,0.316464423607
64360,0.301933956058
7970,0.282705099778
64365,0.282270463071
16785,0.314211391019
12256,0.284510010537
116387,0.268971579256
176237,0.288117506748
141037,0.265348595213
12252,0.267607276119
4418,0.284527646913
176404,0.290414425815
4415,0.221439598611
118223,0.256052660939
61060,0.279146141215
6268,0.232228687073
21186,0.277257626095
119594,0.262210796915
6066,0.30347107438
125601,0.26706231454
2176,0.233338416959
125604,0.243617642376
17095,0.297819880613
24708,0.256324342436
122902,0.289316104633
28018,0.318573014992
2606,0.265701881331
28135,0.300235478807
174160,0.272484416741
14822,0.303631672951
14820,0.293421977881
113269,0.280305343511
14824,0.288063260951
62826,0.293365716477
162356,0.287377911345
175575,0.278502518051
62592,0.297048925705
62590,0.291484092208
10035,0.305186170213
5125,0.245139927366
10789,0.250627934913
63511,0.31957112024
64218,0.310051337476
31743,0.297993897293
3465,0.247880326187
61069,0.309215844786
179017,0.294608472401
8898,0.287720178023
3980,0.264340013822
8892,0.263399517962
3469,0.28125
177882,0.299237238412
11929,0.264843344296
12321,0.241566233356
177881,0.294532854209
31718,0.293797606094
4331,0.286875
11923,0.282879329471
11925,0.25420912716
113609,0.262375671659
13235,0.260189331671
132988,0.294627383016
14954,0.234470780548
7154,0.280940139552
14225,0.270238445687
30490,0.303571428571
179231,0.314966033075
30495,0.290763968073
30146,0.27982686094
12909,0.279571202339
7152,0.257648049397
62553,0.25176896495
63847,0.214165733483
25357,0.304356475035
29099,0.277023356871
29097,0.286034772855
108664,0.304963125374
10374,0.274488697524
27845,0.272808320951
137803,0.276556004097
4275,0.269920611585
29101,0.300392670157
176572,0.29498714653
164255,0.242985706723
18699,0.29325325837
9216,0.227983907018
164258,0.221942846091
137861,0.275295387753
5234,0.283771251932
175376,0.277040077257
121656,0.292505735407
164494,0.227599543809
158791,0.29440061574
13124,0.324198333098
13125,0.308716707022
146564,0.224889759922
137024,0.272484416741
64767,0.282722513089
2052,0.271806715225
179657,0.227182736092
15803,0.26113671275
11819,0.270972312415
176378,0.244669509595
15153,0.310849248273
29894,0.238565488565
179342,0.288624787776
179831,0.291114352762
148870,0.267904044826
137373,0.270047655469
175399,0.261851788465
178835,0.291465582931
178834,0.316028642247
24344,0.282792187789
3071,0.299921589127
28477,0.276256394824
1593,0.292785609492
2950,0.261315115286
1598,0.29355333845
15798,0.309028479095
31702,0.299706170421
31703,0.311757114718
65689,0.29609082699
160163,0.21981705857
31707,0.308612922746
5342,0.194532739987
7163,0.301914095902
126020,0.232699619772
143689,0.272905642428
66325,0.2557245529
143668,0.260825093761
178633,0.259380650995
178632,0.282409401341
62107,0.237725295214
12821,0.274751586256
137573,0.265517440852
30032,0.269603524229
4367,0.265655747193
1209,0.273915378648
30007,0.280528052805
66698,0.280596649957
29466,0.309403437816
8073,0.253899767673
31521,0.282062311805
23107,0.308426286789
24157,0.28149147553
144010,0.247506066325
164109,0.276772793054
18037,0.289462067226
175955,0.297607469364
175953,0.278807021806
8272,0.272549136037
132502,0.288316582915
162909,0.266411283301
6334,0.274751586256
179085,0.290414425815
8068,0.292505735407
162892,0.270908339727
3105,0.270079435128
3107,0.195260986089
106524,0.312798146381
162897,0.266907018666
162894,0.291891891892
14555,0.302650665963
1447,0.296549941853
178752,0.278468725353
175007,0.246363587569
175006,0.294646296059
20338,0.205543862792
1117,0.260543792927
30720,0.22695806962
114956,0.297781237836
31634,0.246165397404
106853,0.309132543103
174024,0.293421977881
175008,0.296799224054
1449,0.283333333333
31147,0.349075975359
31456,0.264340013822
11446,0.258198796197
4091,0.273931725949
4090,0.306490384615
13786,0.28192371476
31453,0.293140886448
4094,0.255184299772
22612,0.283106149386
2005,0.30934088152
23587,0.239862040134
177943,0.265333256258
163863,0.320106004603
66588,0.26358102676
177944,0.323649696799
177945,0.287575966418
66586,0.292879019908
111721,0.309382582906
11313,0.312968771308
11310,0.232381530984
160797,0.290322580645
107325,0.315811201321
6461,0.265502082369
160798,0.280699608611
19124,0.295919025208
128098,0.275576368876
7741,0.290892958996
61673,0.291817661644
28616,0.285288085027
61676,0.295480880649
174449,0.296799224054
22507,0.246880378657
13782,0.229971441455
150258,0.26859383229
61444,0.3104917811
60983,0.304396843292
161966,0.287359919865
28806,0.266581484493
6529,0.298711440843
8304,0.249009927847
140063,0.275179856115
166414,0.283123612139
175949,0.297356828194
6081,0.242178019311
62733,0.233516483516
28853,0.287018509255
163929,0.287323943662
61585,0.324175436118
61584,0.288425285912
61587,0.262736119061
61586,0.306797673952
4145,0.257272574407
163920,0.327880562897
163922,0.279537149817
15208,0.32849066056
8099,0.268562401264
11264,0.311503223617
65021,0.280528052805
157074,0.292822966507
177896,0.283841444561
160488,0.280854188338
160957,0.29172492691
9937,0.271212479319
1111,0.262525737817
22761,0.258941667607
165691,0.214807188319
61732,0.276156669274
17982,0.303591507375
65540,0.252781143298
165699,0.32059789062
16775,0.29155815283
16777,0.290782388343
128978,0.280991735537
158313,0.300451659357
25691,0.268499561275
110250,0.306531320956
25340,0.31252127732
12065,0.27471869763
6097,0.261047602798
10453,0.28752192433
12669,0.295938104449
121934,0.289152072572
161977,0.298187487819
6653,0.27962229668
61562,0.274982027318
177099,0.263399517962
107817,0.301458032313
19305,0.24378585086
25749,0.260218833267
25747,0.280493766805
127797,0.311080989495
64844,0.240679565833
165215,0.276356192426
65971,0.327319403837
120359,0.304821357418
177765,0.283771251932
161996,0.314620604565
161997,0.246099404858
161994,0.267108938547
65576,0.274669379451
63639,0.287738214644
24837,0.235493304602
64515,0.280733944954
25528,0.307372932432
266214,0.2843866171
148469,0.287936766828
266216,0.297607469364
65772,0.242152466368
162087,0.26324845148
65771,0.20076983641
21066,0.258927060416
19873,0.30347107438
13421,0.273344449738
21061,0.3104917811
2547,0.301299724301
63996,0.285146300553
10426,0.254068415809
139526,0.279537149817
64994,0.267591674926
11687,0.297568881686
153895,0.302491103203
114608,0.270477312905
11440,0.283123612139
165857,0.276656018323
165856,0.231631005248
65482,0.275097392868
65483,0.297800557971
3556,0.241096753861
23006,0.28813559322
64175,0.228733741964
12796,0.279486086586
2282,0.281664212077
177764,0.272112876452
9155,0.280476626948
3581,0.244474034621
160228,0.288081340614
3584,0.295595054096
156156,0.268373969479
64423,0.307167235495
8867,0.261434185795
27906,0.22506619594
177697,0.234974915532
140938,0.294004611837
160225,0.268358278765
17233,0.295480880649
64194,0.308426286789
1949,0.304821357418
260774,0.265348595213
25236,0.297761920208
16956,0.299139728884
16957,0.329528322205
17131,0.293403221682
260779,0.262901655307
17132,0.292972489947
7904,0.283315844701
7906,0.288788221971
17136,0.292654934966
125580,0.309904800486
61925,0.208759721654
4423,0.211423307232
128759,0.243165924984
163927,0.28628453814
148313,0.281112199902
166747,0.285927863951
111179,0.299530148786
62110,0.257532401953
148391,0.297742605086
162404,0.307826436859
64879,0.253535130358
162401,0.221578566256
176239,0.274998502187
122915,0.277391672206
6078,0.235662576372
2615,0.221792703552
7309,0.284951576856
8493,0.289608177172
160312,0.306613226453
163926,0.324358702565
64223,0.252990133936
16716,0.292003308098
66060,0.276522682089
7343,0.262691008985
16245,0.308074367407
1906,0.2557245529
10795,0.29939338595
63291,0.216223855285
64228,0.310638873849
64690,0.285465514025
10793,0.248564930142
149738,0.295176848875
120824,0.217628372291
179003,0.292375310529
176703,0.284439486893
143910,0.321361058601
146156,0.271116361488
163685,0.281474213528
160375,0.287756253526
163680,0.290800810948
163681,0.301398647318
65467,0.29888650127
147101,0.21585778781
12338,0.288027108434
163048,0.305368904265
163049,0.326550939101
138126,0.281163859112
138122,0.282757346147
16480,0.264935064935
27875,0.299412915851
14960,0.304902351534
27873,0.252739386598
176963,0.282931640264
163668,0.245756813193
163669,0.247306034483
62768,0.23738105089
121662,0.275196354698
14145,0.264035895076
10777,0.271565495208
29082,0.270732570485
10247,0.261017912994
9023,0.258285971527
30558,0.205350751611
15267,0.276322918548
5229,0.267747768769
63166,0.300983606557
176567,0.286821221021
176565,0.29300989467
155280,0.281871775976
29246,0.321338560627
29649,0.274899682578
29241,0.290782388343
11861,0.30293030623
14815,0.270047655469
155282,0.307620132699
176361,0.179781442168
176360,0.276989922153
176363,0.285767650355
176362,0.245809457505
138341,0.278790087464
175490,0.238615096694
8902,0.263535626112
163594,0.291613722999
163595,0.280545198949
163596,0.254335900704
179132,0.275146864884
15142,0.312542557538
162958,0.283946798639
29887,0.269492719587
61206,0.298983845753
238157,0.275460601332
109926,0.292991191115
162957,0.24500907441
162956,0.288479668154
112721,0.307620132699
14369,0.285785442999
3062,0.264812784861
7171,0.29440061574
28349,0.28628453814
133724,0.287072362249
14490,0.238553089756
23220,0.24426587196
138901,0.287144197685
2940,0.304983388704
5357,0.278485620677
62168,0.280922945101
174148,0.299217731421
174135,0.309257512465
31739,0.295766479799
31738,0.266380360977
174637,0.252156237983
160173,0.324106764581
149618,0.307826436859
112033,0.259497964722
112030,0.241122084472
178608,0.260322141561
147579,0.297414630986
30152,0.212657524092
112034,0.249334564615
65343,0.280117173197
164665,0.284774785954
164664,0.258213321332
178600,0.305105025259
179739,0.284034653465
179738,0.214435879467
1279,0.278164959699
118502,0.253087781209
144009,0.280682443588
30029,0.276289652682
115566,0.29334696747
177446,0.256109809173
12886,0.272775895882
1274,0.291354576615
162175,0.255099205246
122380,0.25619557937
14563,0.217319255717
14561,0.249660048953
133844,0.287954830615
8240,0.284298544441
1794,0.26700017451
24483,0.284052230955
8247,0.251782775645
8245,0.327249393983
66261,0.2796734097
24934,0.256209879989
138346,0.268656716418
111064,0.291465582931
62602,0.316595392468
3116,0.282652872714
165675,0.260351673284
162887,0.282687688612
64165,0.302471169687
28543,0.3
29063,0.276672694394
157955,0.325439591605
29061,0.302790421532
1478,0.301181102362
9890,0.267389024816
31607,0.292319449752
27747,0.267825884
31462,0.313803240582
31460,0.308592174264
28919,0.299588799687
8423,0.270286185373
64341,0.2796734097
22373,0.226063829787
66000,0.310533793383
1308,0.26590198123
2596,0.265578892553
163939,0.260071392147
144139,0.202291758484
177953,0.271068328117
136186,0.290267501423
122917,0.272921869426
160684,0.266736401674
11300,0.274242695824
11301,0.268185801928
11302,0.279980480664
11304,0.273768340689
24302,0.286910863858
140905,0.292766934558
61662,0.290359311741
28620,0.296454175547
177429,0.227836791423
24792,0.226711449175
18654,0.210299642628
9831,0.282287822878
12407,0.27643941219
28629,0.288045183558
9835,0.269318781905
110732,0.255113383726
174454,0.263339070568
122916,0.26517996418
7759,0.244891426132
25823,0.306633709667
113093,0.305714666311
7300,0.2448
180698,0.274144418563
178779,0.276872964169
109699,0.297183554548
126417,0.287774294671
29359,0.284774785954
180272,0.285412262156
27914,0.302850356295
3937,0.248524554659
61112,0.283420808892
61441,0.259483294703
66484,0.297125841533
163916,0.294495059669
166402,0.243682310469
163911,0.228779345063
8334,0.257561304079
6717,0.276689372476
163919,0.275130372235
175347,0.231048021746
61592,0.264461857571
9904,0.274308253152
61591,0.27637283237
61596,0.231024763439
127094,0.28021978022
176070,0.283158544109
19069,0.283018867925
28340,0.248901903367
24669,0.287252018274
24725,0.276356192426
13962,0.271613704953
5690,0.233968804159
61061,0.296415886342
5697,0.225331369661
24463,0.246469419535
24898,0.269619360902
165442,0.21792802203
177884,0.285981308411
177883,0.300274761219
24468,0.279282020079
65011,0.270349864531
177880,0.245441420245
19209,0.265732646327
25356,0.290029066094
177376,0.273948075201
138611,0.302132701422
64768,0.236707751019
155738,0.218425811364
64766,0.280493766805
22794,0.269018872348
1300,0.240818467996
25359,0.268060503416
13963,0.253031973539
119756,0.308364124958
9324,0.230606913183
110065,0.299843219232
29086,0.281837160752
117018,0.315442237647
25680,0.249456521739
17120,0.296991264963
165993,0.294495059669
23978,0.242626070409
6669,0.286964676461
4040,0.218904998092
230796,0.255496799332
6661,0.262570791145
4049,0.231152742106
161965,0.265594259924
177088,0.265409968775
164369,0.299315291816
65908,0.29100361377
22086,0.299159225706
65905,0.256682697685
65904,0.289224952741
10877,0.284598214286
1602,0.284474744345
16890,0.314491264132
163933,0.293215791491
25536,0.161562829989
17239,0.32215047726
16898,0.311947804812
65587,0.24538893344
24800,0.285643163856
2285,0.261449077239
25676,0.273523627913
124198,0.30526735834
64699,0.306347193486
13431,0.277391672206
153793,0.271485183652
3918,0.243243243243
124196,0.297974552064
121817,0.272452068618
121816,0.302830375404
121815,0.265103384544
162329,0.284774785954
11499,0.251782775645
2577,0.288298473714
11694,0.274883219547
2573,0.285234899329
10905,0.267763388169
65345,0.294495059669
29709,0.283368317076
181099,0.221792703552
1661,0.278164959699
10903,0.290084054857
10902,0.242664551943
64160,0.228290062668
11455,0.251990118035
7526,0.270079435128
166622,0.261419296047
11450,0.272646272646
150049,0.168582656921
64166,0.29085609277
21237,0.27814810326
2595,0.325832327678
140902,0.244200893807
143870,0.296052631579
64344,0.264751687143
9125,0.260928884088
64346,0.219669777459
2593,0.263218258975
13794,0.271983882437
113140,0.288370924169
10305,0.263142808003
27913,0.248027666703
17438,0.296914418785
21238,0.280117173197
10086,0.267046776821
4430,0.287539936102
63758,0.26802919708
13323,0.242433845666
25224,0.231467473525
7912,0.278654686741
7911,0.237860807379
13328,0.233528364284
1878,0.266457680251
12603,0.307434695244
4941,0.278705446597
118081,0.272403560831
9445,0.282201045189
138205,0.27491614758
62501,0.281733366069
12138,0.276189903123
136646,0.254632197936
2111,0.285572077397
1559,0.28195835125
2620,0.303852773732
122078,0.294911333847
63281,0.298614273632
160364,0.260204081633
62378,0.278013325257
2628,0.232794035604
62374,0.242241925269
63288,0.287359919865
1919,0.293929303279
149177,0.264766958929
124050,0.272452068618
5835,0.239924729497
122678,0.23200566114
63572,0.239486590838
64794,0.297048925705
122674,0.274095306342
176289,0.206747443809
62571,0.279758639605
10016,0.255995538204
121077,0.295195832529
26037,0.266318537859
120816,0.285234899329
7278,0.279401022644
29705,0.240654328108
143909,0.281422440221
2025,0.260810273311
62972,0.318639361333
10499,0.270668710933
2751,0.284510010537
62979,0.303210463734
3144,0.232735016733
152931,0.304215270414
163051,0.295614091582
163930,0.258766490021
179783,0.26149376175
10277,0.288751887267
108645,0.29100361377
163931,0.281767955801
156933,0.272630078403
163673,0.321293574129
14790,0.26698464402
14793,0.277374909355
14794,0.237712983583
163678,0.24644295302
176914,0.284527646913
10278,0.317977138899
121673,0.280356706572
125315,0.310954542375
5210,0.294268495961
125000,0.270015883287
62712,0.311165344722
20548,0.287090317738
14027,0.248027666703
175157,0.288280366788
163586,0.271212479319
29278,0.272646272646
63172,0.240793201133
142644,0.32976506933
27938,0.299882399059
264265,0.277307878202
2820,0.266488620529
176594,0.290892958996
176595,0.254505128916
164270,0.279146141215
176593,0.266164105538
63178,0.313225058005
176591,0.293835221817
11872,0.253451131971
176351,0.299627913049
176353,0.27311674402
112626,0.295614091582
11877,0.272
112624,0.310870301388
163893,0.219176773947
133726,0.256639642158
175483,0.280699608611
142088,0.294703049759
176602,0.307167235495
164471,0.283438310485
164296,0.262061090494
179361,0.316268173362
10159,0.218031540946
164293,0.282374653953
164290,0.272290443139
180193,0.298867039979
29875,0.305084745763
142460,0.276939785206
142462,0.265625
30231,0.254026232774
126010,0.243682310469
112754,0.285288085027
11976,0.256740127531
165466,0.296972049689
29133,0.25783619818
7106,0.271453072328
7107,0.234159779614
66681,0.295938104449
24379,0.279588231711
14370,0.265701881331
122778,0.289992418499
156953,0.296818416968
9922,0.238925615533
143526,0.216335957016
176282,0.29347826087
62396,0.264935064935
62391,0.305531518339
31674,0.26450757794
1045,0.249782324771
143605,0.306326748532
31720,0.292654934966
166623,0.298614273632
175739,0.242318656953
62399,0.274669379451
165463,0.269904739504
178619,0.29595718615
5109,0.291243654822
3026,0.228165233385
164612,0.303050310313
5439,0.262886597938
164610,0.234902763562
164611,0.256797583082
4450,0.236976612112
174066,0.287720178023
164615,0.301477832512
30059,0.332247557003
132525,0.288988226406
14163,0.229087642244
149721,0.270572978071
8253,0.262796289935
61589,0.293590891646
111631,0.241591662719
30055,0.320150659134
1266,0.237148023766
62575,0.311186440678
8789,0.298051948052
24491,0.283683559951
1913,0.282218396458
10787,0.23484267076
143640,0.272468241719
31616,0.293684816687
3129,0.294268495961
29698,0.210569777044
66275,0.241375683635
9230,0.242677381834
160417,0.290139064475
3121,0.233101416891
3126,0.214877580638
178507,0.262001255779
29052,0.316181029138
137351,0.308675184936
31778,0.295366795367
1468,0.237528462016
29055,0.295880874106
115404,0.283946798639
144727,0.273768340689
164058,0.28125
115077,0.263339070568
8431,0.287954830615
126318,0.260100867003
8864,0.277173913043
157353,0.297761920208
23768,0.211891792078
23767,0.30051067173
65365,0.279214064116
31477,0.252683732453
66016,0.247239429033
28900,0.29355333845
178569,0.283946798639
5750,0.257301418241
12433,0.246297488731
24781,0.286892930808
147639,0.256826320501
147638,0.302232172253
165053,0.26590198123
29397,0.261478865216
160571,0.306510851419
160570,0.224515750342
23561,0.293797606094
114370,0.285838834226
61610,0.242767229069
15197,0.296377607025
133949,0.268640992626
5594,0.260130348541
5597,0.223967990631
162988,0.298284377437
105936,0.274242695824
133944,0.258664412511
133945,0.266272189349
122315,0.269066182074
11550,0.292468459284
178767,0.297414630986
63621,0.295938104449
110728,0.255425709516
175983,0.244474034621
126775,0.285412262156
61439,0.286785379569
61129,0.322966507177
14386,0.280733944954
119474,0.265671123459
61122,0.275295387753
61121,0.256553574423
162264,0.236281272521
61435,0.288189866265
13906,0.228131212724
66708,0.306654195617
127958,0.224197723831
25376,0.296703296703
12304,0.251699934196
166434,0.281889086778
1230,0.245480800086
166436,0.290543106722
166433,0.253829563679
4128,0.254943345923
6216,0.226913189638
24678,0.297433903577
4199,0.284351381489
4127,0.260115606936
155794,0.277324632953
65009,0.289316104633
24474,0.258213321332
7437,0.285447761194
61725,0.262901655307
176479,0.330930064888
61055,0.300373012237
61726,0.25566757645
5680,0.243527164686
266165,0.292151995417
27786,0.285022354694
25320,0.286713723531
25322,0.230885311871
6386,0.236074679833
62977,0.272338910644
60894,0.258737316798
62976,0.299980393438
1050,0.240755310779
1239,0.255710306407
148531,0.269587689416
23945,0.274111675127
23943,0.289407313997
176256,0.31780101087
23940,0.277643358335
22144,0.251962452654
12679,0.286803299175
177744,0.28032246244
177745,0.270988310308
113491,0.270620836036
177740,0.28628453814
4052,0.279282020079
163879,0.268358278765
163878,0.260825093761
163877,0.250190777281
11514,0.288027108434
11511,0.302471169687
11513,0.312670299728
4058,0.287485907554
110387,0.224351141307
145186,0.283894111826
65176,0.307146680942
5978,0.274144418563
177983,0.25698449135
160592,0.25060056781
5973,0.277408437084
8699,0.259014728288
10860,0.28202764977
65911,0.236378617777
10867,0.297164314386
150279,0.32242202866
150278,0.281284471136
21828,0.298148749594
17208,0.309090909091
150699,0.289152072572
14650,0.299256747946
3619,0.23851590106
2290,0.288153681964
19508,0.306388091583
25783,0.283911671924
65006,0.282339915113
141198,0.259029345372
25789,0.227599543809
141197,0.2850577568
148249,0.252086994728
10813,0.249334564615
162338,0.286767462202
29736,0.288970032737
141359,0.242523512628
114628,0.297877863586
63058,0.29935433379
162336,0.291669314355
162335,0.233742425014
10916,0.300392670157
10917,0.279486086586
135044,0.285217175169
24922,0.244330884701
24925,0.265578892553
5020,0.27
25777,0.212933753943
7291,0.271887217154
17115,0.287900646052
13128,0.256052660939
8512,0.283438310485
7923,0.266504093364
2581,0.253717318003
64404,0.298148749594
163679,0.284651162791
61544,0.258373205742
64408,0.280476626948
31483,0.270860380031
2589,0.288352808142
112533,0.298148749594
1860,0.297935869142
13353,0.2950629982
13354,0.262781244633
4448,0.218363463368
14418,0.247666324934
164585,0.222967064996
64867,0.274850299401
176169,0.234183673469
162198,0.23709902371
13597,0.294495059669
162584,0.300668151448
64891,0.25789414541
4685,0.293497026664
163118,0.261598085034
4936,0.216519647153
62897,0.232381530984
138747,0.283560882189
163117,0.298148749594
138741,0.266581484493
13599,0.313139582481
163113,0.243604712875
25978,0.299980393438
64535,0.29935433379
24810,0.293948126801
61718,0.241820768137
6502,0.290359311741
2101,0.255383074612
19318,0.297568881686
61635,0.292151995417
63814,0.300058835066
160373,0.280665280665
5116,0.224636617237
63543,0.301279947489
63541,0.287792338078
160376,0.29620547238
160378,0.327016243944
122061,0.265824984074
10008,0.223303332523
62811,0.263914443422
176291,0.300963871222
17061,0.299315291816
5256,0.248255719617
9599,0.281387935262
20791,0.29228222109
28256,0.271581563221
157153,0.262525737817
64568,0.264309570425
9225,0.214335745972
19057,0.2943251042
9590,0.253073826984
3439,0.280802642848
25013,0.28150873965
176762,0.326481257557
176764,0.284916201117
176766,0.305145592341
176768,0.274800933964
146171,0.279929255352
179027,0.281802554028
179026,0.274784482759
158473,0.292040465738
163069,0.298071303331
162517,0.222211463981
5218,0.252308707124
4844,0.277811402978
4598,0.249226258348
10484,0.253143613501
4842,0.286052598779
4843,0.274111675127
14908,0.29574742268
179597,0.198744316952
112295,0.301933956058
179598,0.268123138034
133424,0.286839145107
5254,0.243850608298
10466,0.26859383229
29265,0.300550026192
174729,0.275907670113
20570,0.204427025342
17252,0.284228125581
17795,0.284651162791
175153,0.292300834235
62700,0.240364474235
29268,0.299627913049
63383,0.261359754014
13062,0.267435762979
121440,0.264950357885
264270,0.294949235317
111974,0.258285971527
28139,0.276023813819
31574,0.264400921659
179110,0.276872964169
28322,0.323900924423
164266,0.274062574636
62494,0.237553048339
28323,0.287666081725
134026,0.270684672996
25877,0.294249631387
18533,0.311102074014
176343,0.263959974697
11842,0.299764890282
133732,0.261687571266
11191,0.281008938411
21542,0.277056799662
108188,0.228916263528
2960,0.299882399059
29868,0.275080906149
14340,0.205075507104
30594,0.252739386598
176592,0.247506066325
1783,0.211618257261
30222,0.30051067173
2968,0.305714666311
30220,0.252364196173
1613,0.283141077046
62634,0.308862122334
122536,0.232971271952
7117,0.236488227111
7116,0.236695544554
24318,0.296320206585
24316,0.240793201133
1611,0.254547471162
6873,0.254349994459
24980,0.271581563221
108740,0.259336685688
176350,0.296281951975
29461,0.19348311765
62382,0.273703041145
61028,0.234267340377
1078,0.265134011091
1076,0.256066945607
3643,0.312734209988
1072,0.297106608842
62388,0.268091817067
164609,0.313803240582
179202,0.245362698455
149578,0.297125841533
1678,0.26773215119
30137,0.268436750687
13003,0.266117810761
28819,0.258256906544
178371,0.299315291816
30138,0.309779307552
179208,0.275626013331
164605,0.269081955681
3807,0.253115694276
164607,0.276606002169
164606,0.232452142206
1094,0.257590212694
175004,0.266457680251
3806,0.241122084472
175900,0.276956495505
30822,0.317054638392
8229,0.268044849334
66393,0.298458937512
264709,0.260943718022
66646,0.269034640408
118525,0.303150386368
148932,0.293684816687
29151,0.238491115037
65590,0.229121948785
109580,0.262076053443
65607,0.268908547659
109584,0.295995356936
178976,0.253563142194
28742,0.235227796853
14581,0.260884392407
3138,0.214948019106
14583,0.299276260025
2555,0.230560578662
178083,0.302471169687
174053,0.299120234604
28022,0.318506696274
174507,0.2812327676
160600,0.243088655863
20202,0.263732475293
62055,0.301993552207
178089,0.284210526316
20209,0.240894300409
174292,0.278637770898
8348,0.272970561998
164046,0.237135771854
117260,0.281871775976
29517,0.239149689991
29040,0.273866348449
122263,0.279452054795
179360,0.299764890282
28938,0.277475516866
116531,0.298245614035
1327,0.283525850886
133547,0.277324632953
28930,0.320307048151
23776,0.274390243902
9850,0.263914443422
12421,0.298944900352
137434,0.272322752892
112759,0.233314695268
137432,0.241515390687
114368,0.246376811594
6900,0.259586019681
12428,0.284898516541
8717,0.272306597057
5764,0.263172983201
4201,0.275179856115
5763,0.28263546798
8133,0.308281281483
165844,0.292543021033
61600,0.256209879989
5568,0.231455801523
165845,0.287252018274
61608,0.277173913043
5567,0.270286185373
5560,0.265363935943
177405,0.244708642107
1257,0.285447761194
1254,0.240263819095
17367,0.301220632629
28338,0.25021805495
178798,0.282861896839
1523,0.236038259796
7733,0.267373449059
25805,0.241312233847
31099,0.241897233202
63520,0.254012174875
174471,0.268640992626
1259,0.283036319911
6437,0.245454545455
66731,0.282114320836
30236,0.338795394154
126434,0.292879019908
174876,0.239887111947
133288,0.290359311741
61420,0.213607594937
122257,0.28692879915
22221,0.307888382077
6435,0.241477272727
14489,0.257546852205
8358,0.29172492691
11213,0.242664551943
4115,0.248632251774
6730,0.271935541205
11770,0.266086956522
8350,0.2738336714
24783,0.236354273944
140030,0.258737316798
140033,0.282305184821
163891,0.245664739884
62139,0.297414630986
164116,0.230618499724
19049,0.299627913049
177570,0.304275770633
142260,0.283018867925
30971,0.208702769063
24440,0.29468412943
24447,0.301023084995
7422,0.292487096158
126322,0.294930283364
7420,0.207776922729
178672,0.282496307238
127234,0.264492336061
27790,0.270940322295
61735,0.306429000601
28155,0.297723292469
66029,0.288751887267
181290,0.246668099742
61557,0.269524368761
25331,0.320128330311
61552,0.263868927853
122520,0.255127563782
25334,0.300825796304
116526,0.29376
65615,0.265686501505
25338,0.308239876435
25339,0.266550522648
63422,0.28569650193
145080,0.288860918817
29616,0.214125769733
114747,0.258184272697
6865,0.26577880718
176369,0.204563686603
31887,0.275659119572
114748,0.241757084167
117034,0.301458032313
117035,0.294721972518
117036,0.239549084077
65290,0.299608355091
4060,0.271068328117
6867,0.291188225592
4066,0.22692440797
23793,0.29129910516
65921,0.214005967922
11509,0.237565343409
11506,0.29129910516
6733,0.295290787442
62093,0.257966616085
26013,0.273295623698
5786,0.307723250201
177996,0.286660004996
65105,0.29939338595
62520,0.319816053512
65106,0.296741660202
120656,0.249836708034
65108,0.254307717879
165734,0.278249272551
5788,0.26628763706
154760,0.322263568069
127439,0.299315291816
3607,0.225530660377
63600,0.267904044826
19538,0.323786681716
65796,0.311545510079
63971,0.224526732867
115876,0.296014446021
17780,0.291669314355
148234,0.276339554485
16637,0.313524590164
16188,0.26590198123
9465,0.253591160221
157755,0.273230549437
12181,0.282548476454
12180,0.283508338481
143974,0.248538011696
160853,0.307208352855
164755,0.251865671642
6115,0.266581484493
6116,0.273100493842
29613,0.299451983299
6110,0.28813559322
124046,0.324656952893
10920,0.258576981579
166197,0.306797673952
64741,0.285767650355
2352,0.293440736479
163977,0.268987341772
28145,0.29364723946
109621,0.312011420026
3905,0.235807860262
3855,0.260322141561
7281,0.263278650912
64418,0.247186170499
9459,0.262150893826
17106,0.299471520846
7936,0.282305184821
10894,0.263429752066
64410,0.305490848586
134384,0.287882589062
13342,0.303210463734
16989,0.296033537569
13341,0.284087392461
254096,0.288915465475
65430,0.32046359003
7974,0.288497800126
118264,0.273931725949
16981,0.323376074398
118267,0.271855010661
7977,0.281854467301
16985,0.318639361333
16456,0.301359070317
13580,0.287162162162
4690,0.310512785821
165501,0.30731119443
162457,0.29325325837
6737,0.305064468962
148349,0.283245911756
4699,0.318307905687
163102,0.263399517962
130040,0.288770053476
162459,0.289297869658
2138,0.229821750451
154434,0.296933626601
1682,0.266566002671
11721,0.214295718754
154439,0.236244788718
7750,0.278925619835
11729,0.294211909493
121053,0.291706387035
63551,0.298983845753
155754,0.299921589127
5165,0.238169364882
63800,0.278468725353
6223,0.223455527968
62823,0.239311783107
160837,0.256066945607
1686,0.204090706981
160340,0.267919682466
160341,0.285234899329
138483,0.272711068861
21499,0.263656729278
17074,0.298711440843
16781,0.301675977654
17076,0.301121826412
138489,0.29785853342
17070,0.297376093294
21496,0.259953559495
64254,0.255753050649
17073,0.282513694836
3429,0.257157263712
178610,0.283280873912
20488,0.245205406272
61494,0.247599525299
125595,0.295995356936
176022,0.275411016441
120877,0.234794618651
3424,0.287144197685
2002,0.308281281483
6335,0.257923128793
144436,0.257676977488
113139,0.299178725068
6331,0.272711068861
9698,0.278097546198
6333,0.267420181776
162078,0.302431310536
62954,0.268358278765
6338,0.287305958938
113646,0.27100431009
165124,0.217514927495
14918,0.267280032609
14170,0.26189661075
62732,0.256740127531
14172,0.30281039715
62730,0.290837663161
27886,0.295995356936
10297,0.244174912225
264391,0.251080356654
27882,0.264416153004
123434,0.291132817455
29211,0.32086682978
10451,0.293403221682
9555,0.316660917558
29217,0.251741348105
24040,0.280665280665
152170,0.24851109908
129120,0.280733944954
264713,0.263687022462
175131,0.288479668154
175130,0.287144197685
166569,0.274291860882
62990,0.289900840018
160293,0.304538216561
125600,0.275708793849
10581,0.268940059764
13169,0.217721278816
7951,0.251245278888
13163,0.25588136916
8901,0.262315693222
1706,0.262766201053
11856,0.299921589127
6308,0.2706048815
65930,0.272371231901
30219,0.255496799332
2916,0.238788887733
157217,0.247586169696
14359,0.28305377405
137602,0.260973390948
174663,0.277559412227
6848,0.266736401674
11538,0.280733944954
110039,0.287774294671
17919,0.296991264963
113917,0.275874504147
180466,0.208286064346
7124,0.25789414541
24304,0.249442965056
152008,0.266241299304
6845,0.263565891473
107755,0.276656018323
164633,0.294759825328
30697,0.271742347996
5301,0.2507100721
9217,0.231654385788
111940,0.299921589127
29453,0.283315844701
21440,0.302610759494
28758,0.272112876452
176247,0.21995399655
13013,0.254110612855
13011,0.290175749147
106418,0.301023084995
157634,0.262615859938
157635,0.300569707288
28249,0.28032246244
176248,0.292916400766
176249,0.274160793215
175913,0.258300506472
30674,0.291095890411
157855,0.314771636264
156859,0.217587105949
1082,0.223978919631
136648,0.228244654401
4321,0.266736401674
156857,0.272905642428
4322,0.249470079896
14828,0.29843953186
121493,0.279384016069
133432,0.272225846628
12091,0.277945985225
162809,0.265871177016
2829,0.26831121763
14597,0.273931725949
14592,0.29544284243
14590,0.233849602609
9538,0.247346014981
31673,0.31252127732
28034,0.305470517769
61140,0.281060559672
7632,0.260455087102
17861,0.29570931581
7636,0.252447475525
7637,0.262016211896
109599,0.322512647555
136884,0.283176013326
142337,0.276456062157
142336,0.302870339822
164704,0.275940844054
9699,0.23131582926
157452,0.286695815116
178568,0.275064421406
29032,0.280202673829
142339,0.287072362249
165728,0.232935803096
28152,0.303010298389
31418,0.267654090618
31419,0.235626283368
4213,0.225464190981
16582,0.257734853164
162733,0.284421861445
122273,0.232475688817
6932,0.285803237858
147658,0.276073619632
6936,0.245166114731
9846,0.281267234512
8694,0.286320254507
9849,0.25153441473
8123,0.245048315627
147657,0.239424130197
8692,0.300196206671
178899,0.297087378641
25021,0.261285364604
3662,0.278502518051
151078,0.304720175264
178892,0.275576368876
5572,0.1780657175
25108,0.286857071433
115766,0.293572113847
66654,0.330477356181
3093,0.275659119572
126555,0.323444436615
126554,0.270796460177
1533,0.185484522751
111873,0.273817335799
29143,0.242741551642
114829,0.285359030152
25870,0.257489060922
154757,0.29023079355
28490,0.320485965647
25874,0.287557950132
1539,0.299901992813
136265,0.305796135909
174049,0.223281607238
66728,0.279333008763
180083,0.272646272646
61380,0.287972896669
23898,0.277828218631
22542,0.251589563692
22543,0.237786872507
126423,0.288570350811
65556,0.308364124958
61388,0.286660004996
9317,0.278468725353
31095,0.274455871801
17341,0.242152466368
110802,0.203466465712
11228,0.24909100776
140023,0.276756104914
4108,0.279061284047
8341,0.285501026311
177699,0.290212443096
147868,0.261851788465
11220,0.289079229122
12568,0.188261351052
160913,0.259586019681
155174,0.282096982361
2953,0.249986384184
15240,0.257042056336
178505,0.292729591837
15247,0.28692879915
181931,0.249986384184
28924,0.310701956272
174317,0.283123612139
66032,0.265994436718
25906,0.261523559911
22306,0.325924873962
174313,0.327086154065
174310,0.256081231868
1634,0.274259082218
61703,0.267482517483
22308,0.253577150434
180402,0.2850577568
180405,0.291151284491
3897,0.292953791167
106589,0.268076159327
117026,0.304174950298
109919,0.239449110543
16531,0.266040688576
61567,0.235360475849
174282,0.256855064354
117020,0.325786074242
25655,0.266488620529
126136,0.299921589127
10757,0.27962229668
16974,0.31529056189
166562,0.293159609121
166563,0.255113383726
12621,0.280459489185
6617,0.239461602671
166564,0.292319449752
12625,0.286123924698
31895,0.302311796088
62626,0.285803237858
7277,0.297241289988
10840,0.216519647153
10030,0.259029345372
148169,0.283455814241
65286,0.287738214644
282189,0.285447761194
5959,0.241680707666
13765,0.23825590449
4077,0.225353495679
11537,0.235215742544
61899,0.273311897106
11535,0.296588265702
4072,0.30209293142
154758,0.283176013326
154759,0.323626877247
3964,0.284157741596
65739,0.299061767005
3962,0.2932719954
5792,0.252558600198
5791,0.261003070624
177216,0.291132817455
130200,0.283578401087
180249,0.218083337293
60942,0.251039159921
154755,0.300294406281
165723,0.3125
61418,0.242600422833
8079,0.271549429095
266316,0.287666081725
165943,0.283176013326
3639,0.261881668283
5087,0.270238445687
148109,0.30159668835
175127,0.300333704116
63605,0.29498714653
111581,0.249510763209
65732,0.250204415372
148223,0.230595327807
10498,0.245651592186
22053,0.263444871721
117115,0.2545898275
141278,0.278603945372
151928,0.265379278446
15364,0.320441217537
65737,0.283613445378
29997,0.274160793215
31479,0.233611563518
2345,0.248874911891
2346,0.23951158422
11051,0.249918327344
3054,0.305490848586
6109,0.271678011246
2342,0.270445439547
140759,0.306654195617
12757,0.277173913043
166366,0.228665371394
6104,0.207073896959
119414,0.305490848586
20109,0.304558423462
6100,0.263732475293
10938,0.271276595745
266257,0.27745874388
63290,0.279435042007
25495,0.283420808892
22059,0.275526742301
140979,0.283123612139
63700,0.272581507215
25274,0.25586710519
63707,0.182483202799
63708,0.231350806452
2154,0.254223206868
64397,0.287918705307
140977,0.269508543245
161869,0.227882037534
24538,0.248242293131
3708,0.258737316798
65421,0.267233348859
4467,0.27779458936
7959,0.265840379937
1884,0.304902351534
4462,0.228847783816
3707,0.283106149386
4460,0.235263967196
162219,0.29574742268
17101,0.283228433913
25241,0.227475468332
13579,0.327623126338
2124,0.274768033523
4918,0.281267234512
162449,0.277140441976
162448,0.285518785768
4666,0.264782232478
13570,0.24612579763
4911,0.266395821242
162283,0.271887217154
12756,0.228278708907
15343,0.233992659054
13139,0.270079435128
64088,0.260928884088
17269,0.298497756389
24878,0.23170116103
141720,0.297433903577
156578,0.242152466368
64082,0.296109928392
10063,0.31252127732
163884,0.308115727999
21487,0.224570673712
24782,0.260869565217
9203,0.302910314789
5179,0.230467965455
15350,0.30209293142
62549,0.274029850746
165361,0.286624203822
3416,0.274949083503
176973,0.284916201117
20779,0.312712903665
63018,0.24436990896
3410,0.284598214286
165052,0.263339070568
121713,0.312840785169
119417,0.225220804711
135805,0.281267234512
165051,0.238181723834
21374,0.297800557971
6836,0.240755310779
10000,0.25701327062
120822,0.284739454094
146354,0.300628766047
12377,0.230653266332
176035,0.284598214286
12379,0.262165867032
15293,0.262105984468
62948,0.2738336714
6326,0.26698464402
30234,0.291354576615
145729,0.2950629982
65609,0.265979023005
12171,0.268546688509
135484,0.268892794376
4860,0.250984251969
162064,0.229580353124
147262,0.27572535592
4864,0.268562401264
25711,0.275262368816
151403,0.283841444561
113362,0.287305958938
163629,0.281474213528
7938,0.241578947368
10286,0.269746121298
14108,0.290874524715
179577,0.228415028614
264385,0.266798418972
160809,0.282044979722
264387,0.277358148529
112410,0.318905023275
164708,0.294381734223
181617,0.282426778243
9664,0.271581563221
29206,0.321744006729
125360,0.280168467314
10115,0.2850577568
124038,0.295195832529
10443,0.234470780548
21776,0.282548476454
21777,0.269445259759
164444,0.296167247387
7250,0.296569102539
7447,0.290212443096
20019,0.299256747946
63120,0.305633240112
63123,0.267280032609
63122,0.252530809859
175402,0.226711449175
182015,0.284245727025
176639,0.248955903889
25719,0.300098071265
4485,0.261225883558
1439,0.23702556158
112618,0.318860715526
10597,0.238095238095
149082,0.264828063697
5379,0.264782232478
10598,0.263142808003
176325,0.217917675545
102617,0.270541082164
10553,0.287990964989
2903,0.26427913404
29312,0.286070426924
64547,0.299745314439
7798,0.240869017632
15199,0.301794989809
112168,0.264020707506
17908,0.292263610315
7138,0.256926952141
260737,0.222847987571
125054,0.299471520846
20423,0.291188225592
7017,0.288534070908
163889,0.313246434177
175741,0.293197061642
122515,0.297299047866
14616,0.268091817067
179974,0.267046776821
29448,0.291077430401
29449,0.274603649417
178310,0.278283012004
142230,0.295423826994
164624,0.252031627498
5313,0.217959067382
178319,0.29466521153
29332,0.261211017528
2856,0.279384016069
29446,0.289845920687
174656,0.291613722999
176255,0.271276595745
18241,0.29468412943
176251,0.254702846679
14296,0.247292710522
157195,0.246880378657
176928,0.287503914814
30443,0.274965554424
1655,0.202273929138
30666,0.186229561407
15521,0.30041233065
133885,0.281681497392
30662,0.253157575423
30847,0.257952118692
178799,0.276689372476
116586,0.295938104449
156861,0.166388747916
147792,0.306777168828
6588,0.2932719954
142546,0.194540984996
109366,0.292729591837
176118,0.255924170616
133888,0.303110348016
3153,0.254124681652
12992,0.252739386598
164155,0.302172481896
3157,0.26700017451
7620,0.269698572184
112095,0.29595718615
28795,0.272129009308
3158,0.271372827244
25950,0.270620836036
28791,0.275510204082
1635,0.256310029037
3394,0.222276029056
64663,0.27146912704
3399,0.23903760025
64162,0.2430629104
1981,0.260543792927
174077,0.2846335111
62057,0.27987804878
5408,0.273670403053
29028,0.27
136725,0.265917386015
129469,0.288515934377
129466,0.270588928845
19807,0.207720505046
30209,0.26138952164
66281,0.312627707397
147660,0.271613704953
66286,0.319726943438
66285,0.304679721208
23553,0.299882399059
20036,0.231666077828
66288,0.301319503709
24278,0.3095912586
18110,0.296780033622
150643,0.283280873912
15414,0.274193548387
8113,0.29935433379
15416,0.184656233657
5237,0.27811439651
13375,0.287702143663
23084,0.266720901854
6922,0.278840896665
18307,0.282496307238
5543,0.339773484344
29156,0.235059148871
111864,0.269192422732
25033,0.270652750752
26246,0.272970561998
29150,0.289261406604
30067,0.309821127236
65444,0.295804601405
175674,0.306633709667
25860,0.302013422819
3082,0.310849248273
28118,0.280373831776
31336,0.297202797203
140757,0.289663006437
158053,0.322875633089
114421,0.217710951952
65050,0.303451011503
22207,0.249199196482
22205,0.264522821577
29870,0.260130348541
62640,0.258927060416
7506,0.298226236112
8577,0.266225856969
3946,0.228665371394
5899,0.2932719954
11234,0.238268272425
13800,0.294930283364
157414,0.281405186684
66496,0.223140495868
12578,0.266272189349
61711,0.274784482759
61712,0.270461375287
65980,0.288244159759
15252,0.240767939572
15253,0.26358102676
12576,0.308053691275
8446,0.276689372476
174316,0.289152072572
28775,0.292114809393
24428,0.283420808892
25915,0.309361730808
174301,0.301636327791
28770,0.249375203738
64915,0.274226311387
7401,0.240301554892
117901,0.314685314685
25918,0.21897810219
117903,0.275493667847
25318,0.303631672951
18040,0.325232055552
6527,0.193981911926
22447,0.282079646018
61574,0.264005521684
61576,0.267357875116
25313,0.210145591063
25314,0.289663006437
178839,0.265164644714
61572,0.282705099778
116504,0.199591251033
145228,0.272484416741
163822,0.235023041475
166435,0.285536547434
178529,0.301854531106
12615,0.25832958127
2831,0.201086480329
113361,0.287000562746
119714,0.275328414612
161048,0.276939785206
13710,0.292300834235
25279,0.251176534968
13714,0.27191943128
3971,0.262901655307
61153,0.251437962202
60979,0.236317767595
24731,0.292226395874
61406,0.291799109981
61155,0.250122609122
61408,0.29731830548
19428,0.321473595742
155614,0.314211391019
177206,0.264812784861
9898,0.236196161169
157865,0.282531084575
159125,0.27643941219
61885,0.299276260025
29955,0.272080616479
61880,0.232723216549
65702,0.235771522498
120456,0.23539668701
120458,0.265363935943
30312,0.267513696235
3622,0.246165397404
31659,0.302511039346
136804,0.251107828656
157862,0.242626070409
17180,0.291280619368
154708,0.285270354257
141363,0.282739928545
148219,0.270397643594
66185,0.294381734223
151932,0.278485620677
6528,0.237405606703
18329,0.301398647318
149318,0.237233822617
13623,0.263082478363
2337,0.219291959295
17184,0.297164314386
12761,0.222222222222
9916,0.193777177355
140760,0.241401072894
140761,0.211598746082
8219,0.284898516541
10002,0.263172983201
9919,0.220651860398
64720,0.188632720996
178797,0.274603649417
64896,0.24672113524
25481,0.296760845671
29710,0.302212272847
140565,0.308343409915
24533,0.302311796088
16477,0.245074483421
112774,0.277693750378
9472,0.238367262152
2574,0.290010741139
14252,0.280751116276
29984,0.274669379451
2710,0.228836374514
162384,0.17593621833
162385,0.248942401562
116895,0.231071284736
116894,0.303290603938
160211,0.231362467866
65417,0.268060503416
166583,0.238751625488
61976,0.271068328117
120835,0.252558600198
62723,0.278553222478
4477,0.324106764581
4476,0.293872847173
118528,0.280562347188
142945,0.276756104914
63030,0.272419728174
6003,0.290708721262
4678,0.307146680942
4900,0.266349445831
118042,0.29620547238
4674,0.318860715526
13562,0.311397557666
118046,0.298594847775
14311,0.195327460743
25627,0.301576872536
177487,0.257546852205
24844,0.262405671164
24843,0.266380360977
63959,0.239286831404
24841,0.280031724727
24191,0.287377911345
162497,0.267015706806
9273,0.236086822343
65610,0.303511208094
64275,0.250627934913
24197,0.269382005986
5149,0.268217144861
24198,0.273019271949
1920,0.236147553635
5142,0.262465690759
124775,0.262255742201
266163,0.285376771947
149089,0.249537892791
129840,0.256582257253
27780,0.293948126801
63000,0.258358662614
174159,0.293197061642
135844,0.266767406719
266160,0.288497800126
12389,0.223107957031
7435,0.230641676298
16878,0.301993552207
260758,0.300156944808
10349,0.242741551642
25731,0.198374967586
150306,0.306920762287
166005,0.305145592341
26004,0.284774785954
12141,0.297241289988
6311,0.290047393365
10615,0.260100867003
10614,0.277929155313
6314,0.210859977949
152809,0.234339102466
10618,0.195877608501
64389,0.263067400275
3413,0.279980480664
141497,0.311926605505
64063,0.290506329114
62288,0.267311164172
133366,0.269698572184
133367,0.194631726243
163633,0.286445332002
4926,0.256453234998
125358,0.289809319359
113371,0.256181280348
147817,0.234494737918
175689,0.225852482409
175688,0.288770053476
30576,0.287234042553
7228,0.269540196136
61581,0.244135950215
10121,0.270206628598
175686,0.229545909182
9302,0.263793103448
137232,0.271196454948
21743,0.257633587786
178504,0.274193548387
63138,0.249565028273
10692,0.2554114963
133766,0.275064421406
133767,0.255482578203
7241,0.298187487819
158736,0.292524377031
157057,0.270206628598
133768,0.298264994477
175110,0.273067999286
3570,0.283280873912
63135,0.322557976107
4497,0.276839565742
162127,0.289644727709
9783,0.294532854209
162122,0.291817661644
17168,0.302910314789
13380,0.291373071796
13381,0.292468459284
175424,0.287054409006
20983,0.271661931818
4498,0.199339876661
6821,0.253521126761
120794,0.282062311805
2938,0.304902351534
17266,0.308675184936
176862,0.289919151086
6829,0.282670279591
176861,0.276822869549
133506,0.316770186335
133504,0.280785465223
108778,0.271935541205
165880,0.274702256269
16845,0.299237238412
174648,0.278671604638
10540,0.243410934931
179417,0.220334101382
14606,0.250477489768
66599,0.281318950723
11896,0.300392670157
16650,0.243863563915
10549,0.248861418347
14603,0.282513694836
62667,0.302491103203
62666,0.284562926224
20204,0.249904720422
63224,0.305511182109
20185,0.191729323308
65718,0.238639908495
29300,0.324335782928
29304,0.279571202339
14282,0.316879530549
14934,0.280339583461
4881,0.27295432921
8810,0.293684816687
176268,0.282600664943
18276,0.30612244898
137131,0.268123138034
264629,0.213488372093
30477,0.264416153004
164543,0.284457114527
13032,0.263656729278
164541,0.259336685688
11094,0.254265455351
30540,0.264950357885
30651,0.231479146704
164365,0.315442237647
178943,0.290414425815
164668,0.30051067173
179437,0.231794768205
15087,0.230040595399
8210,0.266875981162
8213,0.287054409006
29946,0.299178725068
8215,0.292431192661
8214,0.232569922983
164368,0.296415886342
30870,0.275841346154
8357,0.286713723531
24216,0.247612882343
65180,0.233302836231
2802,0.261463970379
12964,0.230467965455
24219,0.305959205439
28785,0.246840548535
162876,0.215878092371
27794,0.273752012882
5432,0.243140163153
143153,0.297048925705
29015,0.270461375287
62266,0.280854188338
175067,0.273948075201
122163,0.224230581339
62263,0.278434940855
63490,0.30451801234
66602,0.218321917808
20237,0.262871542294
160657,0.313717449252
3362,0.256955718524
29830,0.235239852399
178548,0.274735140959
10658,0.225785823208
175660,0.287900646052
29837,0.280117173197
149437,0.23813229572
63495,0.263459993112
30671,0.22972972973
178545,0.324060999718
8105,0.226465364121
9815,0.262691008985
109683,0.312414919684
8101,0.239461602671
145979,0.247800032392
30932,0.304538216561
23528,0.254124681652
4279,0.254830113258
66290,0.20782396088
1356,0.216091521115
61489,0.268436750687
163946,0.265824984074
177739,0.287738214644
3369,0.273588841867
9867,0.274685816876
180646,0.234806629834
12895,0.263535626112
163587,0.244058063487
11142,0.256081231868
25852,0.266225856969
28303,0.268924302789
25859,0.285040054648
146500,0.297877863586
140024,0.235215742544
66630,0.261255620696
178593,0.276273022752
30098,0.257387988561
29165,0.236585743003
29164,0.283176013326
22861,0.262600835288
8582,0.224515750342
8363,0.279214064116
145308,0.210714777579
144520,0.273198023927
264388,0.249741552859
114484,0.269113508443
9063,0.234183673469
12815,0.259160973406
144097,0.292096219931
12545,0.236549165121
12544,0.266040688576
179441,0.281370685956
120297,0.310849248273
15261,0.316006884682
12540,0.314017924335
116906,0.313781788351
5888,0.271292629588
12818,0.258737316798
180423,0.274817387139
150277,0.292654934966
123017,0.307950352231
123016,0.298478345689
15060,0.284474744345
177838,0.256252791425
61766,0.215817190145
28168,0.276572668113
165411,0.323855217667
25923,0.289571635859
25922,0.242715879647
28940,0.268217144861
28765,0.289133858268
28762,0.27340957827
15474,0.223075427683
145416,0.266596968113
24430,0.279384016069
24436,0.269603524229
22325,0.292654934966
110382,0.306531320956
28278,0.324427480916
130298,0.182504970179
19094,0.301141582469
3969,0.280528052805
23111,0.302391461888
163627,0.267295597484
6639,0.229099076616
120301,0.271951653039
23988,0.304033914023
11555,0.301537248719
11554,0.289443813848
65676,0.236903225806
23450,0.274095306342
264386,0.268201472479
148770,0.291854772048
1440,0.288642937995
141982,0.286195286195
9667,0.284421861445
13709,0.228449133984
165702,0.250491159136
25396,0.278367396446
177780,0.260322141561
161067,0.294930283364
177782,0.289845920687
154739,0.298925431456
4016,0.288770053476
11399,0.283088688787
160598,0.224889759922
30277,0.268609550562
19433,0.27604041376
151544,0.305470517769
19431,0.235384615385
9882,0.245113745594
24720,0.211160693748
61167,0.268436750687
63244,0.291743469141
65133,0.295157867661
61163,0.286946736684
65710,0.277576197388
65247,0.257286995516
65244,0.278857837181
65713,0.309174188334
65717,0.275064421406
25079,0.239962358846
13432,0.288063260951
160329,0.301220632629
2299,0.271324702962
61763,0.263899269821
61181,0.268373969479
8333,0.270557029178
127481,0.271148393195
25130,0.249782324771
121199,0.301537248719
61188,0.31997211572
148350,0.274982027318
30727,0.260071392147
13634,0.214937953641
135004,0.213547966874
13630,0.284845475984
29074,0.29570931581
1891,0.243811749708
7486,0.258533288273
179067,0.275080906149
65399,0.254420486669
154714,0.287036458008
13639,0.265809589993
153668,0.274013491732
117862,0.24292140778
117861,0.270557029178
157415,0.234698573401
177300,0.293459497475
63538,0.316551724138
177650,0.277441972921
140672,0.26698464402
166142,0.261434185795
166491,0.224592650585
3562,0.296492474646
17150,0.271549429095
161843,0.169204113982
161844,0.230282962071
178444,0.299081253665
127455,0.269524368761
148772,0.23227569455
178153,0.258518727119
64102,0.250013617299
63725,0.302132701422
63724,0.220981175678
63723,0.300628766047
19398,0.267482517483
31593,0.293948126801
166363,0.277861856045
7257,0.262150893826
2295,0.227137767221
138707,0.263929618768
111662,0.287648054146
61984,0.234866704191
17641,0.294532854209
17640,0.297376093294
7251,0.280596649957
142956,0.26180698152
142953,0.250395504882
4632,0.245218506251
2490,0.274160793215
4640,0.305490848586
13550,0.183357967483
2497,0.224977943339
4645,0.197097217451
7315,0.255184299772
63651,0.279163118842
116791,0.296167247387
63927,0.293722403532
17248,0.292487096158
253527,0.288063260951
63928,0.208494208494
17245,0.293778801843
24853,0.279843921473
61483,0.329481013567
24856,0.280682443588
17240,0.305796135909
28296,0.288045183558
111491,0.220535242397
160282,0.195319148936
62525,0.274275470571
121080,0.279197080292
13092,0.247586169696
175510,0.2950629982
10735,0.26700017451
162489,0.301537248719
63857,0.226409510186
64282,0.274455871801
19817,0.299237238412
7875,0.231736254859
28518,0.267872775022
28295,0.21879021879
64142,0.284810126582
24795,0.228221957041
25979,0.275411016441
9728,0.227385316556
4801,0.261003070624
2787,0.266922540126
2783,0.274899682578
4807,0.26706231454
4809,0.254886717015
12395,0.283141077046
12392,0.245126835781
163022,0.199678078914
4124,0.227193981092
26016,0.293365716477
26015,0.285785442999
26012,0.253381175821
11600,0.224296325254
20217,0.29176201373
26011,0.304760640064
6304,0.287359919865
6307,0.284527646913
10609,0.258839451869
128663,0.269492719587
26019,0.268279852709
10380,0.300924408313
13789,0.233101416891
14129,0.326388395079
140736,0.270892351275
62290,0.221975045943
152149,0.283823893149
21232,0.259292735284
9083,0.29129910516
179084,0.298594847775
62296,0.236317767595
63454,0.284017078151
63456,0.260988229943
8047,0.256438907202
121153,0.280579497524
27981,0.290985165462
27980,0.216632055881
62984,0.256840691623
10420,0.284404238181
21595,0.301497635313
65703,0.225963668587
21593,0.298769771529
27988,0.285128587402
112366,0.286123924698
164422,0.24248507581
112362,0.318860715526
7275,0.252962248553
176659,0.292021885736
176658,0.259615384615
3502,0.249199196482
7279,0.27868852459
3504,0.274669379451
3505,0.198864867207
8958,0.237282878412
160447,0.259365994236
163935,0.288280366788
8832,0.236793231531
11672,0.335354716154
162644,0.246867100522
157954,0.281595092025
148552,0.28125
6831,0.291280619368
6830,0.251575774185
64061,0.268940059764
176873,0.248094697584
176872,0.236390791574
176874,0.249741552859
113419,0.279980480664
155933,0.265517440852
12390,0.268766834524
14639,0.271404919584
14638,0.222426826904
62689,0.295766479799
112968,0.23871437487
10550,0.280785465223
5336,0.271678011246
125237,0.280905752754
5338,0.243540085955
125234,0.294268495961
11315,0.248067880884
162662,0.328608247423
65350,0.231245906595
1632,0.295290787442
175271,0.28917028917
1982,0.296914418785
30461,0.321586211728
30463,0.261598085034
121718,0.286141761736
144066,0.272970561998
179257,0.297607469364
3218,0.274488697524
11584,0.284863153975
1988,0.230098255464
8001,0.278840896665
8823,0.290874524715
61095,0.286266683298
8826,0.202015756349
163601,0.317713020004
176279,0.277224134807
13041,0.303812549643
166229,0.280837004405
164557,0.261568269888
127377,0.266117810761
147312,0.293497026664
178684,0.293910482167
29011,0.264721148855
2817,0.218093699515
2811,0.264843344296
30649,0.267513696235
179428,0.2850577568
30861,0.270477312905
30646,0.305796135909
178939,0.195335773257
30640,0.31914893617
2818,0.314060896339
30310,0.245467672068
4274,0.289571635859
14256,0.284104976479
7647,0.306818181818
14253,0.30587764894
151606,0.310870301388
62078,0.194219946685
3170,0.187960687961
24225,0.288897280967
7648,0.255099205246
12972,0.289297869658
119275,0.287395905078
122175,0.275295387753
29001,0.250381845952
165177,0.233552129446
7085,0.26138952164
122172,0.272775895882
9771,0.253311258278
65973,0.260174583381
175092,0.290120725618
123097,0.262555771651
29791,0.270397643594
30260,0.183607344294
175654,0.191178308134
161903,0.216560509554
175308,0.270732570485
7585,0.276772793054
179889,0.312159956474
1487,0.286355979787
129442,0.293459497475
29829,0.289370823351
1743,0.294117647059
31683,0.286355979787
6497,0.255909901873
122519,0.27784503632
8176,0.264522821577
19965,0.251314060447
4242,0.264035895076
126615,0.265748031496
66515,0.281612368857
4241,0.287792338078
5520,0.245179210512
5523,0.249321021184
30888,0.301616506768
5526,0.294570658452
20297,0.300983606557
178846,0.249442965056
178847,0.286463209137
160706,0.289919151086
29511,0.235179587027
178840,0.27972454141
11172,0.245625301011
24539,0.307002876062
122514,0.280596649957
14417,0.271372827244
25845,0.218394632916
1864,0.303270564916
66198,0.194747337604
25848,0.253647214854
28378,0.24711962959
126296,0.286731634183
7921,0.245691039503
7922,0.313225058005
136864,0.293290734824
178443,0.199678078914
5742,0.29647332386
31037,0.262165867032
31224,0.257460175006
109831,0.279214064116
178113,0.270095327763
8542,0.247026532479
66354,0.276472714131
1562,0.284404238181
272699,0.224944866454
29173,0.271838910275
11257,0.269429443531
61376,0.279112192156
5250,0.317273795535
8972,0.248027666703
27199,0.305796135909
12804,0.227712457211
156618,0.322218322218
1659,0.265994436718
65899,0.28917028917
12403,0.311228641172
23195,0.256668344238
23197,0.268060503416
16453,0.245875294622
8092,0.258693569295
156613,0.270541082164
13824,0.267248908297
6547,0.270988310308
165179,0.240125555846
24405,0.29334696747
25937,0.267466930832
6543,0.239624119029
5639,0.234626591014
161110,0.285518785768
121382,0.24829600779
4390,0.224691599765
28194,0.277626565052
63232,0.315985130112
28191,0.251990118035
121381,0.295671218758
160416,0.291910455355
143283,0.2391746131
29729,0.276906370656
13142,0.291114352762
28209,0.275775054074
8486,0.217710951952
8488,0.271324702962
7849,0.280596649957
151423,0.281992996252
28206,0.287900646052
65526,0.314405096239
