180167,1584
61519,543
19713,385
61513,1584
150398,283
22461,543
180169,385
63763,543
177795,543
13733,524
165284,385
111537,385
111534,1584
28998,1584
166555,524
4029,563
177227,524
177226,524
177225,1584
177224,102
60914,319
197855,58
5980,563
165779,524
161071,524
5987,1584
132644,1584
177228,524
61179,1584
8807,563
19159,385
160891,283
160892,543
160893,1584
19402,543
127475,1584
19152,563
25062,319
65270,1584
277918,1584
16679,385
150179,283
25069,102
165914,543
142814,1584
22008,563
6152,1584
149337,213
61192,1584
142811,563
142812,524
6158,524
12708,563
164086,1584
13602,9
4737,385
6791,213
118126,319
118125,213
2312,283
118121,319
64708,543
25665,283
65876,524
65655,1584
177640,319
177315,1584
65872,524
165358,563
140541,543
166482,1584
166485,319
120051,524
63739,543
175307,319
181904,1584
111169,1584
161853,283
25283,543
22717,385
138743,1584
25118,1584
25119,543
61996,524
65474,1584
25110,524
166733,543
6194,563
140897,543
64536,1584
141236,1584
7991,563
111532,543
63930,543
2269,385
63936,283
116787,1584
19570,385
7881,563
63938,1584
7882,563
162254,1584
8551,543
17030,385
60911,543
20747,563
124599,1584
17035,213
2444,1584
139804,1584
2448,1584
63029,524
6768,543
7866,1584
176066,1584
176920,58
23697,543
24888,524
5824,543
138608,524
178958,102
2044,524
146659,563
138601,1584
148414,213
4818,563
163036,1584
148410,1584
2049,1584
6379,1584
26021,563
124355,1584
166028,1584
6370,1584
28410,1584
12123,543
124358,1584
6375,543
10631,385
24204,1584
2328,563
176782,1584
10411,1584
162742,563
11944,543
105538,385
63447,543
175465,1584
10382,1584
121142,543
160256,1584
9323,319
160254,1584
161072,319
63448,524
135965,1584
179082,1584
16926,385
7268,1584
8947,563
163720,524
164416,1584
125014,1584
16929,385
7260,1584
176663,524
12234,1584
63596,102
12236,1584
124615,283
125531,524
12233,524
63593,543
65026,543
62865,1584
6266,524
146017,283
14624,543
62646,385
14626,1584
61077,1584
14622,524
6809,1584
148224,543
3851,102
6802,319
66300,1584
152049,385
10567,543
10565,563
31227,1584
125240,1584
110529,1584
175263,1584
3203,1584
10096,1584
30416,283
19150,385
66648,385
65896,563
18928,385
8838,563
138466,524
138467,1584
147303,283
147307,1584
147305,102
22817,524
16671,213
30328,385
138861,543
122355,1584
30637,319
29964,543
28564,563
61205,524
62088,1584
28563,524
12942,524
24232,385
24233,213
24234,1584
17069,385
151632,563
5458,1584
62245,385
3342,1584
175084,524
123495,385
157493,319
175083,283
20653,563
108481,385
14395,524
137642,524
175319,543
63462,1584
30259,543
30257,524
175646,283
30255,524
156384,213
29762,1584
1177,319
8162,1584
1173,1584
30740,563
138201,1584
176760,1584
13940,1584
65376,524
160415,1584
178073,58
31692,385
23500,385
160719,213
175886,1584
129467,1584
178855,524
5539,319
162925,283
147453,102
178850,1584
147451,524
151708,319
11178,543
11169,1584
145367,319
14401,213
14403,283
29108,563
178453,213
29433,1584
8762,543
174136,524
7183,1584
7185,563
174130,1584
114880,385
66164,385
66161,385
8387,563
8386,319
61693,385
127644,543
13839,524
12874,524
8549,563
8017,1584
65884,385
23616,1584
8543,543
147661,543
6573,543
24414,385
24415,1584
6574,543
12212,1584
155133,563
175607,385
27760,543
28180,543
130762,1584
7694,524
144435,563
7696,543
144437,1584
7691,543
126601,1584
143421,524
28216,213
23291,524
25946,543
177654,1584
3835,1584
180177,1584
65084,319
63866,524
3833,1584
110760,1584
10884,543
155394,543
155393,563
4036,1584
1228,1584
60902,102
60900,1584
177256,1584
177257,1584
177255,213
161040,1584
18732,385
11376,524
11371,213
160449,1584
11372,543
160448,1584
160887,1584
141178,1584
7525,319
6532,1584
160888,1584
16885,385
19361,385
25056,1584
16668,385
25726,1584
12711,524
141339,1584
145109,563
12719,524
14150,1584
6781,563
15417,213
23877,319
13619,524
64383,1584
6788,563
164432,1584
4723,102
65643,1584
65640,319
120048,1584
61523,1584
12250,524
5841,524
177677,524
4340,1584
5849,283
5918,563
120557,543
16488,524
165832,1584
21118,524
177314,283
177108,543
177109,102
13531,543
4622,1584
150761,524
25430,1584
16714,213
25434,543
16710,1584
25124,1584
29264,543
2271,1584
2270,563
10801,563
166582,213
120134,1584
166585,1584
64606,1584
16889,385
120358,1584
63901,524
9248,543
162732,524
11017,543
63054,1584
63986,1584
141846,524
141847,319
9242,1584
25980,543
64028,543
153128,1584
65515,385
138613,1584
11012,1584
13289,283
13288,543
17534,385
264395,213
24890,1584
64027,563
158414,283
61836,524
146648,524
4826,524
61839,563
13440,1584
13443,1584
29342,543
7980,1584
7982,283
64930,385
26038,524
7985,1584
18049,385
64934,319
166051,563
12136,1584
24096,543
10156,563
10405,1584
62472,283
10407,524
8599,1584
24466,385
24099,543
161852,319
10390,563
64334,524
124434,213
147849,1584
27965,1584
179298,283
63479,385
27960,1584
149683,1584
164408,543
1979,524
14898,1584
176670,524
150477,283
14891,563
3594,563
63876,1584
6215,1584
63874,543
6213,213
62870,563
15708,524
15709,1584
176999,283
62654,385
62655,543
164679,58
113439,319
179621,543
176698,1584
16705,385
62895,385
21427,543
3231,385
1968,1584
164572,213
1618,543
3238,385
175522,58
175523,1584
21429,319
61398,1584
179534,1584
61399,524
12956,319
2870,563
119216,1584
119217,1584
142748,1584
157803,283
179442,58
178662,58
8818,563
18439,385
160661,1584
27816,563
160667,283
27810,524
122394,1584
160668,524
3358,1584
164756,563
122159,1584
7067,385
7065,213
62257,543
7063,319
13174,563
264507,385
264506,1584
147204,1584
30539,319
30536,319
147208,563
133044,1584
29804,213
264509,563
30247,1584
12482,1584
6963,563
12485,1584
15459,1584
132482,1584
8151,563
178868,1584
11096,1584
179843,563
120444,1584
178862,283
178863,563
178864,58
178865,1584
178866,1584
24396,319
1545,319
176833,1584
179378,1584
11115,524
14477,563
8579,543
17694,385
66379,319
166639,1584
65893,524
175743,524
144640,9
29112,385
124678,1584
66371,102
148950,1584
31203,563
31752,1584
109186,1584
31576,283
165855,319
66155,385
28176,1584
127383,1584
165854,213
24409,1584
61685,1584
8539,563
27776,543
12828,524
177802,58
160474,1584
8530,524
12825,543
160479,319
7883,1584
21136,524
15291,563
133825,1584
61759,563
11027,1584
165912,213
66085,283
14503,102
6565,1584
105670,283
29607,319
7685,1584
7682,1584
28733,283
1380,563
1382,102
29609,543
10332,543
160989,213
3820,1584
177924,319
175476,58
65072,319
161056,543
161055,543
8440,563
164571,319
109079,319
11566,543
13990,543
9258,563
20245,524
160505,1584
160502,385
160503,1584
60931,1584
11361,1584
61356,1584
61350,1584
11811,1584
62516,563
126496,1584
7409,524
28648,543
24776,543
65218,524
9899,1584
61229,385
19355,385
19605,283
25737,543
156633,319
25047,524
64163,1584
12726,283
24005,563
30877,102
4759,543
64857,524
64850,1584
64851,543
64853,1584
6774,1584
10984,1584
140529,283
10981,543
10983,1584
5870,563
162403,524
117902,1584
180183,283
60802,543
60801,1584
60800,1584
11296,563
9969,524
65671,563
16955,213
65325,385
177111,1584
177110,524
25132,1584
177112,524
9466,1584
154056,213
25234,543
25138,1584
64103,1584
65459,1584
158563,524
260778,543
120093,563
13526,563
17130,385
19911,1584
16721,1584
118003,1584
1408,283
162233,1584
149268,563
64584,385
11748,563
64199,283
165934,524
63919,1584
165244,1584
161909,213
28195,1584
11580,1584
166593,1584
25312,319
166591,524
65630,319
141859,563
6008,1584
138662,524
16836,385
65521,213
65527,1584
16832,385
260893,1584
63687,385
153130,213
64030,1584
127179,1584
16838,283
4839,1584
6357,1584
4045,563
16790,385
141459,1584
162585,524
4523,543
13453,213
7346,1584
12108,283
7993,563
6196,1584
64929,1584
162349,385
139225,563
64925,319
11636,1584
140983,283
26045,1584
16813,1584
9340,524
2735,319
9614,319
162560,283
9611,543
13657,319
9619,1584
13184,524
64327,524
135784,385
3532,1584
63468,102
175404,1584
22815,1584
160272,524
63467,283
5050,1584
13189,319
135788,1584
115554,1584
26022,283
7203,1584
116104,543
7205,524
162699,319
63863,543
12216,1584
12215,1584
5559,319
162160,319
16401,1584
160183,543
160181,213
18549,1584
17072,213
178015,543
64901,319
264708,543
116503,543
9761,319
14084,1584
148390,1584
62317,1584
122015,283
10504,102
62313,1584
13071,319
24171,543
12122,543
164506,1584
179299,319
7331,1584
5518,1584
1976,563
3226,1584
3221,213
176229,524
175533,524
12124,283
147988,563
8858,1584
2163,543
179058,1584
148170,524
138402,1584
133328,524
8850,1584
30185,524
123720,385
12926,102
2845,319
176275,524
178906,58
178673,543
30188,283
28502,1584
5475,563
14268,1584
14269,543
10213,1584
14260,543
10187,385
149477,1584
1773,1584
136825,385
108449,385
62224,385
178973,102
2697,1584
11456,1584
112111,1584
112112,385
137662,1584
29741,1584
29746,1584
8148,319
23079,543
8638,1584
6994,1584
6995,1584
61407,1584
8633,1584
30293,319
18364,1584
178081,1584
2807,543
24547,213
61409,563
30298,319
15111,319
162906,1584
162907,1584
29127,524
2999,1584
66366,524
12677,1584
1554,1584
10386,543
2990,524
2991,563
3036,1584
28435,1584
66368,1584
25896,543
25895,283
31587,543
174118,524
174119,1584
30614,1584
30612,319
31748,1584
31744,283
31214,563
174115,283
174116,213
178704,543
31564,1584
178706,543
8031,213
126718,1584
31560,543
163983,543
118795,563
27997,1584
163987,1584
144567,385
3031,1584
177872,1584
17724,1584
12589,319
177871,1584
29129,543
178493,1584
178492,283
12850,1584
12581,1584
28347,563
12855,319
5608,1584
160255,524
212340,524
29900,1584
66098,385
15092,543
151161,543
15027,1584
161120,563
111961,1584
111965,524
29634,1584
1397,58
9325,1584
1393,1584
1974,563
3813,543
127282,1584
22650,563
3814,563
160991,319
160990,319
180150,1584
23253,524
23252,543
8455,563
19557,1584
174470,283
109084,563
23700,1584
30964,1584
15337,1584
15331,1584
176701,213
165742,524
13200,1584
12459,319
12458,543
178848,213
165744,1584
61321,1584
7549,1584
61325,319
31368,385
160867,1584
177475,58
7267,213
135990,563
31567,1584
16641,283
16643,385
164411,524
31242,385
154595,385
130305,1584
66148,385
112254,385
8030,1584
64821,319
64820,543
148217,1584
178703,213
166458,563
10999,563
23810,563
4740,319
10991,543
24617,102
24610,1584
126714,1584
180395,543
150562,563
25633,283
5860,1584
5862,1584
25140,283
126716,1584
177124,563
177125,524
177127,1584
65448,1584
64132,524
21132,524
125533,543
64135,1584
26044,1584
4608,1584
2184,543
4605,319
139025,385
25389,1584
4601,283
162221,563
9999,1584
158354,213
178494,1584
163921,563
5606,1584
153728,1584
177051,58
165924,319
137611,1584
64626,563
166213,1584
121974,385
6130,1584
5600,102
64554,283
124254,1584
64004,524
65406,1584
64550,524
64552,213
6136,1584
15347,1584
2436,543
2435,1584
116770,1584
16821,385
116772,1584
25405,1584
63679,1584
3761,1584
23577,543
1161,1584
63676,524
65532,385
61811,563
179186,563
61815,283
6346,543
4510,1584
14623,1584
141460,524
4517,563
141462,563
4515,319
11649,102
6185,1584
119493,1584
162355,1584
17195,385
2504,1584
11644,563
64485,1584
141913,1584
164075,563
162576,283
9355,524
11291,1584
9359,543
5284,1584
64356,1584
25964,563
22829,543
64314,524
5047,1584
5046,1584
64319,1584
63415,213
63417,1584
63789,524
3786,524
3785,1584
63781,385
16910,385
163771,1584
163772,1584
6239,213
63898,1584
4990,543
63895,1584
12206,1584
141001,58
12200,1584
160742,543
66690,1584
63892,563
179305,58
125275,543
125274,1584
164680,1584
63527,1584
10519,1584
176781,1584
9778,1584
140904,1584
9774,543
9777,543
29353,563
62302,1584
121759,1584
9772,563
175509,1584
116004,283
179288,1584
9289,543
106073,385
176235,543
2942,1584
9284,543
179281,58
176238,563
63099,1584
11910,1584
13241,102
162770,524
146119,319
11914,524
146114,283
2859,563
264418,385
30198,1584
264414,524
264416,1584
178645,385
133246,524
14219,385
3336,1584
10200,1584
108693,543
1995,563
16478,563
175342,1584
29755,319
10195,1584
1704,1584
29751,1584
10190,543
61971,563
174744,213
14182,563
62236,524
10198,543
14186,524
15855,1584
179605,524
111629,1584
10056,1584
29282,385
25462,319
176524,1584
176523,543
176521,213
178803,319
178800,524
178801,58
178806,543
120193,385
178804,58
178805,1584
30990,283
1121,563
8606,1584
174871,1584
162919,283
8605,213
14324,1584
106404,385
25880,319
25882,524
65553,524
15106,524
160912,1584
30281,524
155616,543
15101,283
29131,1584
66313,385
28408,1584
143527,1584
24378,1584
3028,543
63657,1584
3024,213
2986,563
157354,1584
29910,1584
163610,213
137230,283
137943,1584
30354,319
110566,1584
30608,1584
8734,319
144998,102
4001,543
31775,1584
1013,1584
1234,524
30778,1584
8515,563
28397,543
65413,1584
31554,1584
178738,319
126721,1584
4194,1584
12598,102
4193,319
175966,524
5671,543
137874,1584
12840,102
4351,563
4352,1584
28717,1584
8457,319
6509,1584
145977,543
31489,283
31488,1584
3612,543
6500,1584
156176,283
31170,1584
174567,1584
31276,283
113490,1584
23062,543
111976,385
24283,543
29627,1584
29621,1584
24287,283
163887,1584
144375,102
62797,1584
111579,1584
23485,563
8463,1584
179459,1584
11340,319
11669,543
11343,543
136307,1584
136306,1584
23714,319
13561,213
111779,385
110685,1584
108306,385
24755,543
12445,1584
6433,543
5709,543
12441,1584
177260,58
177267,1584
145935,524
177264,524
110179,319
145809,1584
61338,1584
28884,1584
155073,283
31392,543
177284,524
177287,524
177286,1584
180231,524
165798,563
174401,283
64156,1584
177288,1584
13646,543
166689,1584
28866,283
8007,385
4771,1584
13988,213
137704,1584
165640,1584
23809,543
166449,1584
14368,1584
162272,563
165649,563
62967,319
65838,524
24620,543
65831,9
19024,385
25623,524
30857,283
177606,524
154039,1584
24978,543
19932,385
25406,1584
16748,385
24975,1584
165746,543
12053,1584
145024,283
266315,319
141277,524
141276,524
4611,543
266319,1584
158587,385
13505,543
161927,385
28769,319
161924,283
160207,543
12691,524
166200,524
151630,524
65621,283
2222,524
2220,524
166208,1584
65944,524
65235,213
165264,283
12945,1584
65231,385
10832,213
64630,1584
10839,543
150139,543
10441,1584
64637,1584
62243,385
61739,213
66697,524
64549,563
65548,385
146616,524
25579,524
4503,563
61737,1584
178851,543
63667,1584
25570,283
138641,524
25572,1584
7824,563
26067,283
117868,385
166061,563
124394,1584
25088,1584
164510,524
26061,1584
117161,283
134308,524
2080,543
16698,385
2086,524
26069,563
161813,1584
175085,563
2538,1584
161810,543
161816,319
65036,1584
64942,1584
102696,1584
2536,1584
11657,563
153028,543
160213,1584
17762,385
141496,524
160216,1584
174147,1584
107446,1584
140821,543
105574,524
8987,319
17160,385
149070,213
64304,543
5073,1584
64306,319
5071,543
10345,543
63405,524
137641,1584
63798,1584
63799,385
1837,563
63790,524
139665,2
113530,1584
113533,524
122921,1584
2150,1584
2403,524
139662,1584
17715,385
4988,1584
6242,102
12277,1584
10740,1584
20904,524
1690,1584
18560,1584
62686,563
20909,563
116395,1584
1951,524
175511,58
63531,1584
152249,213
62330,543
122034,1584
156383,213
62335,213
4409,524
161064,563
8873,563
112101,385
63083,524
63080,1584
3243,283
164663,319
24113,543
29968,1584
3246,1584
11903,1584
11032,319
164661,213
12635,1584
164660,1584
179077,563
179253,563
179254,58
160623,543
179256,58
15446,524
179258,1584
30161,319
112007,385
179700,543
62755,283
9016,1584
62204,563
7034,563
10236,1584
10235,543
62200,524
20296,524
147750,1584
5496,1584
14201,385
5492,1584
27823,524
1712,563
179380,524
29722,1584
63338,319
21503,213
12142,1584
14192,213
31881,1584
63337,319
156617,524
13498,543
156614,543
4273,102
176558,1584
12140,319
176556,1584
162701,1584
178811,283
119316,1584
119314,1584
178814,213
30701,543
31122,319
30647,385
6315,524
2259,563
137310,1584
11124,1584
2061,543
64302,1584
179817,1584
144135,1584
7781,1584
31764,385
122211,543
122212,563
66301,319
9346,563
7146,543
154605,524
24363,563
29382,543
5530,563
164652,319
29386,1584
147340,1584
29435,1584
29389,319
1004,1584
29921,1584
12877,319
30016,543
28388,543
28380,524
178722,524
4186,1584
30384,319
6534,1584
179925,1584
5667,563
109318,283
147708,543
165123,1584
166451,213
175979,385
175978,524
4341,1584
118577,524
28704,543
5395,319
2884,1584
14535,1584
2888,1584
133871,524
174393,1584
174390,524
150201,563
8611,102
66239,563
24293,1584
66235,385
22632,524
62016,1584
61019,385
66050,1584
145701,213
139201,283
5783,102
66059,385
26523,213
26520,1584
8479,543
8475,543
161000,283
7566,543
12472,1584
12471,1584
150838,58
24747,1584
150837,563
12478,1584
119173,1584
177925,1584
61490,524
126734,1584
28678,1584
7762,1584
66268,1584
61655,524
28675,543
61656,1584
66438,543
61302,213
31381,1584
127177,1584
165785,319
11161,1584
28877,543
6742,213
4768,319
11482,385
165653,1584
165652,563
177630,58
120774,1584
163948,563
140044,524
121257,1584
163941,319
140042,524
65045,1584
3278,102
65042,524
9954,1584
24771,524
14938,1584
7368,563
64130,102
25167,543
25166,1584
120513,1584
65317,524
142045,319
181269,563
66610,319
12046,563
12047,319
32280,1584
16597,1584
166789,102
161952,213
161953,319
126046,563
157058,283
12689,319
11796,319
2237,524
65220,563
10827,1584
7186,319
65226,1584
65228,385
175111,1584
65958,385
22729,1584
4093,563
23753,543
3497,524
20847,102
158733,543
25509,563
1633,1584
146607,283
13406,1584
65552,1584
4579,543
65550,1584
63650,524
3650,1584
65554,1584
26071,385
148281,563
28712,1584
16689,385
4496,563
61871,524
61870,1584
16681,283
64979,385
19907,385
11465,543
24965,563
4494,102
4600,1584
11462,1584
13510,319
175835,1584
166303,1584
2663,543
134932,1584
27920,524
27925,1584
160204,524
162559,213
10353,1584
162557,283
27928,1584
135425,385
9372,524
62922,543
4885,213
62921,524
17151,385
25216,1584
17157,385
158743,543
158742,213
158740,1584
158746,524
9171,563
10685,1584
31193,1584
25186,543
25181,543
146738,1584
61903,1584
1820,1584
1823,1584
17080,1584
12262,563
105365,1584
12266,102
4973,213
10530,1584
113270,1584
13554,543
122841,1584
11805,524
157117,543
63501,213
3275,1584
160338,543
1926,543
4225,1584
160336,1584
160331,563
9715,1584
157118,1584
146137,563
179066,58
179065,58
64745,543
62123,283
116029,563
176017,524
8881,1584
7366,563
65886,213
176863,1584
176725,283
176726,1584
150221,524
11930,543
112876,563
30175,319
161798,283
147391,1584
161797,1584
133468,524
30170,1584
12915,524
66149,563
7022,543
62745,1584
62217,1584
3310,1584
10221,563
20029,319
143892,524
140194,563
9393,563
1728,543
5327,543
142382,563
5581,563
1722,563
180822,1584
180821,1584
4383,563
7092,1584
62213,1584
15363,385
112473,543
176540,213
149620,319
62698,543
175163,524
138321,543
141983,58
178828,58
147175,563
178538,283
178539,58
115121,283
30710,1584
30714,1584
178531,524
174490,1584
3007,543
28462,1584
138921,1584
27765,524
14304,524
5826,1584
14309,543
141400,563
17105,283
66504,385
174647,319
174169,563
24352,1584
126036,563
24350,543
143356,213
1585,1584
29939,524
143357,1584
153813,1584
142251,213
29930,1584
111000,1584
29934,1584
164648,563
29392,1584
28749,543
30006,1584
66686,1584
1210,102
25929,1584
7692,1584
143073,213
29733,563
12868,543
24291,543
145552,319
29612,102
8060,1584
66688,283
6522,563
7481,1584
132518,1584
8264,563
24032,543
8266,543
150937,1584
30398,1584
30399,102
133869,1584
133868,524
8199,563
174389,1584
29734,102
121717,1584
11060,543
11065,1584
133866,1584
23002,563
1104,543
156153,1584
31629,543
156155,1584
8666,524
156157,385
16824,385
17890,1584
28967,385
4903,1584
29647,1584
174541,1584
66061,102
114524,1584
129823,1584
66065,102
4087,1584
3863,1584
144396,1584
3171,524
66592,1584
160541,283
66597,385
176899,213
177930,319
161013,319
8402,1584
160549,1584
23226,1584
3735,1584
23224,1584
161014,283
160785,2
3734,1584
160781,283
28641,1584
19137,385
5723,543
160838,563
6416,1584
30950,1584
6410,1584
9812,319
61487,385
28608,319
27828,1584
7772,1584
66446,102
61646,1584
144559,524
61645,563
144809,563
2136,1584
65148,102
140043,385
60992,1584
65142,1584
117768,1584
30473,563
62465,524
166460,1584
141469,524
8087,1584
4156,319
11259,543
2230,524
60846,1584
165666,1584
140073,524
9299,102
61004,2
110533,1584
160498,1584
9921,1584
165464,1584
165465,283
28119,319
180109,283
165686,524
19262,385
130041,563
64784,385
22772,1584
65491,1584
25173,385
16763,283
164364,283
22177,102
145049,543
64848,563
145042,1584
12075,543
145041,543
145046,319
119574,1584
31849,543
161942,385
140676,524
6649,1584
9411,543
31843,1584
31846,543
5902,524
5903,563
165209,283
65967,319
10816,1584
25774,1584
150481,102
25180,1584
63645,524
110164,385
63640,1584
106261,524
63643,543
24825,319
12559,1584
23812,524
65569,543
11099,213
17197,283
61900,524
4560,543
109826,1584
3647,543
148476,1584
29942,543
148470,543
11670,58
117141,385
117142,524
64480,1584
117145,1584
2556,543
28460,563
2558,213
6025,543
141389,1584
12788,1584
165846,563
24912,563
2393,1584
2390,543
18358,385
12785,102
141384,524
27932,213
62919,283
157218,543
27936,543
27937,543
5018,1584
2771,1584
62911,524
160232,1584
160233,283
7658,1584
24021,524
17148,283
25201,385
17145,283
64360,319
7970,563
64365,319
16785,385
12256,1584
116387,563
176237,524
141037,524
12252,524
4418,524
176404,1584
4415,1584
118223,1584
61060,543
6268,1584
21186,524
119594,563
6066,1584
125601,543
2176,213
125604,1584
17095,385
24708,1584
122902,1584
28018,543
2606,543
28135,385
174160,524
14822,213
14820,213
113269,1584
14824,213
62826,524
162356,319
175575,283
62592,524
62590,543
10035,385
5125,543
10789,1584
63511,385
64218,385
31743,1584
3465,1584
61069,1584
179017,58
8898,213
3980,1584
8892,1584
3469,563
177882,543
11929,524
12321,563
177881,524
31718,385
4331,563
11923,563
11925,563
113609,1584
13235,524
132988,385
14954,1584
7154,543
14225,543
30490,319
179231,283
30495,319
30146,213
12909,213
7152,563
62553,1584
63847,9
25357,543
29099,319
29097,213
108664,385
10374,1584
27845,524
137803,524
4275,1584
29101,385
176572,1584
164255,543
18699,1584
9216,1584
164258,1584
137861,1584
5234,1584
175376,1584
121656,1584
164494,1584
158791,1584
13124,319
13125,319
146564,543
137024,563
64767,319
2052,563
179657,1584
15803,524
11819,213
176378,543
15153,283
29894,1584
179342,543
179831,563
148870,524
137373,1584
175399,543
178835,563
178834,283
24344,524
3071,385
28477,1584
1593,1584
2950,524
1598,1584
15798,319
31702,385
31703,385
65689,385
160163,563
31707,283
5342,2
7163,102
126020,1584
143689,319
66325,213
143668,319
178633,1584
178632,58
62107,543
12821,563
137573,1584
30032,563
4367,563
1209,1584
30007,524
66698,524
29466,283
8073,1584
31521,213
23107,385
24157,543
144010,1584
164109,563
18037,385
175955,1584
175953,213
8272,563
132502,1584
162909,563
6334,563
179085,58
8068,563
162892,524
3105,1584
3107,1584
106524,283
162897,563
162894,563
14555,524
1447,385
178752,524
175007,102
175006,563
20338,543
1117,1584
30720,2
114956,385
31634,543
106853,283
174024,283
175008,524
1449,213
31147,1584
31456,543
11446,1584
4091,1584
4090,543
13786,524
31453,1584
4094,2
22612,543
2005,385
23587,1584
177943,1584
163863,283
66588,524
177944,385
177945,563
66586,1584
111721,385
11313,543
11310,1584
160797,1584
107325,385
6461,563
160798,1584
19124,283
128098,524
7741,319
61673,524
28616,319
61676,1584
174449,385
22507,524
13782,1584
150258,563
61444,385
60983,385
161966,283
28806,524
6529,1584
8304,1584
140063,213
166414,524
175949,319
6081,1584
62733,1584
28853,1584
163929,563
61585,283
61584,319
61587,1584
61586,283
4145,1584
163920,385
163922,524
15208,283
8099,563
11264,319
65021,1584
157074,563
177896,563
160488,524
160957,213
9937,1584
1111,1584
22761,1584
165691,1584
61732,1584
17982,283
65540,1584
165699,563
16775,213
16777,385
128978,1584
158313,385
25691,563
110250,385
25340,319
12065,58
6097,543
10453,1584
12669,543
121934,563
161977,563
6653,213
61562,1584
177099,1584
107817,385
19305,1584
25749,1584
25747,1584
127797,283
64844,563
165215,524
65971,385
120359,1584
177765,58
161996,283
161997,213
161994,1584
65576,319
63639,283
24837,524
64515,524
25528,283
266214,213
148469,213
266216,283
65772,1584
162087,563
65771,524
21066,524
19873,385
13421,1584
21061,213
2547,213
63996,524
10426,1584
139526,563
64994,1584
11687,385
153895,385
114608,543
11440,563
165857,524
165856,102
65482,543
65483,385
3556,1584
23006,213
64175,9
12796,283
2282,543
177764,524
9155,319
3581,213
160228,319
3584,1584
156156,283
64423,1584
8867,1584
27906,543
177697,1584
140938,385
160225,1584
17233,385
64194,385
1949,283
260774,1584
25236,385
16956,385
16957,283
17131,213
260779,319
17132,283
7904,563
7906,543
17136,385
125580,385
61925,1584
4423,1584
128759,563
163927,1584
148313,102
166747,283
111179,385
62110,524
148391,543
162404,319
64879,563
162401,1584
176239,283
122915,563
6078,1584
2615,1584
7309,563
8493,563
160312,283
163926,283
64223,1584
16716,213
66060,524
7343,1584
16245,385
1906,319
10795,102
63291,524
64228,385
64690,1584
10793,543
149738,385
120824,563
179003,283
176703,283
143910,385
146156,524
163685,563
160375,524
163680,283
163681,283
65467,385
147101,543
12338,319
163048,524
163049,283
138126,524
138122,524
16480,524
27875,319
14960,319
27873,1584
176963,524
163668,319
163669,563
62768,1584
121662,1584
14145,1584
10777,1584
29082,319
10247,543
9023,543
30558,1584
15267,1584
5229,1584
63166,385
176567,1584
176565,563
155280,102
29246,283
29649,319
29241,1584
11861,385
14815,58
155282,385
176361,319
176360,1584
176363,1584
176362,1584
138341,524
175490,563
8902,1584
163594,563
163595,563
163596,563
179132,563
15142,283
162958,524
29887,1584
61206,385
238157,1584
109926,319
162957,1584
162956,524
112721,385
14369,1584
3062,543
7171,319
28349,213
133724,524
14490,543
23220,1584
138901,1584
2940,319
5357,283
62168,524
174148,283
174135,563
31739,283
31738,1584
174637,1584
160173,283
149618,283
112033,524
112030,1584
178608,563
147579,1584
30152,1584
112034,1584
65343,543
164665,563
164664,524
178600,283
179739,563
179738,1584
1279,563
118502,1584
144009,213
30029,1584
115566,385
177446,1584
12886,1584
1274,213
162175,213
122380,543
14563,1584
14561,1584
133844,1584
8240,283
1794,1584
24483,543
8247,1584
8245,283
66261,1584
24934,1584
138346,1584
111064,1584
62602,1584
3116,524
165675,1584
162887,524
64165,1584
28543,319
29063,563
157955,283
29061,283
1478,524
9890,563
31607,1584
27747,524
31462,283
31460,543
28919,563
8423,563
64341,1584
22373,1584
66000,319
1308,563
2596,1584
163939,563
144139,543
177953,1584
136186,524
122917,1584
160684,1584
11300,1584
11301,319
11302,1584
11304,563
24302,524
140905,563
61662,1584
28620,283
177429,1584
24792,543
18654,1584
9831,563
12407,213
28629,319
9835,563
110732,563
174454,524
122916,1584
7759,1584
25823,213
113093,385
7300,1584
180698,524
178779,213
109699,385
126417,1584
29359,563
180272,1584
27914,319
3937,543
61112,283
61441,1584
66484,385
163916,1584
166402,1584
163911,1584
8334,1584
6717,1584
163919,524
175347,563
61592,1584
9904,563
61591,1584
61596,1584
127094,1584
176070,563
19069,524
28340,319
24669,319
24725,283
13962,563
5690,543
61061,319
5697,524
24463,543
24898,524
165442,283
177884,563
177883,1584
24468,524
65011,524
177880,1584
19209,1584
25356,319
177376,283
138611,524
64768,1584
155738,283
64766,1584
22794,563
1300,1584
25359,319
13963,319
119756,213
9324,563
110065,213
29086,524
117018,283
25680,563
17120,385
165993,385
23978,1584
6669,319
4040,1584
230796,1584
6661,1584
4049,1584
161965,1584
177088,213
164369,1584
65908,1584
22086,385
65905,524
65904,1584
10877,563
1602,524
16890,385
163933,1584
25536,1584
17239,319
16898,385
65587,1584
24800,1584
2285,1584
25676,1584
124198,1584
64699,283
13431,563
153793,524
3918,1584
124196,1584
121817,1584
121816,385
121815,283
162329,1584
11499,1584
2577,1584
11694,1584
2573,1584
10905,563
65345,283
29709,1584
181099,2
1661,563
10903,319
10902,1584
64160,1584
11455,543
7526,524
166622,524
11450,1584
150049,1584
64166,524
21237,563
2595,543
140902,1584
143870,213
64344,543
9125,1584
64346,58
2593,1584
13794,524
113140,102
10305,1584
27913,1584
17438,385
21238,1584
10086,213
4430,563
63758,319
13323,543
25224,1584
7912,563
7911,319
13328,1584
1878,1584
12603,213
4941,563
118081,524
9445,563
138205,524
62501,563
12138,213
136646,1584
2111,524
1559,319
2620,385
122078,1584
63281,1584
160364,1584
62378,102
2628,563
62374,1584
63288,213
1919,1584
149177,1584
124050,1584
5835,213
122678,1584
63572,543
64794,385
122674,1584
176289,1584
62571,1584
10016,1584
121077,1584
26037,319
120816,1584
7278,58
29705,1584
143909,524
2025,319
62972,385
10499,1584
2751,319
62979,385
3144,543
152931,385
163051,543
163930,563
179783,1584
10277,563
108645,563
163931,524
156933,543
163673,283
14790,319
14793,563
14794,1584
163678,1584
176914,563
10278,563
121673,1584
125315,543
5210,543
125000,524
62712,1584
20548,563
14027,563
175157,563
163586,102
29278,524
63172,1584
142644,283
27938,543
264265,524
2820,319
176594,524
176595,213
164270,524
176593,543
63178,283
176591,213
11872,543
176351,283
176353,319
112626,385
11877,543
112624,1584
163893,319
133726,1584
175483,524
142088,385
176602,213
164471,543
164296,1584
179361,283
10159,563
164293,524
164290,543
180193,283
29875,319
142460,563
142462,213
30231,102
126010,1584
112754,524
11976,543
165466,563
29133,1584
7106,1584
7107,1584
66681,213
24379,283
14370,1584
122778,543
156953,213
9922,543
143526,524
176282,563
62396,1584
62391,1584
31674,1584
1045,102
143605,319
31720,1584
166623,1584
175739,1584
62399,1584
165463,58
178619,524
5109,543
3026,1584
164612,524
5439,563
164610,543
164611,543
4450,1584
174066,1584
164615,1584
30059,543
132525,1584
14163,1584
149721,1584
8253,1584
61589,213
111631,1584
30055,283
1266,563
62575,283
8789,213
24491,1584
1913,1584
10787,1584
143640,58
31616,319
3129,543
29698,1584
66275,1584
9230,1584
160417,543
3121,543
3126,319
178507,1584
29052,319
137351,283
31778,385
1468,543
29055,283
115404,319
144727,543
164058,543
115077,213
8431,213
126318,1584
8864,1584
157353,213
23768,563
23767,1584
65365,283
31477,1584
66016,563
28900,319
178569,58
5750,319
12433,524
24781,524
147639,102
147638,543
165053,543
29397,1584
160571,543
160570,1584
23561,563
114370,1584
61610,1584
15197,385
133949,1584
5594,1584
5597,543
162988,543
105936,543
133944,1584
133945,1584
122315,524
11550,563
178767,1584
63621,543
110728,1584
175983,543
126775,1584
61439,543
61129,1584
14386,1584
119474,543
61122,543
61121,543
162264,1584
61435,1584
13906,543
66708,1584
127958,1584
25376,385
12304,1584
166434,524
1230,102
166436,563
166433,1584
4128,1584
6216,563
24678,213
4199,1584
4127,1584
155794,524
65009,563
24474,1584
7437,563
61725,1584
176479,283
61055,385
61726,1584
5680,543
266165,283
27786,563
25320,1584
25322,385
6386,1584
62977,524
60894,563
62976,385
1050,1584
1239,543
148531,1584
23945,524
23943,1584
176256,283
23940,319
22144,1584
12679,1584
177744,1584
177745,213
113491,1584
177740,1584
4052,563
163879,543
163878,319
163877,102
11514,319
11511,543
11513,385
4058,1584
110387,1584
145186,319
65176,385
5978,1584
177983,1584
160592,563
5973,1584
8699,1584
10860,563
65911,543
10867,102
150279,283
150278,543
21828,543
17208,385
150699,563
14650,1584
3619,1584
2290,543
19508,385
25783,1584
65006,563
141198,1584
25789,524
141197,524
148249,543
10813,563
162338,102
29736,543
141359,1584
114628,213
63058,385
162336,1584
162335,524
10916,385
10917,319
135044,1584
24922,1584
24925,1584
5020,524
25777,102
7291,1584
17115,213
13128,563
8512,563
7923,102
2581,1584
64404,319
163679,1584
61544,283
64408,1584
31483,1584
2589,319
112533,385
1860,563
13353,563
13354,1584
4448,1584
14418,543
164585,102
64867,543
176169,543
162198,1584
13597,213
162584,319
64891,543
4685,385
163118,1584
4936,543
62897,1584
138747,524
163117,385
138741,524
13599,524
163113,563
25978,1584
64535,563
24810,563
61718,1584
6502,543
2101,1584
19318,385
61635,563
63814,385
160373,1584
5116,1584
63543,385
63541,283
160376,543
160378,283
122061,1584
10008,1584
62811,1584
176291,319
17061,213
5256,543
9599,1584
20791,283
28256,563
157153,563
64568,563
9225,563
19057,385
9590,1584
3439,563
25013,524
176762,283
176764,563
176766,283
176768,1584
146171,1584
179027,319
179026,1584
158473,1584
163069,283
162517,543
5218,319
4844,563
4598,102
10484,102
4842,319
4843,524
14908,563
179597,563
112295,385
179598,524
133424,524
5254,563
10466,563
29265,563
174729,543
20570,1584
17252,213
17795,385
175153,524
62700,524
29268,543
63383,563
13062,563
121440,524
264270,524
111974,1584
28139,1584
31574,283
179110,543
28322,283
164266,524
62494,1584
28323,319
134026,1584
25877,213
18533,385
176343,563
11842,385
133732,1584
11191,1584
21542,543
108188,1584
2960,319
29868,319
14340,1584
30594,213
176592,213
1783,543
30222,385
2968,385
30220,1584
1613,1584
62634,1584
122536,1584
7117,319
7116,1584
24318,213
24316,543
1611,283
6873,543
24980,563
108740,1584
176350,283
29461,524
62382,524
61028,1584
1078,524
1076,543
3643,385
1072,283
62388,1584
164609,1584
179202,1584
149578,319
1678,563
30137,524
13003,563
28819,563
178371,213
30138,543
179208,283
164605,524
3807,524
164607,563
164606,543
1094,1584
175004,1584
3806,563
175900,543
30822,543
8229,1584
66393,1584
264709,543
66646,543
118525,385
148932,213
29151,543
65590,1584
109580,319
65607,1584
109584,385
178976,319
28742,1584
14581,524
3138,543
14583,319
2555,543
178083,1584
174053,213
28022,385
174507,524
160600,524
20202,1584
62055,319
178089,1584
20209,1584
174292,283
8348,1584
164046,563
117260,319
29517,524
29040,524
122263,1584
179360,1584
28938,1584
116531,385
1327,1584
133547,1584
28930,543
23776,524
9850,563
12421,543
137434,1584
112759,563
137432,543
114368,1584
6900,1584
12428,563
8717,1584
5764,1584
4201,213
5763,319
8133,319
165844,319
61600,524
5568,543
165845,1584
61608,283
5567,1584
5560,563
177405,563
1257,319
1254,102
17367,385
28338,563
178798,563
1523,319
7733,563
25805,1584
31099,543
63520,1584
174471,1584
1259,524
6437,543
66731,213
30236,1584
126434,1584
174876,524
133288,1584
61420,563
122257,524
22221,319
6435,1584
14489,1584
8358,1584
11213,1584
4115,102
6730,524
11770,213
8350,1584
24783,563
140030,1584
140033,563
163891,543
62139,385
164116,1584
19049,385
177570,58
142260,563
30971,1584
24440,213
24447,385
7422,563
126322,1584
7420,543
178672,563
127234,524
27790,1584
61735,563
28155,385
66029,563
181290,1584
61557,1584
25331,543
61552,1584
122520,1584
25334,543
116526,1584
65615,543
25338,543
25339,283
63422,543
145080,524
29616,1584
114747,563
6865,319
176369,1584
31887,524
114748,1584
117034,283
117035,283
117036,543
65290,319
4060,1584
6867,563
4066,1584
23793,319
65921,563
11509,543
11506,563
6733,543
62093,543
26013,563
5786,385
177996,213
65105,543
62520,283
65106,385
120656,524
65108,1584
165734,563
5788,1584
154760,283
127439,319
3607,1584
63600,1584
19538,385
65796,385
63971,319
115876,385
17780,385
148234,319
16637,283
16188,1584
9465,563
157755,1584
12181,524
12180,524
143974,1584
160853,385
164755,543
6115,563
6116,543
29613,385
6110,524
124046,283
10920,102
166197,283
64741,563
2352,1584
163977,543
28145,1584
109621,385
3905,319
3855,563
7281,1584
64418,1584
9459,524
17106,385
7936,524
10894,319
64410,543
134384,1584
13342,213
16989,385
13341,213
254096,524
65430,543
7974,563
118264,213
16981,385
118267,1584
7977,563
16985,283
16456,319
13580,319
4690,385
165501,213
162457,283
6737,1584
148349,1584
4699,385
163102,524
130040,1584
162459,563
2138,1584
154434,1584
1682,563
11721,563
154439,543
7750,319
11729,213
121053,1584
63551,385
155754,319
5165,1584
63800,1584
6223,563
62823,213
160837,563
1686,563
160340,524
160341,563
138483,1584
21499,213
17074,213
16781,385
17076,283
138489,385
17070,385
21496,1584
64254,1584
17073,213
3429,319
178610,319
20488,563
61494,319
125595,1584
176022,524
120877,543
3424,543
2002,385
6335,102
144436,524
113139,1584
6331,1584
9698,1584
6333,213
162078,385
62954,524
6338,563
113646,524
165124,543
14918,524
14170,1584
62732,1584
14172,385
62730,1584
27886,385
10297,563
264391,543
27882,1584
123434,1584
29211,385
10451,213
9555,1584
29217,1584
24040,524
152170,1584
129120,1584
264713,1584
175131,213
175130,283
166569,524
62990,524
160293,283
125600,1584
10581,1584
13169,1584
7951,543
13163,543
8901,563
1706,1584
11856,385
6308,1584
65930,524
30219,543
2916,319
157217,1584
14359,563
137602,1584
174663,1584
6848,1584
11538,543
110039,1584
17919,385
113917,319
180466,1584
7124,1584
24304,524
152008,524
6845,1584
107755,563
164633,385
30697,1584
5301,543
9217,1584
111940,385
29453,563
21440,102
28758,1584
176247,1584
13013,524
13011,1584
106418,563
157634,1584
157635,1584
28249,1584
176248,563
176249,543
175913,524
30674,524
157855,1584
156859,1584
1082,319
136648,1584
4321,1584
156857,524
4322,1584
14828,213
121493,1584
133432,1584
12091,524
162809,524
2829,1584
14597,524
14592,213
14590,563
9538,543
31673,319
28034,213
61140,524
7632,319
17861,283
7636,1584
7637,524
109599,385
136884,524
142337,563
142336,385
164704,58
9699,524
157452,283
178568,1584
29032,524
142339,563
165728,543
28152,385
31418,524
31419,543
4213,524
16582,563
162733,1584
122273,563
6932,563
147658,1584
6936,563
9846,563
8694,563
9849,563
8123,1584
147657,543
8692,1584
178899,58
25021,1584
3662,1584
151078,385
178892,1584
5572,58
25108,543
115766,213
66654,283
3093,1584
126555,1584
126554,1584
1533,1584
111873,543
29143,543
114829,283
25870,1584
154757,283
28490,283
25874,563
1539,213
136265,385
174049,1584
66728,524
180083,319
61380,213
23898,563
22542,1584
22543,543
126423,1584
65556,283
61388,213
9317,213
31095,319
17341,563
110802,543
11228,563
140023,524
4108,1584
8341,563
177699,58
147868,543
11220,319
12568,1584
160913,563
155174,319
2953,1584
15240,563
178505,58
15247,563
181931,1584
28924,543
174317,1584
66032,1584
25906,524
22306,283
174313,283
174310,563
1634,1584
61703,524
22308,524
180402,543
180405,1584
3897,563
106589,524
117026,283
109919,213
16531,1584
61567,543
174282,563
117020,283
25655,563
126136,1584
10757,563
16974,283
166562,1584
166563,563
12621,1584
6617,543
166564,563
12625,102
31895,385
62626,563
7277,563
10840,543
10030,1584
148169,524
65286,1584
282189,563
5959,1584
13765,543
4077,1584
11537,319
61899,524
11535,543
4072,543
154758,319
154759,283
3964,543
65739,1584
3962,1584
5792,1584
5791,1584
177216,283
130200,319
180249,1584
60942,1584
154755,283
165723,385
61418,543
8079,563
266316,524
165943,524
3639,1584
5087,1584
148109,283
175127,283
63605,563
111581,319
65732,319
148223,563
10498,563
22053,563
117115,1584
141278,1584
151928,2
15364,213
65737,1584
29997,543
31479,58
2345,1584
2346,1584
11051,524
3054,543
6109,1584
2342,102
140759,1584
12757,524
166366,543
6104,102
119414,283
20109,385
6100,1584
10938,563
266257,283
63290,1584
25495,563
22059,1584
140979,1584
63700,524
25274,1584
63707,319
63708,543
2154,1584
64397,1584
140977,563
161869,1584
24538,543
3708,543
65421,1584
4467,1584
7959,563
1884,319
4462,1584
3707,1584
4460,1584
162219,283
17101,524
25241,1584
13579,283
2124,1584
4918,102
162449,1584
162448,563
4666,213
13570,1584
4911,543
162283,563
12756,543
15343,1584
13139,543
64088,1584
17269,385
24878,524
141720,563
156578,563
64082,385
10063,385
163884,283
21487,1584
24782,524
9203,1584
5179,1584
15350,563
62549,1584
165361,319
3416,102
176973,213
20779,283
63018,1584
3410,319
165052,543
121713,385
119417,543
135805,1584
165051,1584
21374,385
6836,1584
10000,1584
120822,1584
146354,385
12377,1584
176035,1584
12379,1584
15293,1584
62948,524
6326,1584
30234,563
145729,563
65609,102
12171,1584
135484,1584
4860,1584
162064,563
147262,1584
4864,563
25711,524
151403,319
113362,1584
163629,1584
7938,563
10286,1584
14108,1584
179577,1584
264385,524
160809,524
264387,524
112410,283
164708,213
181617,524
9664,1584
29206,102
125360,1584
10115,524
124038,1584
10443,1584
21776,524
21777,524
164444,283
7250,524
7447,319
20019,385
63120,213
63123,102
63122,524
175402,543
182015,524
176639,1584
25719,385
4485,213
1439,563
112618,385
10597,563
149082,213
5379,563
10598,543
176325,1584
102617,1584
10553,1584
2903,524
29312,524
64547,385
7798,543
15199,385
112168,563
17908,385
7138,319
260737,1584
125054,283
20423,543
7017,563
163889,524
175741,563
122515,385
14616,102
179974,213
29448,283
29449,1584
178310,1584
142230,563
164624,543
5313,102
178319,563
29332,1584
2856,563
29446,385
174656,563
176255,1584
18241,385
176251,1584
14296,319
157195,102
176928,213
30443,543
1655,543
30666,1584
15521,543
133885,524
30662,1584
30847,1584
178799,524
116586,385
156861,543
147792,283
6588,524
142546,319
109366,283
176118,1584
133888,1584
3153,563
12992,1584
164155,283
3157,1584
7620,563
112095,1584
28795,524
3158,1584
25950,319
28791,563
1635,1584
3394,563
64663,1584
3399,1584
64162,524
1981,1584
174077,1584
62057,1584
5408,319
29028,543
136725,524
129469,1584
129466,524
19807,1584
30209,1584
66281,283
147660,1584
66286,283
66285,385
23553,385
20036,1584
66288,385
24278,385
18110,385
150643,563
15414,524
8113,563
15416,563
5237,1584
13375,1584
23084,1584
6922,1584
18307,385
5543,319
29156,1584
111864,1584
25033,524
26246,524
29150,543
30067,319
65444,385
175674,283
25860,385
3082,385
28118,543
31336,385
140757,563
158053,283
114421,1584
65050,385
22207,1584
22205,543
29870,1584
62640,1584
7506,1584
8577,563
3946,1584
5899,319
11234,543
13800,319
157414,524
66496,543
12578,1584
61711,524
61712,1584
65980,283
15252,1584
15253,1584
12576,319
8446,543
174316,563
28775,102
24428,1584
25915,1584
174301,385
28770,1584
64915,1584
7401,543
117901,385
25918,1584
117903,213
25318,319
18040,385
6527,1584
22447,563
61574,1584
61576,563
25313,1584
25314,543
178839,563
61572,1584
116504,543
145228,524
163822,563
166435,524
178529,283
12615,319
2831,543
113361,1584
119714,283
161048,319
13710,543
25279,524
13714,1584
3971,1584
61153,1584
60979,102
24731,319
61406,213
61155,102
61408,213
19428,385
155614,524
177206,563
9898,563
157865,524
159125,1584
61885,385
29955,524
61880,543
65702,563
120456,1584
120458,1584
30312,1584
3622,543
31659,385
136804,524
157862,1584
17180,213
154708,524
141363,563
148219,524
66185,385
151932,1584
6528,543
18329,385
149318,543
13623,524
2337,102
17184,385
12761,563
9916,524
140760,1584
140761,1584
8219,543
10002,319
9919,319
64720,563
178797,319
64896,1584
25481,385
29710,319
140565,385
24533,319
16477,1584
112774,1584
9472,1584
2574,102
14252,1584
29984,319
2710,1584
162384,563
162385,1584
116895,1584
116894,385
160211,543
65417,543
166583,524
61976,524
120835,563
62723,1584
4477,1584
4476,1584
118528,1584
142945,563
63030,524
6003,1584
4678,385
4900,1584
118042,385
4674,385
13562,319
118046,385
14311,543
25627,563
177487,563
24844,1584
24843,524
63959,1584
24841,563
24191,524
162497,524
9273,563
65610,385
64275,543
24197,524
5149,319
24198,524
1920,543
5142,1584
124775,543
266163,563
149089,1584
129840,1584
27780,319
63000,9
174159,213
135844,1584
266160,283
12389,543
7435,1584
16878,283
260758,385
10349,1584
25731,543
150306,385
166005,213
26004,319
12141,1584
6311,563
10615,563
10614,213
6314,563
152809,543
10618,1584
64389,1584
3413,563
141497,213
64063,563
62288,524
133366,524
133367,1584
163633,283
4926,1584
125358,1584
113371,1584
147817,524
175689,1584
175688,213
30576,1584
7228,524
61581,1584
10121,283
175686,563
9302,319
137232,213
21743,1584
178504,58
63138,1584
10692,1584
133766,1584
133767,543
7241,319
158736,563
157057,213
133768,213
175110,102
3570,543
63135,283
4497,1584
162127,1584
9783,385
162122,563
17168,385
13380,543
13381,543
175424,524
20983,524
4498,1584
6821,1584
120794,563
2938,543
17266,213
176862,563
6829,543
176861,524
133506,283
133504,524
108778,543
165880,563
16845,385
174648,524
10540,1584
179417,1584
14606,319
66599,213
11896,385
16650,1584
10549,319
14603,524
62667,543
62666,1584
20204,543
63224,385
20185,1584
65718,9
29300,283
29304,1584
14282,1584
14934,563
4881,1584
8810,563
176268,319
18276,385
137131,524
264629,563
30477,1584
164543,563
13032,543
164541,563
11094,1584
30540,1584
30651,543
164365,283
178943,1584
164668,563
179437,563
15087,543
8210,563
8213,319
29946,385
8215,1584
8214,1584
164368,385
30870,1584
8357,563
24216,563
65180,58
2802,1584
12964,563
24219,319
28785,543
162876,543
27794,1584
5432,1584
143153,385
29015,543
62266,1584
175067,524
122163,563
62263,524
63490,319
66602,1584
20237,319
160657,283
3362,543
29830,1584
178548,1584
10658,1584
175660,524
29837,524
149437,563
63495,563
30671,1584
178545,283
8105,563
9815,1584
109683,283
8101,543
145979,1584
30932,283
23528,1584
4279,1584
66290,543
1356,563
61489,1584
163946,563
177739,563
3369,543
9867,563
180646,102
12895,1584
163587,563
11142,1584
25852,283
28303,543
25859,1584
146500,319
140024,524
66630,319
178593,543
30098,1584
29165,543
29164,319
22861,563
8582,543
8363,319
145308,1584
144520,1584
264388,563
114484,1584
9063,9
12815,1584
144097,563
12545,1584
12544,319
179441,524
120297,319
15261,283
12540,1584
116906,283
5888,524
12818,524
180423,1584
150277,563
123017,319
123016,1584
15060,563
177838,524
61766,1584
28168,563
165411,283
25923,543
25922,1584
28940,1584
28765,543
28762,543
15474,1584
145416,524
24430,543
24436,1584
22325,1584
110382,319
28278,385
130298,1584
19094,385
3969,1584
23111,385
163627,543
6639,1584
120301,1584
23988,319
11555,563
11554,563
65676,1584
23450,385
264386,1584
148770,563
1440,563
141982,563
9667,1584
13709,1584
165702,543
25396,524
177780,1584
161067,543
177782,283
154739,283
4016,543
11399,1584
160598,1584
30277,543
19433,563
151544,385
19431,1584
9882,102
24720,1584
61167,524
63244,385
65133,385
61163,319
65710,319
65247,1584
65244,1584
65713,385
65717,213
25079,543
13432,563
160329,1584
2299,524
61763,543
61181,524
8333,524
127481,524
25130,563
121199,385
61188,283
148350,319
30727,563
13634,1584
135004,524
13630,1584
29074,1584
1891,1584
7486,1584
179067,58
65399,1584
154714,283
13639,1584
153668,1584
117862,1584
117861,1584
157415,1584
177300,283
63538,385
177650,1584
140672,524
166142,102
166491,58
3562,319
17150,385
161843,1584
161844,543
178444,58
127455,524
148772,1584
178153,1584
64102,543
63725,385
63724,213
63723,385
19398,543
31593,385
166363,563
7257,524
2295,563
138707,524
111662,543
61984,319
17641,385
17640,385
7251,1584
142956,1584
142953,543
4632,524
2490,102
4640,385
13550,543
2497,102
4645,1584
7315,213
63651,1584
116791,385
63927,543
17248,385
253527,524
63928,1584
17245,385
24853,524
61483,319
24856,524
17240,385
28296,563
111491,1584
160282,1584
62525,524
121080,1584
13092,543
175510,563
10735,563
162489,385
63857,1584
64282,1584
19817,385
7875,543
28518,1584
28295,1584
64142,385
24795,1584
25979,1584
9728,563
4801,563
2787,1584
2783,563
4807,1584
4809,543
12395,319
12392,102
163022,563
4124,524
26016,213
26015,1584
26012,1584
11600,1584
20217,563
26011,1584
6304,1584
6307,543
10609,543
128663,524
26019,1584
10380,319
13789,102
14129,283
140736,1584
62290,543
152149,319
21232,1584
9083,283
179084,1584
62296,1584
63454,1584
63456,543
8047,1584
121153,1584
27981,543
27980,58
62984,1584
10420,1584
21595,385
65703,524
21593,385
27988,524
112366,213
164422,9
112362,283
7275,524
176659,563
176658,1584
3502,1584
7279,102
3504,524
3505,1584
8958,1584
160447,1584
163935,563
8832,58
11672,543
162644,1584
157954,524
148552,524
6831,319
6830,1584
64061,1584
176873,563
176872,1584
176874,543
113419,1584
155933,213
12390,524
14639,319
14638,1584
62689,213
112968,543
10550,524
5336,524
125237,543
5338,1584
125234,385
11315,1584
162662,283
65350,1584
1632,1584
175271,563
1982,213
30461,283
30463,563
121718,1584
144066,1584
179257,58
3218,1584
11584,102
1988,1584
8001,563
8823,319
61095,319
8826,563
163601,543
176279,1584
13041,385
166229,563
164557,1584
127377,213
147312,283
178684,563
29011,543
2817,1584
2811,1584
30649,1584
179428,524
30861,102
30646,283
178939,563
30640,385
2818,543
30310,1584
4274,1584
14256,1584
7647,385
14253,385
151606,385
62078,543
3170,543
24225,319
7648,1584
12972,543
119275,1584
122175,1584
29001,1584
165177,1584
7085,1584
122172,1584
9771,1584
65973,563
175092,213
123097,213
29791,1584
30260,1584
175654,563
161903,543
175308,524
7585,1584
179889,283
1487,213
129442,1584
29829,319
1743,102
31683,543
6497,1584
122519,543
8176,1584
19965,1584
4242,563
126615,1584
66515,563
4241,563
5520,1584
5523,543
30888,385
5526,283
20297,385
178846,563
178847,524
160706,319
29511,1584
178840,58
11172,543
24539,543
122514,1584
14417,1584
25845,1584
1864,543
66198,524
25848,1584
28378,1584
126296,1584
7921,1584
7922,543
136864,385
178443,1584
5742,563
31037,319
31224,319
109831,283
178113,1584
8542,563
66354,283
1562,1584
272699,1584
29173,563
11257,563
61376,1584
5250,1584
8972,1584
27199,563
12804,1584
156618,385
1659,563
65899,1584
12403,543
23195,563
23197,1584
16453,524
8092,563
156613,1584
13824,1584
6547,563
165179,524
24405,1584
25937,524
6543,543
5639,1584
161110,563
121382,1584
4390,543
28194,1584
63232,283
28191,543
121381,385
160416,213
143283,1584
29729,524
13142,283
28209,524
8486,319
8488,524
7849,563
151423,524
28206,1584
65526,283
