Minesweeper.007 -1.0,[ 0.95898785  0.04101215]
DarknessLord -1.0,[ 0.79501051  0.20498949]
Trillio -1.0,[ 0.94744547  0.05255453]
Sn0wflake 1.0,[ 0.22764402  0.77235598]
Mifter 1.0,[ 0.27968886  0.72031114]
Manadude2 -1.0,[ 0.88597878  0.11402122]
Grmwnr 1.0,[ 0.32824778  0.67175222]
Psyguy 1.0,[ 0.23038559  0.76961441]
Ganfon -1.0,[ 0.4122052  0.5877948]
Soap 1.0,[ 0.30407617  0.69592383]
Jayanthv86 -1.0,[ 0.90407539  0.09592461]
Pattav2 -1.0,[ 0.96076808  0.03923192]
DanielJ.Leivick 1.0,[ 0.33785373  0.66214627]
PrivateButcher -1.0,[ 0.23229129  0.76770871]
Citicat 1.0,[ 0.28184669  0.71815331]
MMAfan2007 -1.0,[ 0.81037363  0.18962637]
Ks0stm 1.0,[ 0.38991984  0.61008016]
Sherool 1.0,[ 0.45203798  0.54796202]
JoeDecker 1.0,[ 0.23200908  0.76799092]
Satellizer -1.0,[ 0.68036895  0.31963105]
Ctjf83 -1.0,[ 0.44277479  0.55722521]
RL0919 1.0,[ 0.2267202  0.7732798]
Malinaccier 1.0,[ 0.38268642  0.61731358]
Maltesedog -1.0,[ 0.37801368  0.62198632]
Lazylaces -1.0,[ 0.89984296  0.10015704]
SilkTork -1.0,[ 0.41460775  0.58539225]
Eagle101 1.0,[ 0.22447351  0.77552649]
Nousernamesleft 1.0,[ 0.22703342  0.77296658]
Tv316 -1.0,[ 0.32368394  0.67631606]
KuatofKDY -1.0,[ 0.95529046  0.04470954]
Netoholic -1.0,[ 0.43093571  0.56906429]
Misterrick -1.0,[ 0.65443969  0.34556031]
Dylan620 -1.0,[ 0.29943915  0.70056085]
CrypticC62 -1.0,[ 0.46678569  0.53321431]
Banes 1.0,[ 0.22298051  0.77701949]
Carcharoth 1.0,[ 0.24478649  0.75521351]
GangstaEB -1.0,[ 0.68863313  0.31136687]
Oldelpaso 1.0,[ 0.24039312  0.75960688]
Gb 1.0,[ 0.41604928  0.58395072]
JHunterJ 1.0,[ 0.3036664  0.6963336]
Schuminweb -1.0,[ 0.33692953  0.66307047]
Leithp 1.0,[ 0.21550792  0.78449208]
Czarbender -1.0,[ 0.89697993  0.10302007]
MastCell 1.0,[ 0.22936748  0.77063252]
Rhymeless 1.0,[ 0.25393872  0.74606128]
Whouk 1.0,[ 0.23239123  0.76760877]
Admrboltz 1.0,[ 0.2368671  0.7631329]
Hghyux -1.0,[ 0.84635915  0.15364085]
Torchwoodwho -1.0,[ 0.81990415  0.18009585]
SonofaPeachII -1.0,[ 0.96143837  0.03856163]
Alex43223 -1.0,[ 0.234356  0.765644]
Bluemoose 1.0,[ 0.24191405  0.75808595]
LinguistAtLarge 1.0,[ 0.40632154  0.59367846]
Herbythyme 1.0,[ 0.22631862  0.77368138]
Sephirothstorm -1.0,[ 0.33204521  0.66795479]
Josephtheboheme -1.0,[ 0.94956639  0.05043361]
BlackBear -1.0,[ 0.90044966  0.09955034]
Ferkelparade 1.0,[ 0.24952536  0.75047464]
Caldorwards4 -1.0,[ 0.69025166  0.30974834]
Barek 1.0,[ 0.40852645  0.59147355]
Closedmouth 1.0,[ 0.27136011  0.72863989]
mbralchenko -1.0,[ 0.53870415  0.46129585]
Random832 1.0,[ 0.23982211  0.76017789]
WinEuro -1.0,[ 0.96157536  0.03842464]
OdMishehu 1.0,[ 0.57706769  0.42293231]
MER-C -1.0,[ 0.27796737  0.72203263]
Susvolans -1.0,[ 0.30251349  0.69748651]
Codelyoko193 -1.0,[ 0.83615156  0.16384844]
Zzyzx11 -1.0,[ 0.21182931  0.78817069]
CosmicLatte -1.0,[ 0.30038651  0.69961349]
Marcschulz -1.0,[ 0.85004209  0.14995791]
Andrevan 1.0,[ 0.22312844  0.77687156]
Necrothesp 1.0,[ 0.37046964  0.62953036]
Juliancolton -1.0,[ 0.37598008  0.62401992]
Abecedare 1.0,[ 0.23443171  0.76556829]
Aude 1.0,[ 0.27057893  0.72942107]
NSLE 1.0,[ 0.21918441  0.78081559]
RandomStringOfCharacters -1.0,[ 0.34808431  0.65191569]
bobrulz -1.0,[ 0.64077128  0.35922872]
Eequor -1.0,[ 0.53593725  0.46406275]
Harish89 -1.0,[ 0.80427618  0.19572382]
Mulad 1.0,[ 0.73925484  0.26074516]
OlafDavis 1.0,[ 0.238232  0.761768]
TheNewPhobia -1.0,[ 0.96177073  0.03822927]
BlakeCS -1.0,[ 0.90623826  0.09376174]
Davidruben 1.0,[ 0.24223315  0.75776685]
Gonzofan2007 1.0,[ 0.23073776  0.76926224]
Caribbean1 -1.0,[ 0.95084464  0.04915536]
Imaglang -1.0,[ 0.70546269  0.29453731]
Triwbe -1.0,[ 0.87087677  0.12912323]
east718 1.0,[ 0.23294112  0.76705888]
Neranei -1.0,[ 0.23925476  0.76074524]
Ruhrfisch 1.0,[ 0.37593139  0.62406861]
Alexsautographs -1.0,[ 0.95677494  0.04322506]
RegentsPark 1.0,[ 0.2235081  0.7764919]
RelentlessRouge -1.0,[ 0.94556854  0.05443146]
Dabomb87 1.0,[ 0.26244096  0.73755904]
WilfriedDerksen 1.0,[ 0.71008917  0.28991083]
Sony-youth -1.0,[ 0.44141476  0.55858524]
Theleftorium -1.0,[ 0.2491421  0.7508579]
Laurascudder 1.0,[ 0.22395619  0.77604381]
JaGa 1.0,[ 0.23241214  0.76758786]
Markalexander100 1.0,[ 0.2552882  0.7447118]
GeeJo 1.0,[ 0.30332269  0.69667731]
Falcon8765 -1.0,[ 0.56441785  0.43558215]
Dpmuk 1.0,[ 0.2281097  0.7718903]
AKMask -1.0,[ 0.23328838  0.76671162]
Rama 1.0,[ 0.22604912  0.77395088]
Tyrol5 1.0,[ 0.2412419  0.7587581]
Hiberniantears -1.0,[ 0.21798655  0.78201345]
Gabbe 1.0,[ 0.56936347  0.43063653]
Melchoir 1.0,[ 0.30169983  0.69830017]
WilhelminaWill -1.0,[ 0.68350004  0.31649996]
Irongargoyle 1.0,[ 0.26287772  0.73712228]
EdJohnston 1.0,[ 0.3760269  0.6239731]
Slambo 1.0,[ 0.4220998  0.5779002]
ACoolEditor -1.0,[ 0.56983067  0.43016933]
Lid 1.0,[ 0.45806662  0.54193338]
SteveBaker -1.0,[ 0.4129695  0.5870305]
4836.03 -1.0,[ 0.86112787  0.13887213]
Drmies 1.0,[ 0.30893375  0.69106625]
Vikreykja -1.0,[ 0.89388552  0.10611448]
Kpjas 1.0,[ 0.41804541  0.58195459]
Moriori 1.0,[ 0.34652649  0.65347351]
Jerry 1.0,[ 0.45257008  0.54742992]
Metros232 1.0,[ 0.316951  0.683049]
Certified.Gangsta -1.0,[ 0.87806342  0.12193658]
TehBrandon -1.0,[ 0.95660465  0.04339535]
Jacoplane 1.0,[ 0.2515171  0.7484829]
K1Bond007 1.0,[ 0.2512418  0.7487582]
Taymaishu -1.0,[ 0.95483259  0.04516741]
2over0 1.0,[ 0.23867187  0.76132813]
Jmabel 1.0,[ 0.34558476  0.65441524]
Rigadoun 1.0,[ 0.26355298  0.73644702]
Adashiel 1.0,[ 0.24744369  0.75255631]
KingÓðinnTheAesir -1.0,[ 0.89915147  0.10084853]
Mattbr 1.0,[ 0.42663918  0.57336082]
Cantthinkofagoodname 1.0,[ 0.23423561  0.76576439]
GregRobson 1.0,[ 0.63266284  0.36733716]
NickDowling 1.0,[ 0.26296465  0.73703535]
Martyman 1.0,[ 0.28238352  0.71761648]
eggwo -1.0,[ 0.96195361  0.03804639]
Darwinek -1.0,[ 0.22635532  0.77364468]
PhilipGronowski -1.0,[ 0.50771198  0.49228802]
Parsecboy 1.0,[ 0.23232742  0.76767258]
Denelson83 -1.0,[ 0.21766871  0.78233129]
FCYTravis 1.0,[ 0.21823002  0.78176998]
Athaenara 1.0,[ 0.22728088  0.77271912]
Deathphoenix 1.0,[ 0.23299733  0.76700267]
Cryptic 1.0,[ 0.2184935  0.7815065]
Pedant -1.0,[ 0.43284469  0.56715531]
MichaelGreiner 1.0,[ 0.68648066  0.31351934]
SalsaShark 1.0,[ 0.54708446  0.45291554]
Whiteandnerdy111 -1.0,[ 0.96055762  0.03944238]
crownofworms -1.0,[ 0.96054105  0.03945895]
Nilfanion 1.0,[ 0.39623862  0.60376138]
Kyriakos -1.0,[ 0.24546796  0.75453204]
CJMiller -1.0,[ 0.89705506  0.10294494]
Bigtop -1.0,[ 0.67766816  0.32233184]
Ali -1.0,[ 0.46101069  0.53898931]
Ramsquire -1.0,[ 0.88166072  0.11833928]
Steel359 1.0,[ 0.21902711  0.78097289]
SCZenz 1.0,[ 0.43643309  0.56356691]
RasputinAXP 1.0,[ 0.27069382  0.72930618]
Crystallina -1.0,[ 0.70934908  0.29065092]
MyNameIsKyle -1.0,[ 0.94986658  0.05013342]
Shark96z -1.0,[ 0.7741822  0.2258178]
WOSlinker 1.0,[ 0.24324048  0.75675952]
Mdcollins1984 -1.0,[ 0.70620271  0.29379729]
NicholasTurnbull 1.0,[ 0.21337632  0.78662368]
Rhythmnation2004 -1.0,[ 0.80347482  0.19652518]
Plastikspork 1.0,[ 0.23156073  0.76843927]
Fabrictramp 1.0,[ 0.23235042  0.76764958]
Dalekusa -1.0,[ 0.95973956  0.04026044]
Merope 1.0,[ 0.23877944  0.76122056]
DRosenbach -1.0,[ 0.95683832  0.04316168]
JakeDHS07 -1.0,[ 0.94994134  0.05005866]
Wizardman 1.0,[ 0.23035991  0.76964009]
Fightindaman -1.0,[ 0.72397783  0.27602217]
Fropuff 1.0,[ 0.38781331  0.61218669]
Simplysouth -1.0,[ 0.23380042  0.76619958]
Tarret -1.0,[ 0.44902607  0.55097393]
52Pickup 1.0,[ 0.33917253  0.66082747]
HamsterSandwich 1.0,[ 0.21789931  0.78210069]
Splinter -1.0,[ 0.72563217  0.27436783]
Brianga 1.0,[ 0.71516876  0.28483124]
Rmhermen 1.0,[ 0.30227935  0.69772065]
WillC -1.0,[ 0.67989334  0.32010666]
Dori 1.0,[ 0.38892429  0.61107571]
Electricbassguy -1.0,[ 0.96120999  0.03879001]
Bushytails -1.0,[ 0.26305067  0.73694933]
Butseriouslyfolks 1.0,[ 0.26524866  0.73475134]
SonofaPeach -1.0,[ 0.8969691  0.1030309]
Wikipedialuva -1.0,[ 0.93338654  0.06661346]
A930913 -1.0,[ 0.88369377  0.11630623]
Bagumba 1.0,[ 0.22833612  0.77166388]
Durin 1.0,[ 0.24573905  0.75426095]
Brianreading -1.0,[ 0.9038368  0.0961632]
Cacycle 1.0,[ 0.46782645  0.53217355]
Bsadowski1 1.0,[ 0.23157322  0.76842678]
Rfl 1.0,[ 0.60445729  0.39554271]
RevolvingBugbear 1.0,[ 0.25861303  0.74138697]
Giftigerwunsch -1.0,[ 0.67056341  0.32943659]
Wknight94 1.0,[ 0.31085948  0.68914052]
Ling.Nut -1.0,[ 0.25166924  0.74833076]
Rjd0060 -1.0,[ 0.38339598  0.61660402]
Golbez 1.0,[ 0.31299613  0.68700387]
FireStar 1.0,[ 0.22442885  0.77557115]
Boothy443 -1.0,[ 0.48931243  0.51068757]
Dudemanfellabra -1.0,[ 0.63777416  0.36222584]
Gladysjcortez 1.0,[ 0.25618757  0.74381243]
Jayron32 1.0,[ 0.22861911  0.77138089]
Dr.Szląchski -1.0,[ 0.55727254  0.44272746]
Msgj 1.0,[ 0.25759681  0.74240319]
IlmariKaronen -1.0,[ 0.37394972  0.62605028]
Chazz88 -1.0,[ 0.65805564  0.34194436]
Dantheman531 -1.0,[ 0.24883681  0.75116319]
Chooserr -1.0,[ 0.9344014  0.0655986]
AdjustShift 1.0,[ 0.22856339  0.77143661]
Purplebackpack89 -1.0,[ 0.44975988  0.55024012]
Gtstricky -1.0,[ 0.40122487  0.59877513]
Hyacinth 1.0,[ 0.41197226  0.58802774]
Hamedog -1.0,[ 0.32369499  0.67630501]
AnasSalloum 1.0,[ 0.23023493  0.76976507]
Dweller 1.0,[ 0.22837922  0.77162078]
TheRaven'sApprentice -1.0,[ 0.95684719  0.04315281]
Kaihsu 1.0,[ 0.37771209  0.62228791]
Tedder 1.0,[ 0.22912551  0.77087449]
CubsFan -1.0,[ 0.91696834  0.08303166]
Carbonite 1.0,[ 0.21553041  0.78446959]
crimsonterminator1000 -1.0,[ 0.95932941  0.04067059]
Cyclonenim -1.0,[ 0.36123837  0.63876163]
Wrp103 1.0,[ 0.60315528  0.39684472]
Carterdriggs -1.0,[ 0.8507237  0.1492763]
Booyabazooka -1.0,[ 0.48840527  0.51159473]
Seresin 1.0,[ 0.38471181  0.61528819]
CrashUnderride -1.0,[ 0.87872657  0.12127343]
Mandsford 1.0,[ 0.41636406  0.58363594]
Brockert 1.0,[ 0.28355235  0.71644765]
Plato.08 -1.0,[ 0.62120045  0.37879955]
Footballfan190 -1.0,[ 0.96112196  0.03887804]
TheAustinMan -1.0,[ 0.95260009  0.04739991]
Sherurcij -1.0,[ 0.86023658  0.13976342]
EvilMonkey 1.0,[ 0.23132765  0.76867235]
Crassic -1.0,[ 0.69626424  0.30373576]
Stlet.Rozinsky -1.0,[ 0.68877935  0.31122065]
Feco 1.0,[ 0.7351534  0.2648466]
Lucasbfr 1.0,[ 0.24444306  0.75555694]
nenyedi -1.0,[ 0.6980913  0.3019087]
Fram 1.0,[ 0.24009996  0.75990004]
Boing!saidZebedee 1.0,[ 0.24662926  0.75337074]
BigDT 1.0,[ 0.36987362  0.63012638]
SvenManguard -1.0,[ 0.24597104  0.75402896]
Duk 1.0,[ 0.26993228  0.73006772]
PresN 1.0,[ 0.32647073  0.67352927]
Hoary 1.0,[ 0.23601136  0.76398864]
Ceres3 -1.0,[ 0.95565358  0.04434642]
Snakenath -1.0,[ 0.96087632  0.03912368]
Staecker 1.0,[ 0.42076718  0.57923282]
Ugen64 1.0,[ 0.22275958  0.77724042]
Evilsaltine 1.0,[ 0.39666959  0.60333041]
GSorbyDesroid -1.0,[ 0.96024623  0.03975377]
DavidKernow 1.0,[ 0.3291372  0.6708628]
Cowman109 -1.0,[ 0.23036235  0.76963765]
Chrislk02 -1.0,[ 0.23933519  0.76066481]
Kbdank71 1.0,[ 0.22296232  0.77703768]
PhilipBairdShearer 1.0,[ 0.36555543  0.63444457]
Figureskatingfan -1.0,[ 0.42215962  0.57784038]
Ricky81682 1.0,[ 0.5573163  0.4426837]
JoeChill -1.0,[ 0.61228313  0.38771687]
DavidWBrooks 1.0,[ 0.46149095  0.53850905]
hockeypuck990 -1.0,[ 0.90698368  0.09301632]
Joshuarooney -1.0,[ 0.96071783  0.03928217]
KnowledgeSeeker 1.0,[ 0.38501293  0.61498707]
mcepitome -1.0,[ 0.89734545  0.10265455]
Amalthea 1.0,[ 0.23323394  0.76676606]
Grubber -1.0,[ 0.37193829  0.62806171]
Aleenf1 -1.0,[ 0.77485009  0.22514991]
CheNuevara -1.0,[ 0.54657444  0.45342556]
Keeper76 1.0,[ 0.22607701  0.77392299]
Blctc -1.0,[ 0.95808816  0.04191184]
Smurrayinchester -1.0,[ 0.23026639  0.76973361]
DanKeshet 1.0,[ 0.32727107  0.67272893]
Carter -1.0,[ 0.64227691  0.35772309]
Lifebaka 1.0,[ 0.2441944  0.7558056]
Toddst1 1.0,[ 0.23018778  0.76981222]
EncMstr 1.0,[ 0.44987711  0.55012289]
Chad1m -1.0,[ 0.96148925  0.03851075]
MoeEpsilon -1.0,[ 0.22085706  0.77914294]
Williamborg -1.0,[ 0.43307331  0.56692669]
RyanKeyes -1.0,[ 0.96005971  0.03994029]
Rei.09 -1.0,[ 0.42393294  0.57606706]
5albertsquare 1.0,[ 0.2302803  0.7697197]
RadicalBender 1.0,[ 0.28855926  0.71144074]
Wimt 1.0,[ 0.22450108  0.77549892]
salvag -1.0,[ 0.82843945  0.17156055]
Qaz 1.0,[ 0.41193247  0.58806753]
ChildofMidnight -1.0,[ 0.25628361  0.74371639]
HK22 -1.0,[ 0.95180769  0.04819231]
Freestylefrappe -1.0,[ 0.21837998  0.78162002]
Saxifrage 1.0,[ 0.29703  0.70297]
ShadowHalo 1.0,[ 0.26392143  0.73607857]
Jclemens 1.0,[ 0.22624121  0.77375879]
Dougweller 1.0,[ 0.3422546  0.6577454]
Spebi 1.0,[ 0.22074856  0.77925144]
Kerotan -1.0,[ 0.68544493  0.31455507]
TheWordsmith 1.0,[ 0.23235112  0.76764888]
Duncharris 1.0,[ 0.21364394  0.78635606]
Hawkeye7 1.0,[ 0.2557736  0.7442264]
Crazytales56297 -1.0,[ 0.30485009  0.69514991]
CYD 1.0,[ 0.41002348  0.58997652]
Patchouli -1.0,[ 0.92129159  0.07870841]
Samir(TheScope) 1.0,[ 0.29193352  0.70806648]
FatherGoose 1.0,[ 0.33983732  0.66016268]
xDanielx 1.0,[ 0.41953592  0.58046408]
Crazytales 1.0,[ 0.33258257  0.66741743]
MuZemike 1.0,[ 0.23521702  0.76478298]
Richard0612 -1.0,[ 0.65156301  0.34843699]
CWH -1.0,[ 0.76715693  0.23284307]
Thomasiscool -1.0,[ 0.90062953  0.09937047]
Vistro -1.0,[ 0.94328111  0.05671889]
Cutler 1.0,[ 0.52554424  0.47445576]
BaseballBugs -1.0,[ 0.32964064  0.67035936]
brettzwo -1.0,[ 0.94772057  0.05227943]
Marine69-71 -1.0,[ 0.21287453  0.78712547]
Finalnight -1.0,[ 0.25735399  0.74264601]
GDonato 1.0,[ 0.37652335  0.62347665]
Skyler13 -1.0,[ 0.72774291  0.27225709]
StevenFruitsmaak 1.0,[ 0.58366791  0.41633209]
Orioane 1.0,[ 0.23160091  0.76839909]
Versus22 -1.0,[ 0.28963708  0.71036292]
Timrollpickering 1.0,[ 0.62085108  0.37914892]
Goodshoped35110s -1.0,[ 0.36286801  0.63713199]
GeneralPatton 1.0,[ 0.36387476  0.63612524]
TreasuryTag -1.0,[ 0.26685759  0.73314241]
Bobak 1.0,[ 0.40836975  0.59163025]
Jobe6 -1.0,[ 0.22352157  0.77647843]
Skomorokh 1.0,[ 0.2496224  0.7503776]
Rlevse 1.0,[ 0.22895358  0.77104642]
Chrishomingtang -1.0,[ 0.56624252  0.43375748]
Lyrl 1.0,[ 0.40950662  0.59049338]
Stewartadcock 1.0,[ 0.30976423  0.69023577]
Mailerdiablo 1.0,[ 0.22381967  0.77618033]
VegetaSaiyan -1.0,[ 0.96140548  0.03859452]
Michaelsanders -1.0,[ 0.8146705  0.1853295]
Dan100 1.0,[ 0.21110212  0.78889788]
bobsmith319 -1.0,[ 0.73136203  0.26863797]
Rosiestep 1.0,[ 0.23399393  0.76600607]
Brighterorange 1.0,[ 0.34351324  0.65648676]
NrDg 1.0,[ 0.27109549  0.72890451]
TheBlazikenMaster -1.0,[ 0.90736965  0.09263035]
HardcoreHak -1.0,[ 0.89134995  0.10865005]
Boricuaeddie -1.0,[ 0.22491097  0.77508903]
Sergecross73 1.0,[ 0.23271308  0.76728692]
RaikuLuciferSamiyaza -1.0,[ 0.90468867  0.09531133]
Noldoaran 1.0,[ 0.43200531  0.56799469]
Bensdream -1.0,[ 0.87950164  0.12049836]
Someguy1221 1.0,[ 0.26243263  0.73756737]
Shimdidly -1.0,[ 0.91270384  0.08729616]
Mindmeal -1.0,[ 0.48285386  0.51714614]
SarahStierch 1.0,[ 0.29832757  0.70167243]
LouI 1.0,[ 0.50188346  0.49811654]
BigHaz 1.0,[ 0.25485542  0.74514458]
PhilBoswell 1.0,[ 0.29698918  0.70301082]
Mr.Stradivarius 1.0,[ 0.28325906  0.71674094]
HPJoker -1.0,[ 0.9363983  0.0636017]
Barneca -1.0,[ 0.39718873  0.60281127]
i123Pie -1.0,[ 0.90703789  0.09296211]
MaverickLeonhart -1.0,[ 0.84194332  0.15805668]
SlowkingMan 1.0,[ 0.2139252  0.7860748]
UrbanRose -1.0,[ 0.95456709  0.04543291]
FalconKirtaran.09 -1.0,[ 0.81558063  0.18441937]
SeattleSkier 1.0,[ 0.32493138  0.67506862]
OneSalientOversight -1.0,[ 0.761491  0.238509]
Akradecki 1.0,[ 0.27572928  0.72427072]
Jamesday 1.0,[ 0.44772901  0.55227099]
Wael.Mogherbi -1.0,[ 0.9055362  0.0944638]
Sabine'sSunbird 1.0,[ 0.23255279  0.76744721]
Shmirlywhirl -1.0,[ 0.96011892  0.03988108]
S@bre 1.0,[ 0.26160101  0.73839899]
Halilmarx07 -1.0,[ 0.92682998  0.07317002]
Efe 1.0,[ 0.25940128  0.74059872]
Ludraman 1.0,[ 0.22183065  0.77816935]
Micoolio101 -1.0,[ 0.82554686  0.17445314]
MrFish -1.0,[ 0.70550224  0.29449776]
Jlk73 1.0,[ 0.41254404  0.58745596]
Accounting4Taste 1.0,[ 0.38674098  0.61325902]
Otto4711 -1.0,[ 0.74843352  0.25156648]
Coolguy22468 -1.0,[ 0.96004314  0.03995686]
WhoAmIWhyAmIHere -1.0,[ 0.81181457  0.18818543]
MilborneOne 1.0,[ 0.51788311  0.48211689]
Nickptar 1.0,[ 0.20948337  0.79051663]
Elkman 1.0,[ 0.22220624  0.77779376]
RMHED -1.0,[ 0.23379674  0.76620326]
laurenceandrews -1.0,[ 0.96083554  0.03916446]
Poetlister -1.0,[ 0.64746968  0.35253032]
Perspicacite -1.0,[ 0.7748498  0.2251502]
SpeakFree -1.0,[ 0.72222262  0.27777738]
Archtransit 1.0,[ 0.2629518  0.7370482]
Unisouth -1.0,[ 0.8918305  0.1081695]
Indrian -1.0,[ 0.65786143  0.34213857]
Taoster -1.0,[ 0.58058685  0.41941315]
Celticfan383 -1.0,[ 0.95932191  0.04067809]
Distributor108 -1.0,[ 0.96167343  0.03832657]
Doug 1.0,[ 0.26834053  0.73165947]
Veesicle -1.0,[ 0.47052627  0.52947373]
Hazard-SJ -1.0,[ 0.55804707  0.44195293]
TheHighFinSpermWhale -1.0,[ 0.36209756  0.63790244]
DarthVader -1.0,[ 0.22600066  0.77399934]
Craigy144 1.0,[ 0.48216443  0.51783557]
Aarontehtennisman -1.0,[ 0.96154886  0.03845114]
markles 1.0,[ 0.49175839  0.50824161]
SyedNaqvi90 -1.0,[ 0.96112196  0.03887804]
Bigtop(2ndnomination) -1.0,[ 0.90596903  0.09403097]
Kzollman 1.0,[ 0.44563014  0.55436986]
oo7565 -1.0,[ 0.73221413  0.26778587]
SkerHawx -1.0,[ 0.8634428  0.1365572]
bfissa -1.0,[ 0.90977268  0.09022732]
Richardcavell 1.0,[ 0.38640832  0.61359168]
RogerDavies 1.0,[ 0.22894365  0.77105635]
Sewing 1.0,[ 0.34351677  0.65648323]
Daniel.Cardenas -1.0,[ 0.82222496  0.17777504]
Tyrenius -1.0,[ 0.24733462  0.75266538]
Grunt 1.0,[ 0.22398783  0.77601217]
Autocracy -1.0,[ 0.64423921  0.35576079]
BorgHunter 1.0,[ 0.21922789  0.78077211]
Curps 1.0,[ 0.28770469  0.71229531]
CyborgTosser -1.0,[ 0.40579581  0.59420419]
RedWordSmith 1.0,[ 0.26476578  0.73523422]
Khukri -1.0,[ 0.31154517  0.68845483]
Chamillitaryboi94 -1.0,[ 0.90801555  0.09198445]
keeleysam -1.0,[ 0.96058896  0.03941104]
Avicennasis -1.0,[ 0.23825969  0.76174031]
Kalajan -1.0,[ 0.77590907  0.22409093]
Arbiteroftruth -1.0,[ 0.54514393  0.45485607]
Adambro 1.0,[ 0.24388491  0.75611509]
Jehochman 1.0,[ 0.22044935  0.77955065]
Jarry1250 1.0,[ 0.39527651  0.60472349]
Pb30 1.0,[ 0.70544083  0.29455917]
mentaka -1.0,[ 0.96044178  0.03955822]
Alvestrand 1.0,[ 0.6799367  0.3200633]
A520 -1.0,[ 0.90286433  0.09713567]
JRH95 -1.0,[ 0.96106136  0.03893864]
Lst27 -1.0,[ 0.39497105  0.60502895]
Davodd 1.0,[ 0.32789507  0.67210493]
SeraphimWhipp 1.0,[ 0.40373063  0.59626937]
CJCurrie 1.0,[ 0.28338718  0.71661282]
Naerii -1.0,[ 0.37448112  0.62551888]
Shoemaker'sHoliday -1.0,[ 0.43176966  0.56823034]
TheThadman2 -1.0,[ 0.58434221  0.41565779]
TucsonDavid -1.0,[ 0.80857012  0.19142988]
Jareth 1.0,[ 0.26407433  0.73592567]
Sam1123 -1.0,[ 0.95730552  0.04269448]
Surplu -1.0,[ 0.9608388  0.0391612]
K50Dude -1.0,[ 0.64418021  0.35581979]
Luigi30 -1.0,[ 0.22964173  0.77035827]
Ausir 1.0,[ 0.40929852  0.59070148]
IslaamMaged126 -1.0,[ 0.71466759  0.28533241]
Snottygobble 1.0,[ 0.23915128  0.76084872]
AuburnPilot 1.0,[ 0.36832198  0.63167802]
Niteowlneils 1.0,[ 0.23447192  0.76552808]
Pepperpiggle -1.0,[ 0.38555751  0.61444249]
IBeatAnorexia -1.0,[ 0.90618235  0.09381765]
Dynamictwo-o -1.0,[ 0.9611193  0.0388807]
Wwwwolf 1.0,[ 0.40734159  0.59265841]
VikrantPhadkay -1.0,[ 0.9544893  0.0455107]
Kmweber -1.0,[ 0.32883208  0.67116792]
J.J. 1.0,[ 0.61294382  0.38705618]
Cdc 1.0,[ 0.32986007  0.67013993]
Wereon -1.0,[ 0.65840777  0.34159223]
Northamerica1000 -1.0,[ 0.54567072  0.45432928]
Treelo -1.0,[ 0.63604504  0.36395496]
Aecis 1.0,[ 0.30713021  0.69286979]
CentralDataBank -1.0,[ 0.94660939  0.05339061]
Giants27 -1.0,[ 0.23485394  0.76514606]
DvDknight -1.0,[ 0.95793903  0.04206097]
WarthogDemon -1.0,[ 0.43203994  0.56796006]
Vishnava -1.0,[ 0.43102968  0.56897032]
CMummert 1.0,[ 0.23634792  0.76365208]
CWY2190 -1.0,[ 0.22374494  0.77625506]
Pcb21 1.0,[ 0.39733545  0.60266455]
Cremepuff222 1.0,[ 0.24380252  0.75619748]
GaiaOctaviaAgrippa -1.0,[ 0.59023738  0.40976262]
Philippe 1.0,[ 0.21989506  0.78010494]
Lupo 1.0,[ 0.29204996  0.70795004]
Gangsta-Easter-Bunny -1.0,[ 0.40649556  0.59350444]
Diberri 1.0,[ 0.38753361  0.61246639]
Gaz 1.0,[ 0.40545283  0.59454717]
Risker 1.0,[ 0.23812798  0.76187202]
Drumlineramos -1.0,[ 0.81665741  0.18334259]
Zagalejo 1.0,[ 0.23709011  0.76290989]
Fencesandwindows 1.0,[ 0.23382699  0.76617301]
Mike33 -1.0,[ 0.91043898  0.08956102]
GSorby -1.0,[ 0.92083548  0.07916452]
Mayalld -1.0,[ 0.39259846  0.60740154]
Pamri 1.0,[ 0.21340731  0.78659269]
Benc 1.0,[ 0.22238199  0.77761801]
Tra 1.0,[ 0.4504767  0.5495233]
ScottGall -1.0,[ 0.64234061  0.35765939]
Anbu121 -1.0,[ 0.55675248  0.44324752]
RobertG 1.0,[ 0.42783013  0.57216987]
Polargeo -1.0,[ 0.25040939  0.74959061]
Ganeshk 1.0,[ 0.21950761  0.78049239]
Mapalazoo -1.0,[ 0.92060887  0.07939113]
willmerchant -1.0,[ 0.95873345  0.04126655]
Endofskull -1.0,[ 0.73615727  0.26384273]
WikiGreekBasketball -1.0,[ 0.46544535  0.53455465]
Ohmpandya -1.0,[ 0.50806865  0.49193135]
Cgoodwin -1.0,[ 0.43003942  0.56996058]
Kntrabssi -1.0,[ 0.64826928  0.35173072]
Lazulilasher 1.0,[ 0.39541395  0.60458605]
Noel 1.0,[ 0.41002348  0.58997652]
MikeCline 1.0,[ 0.23265517  0.76734483]
SpecialAgentUncleTito -1.0,[ 0.87488664  0.12511336]
Wikiwoohoo -1.0,[ 0.4827907  0.5172093]
Nixdorf 1.0,[ 0.55335617  0.44664383]
RonRitzman 1.0,[ 0.25551538  0.74448462]
Schissel 1.0,[ 0.36472936  0.63527064]
Atlant 1.0,[ 0.46326861  0.53673139]
Jc3s5h -1.0,[ 0.50422025  0.49577975]
Bling-chav -1.0,[ 0.67742788  0.32257212]
Haukurth -1.0,[ 0.22926475  0.77073525]
Atama 1.0,[ 0.22479549  0.77520451]
Somitho -1.0,[ 0.32773147  0.67226853]
Djsasso 1.0,[ 0.39741931  0.60258069]
Ucucha 1.0,[ 0.23339306  0.76660694]
Oddmartian2 -1.0,[ 0.9547815  0.0452185]
Emperor 1.0,[ 0.38136165  0.61863835]
Rappingwonders -1.0,[ 0.95475741  0.04524259]
goodandhonestwhig -1.0,[ 0.95663655  0.04336345]
MPF 1.0,[ 0.29272798  0.70727202]
Nja247 -1.0,[ 0.37675389  0.62324611]
Nehrams2020 1.0,[ 0.23673306  0.76326694]
Jauerback 1.0,[ 0.2269938  0.7730062]
Redwolf24 1.0,[ 0.22374855  0.77625145]
Seraphimblade -1.0,[ 0.22639583  0.77360417]
Chrisisme -1.0,[ 0.54892421  0.45107579]
JustinEiler -1.0,[ 0.96112196  0.03887804]
James1011R -1.0,[ 0.96177073  0.03822927]
MisfitToys 1.0,[ 0.39943778  0.60056222]
Harro5 -1.0,[ 0.22853105  0.77146895]
Akhilleus 1.0,[ 0.21874402  0.78125598]
Jkelly 1.0,[ 0.22509896  0.77490104]
Djrxi -1.0,[ 0.59284568  0.40715432]
Tomf688 1.0,[ 0.46785014  0.53214986]
Jnothman 1.0,[ 0.30409873  0.69590127]
AdamRetchless.09 -1.0,[ 0.60627294  0.39372706]
GoodOlfactory 1.0,[ 0.23306664  0.76693336]
Mastrchf91 -1.0,[ 0.44474964  0.55525036]
MJohnson -1.0,[ 0.59540957  0.40459043]
SVera1NY -1.0,[ 0.95890577  0.04109423]
Topbanana 1.0,[ 0.36119236  0.63880764]
Oberiko 1.0,[ 0.36361727  0.63638273]
TEK -1.0,[ 0.94251033  0.05748967]
SamuelWantman 1.0,[ 0.22999845  0.77000155]
benon -1.0,[ 0.58649919  0.41350081]
TheBread -1.0,[ 0.31772627  0.68227373]
Qwyrxian 1.0,[ 0.24864804  0.75135196]
VagueRant 1.0,[ 0.2475372  0.7524628]
Fuhghettaboutit 1.0,[ 0.22610602  0.77389398]
Kouroshziabari -1.0,[ 0.9519107  0.0480893]
Fukinell -1.0,[ 0.91029359  0.08970641]
Howcheng 1.0,[ 0.21528582  0.78471418]
WAvegetarian 1.0,[ 0.22373555  0.77626445]
January 1.0,[ 0.32091375  0.67908625]
B&WAnimeFan -1.0,[ 0.95335813  0.04664187]
Tommy2010 -1.0,[ 0.50515344  0.49484656]
FeloniousMonk 1.0,[ 0.22188832  0.77811168]
Kirkoconnell -1.0,[ 0.95654034  0.04345966]
WHEELER.09 -1.0,[ 0.78646586  0.21353414]
Idonthavaname 1.0,[ 0.21704492  0.78295508]
Kusma 1.0,[ 0.22548209  0.77451791]
Fastfission 1.0,[ 0.22985707  0.77014293]
downtowndontay -1.0,[ 0.95737879  0.04262121]
Mizuonnasango15 -1.0,[ 0.23103112  0.76896888]
Minan -1.0,[ 0.96194696  0.03805304]
OvenFresh 1.0,[ 0.23482431  0.76517569]
Dmcdevit 1.0,[ 0.21579048  0.78420952]
BRG -1.0,[ 0.76436517  0.23563483]
ЂорђеД.Божовић -1.0,[ 0.84755304  0.15244696]
Superm401 1.0,[ 0.27824645  0.72175355]
Cream -1.0,[ 0.77571942  0.22428058]
53180 -1.0,[ 0.92686963  0.07313037]
RyanGerbil10 1.0,[ 0.21746121  0.78253879]
Ezekiel63745 -1.0,[ 0.96165929  0.03834071]
Genisock2 -1.0,[ 0.61617663  0.38382337]
Carabinieri 1.0,[ 0.35896494  0.64103506]
JPD 1.0,[ 0.22713404  0.77286596]
Firsfron 1.0,[ 0.21099186  0.78900814]
kku2 -1.0,[ 0.85869678  0.14130322]
StreetScholar -1.0,[ 0.89041007  0.10958993]
Runningonbrains 1.0,[ 0.35008873  0.64991127]
Shauri 1.0,[ 0.21151187  0.78848813]
Ankitbhatt -1.0,[ 0.81610349  0.18389651]
ThaddeusB 1.0,[ 0.23604349  0.76395651]
Andres 1.0,[ 0.59682154  0.40317846]
mlc409 -1.0,[ 0.90687816  0.09312184]
Fyre2387 -1.0,[ 0.82090208  0.17909792]
Jake0geek -1.0,[ 0.8896139  0.1103861]
BuickCenturyDriver -1.0,[ 0.39328152  0.60671848]
Olessi 1.0,[ 0.22514682  0.77485318]
Leolisa1997 -1.0,[ 0.83657679  0.16342321]
MilkMiruku -1.0,[ 0.88726542  0.11273458]
Bgwhite 1.0,[ 0.23943472  0.76056528]
Hirak99 -1.0,[ 0.83836999  0.16163001]
JeanLatore -1.0,[ 0.581927  0.418073]
Rodhullandemu 1.0,[ 0.37588895  0.62411105]
Discospinster 1.0,[ 0.41687256  0.58312744]
paulyb -1.0,[ 0.9603398  0.0396602]
AfterMidnight 1.0,[ 0.22765555  0.77234445]
Ecw.technoid.dweeb -1.0,[ 0.90290408  0.09709592]
Acdixon 1.0,[ 0.32810182  0.67189818]
VeraciousRey -1.0,[ 0.96069286  0.03930714]
Pengo 1.0,[ 0.45092317  0.54907683]
Mikkalai 1.0,[ 0.43130253  0.56869747]
Thespian 1.0,[ 0.40664568  0.59335432]
Mikeblas 1.0,[ 0.50259384  0.49740616]
Geoffr -1.0,[ 0.96040704  0.03959296]
Ibaranoff24 -1.0,[ 0.58849185  0.41150815]
Netsnipe 1.0,[ 0.23198586  0.76801414]
AndyZ 1.0,[ 0.22474453  0.77525547]
DarthMike -1.0,[ 0.81807713  0.18192287]
Wikisteph888 -1.0,[ 0.95019209  0.04980791]
CameronNedland -1.0,[ 0.95147621  0.04852379]
Bugalugs13 -1.0,[ 0.913055  0.086945]
Vacation9 -1.0,[ 0.42747373  0.57252627]
ArnoldReinhold 1.0,[ 0.79751351  0.20248649]
BostonMA -1.0,[ 0.33297748  0.66702252]
Extranet -1.0,[ 0.69485948  0.30514052]
Cchan199206 -1.0,[ 0.56095798  0.43904202]
Czac -1.0,[ 0.83666333  0.16333667]
Royalguard11 1.0,[ 0.21953316  0.78046684]
addatron -1.0,[ 0.89566599  0.10433401]
thedemonhog 1.0,[ 0.23229096  0.76770904]
JasonPotter -1.0,[ 0.62300441  0.37699559]
Wcreed88 -1.0,[ 0.95930062  0.04069938]
Thespeshman -1.0,[ 0.9606725  0.0393275]
Stevedietrich -1.0,[ 0.90533219  0.09466781]
ABCD.09 -1.0,[ 0.71641162  0.28358838]
FoxyLoxy -1.0,[ 0.23348816  0.76651184]
Willmcw 1.0,[ 0.20724868  0.79275132]
Nwwaew -1.0,[ 0.75842999  0.24157001]
ronan.evans -1.0,[ 0.9541657  0.0458343]
Cyclonebiskit -1.0,[ 0.77993027  0.22006973]
BloodRedSandman 1.0,[ 0.26083806  0.73916194]
dbertman -1.0,[ 0.90673226  0.09326774]
Coelacan 1.0,[ 0.23254983  0.76745017]
alexsautographs -1.0,[ 0.82516736  0.17483264]
Mrld -1.0,[ 0.91253983  0.08746017]
Where 1.0,[ 0.22207374  0.77792626]
lavakille -1.0,[ 0.88971867  0.11028133]
GlassCobra 1.0,[ 0.22226672  0.77773328]
MisterWiki -1.0,[ 0.62544685  0.37455315]
Snoyes 1.0,[ 0.34576562  0.65423438]
KirillLokshin 1.0,[ 0.21728495  0.78271505]
Rogper.09 -1.0,[ 0.44560091  0.55439909]
Lbmixpro 1.0,[ 0.39542394  0.60457606]
Hereford -1.0,[ 0.77212673  0.22787327]
adamfinmo -1.0,[ 0.89756786  0.10243214]
Kevin 1.0,[ 0.43182739  0.56817261]
W.marsh 1.0,[ 0.25023931  0.74976069]
Pakaran 1.0,[ 0.35419875  0.64580125]
Pyrop -1.0,[ 0.69116135  0.30883865]
Shirahadasha -1.0,[ 0.42662391  0.57337609]
Mzajac 1.0,[ 0.38500986  0.61499014]
ChantingFox(2nd) -1.0,[ 0.92850588  0.07149412]
Stephen 1.0,[ 0.22386143  0.77613857]
P.B.Pilhet -1.0,[ 0.31954067  0.68045933]
Sethdoe92 -1.0,[ 0.88172368  0.11827632]
Scott5114 -1.0,[ 0.39236407  0.60763593]
Lectonar 1.0,[ 0.2506449  0.7493551]
Maunus 1.0,[ 0.2325654  0.7674346]
Useight -1.0,[ 0.23539058  0.76460942]
Rlendog 1.0,[ 0.23396695  0.76603305]
DoomsDay349 1.0,[ 0.40311836  0.59688164]
Bigvinu -1.0,[ 0.80506746  0.19493254]
Synergy -1.0,[ 0.40002122  0.59997878]
INeverCry 1.0,[ 0.232416  0.767584]
MacGyverMagic 1.0,[ 0.22072389  0.77927611]
NightDragon -1.0,[ 0.6591509  0.3408491]
Awiseman 1.0,[ 0.41854111  0.58145889]
Weyes2a -1.0,[ 0.41533705  0.58466295]
Heah 1.0,[ 0.25687931  0.74312069]
Toon05 1.0,[ 0.31734611  0.68265389]
ShootJar -1.0,[ 0.91589758  0.08410242]
Masamage 1.0,[ 0.32270783  0.67729217]
Picaroon9288 1.0,[ 0.39688274  0.60311726]
mrkc -1.0,[ 0.9604325  0.0395675]
Bazj -1.0,[ 0.53581703  0.46418297]
Trysha -1.0,[ 0.39906988  0.60093012]
Benjah-bmm27 -1.0,[ 0.43055586  0.56944414]
ARaiderLikeIndiana -1.0,[ 0.66040946  0.33959054]
Aikendrum -1.0,[ 0.26764077  0.73235923]
JeffreyMall -1.0,[ 0.23966822  0.76033178]
Unknownquinones -1.0,[ 0.95763681  0.04236319]
Randomjack -1.0,[ 0.91209386  0.08790614]
ChrisDJackson.09 -1.0,[ 0.60845079  0.39154921]
Happy-melon 1.0,[ 0.25526287  0.74473713]
Gadfium 1.0,[ 0.22340435  0.77659565]
ddbruce -1.0,[ 0.93946703  0.06053297]
Spencer195 1.0,[ 0.69668728  0.30331272]
Jni 1.0,[ 0.21289711  0.78710289]
Chadloder 1.0,[ 0.41002348  0.58997652]
SMarshall -1.0,[ 0.40738582  0.59261418]
Syrthiss 1.0,[ 0.24788685  0.75211315]
Xezbeth 1.0,[ 0.3947263  0.6052737]
L07ChLeo3 -1.0,[ 0.90364658  0.09635342]
Chmod007 1.0,[ 0.21717205  0.78282795]
Hornetman16 -1.0,[ 0.9375916  0.0624084]
Chochopk -1.0,[ 0.57623372  0.42376628]
Frazzydee 1.0,[ 0.21482242  0.78517758]
Sj 1.0,[ 0.23660585  0.76339415]
Member -1.0,[ 0.62612642  0.37387358]
OKeyes -1.0,[ 0.96095167  0.03904833]
DoidimaisBrasil -1.0,[ 0.76847393  0.23152607]
Mairi 1.0,[ 0.25156302  0.74843698]
PNiddy -1.0,[ 0.82046405  0.17953595]
Jaxl 1.0,[ 0.23300315  0.76699685]
AdmiralNorton 1.0,[ 0.23433154  0.76566846]
AlbertR -1.0,[ 0.88983716  0.11016284]
Femto -1.0,[ 0.36520302  0.63479698]
Kumioko -1.0,[ 0.42326378  0.57673622]
IanManka 1.0,[ 0.22807841  0.77192159]
Eequor(2nd) -1.0,[ 0.42254798  0.57745202]
TheOkayThrill -1.0,[ 0.95735636  0.04264364]
NationsUnited -1.0,[ 0.80573806  0.19426194]
Ben -1.0,[ 0.24863458  0.75136542]
RyanVesey -1.0,[ 0.25511545  0.74488455]
Natl1 -1.0,[ 0.23775105  0.76224895]
VernoWhitney 1.0,[ 0.26144173  0.73855827]
Timc 1.0,[ 0.69960949  0.30039051]
Kmccoy 1.0,[ 0.21776067  0.78223933]
Agüeybaná -1.0,[ 0.22664943  0.77335057]
MarcusAureliusAntoninus -1.0,[ 0.96021161  0.03978839]
Geomapboy2 -1.0,[ 0.95969682  0.04030318]
Flcelloguy 1.0,[ 0.21831136  0.78168864]
Taxman 1.0,[ 0.25203152  0.74796848]
wolfpawz -1.0,[ 0.90680147  0.09319853]
Kingpin13 -1.0,[ 0.25370926  0.74629074]
Edg2s 1.0,[ 0.60695954  0.39304046]
Camaron1 1.0,[ 0.23253852  0.76746148]
Mic 1.0,[ 0.45382583  0.54617417]
Beland 1.0,[ 0.39848199  0.60151801]
Rholton 1.0,[ 0.4180875  0.5819125]
Spongefrog -1.0,[ 0.26650303  0.73349697]
Colipon.09 -1.0,[ 0.95020908  0.04979092]
AmbushCommander 1.0,[ 0.40479777  0.59520223]
DakotaKahn 1.0,[ 0.21941346  0.78058654]
JohnAnderson -1.0,[ 0.65464105  0.34535895]
Yamla 1.0,[ 0.22726037  0.77273963]
Refdoc 1.0,[ 0.37348109  0.62651891]
KingToadsworth -1.0,[ 0.49107337  0.50892663]
Davetunney -1.0,[ 0.50189549  0.49810451]
Dumelow 1.0,[ 0.32824774  0.67175226]
Chuckfromchan -1.0,[ 0.88875781  0.11124219]
MLauba 1.0,[ 0.22980502  0.77019498]
Sarcasticidealist 1.0,[ 0.22414542  0.77585458]
28bytes -1.0,[ 0.25355757  0.74644243]
Morbidthoughts -1.0,[ 0.24435184  0.75564816]
Karrmann -1.0,[ 0.35252765  0.64747235]
21655 -1.0,[ 0.67426823  0.32573177]
Johnleemk 1.0,[ 0.31767502  0.68232498]
Xerocs2 -1.0,[ 0.80335076  0.19664924]
Paxse 1.0,[ 0.40159693  0.59840307]
JXM -1.0,[ 0.89172959  0.10827041]
Danielrocks123 -1.0,[ 0.73082656  0.26917344]
VegaDark 1.0,[ 0.21846005  0.78153995]
Waltonmonarchist89 -1.0,[ 0.38997872  0.61002128]
AlainV 1.0,[ 0.63490052  0.36509948]
Yuser31415 -1.0,[ 0.38041044  0.61958956]
EDGE -1.0,[ 0.39572553  0.60427447]
Nichalp 1.0,[ 0.23833048  0.76166952]
Sugarpine -1.0,[ 0.64589167  0.35410833]
Bilby 1.0,[ 0.27696988  0.72303012]
Amorymeltzer 1.0,[ 0.22801875  0.77198125]
Davnel03 -1.0,[ 0.51405467  0.48594533]
JetLover -1.0,[ 0.53982446  0.46017554]
Tbo157 -1.0,[ 0.54155438  0.45844562]
MaxSem 1.0,[ 0.22567029  0.77432971]
Eagles247 1.0,[ 0.23219325  0.76780675]
Eastlaw -1.0,[ 0.51776286  0.48223714]
Rl -1.0,[ 0.47393137  0.52606863]
Markhurd -1.0,[ 0.58898277  0.41101723]
Kamek98 -1.0,[ 0.93207728  0.06792272]
Hastingssaxonspride -1.0,[ 0.90048529  0.09951471]
zhudyzhu -1.0,[ 0.96079021  0.03920979]
Jhfireboy -1.0,[ 0.3756542  0.6243458]
Eduemoni -1.0,[ 0.96149627  0.03850373]
TheIslander -1.0,[ 0.28436977  0.71563023]
BlueCaper -1.0,[ 0.95134268  0.04865732]
Wesley 1.0,[ 0.27130861  0.72869139]
Juro -1.0,[ 0.76246408  0.23753592]
Mkativerata 1.0,[ 0.22974676  0.77025324]
Cjc811 -1.0,[ 0.96174392  0.03825608]
Danielspencer91 -1.0,[ 0.95307255  0.04692745]
Meandmyrobot -1.0,[ 0.96151776  0.03848224]
Syjytg -1.0,[ 0.67265852  0.32734148]
Tivedshambo 1.0,[ 0.49936181  0.50063819]
TheRepublican -1.0,[ 0.70784776  0.29215224]
Elf 1.0,[ 0.29579061  0.70420939]
Miranda -1.0,[ 0.51853904  0.48146096]
Casliber 1.0,[ 0.22311939  0.77688061]
Icewedge -1.0,[ 0.38694845  0.61305155]
Rogerd -1.0,[ 0.22278218  0.77721782]
EricV89 -1.0,[ 0.31735652  0.68264348]
Quadell 1.0,[ 0.23938662  0.76061338]
LessHeardvanU 1.0,[ 0.21884858  0.78115142]
Arkyan2 1.0,[ 0.40557296  0.59442704]
Ioeth 1.0,[ 0.24015711  0.75984289]
PZFUN 1.0,[ 0.41039293  0.58960707]
Fainites 1.0,[ 0.23933032  0.76066968]
Jc37 -1.0,[ 0.293819  0.706181]
Tutthoth-Ankhre -1.0,[ 0.54566484  0.45433516]
KnightLago 1.0,[ 0.22935997  0.77064003]
DeltaSlaya -1.0,[ 0.52343189  0.47656811]
Mikedk9109 -1.0,[ 0.77724028  0.22275972]
Sfd1905 -1.0,[ 0.77849483  0.22150517]
TShilo12 1.0,[ 0.21593117  0.78406883]
AmiDaniel 1.0,[ 0.25745732  0.74254268]
Fishhead64 1.0,[ 0.41157449  0.58842551]
Alan16 -1.0,[ 0.4562691  0.5437309]
SpacemanSpiff 1.0,[ 0.2318523  0.7681477]
Grant65 1.0,[ 0.28036788  0.71963212]
Azuran -1.0,[ 0.93827369  0.06172631]
CryptoDerk 1.0,[ 0.22675796  0.77324204]
TawkerbotTorA -1.0,[ 0.90524968  0.09475032]
Scienceman123 -1.0,[ 0.95964465  0.04035535]
AfC -1.0,[ 0.93974863  0.06025137]
NYMets2000 -1.0,[ 0.92326637  0.07673363]
TheoClarke 1.0,[ 0.22236407  0.77763593]
OwenX 1.0,[ 0.21865063  0.78134937]
SchfiftyThree -1.0,[ 0.39071054  0.60928946]
Stormie 1.0,[ 0.21035329  0.78964671]
SunCountryGuy01 -1.0,[ 0.87495015  0.12504985]
COGDEN 1.0,[ 0.36780567  0.63219433]
GedUK 1.0,[ 0.22184423  0.77815577]
Nat.tang -1.0,[ 0.64171416  0.35828584]
Bunchofgrapes 1.0,[ 0.2159911  0.7840089]
Vancouverguy 1.0,[ 0.41523045  0.58476955]
Mentifisto 1.0,[ 0.23644163  0.76355837]
munkeemadness -1.0,[ 0.85426128  0.14573872]
Weyes3 -1.0,[ 0.67370997  0.32629003]
Weyes2 -1.0,[ 0.41195736  0.58804264]
Zxcvbnm -1.0,[ 0.63998494  0.36001506]
AlbertHerring -1.0,[ 0.95784484  0.04215516]
Doczilla 1.0,[ 0.37652328  0.62347672]
AnchetaWis 1.0,[ 0.21963747  0.78036253]
Fan-1967 -1.0,[ 0.27132677  0.72867323]
David.Monniaux 1.0,[ 0.35252934  0.64747066]
Buchanan-Hermit 1.0,[ 0.22250249  0.77749751]
WB -1.0,[ 0.63326512  0.36673488]
R.fiend 1.0,[ 0.24221131  0.75778869]
Plasticup -1.0,[ 0.44469915  0.55530085]
MaximusRex 1.0,[ 0.28999076  0.71000924]
Michaelas10 1.0,[ 0.23065826  0.76934174]
Franamax 1.0,[ 0.2325217  0.7674783]
R.D.H.(GhostInTheMachine) -1.0,[ 0.37450539  0.62549461]
LiquidGhoul 1.0,[ 0.24098264  0.75901736]
Sfoskett 1.0,[ 0.32505105  0.67494895]
Edokter 1.0,[ 0.35025031  0.64974969]
Two-faceJackie -1.0,[ 0.91757172  0.08242828]
Islaammaged126 -1.0,[ 0.92415446  0.07584554]
ISD -1.0,[ 0.74952711  0.25047289]
Floaterfluss -1.0,[ 0.93368648  0.06631352]
TheFish -1.0,[ 0.83324322  0.16675678]
Duja 1.0,[ 0.23002261  0.76997739]
HarryMaxwell -1.0,[ 0.95447948  0.04552052]
Plato.07 -1.0,[ 0.84179247  0.15820753]
Gurubrahma 1.0,[ 0.21419707  0.78580293]
RuleOfThe9th -1.0,[ 0.89245135  0.10754865]
Swinquest -1.0,[ 0.87576377  0.12423623]
HelloAnnyong 1.0,[ 0.25589046  0.74410954]
SE7 -1.0,[ 0.89204852  0.10795148]
RichardArthurNorton(1958-) -1.0,[ 0.7082918  0.2917082]
Ginbot86 -1.0,[ 0.29896902  0.70103098]
Alhutch 1.0,[ 0.22601517  0.77398483]
Yomangani 1.0,[ 0.22479827  0.77520173]
IndigoGenius -1.0,[ 0.70275949  0.29724051]
CLW 1.0,[ 0.28785261  0.71214739]
Tanner-Christopher -1.0,[ 0.38948095  0.61051905]
Cnwb 1.0,[ 0.2449116  0.7550884]
WhatWouldEmperorNortonDo -1.0,[ 0.88854913  0.11145087]
EVula 1.0,[ 0.22549758  0.77450242]
AutomaticStrikeout -1.0,[ 0.41269883  0.58730117]
Venomcuz -1.0,[ 0.96048827  0.03951173]
Terrillwhite -1.0,[ 0.9544286  0.0455714]
Krm500 -1.0,[ 0.4417677  0.5582323]
Materialscientist 1.0,[ 0.40582005  0.59417995]
Monkbel -1.0,[ 0.37099059  0.62900941]
Yonidebest -1.0,[ 0.61428232  0.38571768]
Lethe 1.0,[ 0.37645415  0.62354585]
Spinningspark 1.0,[ 0.31709984  0.68290016]
ErrantX 1.0,[ 0.31453092  0.68546908]
Slp1 1.0,[ 0.24561405  0.75438595]
RockMFR -1.0,[ 0.23652048  0.76347952]
Ohnoitsjamie -1.0,[ 0.25861347  0.74138653]
Punkmorten 1.0,[ 0.24390841  0.75609159]
Jcw69 1.0,[ 0.25710003  0.74289997]
Pumpmeup -1.0,[ 0.42270639  0.57729361]
Vegaswikian 1.0,[ 0.59793637  0.40206363]
Conker01 -1.0,[ 0.96097231  0.03902769]
Brossow -1.0,[ 0.65367478  0.34632522]
Kubek15 -1.0,[ 0.82153155  0.17846845]
Cecropia 1.0,[ 0.21677528  0.78322472]
WCityMike -1.0,[ 0.56712566  0.43287434]
Digitalme -1.0,[ 0.22060887  0.77939113]
Penyulap -1.0,[ 0.71400778  0.28599222]
SteveCrossi