74700,1.5
684986,1.5
262108,0.0
23448,0.0
131117,0.0
144330,3.0
1959,1.7
193354,0.0
193352,1.4
1121867,0.0
1105505,0.0
103543,3.5
1104055,0.0
469504,0.0
35852,1.25
6151,12.0
6152,0.0
189572,0.0
6155,0.0
189571,0.5
287787,1.4
289780,0.0
289781,0.75
1106287,0.0
158098,0.0
69392,0.0
1132434,0.0
69397,0.0
65650,0.0
65653,0.0
60682,0.0
100701,0.0
1102442,0.0
689439,0.0
853114,11.3333333333
853115,9.25
853116,16.0
52003,0.666666666667
52000,0.5
853118,0.0
52007,0.0
1129015,0.0
100961,1.0
1129018,0.0
1132505,0.0
43698,0.333333333333
85324,1.0
1113438,0.0
166825,0.0
258259,0.0
63931,1.2
93320,0.0
990075,0.0
2440,1.2
644494,0.0
1130568,0.0
1109392,0.0
1130567,0.0
1106630,0.0
1117184,0.0
93923,1.0
294145,0.0
102939,1.0
102938,1.0
16819,1.83333333333
1107728,0.0
132821,0.0
117328,1.5
1117219,0.0
139738,0.0
753047,1.16666666667
79817,0.0
646412,0.0
6378,0.0
787016,0.0
1109957,0.0
300071,0.0
1131360,0.0
87363,1.0
1116922,0.0
20526,0.0
20528,0.0
1138755,0.0
54550,5.0
22874,0.0
22875,0.0
22876,0.0
293285,0.0
197452,1.5
561581,0.5
1153275,0.0
219239,1.5
1121254,0.0
1131565,0.0
152731,3.5
509315,0.0
1117501,0.0
179180,0.666666666667
1131189,0.0
1129907,0.0
1131184,0.0
49482,1.0
1131180,0.0
48781,1.0
294030,6.0
711598,0.0
1131748,0.0
1131745,0.0
104840,0.0
1131741,0.0
1130586,0.0
594511,0.0
645452,1.0
1997,2.44444444444
1999,0.6
1114184,0.0
634975,0.0
1129835,0.0
45061,0.0
1128839,0.0
237521,28.0
31489,1.09090909091
8832,0.0
67584,0.333333333333
202639,0.555555555556
395725,0.0
1130808,0.0
58454,3.0
58453,5.0
1113084,0.0
643734,0.0
12946,0.0
17821,0.0
948846,0.0
592996,0.0
575292,0.0
399370,2.0
5454,0.0
137956,1.0
16474,5.0
137868,0.333333333333
399173,0.0
1107010,0.0
23507,1.28571428571
340299,6.0
23502,4.5
1115166,0.0
1110531,0.0
1135455,0.0
194645,1.0
1152821,0.0
151708,0.0
189577,0.0
189574,0.0
1127566,0.0
83725,8.2
1114364,0.0
8766,0.0
1123093,0.0
1113934,0.0
89547,1.5
31349,0.0
232860,0.0
1108597,0.0
43186,1.0
107251,1.0
66982,2.0
107252,0.0
562067,0.0
66986,2.0
1112911,0.0
119686,0.5
711994,0.0
1110628,0.0
6220,4.66666666667
280876,0.0
521183,0.666666666667
1124837,0.0
219446,0.75
650807,0.0
696345,4.25
696346,0.0
28387,0.0
67292,0.0
696342,0.0
277263,0.0
173884,0.0
1102850,0.0
1136342,0.0
1119471,0.0
653441,1.0
273152,13.0
126868,0.5
126867,0.0
77112,0.0
1110998,0.0
1126350,0.0
308003,0.0
647413,0.0
69418,0.0
310530,1.0
566488,0.0
1103038,0.0
35335,0.666666666667
606647,0.0
1103031,0.0
595063,0.0
1128982,0.0
74821,0.0
1113534,0.0
189566,2.4
250566,0.0
646357,1.0
576725,1.0
409255,0.0
77758,6.11111111111
6782,0.0
6784,2.25
1106298,0.0
631052,0.0
27174,1.0
1118658,0.0
180373,2.0
561789,1.33333333333
1154520,0.0
1154525,0.0
1154524,0.0
46491,1.08333333333
1153065,0.0
1153064,0.0
16485,0.625
683294,0.5
55801,2.0
1112106,0.0
20534,1.71428571429
1152259,0.0
14430,1.57142857143
235776,0.0
1152490,0.0
315266,0.0
191216,0.0
1105887,0.0
95198,0.0
671269,0.0
141596,1.0
682815,0.0
1153014,0.0
1113742,0.0
686559,0.0
149139,0.0
1109566,0.0
1110209,0.0
763181,0.0
1120786,0.0
293271,0.0
1131330,0.0
578365,1.0
1131359,0.0
48555,2.5
1129994,0.0
1131421,0.0
48550,2.0
63477,0.0
1128198,0.0
1114992,0.0
575077,2.625
13193,2.5
1114629,0.0
13195,0.0
37541,0.5
1116842,0.0
6216,0.333333333333
6215,1.5
6214,1.5
6213,2.28947368421
948299,0.0
1138619,0.0
2698,1.2
1112723,0.0
2696,1.64705882353
2695,1.5
1152075,0.0
42156,0.25
6818,1.25
1128997,0.0
1128990,0.0
1111265,0.0
1118332,0.0
59626,1.8
6814,0.444444444444
1130600,0.0
735311,0.0
14090,0.5
1109185,0.0
123556,3.0
1131734,0.0
3232,0.285714285714
3233,1.44444444444
3231,1.0
3236,2.2
3237,0.0
3235,1.0
634902,0.0
5194,1.4
175256,0.0
634904,0.0
36162,0.714285714286
36167,3.0
264347,0.0
13269,9.0
83461,1.0
300806,3.0
321004,0.0
15670,0.0
583318,0.0
157805,1.0
1131647,0.0
259126,0.0
27543,0.666666666667
1125492,0.0
18532,2.0
1105672,0.0
1120197,0.0
387795,1.0
159897,1.0
1115375,0.0
1125906,0.0
596075,0.0
1125909,0.0
132806,0.666666666667
149669,1.0
114308,2.0
1116594,0.0
11337,0.0
229635,0.0
815073,8.0
206259,0.0
44455,3.33333333333
574009,0.0
27606,1.33333333333
47682,0.0
47683,0.0
643069,0.0
47684,0.0
28350,1.0
1108167,0.0
252715,0.0
94953,0.0
1108169,0.0
1140040,0.0
212777,0.0
131042,1.0
1134865,0.0
987197,0.0
1112929,0.0
178718,0.5
216878,0.333333333333
1107136,0.0
368657,1.0
1123068,0.0
216877,0.5
221302,0.0
1153853,0.0
1105450,0.0
628459,0.0
1103737,0.0
574710,0.0
129558,0.0
1122460,0.0
35922,0.846153846154
1385,0.0
644363,1.0
28227,4.0
73712,1.5
606479,0.0
1105698,0.0
562940,1.5
262121,0.0
65074,2.1
3828,2.25
77108,0.0
519353,0.0
72406,0.0
1152673,0.0
187260,0.0
1152676,0.0
642681,0.666666666667
647408,0.0
74921,0.0
74920,0.0
91852,3.0
91853,0.75
28641,0.0
28640,0.0
1140289,0.0
66794,0.0
7537,1.28571428571
28649,7.66666666667
362926,0.0
22241,0.0
7532,1.83333333333
144679,0.0
94229,0.0
593560,1.0
65212,1.66666666667
171954,0.0
126926,1.5
110163,1.0
159085,1.0
159084,1.33333333333
126920,2.66666666667
189708,1.0
400356,2.5
1132459,0.0
145176,0.666666666667
6170,0.0
141324,1.5
1108834,0.0
7867,1.0
101143,0.0
6775,0.5
10981,3.5
6771,2.0
101145,0.0
127033,0.0
1135955,0.0
82087,0.0
155277,0.0
240321,0.3
110164,0.0
1125258,0.0
177115,3.0
253971,0.0
46468,2.0
633585,1.33333333333
1152244,0.0
75983,0.0
131315,0.0
270600,0.0
81350,0.0
1102646,0.0
1106172,0.0
1130634,0.0
131318,0.0
230884,0.25
63915,3.0
39904,0.0
294126,0.0
1104851,0.0
308920,0.0
95579,0.0
686015,0.0
1113739,0.0
124734,2.0
75674,0.0
85452,0.0
13652,2.0
1129106,0.0
6196,0.666666666667
69198,2.66666666667
135765,2.0
135766,1.33333333333
85299,1.66666666667
1131348,0.0
49895,0.0
10169,3.47368421053
1136422,0.0
299195,0.0
299197,0.0
1131345,0.0
68115,0.0
613409,0.0
294239,0.0
5055,0.0
1121398,0.0
9559,0.0
1817,0.0
219218,0.0
531348,1.0
249858,1.0
1132706,0.0
12211,2.0
12210,7.14285714286
459206,0.0
6224,3.0
41216,0.0
102884,1.0
595193,0.0
1131236,0.0
197783,0.0
1131230,0.0
1128985,0.0
1132857,0.0
1131728,0.0
714256,0.6
14083,0.0
1109199,0.0
1130637,0.0
1130080,0.0
390889,0.0
429781,0.0
1135082,0.0
3229,1.19672131148
671293,0.0
416964,2.0
3220,0.588235294118
3223,0.2
3222,0.0
265203,4.0
1112426,0.0
1129367,0.0
32698,1.0
1129369,0.0
1129368,0.0
168332,4.0
1119178,0.0
28504,0.666666666667
10186,0.0
1120563,0.0
10183,0.9
39127,2.9375
1105062,0.0
33231,0.375
137849,1.0
470511,0.0
114966,0.0
23070,1.8
226698,0.0
1119078,0.0
32260,1.5
207395,0.0
1130915,0.0
37998,0.0
1110515,0.0
34082,0.0
645571,1.0
147870,0.0
58540,0.0
8703,0.933333333333
47839,0.0
1114388,0.0
1115701,0.0
1121569,0.0
67415,3.14285714286
987188,0.0
5600,0.6
1126029,0.0
118559,0.0
1122580,0.0
350373,0.0
121792,0.0
129897,0.0
129896,0.0
1132073,0.0
28230,0.0
642920,0.5
31105,0.5
77829,4.0
66564,1.5
77826,4.0
424,0.0
195792,1.0
503893,0.666666666667
34315,0.5
1107215,0.0
1135894,0.0
1102873,0.0
158172,1.0
23258,0.333333333333
22386,0.875
15984,0.0
1135899,0.0
1104007,0.0
51052,0.5
87915,2.0
93755,0.0
1119654,0.0
1152663,0.0
13982,3.0
35863,1.0
74937,0.666666666667
521251,0.0
521252,0.0
66782,0.0
1105530,0.0
1105531,0.0
377303,0.0
318071,0.0
240791,2.25
576257,0.0
51909,0.0
25702,6.75
429805,0.0
84695,0.0
6169,1.5
1132443,0.0
684372,0.0
6163,2.125
13208,0.5
1116044,0.0
592973,1.0
1154500,0.0
1107367,0.0
1132285,0.0
6767,2.57142857143
1125597,0.0
318187,0.0
56119,0.75
644577,0.4
5869,20.5
215912,1.0
82090,0.0
56115,1.6
292277,4.0
24966,2.03448275862
25413,0.0
46476,0.0
348437,0.0
737204,0.0
46470,0.0
167670,0.0
1106764,0.0
1133004,0.0
1152277,0.0
1129021,0.0
100935,0.0
1129027,0.0
51834,0.0
1152272,0.0
503877,0.0
503871,0.0
1123867,0.0
6209,1.0
733534,0.0
1153784,0.0
27230,0.0
230879,2.11111111111
1110768,0.0
141868,0.0
118558,0.0
646440,0.0
80491,3.0
1120962,0.0
1129111,0.0
686532,0.0
1107418,0.0
6343,0.4
134316,1.5
6344,0.0
134314,1.0
6346,0.0
85449,0.0
1153195,0.0
6184,8.875
115188,0.0
1128846,0.0
1123991,0.0
1130356,0.0
90470,1.0
64484,0.0
62417,0.5
46500,1.0
46501,0.5
10174,1.0
1129683,0.0
10177,5.6
64319,1.0
135798,0.0
854434,0.0
83847,0.25
531351,1.0
1129208,0.0
636500,0.0
1114605,0.0
9515,5.33333333333
459213,0.0
6238,0.0
9513,1.0
1152290,0.0
1128978,0.0
1128977,0.0
40151,0.555555555556
1128974,0.0
1131719,0.0
1111240,0.0
44121,0.0
390894,0.0
390896,0.0
1115959,0.0
95188,0.0
28542,1.5
411092,0.0
1114777,0.0
8865,2.0
66563,0.0
1106406,0.0
83449,1.0
1106401,0.0
199571,0.0
1118848,0.0
1112417,0.0
175291,1.0
18773,0.0
18770,1.33333333333
1114153,0.0
447250,0.0
134199,0.666666666667
7047,0.8
5462,10.5
7041,0.0
48066,0.0
217852,0.0
1120777,0.0
608326,0.0
59798,2.0
1123188,0.0
57932,5.0
1120170,0.0
1128151,0.0
182093,1.0
182094,0.666666666667
1128407,0.0
709113,0.0
144408,32.5
1134197,0.0
375825,0.0
1119004,0.0
646334,1.0
360028,0.0
628500,0.5
1130929,0.0
365294,2.0
22229,1.18181818182
1130927,0.0
58552,1.0
239829,0.0
273949,0.0
1114398,0.0
217984,0.0
1120084,0.0
86840,0.0
1237,0.5
350362,0.0
446271,0.0
1108329,0.0
192850,1.0
1152904,0.0
31483,1.25
35905,1.0
28249,0.0
14529,0.0
95225,1.0
370366,0.666666666667
126128,0.0
66556,3.0
434,1.0
193918,0.0
23069,3.5
73119,3.5
65057,1.0
189623,1.0
189620,0.0
1121063,0.0
330148,2.0
111770,0.0
11342,4.0
50980,1.0
385251,0.0
1106370,0.0
1108258,0.0
52835,0.0
32872,0.0
30973,0.0
1119623,0.0
521269,0.0
573553,0.8
325497,0.0
594649,0.0
114189,0.0
206524,0.0
342802,4.0
136767,0.5
1108175,0.0
19621,1.54838709677
213246,1.5
238099,0.0
1102794,0.0
126909,2.0
86258,0.0
74698,3.0
13885,0.4
1102400,0.0
1102407,0.0
358894,0.0
523010,0.0
32276,1.16666666667
424540,2.0
463825,0.0
1103315,0.0
594483,0.0
579008,0.8
1136791,0.0
1153056,0.0
24974,0.833333333333
1133010,0.0
989397,0.0
653628,0.0
1116146,0.0
917493,0.0
1131549,0.0
693143,0.5
1118092,0.0
593544,0.0
1136397,0.0
423463,0.0
593813,0.0
1136393,0.0
191222,0.0
1132385,0.0
671052,0.0
97645,3.0
686030,0.0
739816,0.0
1127541,0.0
241821,1.0
45188,1.6
134307,2.0
408885,0.0
1107567,0.0
1153183,0.0
102406,0.0
1121176,0.0
153598,0.0
1120880,0.0
486840,0.0
43165,0.0
119956,0.0
128540,1.0
134128,0.0
578669,0.0
46536,0.0
261040,0.0
1105231,0.0
1106568,0.0
270085,0.0
22835,0.0
5075,3.33333333333
636511,0.0
4983,2.0
943087,0.0
628888,0.0
36802,2.16666666667
12275,0.0
45533,0.666666666667
820661,0.0
820662,0.0
1104495,0.0
1131257,0.0
1117760,0.0
41417,0.333333333333
1955,2.5
1956,0.875
1951,4.0
1953,0.5
1952,1.5
1130653,0.0
634938,0.0
1130657,0.0
1104946,0.0
200630,1.0
644093,0.0
8872,0.75
8875,0.0
8874,1.28571428571
3243,0.75
3240,2.66666666667
202520,0.0
1131414,0.0
202522,0.0
1106966,0.0
568857,0.0
628667,0.0
108047,0.888888888889
179706,1.0
628668,0.0
179702,0.5
1114125,0.0
7032,0.4
38771,0.0
48075,0.0
70970,0.333333333333
1110494,0.0
17488,0.0
29723,3.25
1110579,0.0
57922,1.5
1120169,0.0
746058,2.0
1110256,0.0
592986,1.0
385572,0.0
163235,0.0
310653,2.0
40922,0.0
42209,2.0
264556,1.33333333333
168958,0.0
1125895,0.0
77438,1.11111111111
1114239,0.0
28412,1.5
1130931,0.0
1118017,0.0
1130934,0.0
358887,4.0
1118388,0.0
212107,0.0
1154042,0.0
1153736,0.0
592975,1.0
31769,1.5
33895,0.333333333333
601567,0.0
601561,0.0
1123215,0.0
27249,4.0
1132731,0.0
189856,0.5
1128959,0.0
28389,0.0
210871,17.0769230769
178727,0.0
28385,0.0
35061,3.91666666667
350319,1.0
1131305,0.0
1119708,0.0
1116410,0.0
1118120,0.0
1152917,0.0
1152910,0.0
384428,0.0
1117942,0.0
6539,0.0
1153889,0.0
656231,2.0
28254,0.25
14531,1.16666666667
27612,3.0
8617,2.0
950305,0.0
180399,0.5
8619,3.0
118682,0.0
445938,0.0
782486,0.0
1126315,0.0
385067,0.0
11335,0.666666666667
1108267,0.0
11339,0.8
1154459,0.0
16008,2.63636363636
645897,5.0
1116569,0.0
523394,0.0
28674,0.0
1103676,0.0
1120431,0.0
1153166,0.0
101662,0.0
145384,0.666666666667
101660,0.0
6741,1.44444444444
1155073,0.0
13656,0.0
13658,0.571428571429
1137140,0.0
1132461,0.0
126912,3.5
594387,0.0
253762,5.0
1104379,0.0
154023,1.0
449841,0.0
1116974,0.0
817774,0.0
73327,0.0
1106789,0.0
593155,2.0
167656,0.0
755217,0.0
1116397,0.0
119761,1.5
93555,1.8
593559,1.0
1136814,0.0
154134,0.0
101263,0.0
592826,0.0
101261,3.0
632874,0.0
227286,0.0
1104809,0.0
645870,1.0
579108,0.0
1109830,0.0
1112650,0.0
75318,1.0
124224,4.0
51831,0.0
81722,0.0
1114838,0.0
1112099,0.0
1107572,0.0
646913,0.0
1132486,0.0
458439,0.0
46452,0.5
20601,2.09090909091
5064,0.857142857143
20602,2.22222222222
17798,6.83333333333
5062,2.6
52784,0.0
5069,2.66666666667
684972,0.0
45189,0.875
2702,3.0
1105221,0.0
1128314,0.0
1128319,0.0
95435,0.0
25184,0.5
1129778,0.0
25181,1.0
208345,0.5
1022969,0.0
84021,0.428571428571
84020,0.0
1138091,0.0
6939,0.0
42207,2.0
1129570,0.0
1129572,0.0
1129573,0.0
1110390,0.0
10531,3.0
210872,30.1666666667
46079,1.0
1118302,0.0
573964,2.0
1131267,0.0
1131266,0.0
1129798,0.0
62329,1.6
688849,0.0
714208,2.0
976334,0.0
194223,0.0
96851,0.5
9716,0.333333333333
116021,0.0
522338,0.5
1071981,0.0
25791,2.5
1128227,0.0
94639,0.833333333333
20593,0.0
20592,0.0
1131466,0.0
190697,0.0
1131464,0.0
1152143,0.0
190698,0.333333333333
211906,0.0
26850,0.0
1116629,0.0
272720,1.0
1125953,0.0
1105033,0.0
7022,0.0
421481,1.0
593921,0.0
1131607,0.0
59772,3.0
1127657,0.0
49847,1.0
49844,0.0
49843,0.666666666667
1109017,0.0
682508,0.0
29738,0.0
1135368,0.0
40131,0.0
1132864,0.0
13136,0.0
40135,2.0
68495,0.0
1128425,0.0
648232,1.0
1152859,0.0
1152858,0.0
1114222,0.0
156977,0.0
242663,0.0
289945,2.0
1131116,0.0
129287,0.0
1127530,0.0
675649,0.0
52515,2.33333333333
1154071,0.0
263498,0.0
1154074,0.0
1154076,0.0
1153724,0.0
239800,1.0
23116,1.0
44368,0.0
1033,0.5
504,2.0
158812,0.0
1034,0.0
1035,0.333333333333
1213,0.333333333333
1126012,0.0
1108656,0.0
1126011,0.0
714975,0.0
1153896,0.0
1153897,0.0
1153891,0.0
589923,0.0
578337,1.4
1153899,0.0
14549,0.5
643199,0.0
1104787,0.0
28267,0.0
50337,0.333333333333
28265,1.5
14545,1.0
267824,1.5
143476,0.0
375605,0.0
28287,1.0
630890,0.0
23738,2.66666666667
417017,0.0
110162,1.0
519318,0.0
11326,5.0
66596,1.0
1152633,0.0
11325,0.0
648112,1.0
145215,0.666666666667
696343,0.0
87417,1.8
211875,0.0
647447,1.0
1153945,0.0
1153946,0.0
1105764,0.0
35070,0.0
1153942,0.0
1153943,0.0
593942,0.0
263279,0.0
1120444,0.0
594047,0.0
35490,1.75
594025,0.0
34708,0.0
1107319,0.0
1107312,0.0
134315,2.0
245288,0.0
733167,0.0
86359,0.75
205192,2.0
205196,0.375
97390,1.8
1113459,0.0
1125092,0.0
1152448,0.0
28964,0.0
340078,0.0
592830,0.0
340075,0.0
25772,1.83333333333
642621,4.0
389715,1.0
27203,0.0
1105810,0.0
328370,0.0
1119671,0.0
1128935,0.0
134320,2.0
1102751,0.0
17363,2.0
75121,1.5
46887,1.2
212930,0.0
649731,4.0
649730,0.0
38839,1.0
1106546,0.0
1106547,0.0
80515,0.5
561238,0.0
1153097,0.0
134219,1.25
1153091,0.0
1138968,0.0
633721,0.0
20857,0.0
20850,0.0
1116181,0.0
1129096,0.0
139865,0.0
672070,1.8
1130676,0.0
367312,0.5
20924,0.666666666667
1131270,0.0
20920,0.0
1131277,0.0
1131274,0.0
20923,1.8
1153861,0.0
175576,0.0
96847,0.0
96845,0.0
152226,0.0
152227,0.333333333333
95719,1.0
95718,1.0
36131,4.66666666667
899085,0.0
315789,0.0
1128542,0.0
1105360,0.0
582349,0.0
278394,1.0
1131471,0.0
578646,0.0
1128291,0.0
45605,1.33333333333
20584,0.875
184918,1.0
1152150,0.0
33412,1.33333333333
578649,0.0
654326,1.0
560936,1.5
395540,0.0
27510,0.25
1132922,0.0
395547,0.0
99025,0.0
197054,0.0
99023,1.0
1131611,0.0
645016,0.0
1128437,0.0
1128430,0.0
78511,1.33333333333
1135358,0.0
180301,0.0
157761,2.0
1128946,0.0
1128945,0.0
626574,0.0
1128943,0.0
1132815,0.0
40125,0.0
1134348,0.0
36620,0.666666666667
68463,0.0
243274,0.0
148341,0.0
72056,0.0
67633,0.5
608191,3.0
28473,0.0
28471,1.0
695284,0.0
83746,0.0
1026,0.2
1154068,0.0
263482,0.333333333333
1115291,0.0
5348,1.8
263486,0.0
38000,0.0
1123239,0.0
37888,2.0
1115456,0.0
37884,0.0
936,2.125
218666,0.0
8079,1.0
1107171,0.0
1107140,0.0
95594,0.666666666667
30817,15.25
28278,0.0
6334,2.46153846154
1123530,0.0
206371,1.0
4274,0.0
3101,1.0
52847,0.0
416455,0.0
40583,0.0
1115670,0.0
520471,0.0
954315,0.0
1115677,0.0
1125467,0.0
1122304,0.0
28290,2.16666666667
459216,0.0
1125469,0.0
1108209,0.0
703953,0.0
169280,0.0
330208,0.0
1129610,0.0
118424,0.0
39199,2.66666666667
1105574,0.0
1137466,0.0
1154276,0.0
6786,0.0
1107095,0.0
1140547,0.0
103482,1.0
1140543,0.0
50838,0.5
189721,0.0
1140548,0.0
590022,0.0
1107325,0.0
1108841,0.0
14807,0.5
1106236,0.0
28851,4.33333333333
762980,0.0
1152714,0.0
1119505,0.0
1152711,0.0
70442,0.0
61073,0.0
1104191,0.0
192870,0.0
1128975,0.0
592993,0.0
358866,4.0
82666,2.33333333333
1152436,0.0
116552,1.5
116553,2.0
1125082,0.0
430574,0.0
708945,0.0
89308,1.0
545647,1.0
50336,3.6
1131828,0.0
213279,0.0
156794,0.0
733576,0.0
64519,2.33333333333
354004,0.0
302545,0.0
686061,0.0
1130243,0.0
6385,1.625
400473,2.0
14428,1.83333333333
4553,0.0
1107558,0.0
1153150,0.0
1133196,0.0
1106052,0.0
345340,0.0
1112075,0.0
154047,1.0
1112071,0.0
46431,0.0
1110000,0.0
1117618,0.0
235683,2.0
38480,0.0
644427,2.5
46547,1.25
390922,0.0
1949,3.5
1113614,0.0
38829,0.0
567005,0.0
1127810,0.0
1127812,0.0
1120858,0.0
906,6.0
39890,2.38888888889
12247,0.0
646809,0.666666666667
568045,0.0
148399,0.0
158614,19.0
42221,1.2
200480,0.0
62347,0.0
1104999,0.0
1153577,0.0
1121313,0.0
10798,6.0
10796,0.571428571429
1130069,0.0
10793,0.0
1128208,0.0
13205,1.0
1107385,0.0
1152162,0.0
1128201,0.0
1128204,0.0
1120211,0.0
578650,0.0
53942,2.5
12337,1.0
12330,1.22222222222
566664,6.0
112813,0.0
1118245,0.0
654339,1.0
44017,0.333333333333
1135589,0.0
99030,5.0
124296,0.0
1120138,0.0
1105011,0.0
38722,1.66666666667
739280,1.5
427606,1.25
1135345,0.0
390693,0.0
1106849,0.0
1132809,0.0
22883,0.0
1113035,0.0
22886,1.0
814836,0.0
136768,1.0
78549,0.0
136766,0.0
641956,0.0
1153703,0.0
1131137,0.0
230300,1.0
6898,3.66666666667
143676,1.0
284414,0.0
58758,4.16666666667
594900,0.0
1120049,0.0
1154012,0.0
1108389,0.0
1694,1.0
395553,0.5
1114442,0.0
1114118,0.0
662572,1.0
1121537,0.0
459214,0.0
1119751,0.0
1123553,0.0
109323,2.0
1152944,0.0
105899,0.0
1272,1.3125
1122574,0.0
18777,1.0
18774,4.0
33823,2.8
1135750,0.0
37879,0.0
643777,0.0
1154124,0.0
1154123,0.0
1104769,0.0
3112,1.125
1115886,0.0
68505,0.0
157401,0.0
1118286,0.0
1113852,0.0
1106330,0.0
118435,0.0
1059953,0.0
118436,0.0
675756,0.5
1111614,0.0
675847,0.0
1135115,0.0
1152896,0.0
59244,0.0
30934,0.0
642827,0.0
31043,0.0
3932,3.0
509379,0.0
13686,8.0
73972,1.0
1152761,0.0
577086,0.0
1104182,0.0
594119,0.0
61069,0.0
288107,0.0
593104,0.666666666667
593105,0.0
116545,0.5
120039,0.0
124064,4.66666666667
1152421,0.0
51934,2.0
31863,1.0
1106112,0.0
1113926,0.0
248425,0.25
18251,0.0
20821,0.0
1126503,0.0
779960,0.0
1116347,0.0
593859,0.0
5966,0.25
593210,0.0
1153148,0.0
683355,1.0
1152394,0.0
1112665,0.0
235679,1.0
235678,1.66666666667
627024,0.0
1139928,0.0
167205,0.0
235670,0.0
245955,0.0
153063,1.22222222222
5038,0.0
293974,0.0
16437,0.833333333333
1120866,0.0
567018,0.0
60159,1.0
801170,0.0
75695,0.0
278403,1.0
1117348,0.0
75694,0.0
20833,0.0
90888,1.66666666667
75691,0.0
75693,0.0
43639,0.0
1112194,0.0
1116835,0.0
20942,0.0
380341,0.0
1116839,0.0
1919,0.0
1105344,0.0
9581,1.5
9586,2.5
884094,0.0
1133028,0.0
513189,1.25
13212,0.571428571429
13213,0.5
566653,3.5
71336,0.0
1152179,0.0
1112686,0.0
481073,0.0
33818,1.8
1152379,0.0
198653,6.0
887,5.96296296296
1131634,0.0
1128856,0.0
1117653,0.0
1111186,0.0
1128853,0.0
62718,3.0
400455,1.0
1138970,0.0
739707,0.0
1128453,0.0
1153728,0.0
49811,4.5
561593,0.0
1133417,0.0
1128927,0.0
1106854,0.0
195150,0.0
289085,1.0
1134320,0.0
18833,0.0
18832,0.5
254923,4.5
34266,1.66666666667
78555,3.33333333333
78557,2.0
34263,1.0
78552,3.75
107177,0.0
559804,3.5
1118347,0.0
1131420,0.0
33907,0.2
28456,0.0
411005,0.0
289885,3.0
68224,0.5
1120059,0.0
1115471,0.0
950052,0.0
1119987,0.0
314459,0.0
255233,0.0
142268,0.666666666667
1688,1.0
18781,0.0
1139009,0.0
18785,0.0
751408,0.0
1119742,0.0
1152958,0.0
1126044,0.0
752684,0.0
645046,0.666666666667
260121,0.0
1119180,0.0
1135746,0.0
368431,0.0
58436,2.5
1136040,0.0
662416,0.0
212097,0.0
1063773,0.0
1108363,0.0
263069,1.0
137359,0.0
446610,0.0
1031453,0.0
1117089,0.0
640617,2.0
31479,1.42857142857
1113828,0.0
217115,0.0
1118764,0.0
6917,0.5
6910,0.777777777778
30901,0.0
6913,4.4
15429,4.26315789474
12439,0.666666666667
1117833,0.0
1103985,0.0
335042,0.5
28632,2.0
684531,0.0
1154251,0.0
133615,0.333333333333
711527,0.0
282700,0.0
31055,0.0
38205,1.63636363636
594039,0.0
22563,3.47368421053
94641,0.333333333333
22566,3.0
22564,2.66666666667
928873,0.0
643239,5.66666666667
144212,0.0
1133390,0.0
140005,0.0
126793,1.5
77515,1.0
289088,1.0
1123689,0.0
6217,0.0
632935,0.0
24476,0.0
358884,0.0
73146,2.25
155158,1.5
7432,0.0
919885,0.0
98698,7.0
1103162,0.0
74427,3.0
98693,0.0
6210,0.0
1106103,0.0
1050679,0.0
626999,0.0
248431,0.0
738941,2.0
337766,2.0
27250,0.0
161221,0.0
1107455,0.0
1134346,0.0
103515,1.66666666667
12347,1.0
1111978,0.0
521855,1.0
69296,1.0
17201,1.0
255628,0.333333333333
19697,1.2
431206,1.0
683360,1.0
593201,0.0
1152569,0.0
612306,2.0
1126037,0.0
1113551,0.0
1152564,0.0
82920,8.34782608696
649944,0.0
32083,2.7
57773,0.0
260979,0.0
1102761,0.0
49660,1.0
1153280,0.0
1153287,0.0
7296,0.0
7297,1.66666666667
1135108,0.0
578306,1.0
1111733,0.0
1110024,0.0
123825,0.375
118259,1.0
376704,0.0
38846,1.0
321861,0.0
38845,0.0
1121057,0.0
578780,0.0
286513,0.5
1103969,0.0
198866,2.5
1118546,0.0
1109873,0.0
436796,0.0
166989,1.33333333333
85352,0.625
128203,0.0
128202,0.0
190706,2.0
63812,0.0
152219,0.0
40886,1.42857142857
1130680,0.0
63549,0.0
633081,3.2
1128267,0.0
644441,0.0
689152,1.0
644448,0.5
1131223,0.0
1118823,0.0
1109581,0.0
85688,9.0
70520,2.0
12359,0.666666666667
1129629,0.0
1117249,0.0
141171,0.0
12350,4.26315789474
227178,0.6
1129621,0.0
1128868,0.0
118873,0.0
108983,2.0
27895,3.0
307015,0.75
3095,2.0
824245,0.0
1128881,0.0
246618,0.5
1131335,0.0
94713,0.0
211432,0.0
1127619,0.0
335733,1.0
198443,0.0
1114192,0.0
20972,0.0
654519,0.0
195361,0.0
1133428,0.0
1129442,0.0
1129443,0.0
236759,0.0
18536,1.0
18313,2.0
133550,0.333333333333
133553,1.5
34257,0.923076923077
1786,10.0
892139,0.0
62634,1.0
1115790,0.0
1106771,0.0
218410,1.5
1131150,0.0
41666,0.0
237376,0.0
135464,1.6
62389,0.0
709518,0.0
642894,1.30769230769
248395,1.0
1134022,0.0
8224,2.92
1126050,0.0
4335,1.8125
1123576,0.0
175909,0.666666666667
4330,0.894736842105
39474,1.0
41714,2.18181818182
643485,16.0
18834,0.0
753264,3.5
54129,1.42857142857
561568,9.0
648369,0.0
648121,1.0
561674,1.0
1104749,0.0
561364,0.0
1154103,0.0
72805,0.0
28026,5.0
1130856,0.0
285675,0.0
641976,3.0
267003,4.0
15987,2.66666666667
1108050,0.0
1121603,0.0
243483,1.0
1113831,0.0
237489,14.0
646900,0.5
66805,0.5
143323,2.2
66809,1.0
1122425,0.0
23774,0.0
1116530,0.0
8687,0.0
15431,0.0
1136110,0.0
13917,0.0
573535,2.0
575795,0.0
1110563,0.0
91581,1.0
1120643,0.0
28487,1.0
28485,1.5
1153900,0.0
25805,0.0
28489,1.5
28336,9.0
643003,0.0
50807,0.0
643221,3.0625
35343,0.0
127940,0.0
616336,0.0
181782,0.0
1152740,0.0
31083,0.0
166420,0.0
1152991,0.0
105856,1.33333333333
646286,10.0
646289,10.0
19045,0.75
785678,0.0
17242,0.5
1105433,0.0
92589,1.0
1111899,0.0
116528,2.33333333333
631015,0.0
120013,0.0
96335,0.0
12631,3.125
110041,5.0
259772,0.0
74749,2.66666666667
1122642,0.0
12638,8.42857142857
1116328,0.0
27241,0.0
1110947,0.0
27243,0.5
27246,0.0
89335,0.0
308529,0.0
1104258,0.0
12238,1.25
177993,0.0
576795,0.0
755082,0.0
177998,0.0
56709,2.2
56708,4.33333333333
69284,1.0
1153160,0.0
1104435,0.0
642593,0.0
1153169,0.0
1114864,0.0
25794,1.0
12182,0.95
57764,0.0
1113541,0.0
86923,0.5
1105428,0.0
141347,0.0
323128,0.0
192734,0.0
141342,3.42857142857
124828,0.0
308232,0.0
688361,0.0
2354,1.85714285714
379288,2.0
1127863,0.0
754594,0.0
428610,0.0
1130454,0.0
1135137,0.0
94416,0.0
853150,0.0
763009,0.0
60170,1.0
416867,0.0
853155,1.0
523574,2.0
16451,0.0
118260,1.0
1138043,0.0
649739,0.0
646837,0.0
646836,0.0
286500,0.0
1102625,0.0
120817,0.0
97377,3.33333333333
124952,0.2
117315,1.0
1134031,0.0
49720,1.0
1127913,0.0
1152194,0.0
1106671,0.0
95597,0.0
12165,0.0
141160,0.5
1152358,0.0
4584,6.03125
12169,0.333333333333
506,1.66666666667
1117476,0.0
662250,0.0
694759,0.0
70441,0.0
70444,0.6
33325,0.0
262178,0.666666666667
24043,0.666666666667
1136449,0.0
57948,0.666666666667
1121459,0.0
1136447,0.0
1136442,0.0
1117786,0.0
626530,0.75
626531,0.5
753265,6.0
645084,0.0
1125992,0.0
1125993,0.0
645088,0.5
642847,6.0
1152959,0.0
18812,0.0
18811,0.0
735303,0.0
18815,0.0
133563,1.33333333333
133566,0.0
133567,0.5
232606,0.333333333333
232605,0.0
1131149,0.0
466170,3.0
1000012,0.0
62607,0.0
1105116,0.0
1131334,0.0
628751,0.0
28447,0.333333333333
134060,0.0
910,0.756097560976
346243,1.0
131122,0.0
44514,5.0
1106492,0.0
1132968,0.0
447224,1.0
4329,0.857142857143
662279,0.0
188471,2.0
1117920,0.0
1152975,0.0
1130847,0.0
39403,3.0
573978,0.0
1111788,0.0
561613,5.0
561595,1.5
54131,0.909090909091
54132,0.875
154982,0.0
27535,1.2
27530,0.8
27531,1.5
423816,2.0
160732,3.0
399339,0.0
1105603,0.0
1114526,0.0
242637,0.0
595056,0.0
263553,3.33333333333
1130678,0.0
1154233,0.0
1154232,0.0
1154230,0.0
8699,0.0
430711,0.5
6935,0.625
8696,0.0
23546,1.0
23545,0.0
1102567,0.0
28359,3.0
1153933,0.0
194609,1.0
1104647,0.0
1133008,0.0
1103610,0.0
35,2.30120481928
1103960,0.0
72908,2.0
3097,2.4
66594,2.0
1246,1.4
28491,0.75
1120650,0.0
289779,1.5
1140230,0.0
1140231,0.0
31097,0.0
1108551,0.0
105865,1.5
644334,0.0
175548,1.75
241133,0.0
73162,1.0
7419,0.285714285714
55403,0.0
217139,0.0
189655,1.33333333333
22431,1.66666666667
116512,0.0
562123,2.0
1116336,0.0
359067,0.0
509233,0.0
409725,0.0
1110950,0.0
1104261,0.0
1112319,0.0
5959,0.75
582343,0.0
561611,1.5
561610,2.0
1102364,0.0
1123087,0.0
61417,0.333333333333
103531,0.5
594011,1.0
39131,11.25
39130,2.25
594543,0.0
103537,2.0
162075,1.33333333333
397590,0.0
12198,1.16666666667
12199,1.0
593260,0.0
1152508,0.0
12194,2.0
12195,1.5
80656,2.66666666667
12197,0.333333333333
1107808,0.0
644843,0.5
578645,0.0
19231,0.666666666667
45603,0.0
1103383,0.0
348305,5.0
1105932,0.0
763010,0.5
1135122,0.0
189774,0.0
1127851,0.0
1135125,0.0
510718,0.0
1136446,0.0
60169,1.0
102879,1.0
510715,0.0
582139,0.0
118079,0.0
4660,1.0
943,1.66666666667
940,2.66666666667
941,2.2
193742,0.5
105057,0.0
93318,0.0
628815,0.0
63832,0.0
2658,0.882352941176
20179,2.5
20178,4.0
1131557,0.0
162664,1.0
107569,0.0
2654,0.0769230769231
1120252,0.0
130,0.333333333333
116087,0.0
116084,1.0
116081,0.0
753070,3.0
95589,0.0
16843,0.333333333333
561809,0.333333333333
249421,0.5
1129608,0.0
203646,0.0
75972,0.333333333333
89416,3.0
173863,1.0
650834,0.0
654177,0.0
1118209,0.0
59715,0.0
45052,0.0
108962,1.25
907845,0.0
42847,0.0
307656,0.0
1131312,0.0
1131314,0.0
576973,3.0
83826,0.0
911198,0.0
1117049,0.0
975567,0.0
1112767,0.0
1105148,0.0
1114664,0.0
1107861,0.0
1125944,0.0
1131172,0.0
162080,1.0
647315,0.0
628458,0.0
949318,0.0
642930,0.0
949511,0.0
171225,0.0
20193,0.954545454545
62676,0.5
714289,1.4
1125386,0.0
13024,0.0
1123756,0.0
372862,0.0
40605,0.333333333333
57119,0.272727272727
1114336,0.0
67245,1.5
67246,2.0
950986,0.0
1114331,0.0
168410,0.0
644361,1.0
50354,2.0
334153,0.0
41732,0.0
561582,2.0
219976,0.0
1154169,0.0
91038,3.0
1095507,0.0
29708,1.0
1120713,0.0
643735,1.0
575402,0.0
467383,0.5
137380,1.33333333333
78508,0.0
13972,3.5
563613,2.0
430329,2.0
646195,0.0
169279,0.0
56112,3.14285714286
34979,0.333333333333
643597,0.0
1108728,0.0
1132157,0.0
6925,1.0
1154229,0.0
1133930,0.0
1107041,0.0
6923,1.16666666667
310742,0.0
1153922,0.0
949217,0.0
1153024,0.0
14431,0.0
1103979,0.0
59045,0.0
194617,0.5
1110546,0.0
174418,1.0
111866,1.0
3085,3.0
3084,0.333333333333
8594,1.625
577227,0.0
8591,0.5
1125402,0.0
31336,0.333333333333
88356,0.0
66751,0.6
145315,0.5
1129518,0.0
170798,1.0
1133846,0.0
188318,0.0
82098,0.0
503883,0.777777777778
1133338,0.0
187354,0.0
578845,1.0
12576,2.15789473684
272345,0.0
106590,0.0
28957,2.33333333333
1061127,0.0
1153816,0.0
228990,0.0
1153811,0.0
214472,0.0
231198,0.666666666667
1129040,0.0
617575,0.0
630817,0.0
119712,0.0
128383,0.0
1112369,0.0
642641,1.0
574462,0.0
148170,0.0
82664,2.5
1136310,0.0
13717,0.0
39126,0.0
521207,1.0
39124,0.0
103529,0.0
103528,0.5
1102550,0.0
93273,0.0
1153101,0.0
1153106,0.0
617378,0.0
145134,2.0
55968,0.0
608190,2.0
1112026,0.0
593091,0.0
1123926,0.0
31932,4.0
1132416,0.0
6130,1.2
1131639,0.0
95642,1.0
81714,0.0
140569,0.0
1103394,0.0
75969,0.333333333333
16476,1.0
191404,0.0
16471,0.4
16470,0.0
899119,0.0
396412,0.0
17476,0.0
17477,0.0
51866,2.0
1104300,0.0
610529,0.0
593328,1.0
593329,1.0
231249,0.0
1153031,0.0
63835,0.5
1138027,0.0
251756,2.5
286562,0.0
51049,3.8
2653,0.944444444444
7430,0.5
64271,2.2
45599,0.0
309476,0.0
1130780,0.0
1104031,0.0
128,1.0
152483,0.5
1131550,0.0
1128256,0.0
734406,0.0
70281,0.0
54844,0.0
4878,0.0
248119,0.0
1110426,0.0
6311,0.0
63486,0.666666666667
51045,0.0
1109208,0.0
6318,0.0
39165,0.666666666667
714748,0.0
239810,0.0
1111304,0.0
1131300,0.0
1131301,0.0
108974,1.8
193931,0.5
193932,0.0
101811,2.5
767763,0.0
1107674,0.0
10430,2.0
10435,4.5
143801,2.0
1153254,0.0
1112574,0.0
33013,0.0
1129494,0.0
112378,1.0
2665,1.82142857143
2663,0.0
102061,0.0
8961,0.0
1128369,0.0
341188,0.0
18619,2.33333333333
1131163,0.0
1139195,0.0
84459,0.0
48764,0.0
1131167,0.0
1131164,0.0
1131165,0.0
48768,0.0
18615,1.66666666667
95588,0.0
15889,0.857142857143
578898,6.0
133628,0.0
683404,1.0
218682,1.0
1120019,0.0
18582,0.0
1111230,0.0
682666,0.0
137790,2.4
20180,3.5
126927,1.6
120084,0.0
574264,1.0
37483,7.8
33301,0.0
33303,0.0
1132948,0.0
1125393,0.0
137130,7.5
395075,0.0
29492,8.375
71736,0.0
1119140,0.0
11093,3.0
95586,0.0
8213,0.0
34355,0.0
184157,0.0
136665,3.0
1127430,0.0
1105622,0.0
12960,0.0
48766,0.0
672071,2.5
353541,0.0
27514,0.0
1110438,0.0
1154173,0.0
256106,0.0
73323,1.5
1154176,0.0
284023,1.0
1114502,0.0
284025,1.0
285687,0.0
851968,0.0
415693,2.0
61312,0.0
440815,1.0
13960,0.0
13966,0.0
1107355,0.0
463,2.0
1124844,0.0
27631,2.66666666667
27632,4.0
174425,1.0
948147,0.0
1111052,0.0
1105718,0.0
11148,0.25
14429,0.833333333333
72101,0.0
643695,0.0
252725,0.0
8581,6.4
111676,2.0
1108570,0.0
1122704,0.0
74975,1.0
368605,0.0
656048,0.0
51180,7.0
160705,0.0
1119216,0.0
1103499,0.0
1119211,0.0
30895,0.2
1131258,0.0
50381,3.0
3187,2.4
35778,2.14285714286
151430,0.0
1153860,0.0
1153866,0.0
593022,0.0
155738,1.0
576362,0.666666666667
71904,1.0
1113995,0.0
155736,2.0
6639,2.5
35797,0.6
40124,0.0
259701,0.0
259702,0.0
108963,2.0
1106388,0.0
9708,0.4
92065,0.0
193347,0.75
32688,2.5
1102548,0.0
687401,1.0
55770,1.0
593068,0.0
100197,0.666666666667
1103016,0.0
593060,0.0
87482,3.0
593240,0.0
60560,0.0
593248,0.0
228992,0.0
6125,0.6
62333,0.0
17208,0.4
139547,0.0
632796,0.0
31927,1.25
577331,0.0
42848,0.0
78994,0.5
14062,1.27272727273
1132406,0.0
576691,0.0
288,0.5
144701,1.83333333333
633031,1.0
633030,1.0
1134056,0.0
220420,0.0
16461,0.0
688824,0.0
325314,0.0
1109439,0.0
1106418,0.0
1153003,0.0
595157,0.0
51879,2.0
4649,2.55555555556
1133047,0.0
1105877,0.0
116790,0.0
4637,0.0
135130,0.0
164,0.0
49753,1.0
1105394,0.0
593209,0.0
270456,1.0
45212,0.0
233106,0.5
1109891,0.0
114,1.45238095238
117,3.05882352941
444240,0.0
1109542,0.0
79809,1.25
1152307,0.0
117316,1.0
4804,3.0
91975,0.0
33904,0.0
1152308,0.0
12158,1.0
578347,1.0
12155,0.0
35854,0.0
714879,0.0
1130539,0.0
1131374,0.0
131317,0.0
7272,1.0
38537,2.66666666667
22869,0.0
1153262,0.0
7276,0.0
1153264,0.0
976284,0.0
56167,0.2
1133469,0.0
5086,3.09090909091
644470,0.0
90655,1.5
636098,0.0
210309,0.0
1129243,0.0
628766,0.0
15892,0.0
628764,0.0
582511,1.0
1131198,0.0
1131195,0.0
601462,0.0
1131192,0.0
552469,0.0
34961,0.5
1131752,0.0
58268,0.666666666667
1131754,0.0
1121659,0.0
129045,0.0
575331,0.0
1104449,0.0
1120020,0.0
129042,0.666666666667
1132887,0.0
3217,0.8
112099,0.0
3218,1.33333333333
714260,1.0
36145,0.4
8821,0.0
36140,3.75
1113182,0.0
648106,2.0
1128536,0.0
346292,2.0
1128531,0.0
97892,0.0
39210,1.0
1132083,0.0
248823,0.0
1114352,0.0
1123493,0.0
964248,0.0
307336,0.0
17811,1.5
62274,1.0
1120731,0.0
1136631,0.0
672064,5.0
1481,0.1875
1136634,0.0
178209,1.6
1118083,0.0
137873,0.0
621555,0.0
112787,0.0
397488,0.0
1114512,0.0
591016,0.5
591017,0.0
1107067,0.0
1107062,0.0
815096,8.0
756061,0.0
1110028,0.0
27623,0.888888888889
1110520,0.0
27627,1.66666666667
578309,1.0
6941,0.0
103430,1.5
1127558,0.0
608292,0.0
24530,0.0
1127551,0.0
40,0.666666666667
642798,0.0
1119295,0.0
47570,1.0
1121739,0.0
1153786,0.0
13654,0.75
502574,0.0
529165,0.0
31353,1.36842105263
164885,1.0
27199,0.0
312409,0.0
66990,0.4
12558,0.0
1717,0.4
1116268,0.0
238401,0.0
444191,4.5
15076,4.0
180187,0.0
170338,0.0
1153879,0.0
1365,0.851351351351
604073,0.0
3192,3.625
3191,1.8
1132418,0.0
1153877,0.0
650814,0.0
28202,0.0
