74700,0.00049748936826
684986,0.000181934798553
284023,0.000326294170346
127940,0.000514578358387
262108,0.000175148259968
23448,0.000223334868101
131117,0.000370524546741
144330,0.000229097894067
193354,0.000360224567905
193352,0.00033300502541
1121867,0.00053289281945
1105505,0.000377277691132
103543,0.00150701173232
1104055,0.000262465172805
469504,0.000349935781383
35852,0.000175148259968
6151,0.000190836921473
6152,0.000286828387849
189572,0.000286633919242
6155,0.000212201578345
189571,0.000282658563623
287787,0.000255392720023
289780,0.000465582331518
289781,0.000277785747059
1106287,0.000404385877842
158098,0.000255272527276
69392,0.00019985367463
1132434,0.000253360305513
69397,0.000262857768828
65650,0.000317980655142
65653,0.000545972026205
100701,0.000175148259968
1102442,0.000231557131914
689439,0.000461745956599
853114,0.000214612451329
853115,0.000175148259968
853116,0.000291018654935
52003,0.000254076642689
52000,0.000251483749317
853118,0.000544947198729
52007,0.000288485122378
1129015,0.000564101331309
100961,0.000234626570144
1129018,0.00020633761596
1132505,0.000784989547876
43698,0.000199262623854
85324,0.000175148259968
1113438,0.000419965159886
166825,0.000175148259968
258259,0.000175148259968
63931,0.000223164997343
93320,0.000274408930444
990075,0.000227767181782
2440,0.000216655808037
644494,0.000305795278639
1130568,0.000245706692069
1109392,0.000398994909212
1130567,0.000405686575346
1106630,0.000508266511144
1117184,0.000398632968173
93923,0.000257766923064
294145,0.00033300502541
102939,0.000175148259968
102938,0.00275527429707
16819,0.000286565461988
1107728,0.00033300502541
132821,0.000175148259968
117328,0.000175148259968
1117219,0.000301123114536
139738,0.000175148259968
753047,0.000699665689565
79817,0.000238698489941
646412,0.000175148259968
6378,0.000218749680163
787016,0.000303770271317
1109957,0.000282250023047
300071,0.000647129789131
1131360,0.000307920477439
87363,0.00394946887179
1116922,0.000567540706471
20526,0.000354084328863
20528,0.000609670322083
1138755,0.000228275779193
54550,0.000192227567469
22874,0.000636861480691
22875,0.000175148259968
22876,0.00141448355176
293285,0.000340156290485
197452,0.000203142563199
1130657,0.00018291158156
561581,0.0016497499362
1153275,0.000305484044551
219239,0.00188684896284
1121254,0.000238972448818
1131565,0.000292816460382
152731,0.000307345722019
1117501,0.000374190511776
179180,0.000175148259968
1131189,0.000352410980521
1129907,0.000366762020874
1131184,0.000483083110735
49482,0.000194951761777
1131180,0.000189123434495
48781,0.000282803828792
294030,0.000361101462746
711598,0.00019263789116
1131748,0.000183022763753
1131745,0.000195034762877
104840,0.000378376077168
1131741,0.000467299909236
1130586,0.000245706692069
594511,0.000175148259968
645452,0.000175148259968
1997,0.000248002694903
1999,0.000175148259968
1114184,0.000468150710052
634975,0.000559074274707
1129835,0.000684939758105
45061,0.000246838182907
1128839,0.000187955787673
237521,0.000177281459501
31489,0.000206719613057
8832,0.000184959383919
67584,0.000175148259968
202639,0.000213226872271
395725,0.000311324886985
1130808,0.000213737457465
58454,0.00033300502541
58453,0.000175148259968
1113084,0.00033300502541
643734,0.000505091731373
12946,0.000190212767875
17821,0.000175148259968
948846,0.000177281459501
592996,0.000175148259968
575292,0.000252444710975
399370,0.00390078253651
5454,0.000175148259968
32698,0.00438664823971
137956,0.000277607371439
16474,0.000356799857909
137868,0.000201457720875
399173,0.000185014307809
1107010,0.000528558937006
23507,0.000617855738297
340299,0.000216745650862
23502,0.000472247416484
1115166,0.000214612451329
1110531,0.000476621128209
1135455,0.000254076642689
194645,0.000285146198764
1152821,0.000177281459501
151708,0.000181934798553
189577,0.000252244011225
189574,0.000187477975198
1127566,0.000589612370374
83725,0.00023291987358
1114364,0.000407067960051
8766,0.000233696323666
42848,0.000175148259968
1123093,0.000600164747986
1113934,0.000409237353871
89547,0.00018398099742
31349,0.000318992541146
232860,0.000175148259968
1108597,0.00018291158156
43186,0.000175148259968
107251,0.000449285114875
66982,0.00245480233445
107252,0.000609370940391
562067,0.000401434992247
66986,0.00233660876129
1112911,0.000234490862407
119686,0.000264443956073
711994,0.000175148259968
1110628,0.00033300502541
6220,0.000316180435263
280876,0.000364967010355
521183,0.000175148259968
1124837,0.00033300502541
219446,0.000306654375809
650807,0.000175148259968
696345,0.000300155158807
696346,0.000367795740839
28387,0.000351428516168
696342,0.000265726777783
277263,0.000278913331305
173884,0.000364882429734
1102850,0.000190238419025
1136342,0.000206626234564
1119471,0.0010177841765
653441,0.000475085731008
273152,0.000243696670382
126868,0.000175148259968
126867,0.000254076642689
77112,0.000254076642689
1110998,0.000501877775389
1126350,0.000400593583162
308003,0.000239502058939
647413,0.000343565538897
69418,0.000263922971196
310530,0.002436864255
566488,0.00018291158156
1103038,0.000561973151796
35335,0.000456780168761
606647,0.000207428882976
1103031,0.000637782892776
595063,0.000387764834465
1128982,0.000377929819322
74821,0.000175148259968
1113534,0.000202637617987
189566,0.000175148259968
250566,0.000175148259968
646357,0.00230987146334
576725,0.000189527903358
409255,0.000202637617987
77758,0.000177281459501
6782,0.000175148259968
6784,0.000175148259968
1106298,0.000316918976393
631052,0.000365048901027
27174,0.000230758414689
1118658,0.000557532371578
180373,0.000277522794001
561789,0.000175148259968
1154520,0.00019769922646
1154525,0.000297339467119
1154524,0.000374212180829
46491,0.000175148259968
1153065,0.000189527903358
1153064,0.000232340381735
16485,0.000175148259968
683294,0.000175148259968
55801,0.000763938388015
714879,0.000603167940417
1112106,0.000325598007648
1152259,0.000333328717288
14430,0.000175148259968
235776,0.000304350093645
1152490,0.000400526667571
315266,0.000609380976922
191216,0.000254076642689
1105887,0.000317455717365
95198,0.000175148259968
671269,0.000262439764806
141596,0.000175148259968
682815,0.000335698375174
1153014,0.000364576378499
1113742,0.000729599516368
686559,0.000184172464798
149139,0.000175148259968
1109566,0.000227767181782
1110209,0.000574290730134
763181,0.000734320499851
1120786,0.000339124605255
293271,0.000177608917218
578365,0.000175148259968
1131359,0.000349988906277
48555,0.000416013011781
1129994,0.000600780928297
1131421,0.000416295901504
48550,0.000534524076849
63477,0.000383081943992
1128198,0.000469785173387
1114992,0.000789130755207
575077,0.000210523871847
13193,0.000270159223912
1114629,0.00031108386947
13195,0.000175148259968
37541,0.000244874673492
1116842,0.000196060908382
6216,0.000175148259968
6215,0.000192693914566
6214,0.000210938759002
6213,0.000207487390002
948299,0.000194951761777
1138619,0.00033300502541
2698,0.000321733134956
1112723,0.000409602741748
2696,0.000186265517021
2695,0.000606523679153
1152075,0.000196060908382
42156,0.000175148259968
6818,0.000303759559015
1128997,0.000304077864946
1128990,0.000253886184746
1111265,0.000227767181782
1118332,0.000512590410304
59626,0.000175148259968
6814,0.000175148259968
1130600,0.000462045117497
735311,0.000428885193227
14090,0.000175148259968
1109185,0.000237574628969
123556,0.000250373133808
1131734,0.000288916084237
3232,0.000175148259968
3233,0.000359169077365
3231,0.000314917448199
3236,0.000175148259968
3237,0.000372999163059
3235,0.000175148259968
634902,0.000199483632046
5194,0.000175148259968
175256,0.000175148259968
634904,0.000199483632046
36162,0.000175148259968
36167,0.000347469887331
264347,0.000321894498768
13269,0.000296379897286
83461,0.000328137499105
300806,0.000276925762731
321004,0.000175148259968
15670,0.000176464337302
583318,0.000343373747279
157805,0.000193943283828
1131647,0.000183022763753
259126,0.000201508611016
27543,0.000175148259968
1125492,0.000261533220011
18532,0.000468150710052
1105672,0.000397653025681
1120197,0.00032297518613
387795,0.00226491692964
159897,0.00105407351474
1115375,0.000375597902743
1125906,0.000366668353021
5075,0.000379252332103
596075,0.000301617104168
1125909,0.000650406662802
132806,0.000181397361222
149669,0.000367802212561
114308,0.000183443240303
1116594,0.000216745650862
11337,0.000175148259968
229635,0.000207069681535
815073,0.000175148259968
206259,0.000294933687862
44455,0.000191969961136
574009,0.000176464337302
27606,0.000186202867455
47682,0.000175148259968
47683,0.000227767181782
643069,0.000354853785919
47684,0.000471086205898
28350,0.000181367411633
1108167,0.00043950646481
252715,0.000189498875009
94953,0.000183426229291
1108169,0.000484496776439
1140040,0.000258596117597
212777,0.000272343553663
131042,0.000215179026937
1134865,0.000548512032513
987197,0.000231259820452
1112929,0.000252493230653
178718,0.000175148259968
216878,0.000175148259968
1107136,0.000254076642689
368657,0.00164950599546
1123068,0.00064720570091
216877,0.000175148259968
221302,0.000345585836783
1153853,0.000345761324777
1105450,0.000678491274112
628459,0.00033300502541
1103737,0.000289717772416
574710,0.000407164439395
129558,0.000226451708737
1122460,0.000341282994733
35922,0.000249152866793
1385,0.000307243922937
644363,0.000175148259968
28227,0.000194989335606
73712,0.000175148259968
606479,0.000254076642689
1105698,0.000195733280309
562940,0.000175148259968
262121,0.000175148259968
65074,0.000331249882736
3828,0.000413990091873
77108,0.000175148259968
519353,0.000475975231591
72406,0.000175148259968
1152673,0.000273228682616
187260,0.000175148259968
1152676,0.000237337405565
642681,0.000356721592945
647408,0.00021353541589
74921,0.000227767181782
74920,0.000227767181782
51049,0.000175148259968
91853,0.000571234285071
28641,0.000332403827425
28640,0.000187492047805
1140289,0.000672156318795
66794,0.000394258847214
7537,0.000213493496098
28649,0.000175148259968
362926,0.000254076642689
22241,0.000193401830142
7532,0.000255256539801
144679,0.000367696613221
94229,0.000185056767732
593560,0.00234722067184
65212,0.000180591596708
171954,0.000235774917819
126926,0.000175148259968
110163,0.000873625730015
159085,0.000414679227295
159084,0.000175148259968
126920,0.000561541597506
189708,0.000184433952053
400356,0.000196640661829
1132459,0.000197720475097
145176,0.000180591596708
6170,0.000188192446469
141324,0.000302341146061
1108834,0.000386446113132
1107355,0.000307243922937
101143,0.000280618180899
6775,0.000194880355649
10981,0.000197823022737
6771,0.00027254151763
101145,0.000469492034032
127033,0.000526437119304
1135955,0.00033300502541
82087,0.000755026872678
155277,0.00033300502541
240321,0.000175148259968
110164,0.00121238128605
1125258,0.00033300502541
177115,0.000175148259968
253971,0.000227767181782
46468,0.000215226038577
633585,0.000278649064841
1152244,0.000420005680798
75983,0.000175148259968
131315,0.000443309817382
270600,0.000175148259968
81350,0.000278609784339
1102646,0.000696578775102
1106172,0.000346621081185
1130634,0.000200049542976
131318,0.000439291151469
230884,0.000213737457465
63915,0.000198955859996
39904,0.00025717132469
294126,0.000254076642689
1104851,0.000840674748285
308920,0.000243770066921
95579,0.000518834329865
686015,0.000419639513133
1113739,0.000274640104452
124734,0.000290690228186
75674,0.000201973592658
85452,0.000199810552737
13652,0.000227767181782
1129106,0.000264433618666
6196,0.000190629795317
69198,0.000254076642689
135765,0.000250577170728
135766,0.000192687900573
85299,0.000177281459501
1131348,0.000202637617987
49895,0.000192687900573
10169,0.000368660410682
1136422,0.00019995622227
299195,0.000444437617906
299197,0.000324878728984
1131345,0.000231566915348
68115,0.000175148259968
613409,0.000192901563344
294239,0.000477417891491
5055,0.000175148259968
1121398,0.000223843492033
9559,0.000175148259968
1817,0.000212213582541
219218,0.000175148259968
531348,0.00247766961858
249858,0.00337751505797
1132706,0.000207510350411
12211,0.000239141482164
12210,0.000216125831575
459206,0.000175148259968
6224,0.000447961575108
41216,0.000258523499102
102884,0.000193448861806
595193,0.000236979907949
1131236,0.000917881205496
197783,0.000373292689565
1131230,0.000260250364026
1128985,0.000261803741532
1132857,0.000483083110735
1131728,0.00064280203677
714256,0.000185499184773
14083,0.000254076642689
1109199,0.000262775976731
1130637,0.000192687900573
1130080,0.00033300502541
390889,0.000395686852135
429781,0.000325525125253
1135082,0.000376505376523
3229,0.000388525425618
671293,0.000201738271819
416964,0.000175148259968
3220,0.000185056767732
3223,0.000175148259968
3222,0.000175148259968
265203,0.000184759317637
1112426,0.00026398444425
1129367,0.00023463051941
82666,0.000175148259968
1129369,0.000227767181782
1129368,0.000227767181782
168332,0.000175148259968
1119178,0.000230910154891
28504,0.000175148259968
10186,0.000490591081805
1120563,0.000652181600226
10183,0.000189498875009
39127,0.000175148259968
1105062,0.000177281459501
33231,0.000175148259968
137849,0.000372147868356
470511,0.000447493235014
114966,0.000175148259968
23070,0.000899348160675
226698,0.000175148259968
1119078,0.00029793316357
32260,0.000653908458886
207395,0.000323693652106
1130915,0.000512753380856
37998,0.00026377715821
1110515,0.000572168165933
34082,0.000276374669716
645571,0.000407416341744
147870,0.000207783535532
58540,0.000210002875155
8703,0.000296161387593
47839,0.000175148259968
1114388,0.000466433459917
1115701,0.000570017826053
1121569,0.000777604437797
67415,0.000225653598031
987188,0.000436241944661
5600,0.000348401356348
1126029,0.000394495494407
118559,0.00018088956422
1122580,0.000234581491893
350373,0.000189047352232
121792,0.000175148259968
129897,0.000313264094345
129896,0.000271805499602
1132073,0.00033300502541
28230,0.000175148259968
642920,0.000175148259968
66563,0.000277347762488
77829,0.000220465213802
66564,0.000175148259968
77826,0.000283272891245
424,0.000284447627315
195792,0.000310278099564
503893,0.000215928528663
34315,0.000201457720875
1107215,0.000370823386486
1135894,0.000371932167567
1102873,0.000264297106676
158172,0.000239441246464
23258,0.000488401226659
22386,0.000175148259968
15984,0.000175148259968
1135899,0.000473542915739
1104007,0.000364440008759
51052,0.000175148259968
87915,0.000367179054329
93755,0.000175148259968
1119654,0.00033300502541
1152663,0.000255185763266
13982,0.000312413555937
35863,0.000468033018135
74937,0.000175148259968
521251,0.000470766098752
521252,0.000266337554819
66782,0.000185672044331
1105530,0.000348746156149
1105531,0.000260996656622
377303,0.000231083178515
318071,0.000175148259968
240791,0.000229133330037
576257,0.000257480940382
51909,0.000249948936472
25702,0.000289651493991
429805,0.000637342607503
84695,0.000201457720875
6169,0.000263019569911
1132443,0.000533995608588
684372,0.000353211992757
6163,0.000488934987373
13208,0.000276627609181
1116044,0.000416248707845
592973,0.000176464337302
1154500,0.000189498875009
1107367,0.000390384042392
1132285,0.000206339995335
6767,0.000195580552095
1125597,0.000232273177177
318187,0.000175148259968
56119,0.000280901345994
5869,0.00019330143517
215912,0.000439092245789
82090,0.000418754926659
56115,0.000246494435929
292277,0.000175148259968
25413,0.000490308699305
46476,0.000185014307809
348437,0.000782591858716
737204,0.000250045506295
46470,0.000175148259968
167670,0.00028854416304
1106764,0.000478157474136
1133004,0.000216594818936
1152277,0.000273228682616
1129021,0.00033300502541
100935,0.00020930687497
1129027,0.000186404540104
51834,0.000478820612561
1152272,0.000257700032683
503877,0.000311407204773
503871,0.000268835809031
1123867,0.000199810552737
6209,0.000175148259968
733534,0.000175148259968
1153784,0.000377650497042
27230,0.000352554874768
230879,0.000175148259968
1110768,0.000198573452152
141868,0.000374852961035
118558,0.000227767181782
646440,0.000919190572042
80491,0.000175148259968
1120962,0.000208015105854
1129111,0.000224756211006
686532,0.000606520539541
1107418,0.000333710798913
6343,0.000175148259968
134316,0.00147556012542
6344,0.000175148259968
134314,0.000175148259968
6346,0.000175148259968
85449,0.000284338864852
1153195,0.000329634550962
6184,0.000201260956176
115188,0.000175148259968
1128846,0.000187077257993
1123991,0.000214612451329
1130356,0.000214612451329
90470,0.000206719613057
64484,0.000178906754384
62417,0.000185014307809
46500,0.000189047352232
46501,0.000175148259968
10174,0.000175148259968
1129683,0.000464988771141
10177,0.00018398099742
64319,0.000175148259968
135798,0.000175148259968
854434,0.000188302990422
83847,0.000175148259968
531351,0.00247766961858
1129208,0.000296080279518
636500,0.000263884089876
1114605,0.000337061189878
9515,0.000195035604907
459213,0.000198690147376
6238,0.000175148259968
9513,0.0040924020374
1152290,0.000417015911434
1128978,0.000449161544635
1128977,0.000441033969653
40151,0.000211157003427
1128974,0.00027082939301
1131719,0.000680438928447
1111240,0.0014594122434
44121,0.000175148259968
390894,0.000313654655736
390896,0.000244188704352
1115959,0.000317062877887
95188,0.000375503229405
28542,0.000175148259968
411092,0.000222557256407
1114777,0.000982177396862
8865,0.000176464337302
31105,0.000175148259968
1106406,0.000286297085397
83449,0.000382569711536
1106401,0.000255520992353
199571,0.000175148259968
1118848,0.000216061504855
1112417,0.00033300502541
175291,0.000374662276135
18773,0.000175148259968
18770,0.000175148259968
1114153,0.000189210457526
447250,0.000285144019032
134199,0.000175148259968
7047,0.000175148259968
5462,0.000183426229291
7041,0.000175148259968
48066,0.000254076642689
217852,0.000296234348274
1120777,0.000413336634372
608326,0.00018332767493
59798,0.000175148259968
1123188,0.000643326551342
162075,0.000249280654295
57932,0.000175148259968
94416,0.000251483749317
1120170,0.000265743931282
1128151,0.000209207794513
182093,0.000175148259968
182094,0.000290753009082
1128407,0.000328503744804
709113,0.000238791403422
144408,0.000291792262038
1134197,0.00033300502541
375825,0.00033300502541
1119004,0.000206719613057
646334,0.00230987146334
360028,0.000175148259968
628500,0.000605608558871
1130929,0.000214215044743
365294,0.000201457720875
22229,0.000222772443964
1130927,0.000217768500671
58552,0.00032925734552
239829,0.000214612451329
273949,0.000581709760242
1114398,0.000277293222674
217984,0.000219076067207
1120084,0.000815593847003
86840,0.000879147646908
1237,0.000175148259968
350362,0.000236139595499
446271,0.000513710910894
1108329,0.000542054496628
192850,0.00268930544064
1152904,0.000257700032683
31483,0.000175148259968
35905,0.000249634134705
28249,0.000175148259968
14529,0.000175148259968
95225,0.000261722317752
370366,0.000175148259968
148170,0.000176464337302
126128,0.00019769922646
66556,0.000210123517434
434,0.000231054511817
193918,0.000175148259968
23069,0.000715118634051
73119,0.000276374669716
65057,0.000205006989173
189623,0.000175148259968
189620,0.00026354859963
1121063,0.000316566640335
330148,0.000465018871248
111770,0.000175148259968
11342,0.000246384691979
50980,0.00164950599546
385251,0.00031559715288
1106370,0.00030633720734
1108258,0.000483083110735
52835,0.000192186969386
32872,0.000274504529674
30973,0.000258705965171
1119623,0.00063316119606
521269,0.000582214243461
573553,0.000175148259968
325497,0.00027157222405
594649,0.000474082391215
114189,0.000215188857652
206524,0.000249313095235
342802,0.000390859377097
136767,0.000175148259968
1108175,0.00024606778362
19621,0.000410245569364
213246,0.000175148259968
1128927,0.000185014307809
238099,0.000236558601488
1102794,0.000254076642689
126909,0.000254076642689
86258,0.000175148259968
74698,0.000413373280047
13885,0.000235066639894
1102400,0.000498633132947
1102407,0.000177281459501
358894,0.00116943874981
523010,0.000175148259968
32276,0.000175148259968
424540,0.000267231373143
463825,0.000433304981091
1103315,0.000564277671049
594483,0.000175148259968
579008,0.000219915410312
1136791,0.000403323814563
1153056,0.000235355076579
24974,0.000175148259968
1133010,0.000395408419042
989397,0.000356567519429
653628,0.000175148259968
1116146,0.000268642919496
917493,0.000231566915348
1131549,0.000539509140215
693143,0.000662393499183
593544,0.000198867237298
1136397,0.000262772764992
423463,0.000236522581992
593813,0.000290126339246
1136393,0.00034868527682
191222,0.000175148259968
1132385,0.000216720329898
671052,0.000254076642689
97645,0.000176464337302
686030,0.000210772749627
739816,0.000175148259968
1127541,0.000243578226805
241821,0.000414679227295
45188,0.000216720329898
134307,0.000823966029069
408885,0.000175148259968
1107567,0.000483420154502
1153183,0.000477652678878
102406,0.000284438075329
1121176,0.000264433618666
153598,0.000217073108579
1120880,0.00033300502541
486840,0.000215928528663
43165,0.000175148259968
119956,0.000223264780267
128540,0.00226491692964
134128,0.000416034585735
578669,0.000228162674912
46536,0.000188040373194
261040,0.000175148259968
1105231,0.000364576378499
1106568,0.000259817946941
270085,0.000254076642689
22835,0.000177281459501
60682,0.000201457720875
636511,0.000415025590709
4983,0.000175148259968
943087,0.000407732067695
628888,0.000187077257993
36802,0.000206719613057
12275,0.000254076642689
45533,0.000175148259968
820661,0.00033300502541
820662,0.000259847132282
1104495,0.000201457720875
1131257,0.000280495605175
1117760,0.000335742543391
41417,0.000231406486615
1955,0.000175148259968
1956,0.000328956148576
1951,0.000175148259968
1953,0.000175148259968
1952,0.000234565198154
1130653,0.00018291158156
634938,0.000199483632046
1959,0.000175148259968
1104946,0.000361464906452
200630,0.000190933936513
644093,0.000695454945503
8872,0.000175148259968
8875,0.00026537564928
8874,0.000175148259968
3243,0.000175148259968
3240,0.000230020673962
202520,0.000175148259968
1131414,0.00033300502541
202522,0.000175148259968
1106966,0.000272832309135
568857,0.000308801356687
628667,0.000191230841191
108047,0.00096555847331
179706,0.000175148259968
628668,0.000416204301814
179702,0.000175148259968
1114125,0.000227999210665
7032,0.000199985778826
38771,0.000175148259968
48075,0.00047403414376
70970,0.000574863227522
1110494,0.000177281459501
29723,0.000293804463035
1110579,0.000787945981347
57922,0.000384309797885
1120169,0.000417015911434
746058,0.000621178670607
1110256,0.00030995000577
592986,0.00291022686064
385572,0.000493369207478
163235,0.000175148259968
310653,0.000794949228628
40922,0.000184959383919
42209,0.000206719613057
264556,0.000175148259968
168958,0.000470270321378
1125895,0.000233508486034
77438,0.000269809272004
1114239,0.000585521639919
28412,0.000175148259968
1130931,0.000217768500671
1118017,0.000340104327984
1130934,0.000212027196419
358887,0.000175148259968
1118388,0.000379884722402
212107,0.000175148259968
1154042,0.000234846143869
1153736,0.000201457720875
592975,0.00292963294779
31769,0.00225498761371
33895,0.000216089642364
601567,0.000195539688114
601561,0.000391863303103
1123215,0.000490861790852
27249,0.000395364107884
1132731,0.000228963066369
189856,0.000237772387471
1128959,0.000231040740349
28389,0.000175148259968
210871,0.000491194246257
178727,0.000176464337302
28385,0.000175148259968
35061,0.000214970477394
350319,0.000282702451195
1131305,0.000252132616744
1119708,0.000392378307912
1116410,0.000672334525412
1118120,0.000214612451329
1152917,0.00026703690261
1152910,0.000214612451329
384428,0.000175148259968
1117942,0.000305034103105
6539,0.000447055332071
1153889,0.00018291158156
656231,0.00035471323493
28254,0.00052294160052
14531,0.000175148259968
27612,0.000287614587529
8617,0.000175148259968
950305,0.000401973198482
180399,0.000434164199507
8619,0.000175148259968
118682,0.00034863418559
445938,0.000440378413749
782486,0.000221678674782
1126315,0.00033300502541
385067,0.000654978651374
11335,0.000175148259968
1108267,0.000542933171938
11339,0.000397642765767
1154459,0.000207618492772
16008,0.000175148259968
645897,0.00117462443761
1116569,0.000412432697337
523394,0.000265623452081
28674,0.000227767181782
1103676,0.000387684895648
1120431,0.000560884578195
1153166,0.00027770484359
101662,0.000232340381735
145384,0.000175148259968
101660,0.000204987248399
6741,0.000175148259968
1155073,0.000765602527064
13656,0.000318748115111
13658,0.000175148259968
1137140,0.00033300502541
1132461,0.00056752494086
126912,0.00103937978177
594387,0.000392019964489
253762,0.000175148259968
1104379,0.000549771189715
154023,0.000250373133808
449841,0.000471475126196
1116974,0.000273121681965
817774,0.000175148259968
73327,0.000349955147339
1106789,0.000268883643241
593155,0.000213888077661
167656,0.000347036737894
755217,0.000364016423477
1116397,0.000468662218103
119761,0.000789255979856
93555,0.000177281459501
593559,0.00234722067184
1136814,0.00024441927582
154134,0.000499967726169
101263,0.000372469216771
592826,0.000216585660897
101261,0.000175148259968
632874,0.00022365749001
227286,0.000482617092271
1104809,0.000624853522193
645870,0.000189123434495
579108,0.000175148259968
1109830,0.000324177900622
1112650,0.000214612451329
75318,0.000293881629754
51831,0.000201457720875
81722,0.000406791458516
1114838,0.000254076642689
1112099,0.000571216131266
1107572,0.000261939892686
646913,0.000300383310706
24966,0.000175148259968
458439,0.000175148259968
46452,0.000175148259968
20601,0.000207174811999
5064,0.000693239808687
20602,0.000203745959367
17798,0.00019263789116
5062,0.000258705965171
52784,0.000608063764576
5069,0.000723089996497
684972,0.00040355425782
45189,0.00024633390594
2702,0.000175148259968
1105221,0.00031227849858
1128314,0.000354268277441
1128319,0.000388937188096
95435,0.000504278124407
25184,0.000271894060615
1129778,0.000504821105796
25181,0.0002006216599
208345,0.000972915233661
1022969,0.000316884320131
84021,0.000444842078888
84020,0.000187477975198
1138091,0.00018291158156
6939,0.000260206637496
42207,0.000480006620758
1129570,0.000260057869113
1129572,0.000803128440312
1129573,0.000209555170034
1110390,0.000392201312451
10531,0.000184172464798
210872,0.000175148259968
46079,0.000176464337302
1131163,0.00033300502541
573964,0.000233589254511
1131267,0.000195398597259
1131266,0.000254076642689
1129798,0.000206719613057
62329,0.000214909071176
688849,0.000175148259968
714208,0.000257957023778
976334,0.000247079683068
194223,0.000192423018418
96851,0.000175148259968
9716,0.000175148259968
116021,0.000193233109022
522338,0.000175148259968
48766,0.000247107247116
25791,0.000175148259968
1128227,0.000890592384399
94639,0.000175148259968
20593,0.000398025694777
20592,0.00021743132214
1131466,0.000441707955634
190697,0.000598407867944
1131464,0.000735731386444
1152143,0.000489669741893
190698,0.000175148259968
211906,0.000187291088079
26850,0.000177281459501
1116629,0.000234626570144
272720,0.00269469355891
1125953,0.000339471486634
1105033,0.000231482064865
7022,0.00018088956422
421481,0.000175148259968
593921,0.00028714199286
1131607,0.000253129359233
59772,0.000312413555937
1127657,0.000192687900573
49847,0.000314485166648
49844,0.00059796448727
49843,0.000263406501669
1109017,0.000234594290929
682508,0.000254076642689
29738,0.000175148259968
1135368,0.000177281459501
40131,0.000196502258084
1132864,0.000254076642689
13136,0.000183426229291
40135,0.000175148259968
68495,0.000256420015884
1128425,0.000405228776938
648232,0.000177281459501
1152859,0.000214612451329
1152858,0.00033300502541
1114222,0.000316358273097
156977,0.000196640661829
242663,0.000562796380468
289945,0.000175148259968
1131116,0.00052823531116
129287,0.00025653008071
1127530,0.000216264721427
675649,0.00031077556412
52515,0.000338746329662
1154071,0.000831052943638
263498,0.000192610546702
1154074,0.000293881629754
1154076,0.000512342504681
1153724,0.00027770484359
239800,0.000301938755565
23116,0.000410787758364
44368,0.000203878518398
1033,0.000219195901114
504,0.000175148259968
158812,0.000175148259968
1034,0.000377766015034
1035,0.000240522313973
1213,0.000194880355649
1126012,0.000229270579548
1108656,0.000372469216771
1126011,0.000206719613057
714975,0.000543307363496
1153896,0.000432554026774
1153897,0.000261198701597
1153891,0.000591174105436
589923,0.000564748429599
578337,0.000479340382011
1153899,0.000430195878137
14549,0.000379348664873
643199,0.00041273596893
1104787,0.000284448840415
50336,0.000226649063747
50337,0.000267506677876
28265,0.000268825161885
14545,0.00033300502541
267824,0.000175148259968
143476,0.000175148259968
375605,0.000175148259968
28287,0.000319176033674
630890,0.000254076642689
23738,0.00020519854138
417017,0.000340871614953
110162,0.000924000456503
519318,0.00021248384548
11326,0.000246838182907
66596,0.000175148259968
1152633,0.000364350133343
11325,0.000205017615802
648112,0.000339732697226
145215,0.000305986412592
696343,0.000183918080271
87417,0.000562011493456
211875,0.000246982258853
647447,0.000242011856463
1153945,0.000547235210152
1153946,0.00033300502541
1105764,0.000504113816053
35070,0.000203211684936
1153942,0.000207428882976
1153943,0.000343468803874
593942,0.000396011104178
561611,0.000175148259968
263279,0.00025011923343
1120444,0.000576994243276
594047,0.00019328603847
35490,0.000183443240303
594025,0.000510695640542
34708,0.000229492627662
1107319,0.000278975020924
1107312,0.000764155467624
134315,0.000175148259968
245288,0.000175148259968
733167,0.00023985778216
86359,0.000500842616573
205192,0.000199569341985
205196,0.000626166340831
97390,0.000189498875009
1113459,0.000945544094055
1125092,0.000765788901499
1152448,0.000238957417002
28964,0.000245306822387
340078,0.000245686805761
592830,0.000507436184751
340075,0.000240544784829
25772,0.000245520485158
642621,0.000175148259968
389715,0.000462886943987
27203,0.000175148259968
1105810,0.000317169034951
328370,0.000190805518408
1119671,0.000361464906452
1128935,0.000962797653069
134320,0.000175148259968
1102751,0.000484008591335
17363,0.000175148259968
75121,0.000553612686712
46887,0.000175148259968
212930,0.000545917725805
649731,0.000256859999738
649730,0.000221201668568
38839,0.00238965292914
1106546,0.000361424689204
1106547,0.000232682053447
80515,0.000266112417912
561238,0.000186404540104
1153097,0.000423621135824
134219,0.000175148259968
1153091,0.000324347399267
1138968,0.000381295817258
633721,0.000368159769717
20857,0.000209663070508
20850,0.000244171092938
1116181,0.000467309325633
1129096,0.000230227839032
139865,0.000229900381315
1130676,0.000561676868561
367312,0.000814199342457
20924,0.000690327350151
1131270,0.000290089081152
20920,0.000385623947224
1131277,0.000737807692741
1131274,0.00027560171132
20923,0.000175148259968
175576,0.000341837762862
96847,0.00037225117949
96845,0.000680707910955
152226,0.000280078740244
152227,0.000186770622251
95719,0.00410512202899
95718,0.000568647204683
36131,0.000175148259968
899085,0.00033300502541
315789,0.000325226345293
1128542,0.000206719613057
1105360,0.000227767181782
582349,0.000175148259968
278394,0.000175148259968
1131471,0.000310767817875
578646,0.000528333000778
1128291,0.000344825218947
45605,0.000258711622931
20584,0.000175148259968
184918,0.000611755197353
1152150,0.00026780132918
33412,0.00018088956422
578649,0.00044155610991
654326,0.000326073451393
560936,0.000643371866319
395540,0.000204967637163
256106,0.000254149707989
1132922,0.000177281459501
395547,0.000753068388623
99025,0.000419062023525
197054,0.000458232916984
99023,0.000291385338504
1131611,0.000300577445363
645016,0.000727646939015
1128437,0.000952758862695
1128430,0.000312823914941
1118092,0.000541038428438
1135358,0.000195213034771
180301,0.000175148259968
157761,0.00139437470538
1128946,0.000380016135821
1128945,0.000176464337302
626574,0.000311328259701
1128943,0.000449161544635
1132815,0.00020519854138
40125,0.00064404452324
1134348,0.000449298869929
36620,0.000294221122215
68463,0.000223862590935
243274,0.000407067960051
148341,0.000254076642689
72056,0.000214612451329
67633,0.00033300502541
608191,0.000311207536819
28473,0.000260600889059
28471,0.000204471363077
695284,0.00066322303294
83746,0.000310322956419
1026,0.000175148259968
1154068,0.000437005118996
263482,0.000175148259968
1115291,0.000891112129412
5348,0.000185023465847
263486,0.000264832504355
38000,0.000423110034232
1123239,0.0001961407229
37888,0.000233222284593
1115456,0.000381783953513
37884,0.000233700484486
936,0.000175148259968
218666,0.000260610518643
8079,0.000353337925359
1107171,0.00095509160956
1107140,0.000233707969919
95594,0.000175148259968
30817,0.000175148259968
233106,0.000175148259968
28278,0.000206895619559
6334,0.000290055384894
1123530,0.0012815258117
206371,0.00340754221992
3101,0.000455175275532
416455,0.000461740842442
40583,0.000486025695763
1115670,0.000409154458984
520471,0.000182320921546
954315,0.000511875358727
1115677,0.000237675521088
1125467,0.000242691782558
1122304,0.000254076642689
28290,0.000187337585855
459216,0.000193401830142
1125469,0.000588211601872
1108209,0.00026240611576
703953,0.000260250364026
169280,0.000175148259968
330208,0.000175148259968
1129610,0.000486231281511
118424,0.000175148259968
39199,0.000467211568925
1105574,0.000282882634857
1137466,0.000176464337302
1154276,0.000425478903722
6786,0.000175148259968
1107095,0.000575828912351
1140547,0.000202289066259
103482,0.000176464337302
1140543,0.000721348750595
50838,0.000175148259968
189721,0.000206719613057
1140548,0.000227767181782
590022,0.000742321757702
1107325,0.00033976550195
1108841,0.000278754692692
1106236,0.000436319865211
28851,0.000176464337302
762980,0.000233072015264
1152714,0.000772764229119
1119505,0.000334321102744
1152711,0.000601591272807
70442,0.000246848375771
61073,0.000175148259968
1104191,0.00033300502541
192870,0.000191151265941
1128975,0.000387764834465
592993,0.000175148259968
358866,0.00022655566183
1152436,0.000296299915606
116552,0.000235910368263
116553,0.000951079462156
1125082,0.00018088956422
430574,0.000175148259968
708945,0.000510396076927
89308,0.00033300502541
545647,0.00226821801953
28267,0.000175148259968
1131828,0.000534125129636
213279,0.000196640661829
156794,0.000175148259968
733576,0.000175148259968
64519,0.000183443240303
354004,0.000195733280309
302545,0.000175148259968
686061,0.000354929792184
1130243,0.00033300502541
6385,0.000175148259968
400473,0.000194880355649
14428,0.000175148259968
4553,0.000175148259968
1107558,0.000258523499102
1153150,0.00028324912699
1133196,0.000229083259116
1106052,0.000621921509304
345340,0.000959489100448
1112075,0.00029354083405
154047,0.000250373133808
1112071,0.000490861790852
46431,0.000363303338031
1110000,0.000240693399741
1117618,0.000590613436617
235683,0.000175148259968
38480,0.000211793735772
644427,0.000175148259968
46547,0.000188302990422
390922,0.000284879492136
1949,0.000372202254319
1113614,0.00031091258189
38829,0.000522412135947
567005,0.000370890000796
1127810,0.000509460000159
1127812,0.000968019926234
1120858,0.000204418692223
906,0.000175148259968
39890,0.000206719613057
12247,0.00123705963376
646809,0.00021899256172
568045,0.000594447824256
148399,0.00115718375184
158614,0.00019263789116
42221,0.000175148259968
200480,0.000324496278904
62347,0.000192818562244
1104999,0.000329037325739
1153577,0.000387342082407
1121313,0.000430344559506
10798,0.000175148259968
10796,0.000200254512593
1130069,0.00033300502541
10793,0.000214612451329
1128208,0.000313473148086
13205,0.000175148259968
1107385,0.00026376415056
1152162,0.000257700032683
1128201,0.000559864719071
1128204,0.000217405719698
1120211,0.000216745650862
578650,0.000175148259968
53942,0.000175148259968
12337,0.000175148259968
12330,0.000214612451329
566664,0.000265339130403
112813,0.00018291158156
1118245,0.000482012502777
654339,0.000322116022063
44017,0.000246838182907
7430,0.00048826889748
1135589,0.000259338534871
99030,0.000243875876318
124296,0.000229492627662
1120138,0.000767729952655
1105011,0.000260250364026
38722,0.000235395300097
739280,0.000175148259968
427606,0.000176464337302
1135345,0.000249280654295
390693,0.000175148259968
1106849,0.000194880355649
1132809,0.000247499277463
22883,0.000389449339412
1113035,0.000254144996508
22886,0.000175148259968
814836,0.000175148259968
136768,0.000256619746896
78549,0.000394778966765
136766,0.000566850171433
641956,0.000264649447216
1119216,0.00037462228301
1153703,0.000238957417002
1131137,0.000426008877236
230300,0.00263843978522
6898,0.000327323461154
143676,0.00275527429707
284414,0.000182320921546
58758,0.00027253176569
594900,0.000335507582132
1120049,0.000529569161687
1154012,0.000495231638908
1108389,0.000496112230765
1694,0.00195661300937
395553,0.000324879564417
1114442,0.000614855741651
1114118,0.000341282994733
662572,0.00299197245686
1121537,0.000370384552275
459214,0.000618176736127
1119751,0.000533846594573
1123553,0.000203918378125
109323,0.000195733280309
1152944,0.000390950679609
105899,0.000352045523461
1272,0.000254643153379
1122574,0.000194880355649
18777,0.000175148259968
18774,0.000302064562203
33823,0.000175148259968
1135750,0.00029141848537
37879,0.000175148259968
643777,0.000630434130411
1154124,0.000405742294498
1154123,0.000405742294498
1104769,0.000212030525402
3112,0.00040217628118
1115886,0.000181938276982
68505,0.000204503469293
157401,0.000183022763753
1118286,0.000214612451329
1113852,0.000315655008863
1106330,0.000269934472455
118435,0.000175148259968
1059953,0.000271984572764
118436,0.000835546792087
675756,0.000175148259968
1111614,0.000185014307809
675847,0.00027822544135
1135115,0.000473317729714
1152896,0.000605469424224
59244,0.0003668468022
30934,0.000201457720875
642827,0.000473736753282
31043,0.00034826812483
124952,0.000175148259968
1132486,0.000334148765396
3932,0.000226451708737
509379,0.000364109668606
13686,0.000330882451962
73972,0.00164950599546
1152761,0.000297825955636
577086,0.00018508846277
1104182,0.000383578929259
594119,0.000175148259968
61069,0.000209899969103
288107,0.000175148259968
593104,0.000175148259968
593105,0.000273646290197
116545,0.000175148259968
120039,0.000342308365551
124064,0.000272018835288
1152421,0.000207618492772
51934,0.000175148259968
31863,0.000593865642245
1106112,0.000270989867558
1113926,0.000341875745266
248425,0.0002161070527
18251,0.000321895054503
20821,0.000175148259968
1126503,0.000290958908123
779960,0.000175148259968
1116347,0.000263603523392
593859,0.000302341146061
5966,0.000175148259968
593210,0.000746852229609
1153148,0.000207869403343
683355,0.00661022029454
1152394,0.00033300502541
1112665,0.000254076642689
235679,0.000284222886224
235678,0.000257957271078
627024,0.000451679622627
1139928,0.000369479622009
167205,0.000219059307742
235670,0.000451715453997
245955,0.00033300502541
153063,0.00061836156393
5038,0.000379924007911
293974,0.000315709382014
16437,0.000175148259968
1120866,0.000177281459501
567018,0.000426075142628
60159,0.0036595776495
801170,0.000605485707106
75695,0.000237292238194
278403,0.000175148259968
1117348,0.000214041898689
75694,0.000175148259968
20833,0.000232152091934
90888,0.000183022763753
75691,0.000265639172501
75693,0.000175148259968
43639,0.000190799521682
1112194,0.000330412132038
1116835,0.000254076642689
20942,0.000210591339686
380341,0.000175148259968
1116839,0.00018291158156
1919,0.00021248384548
1105344,0.00044533387661
9581,0.000192086136921
9586,0.000430495464065
884094,0.000552807629645
1133028,0.000212027196419
513189,0.000253508691737
13212,0.000175148259968
13213,0.000175148259968
566653,0.00018291158156
71336,0.000175148259968
1152179,0.000214612451329
1112686,0.000397766775335
481073,0.000459831056634
33818,0.000603709916741
1152379,0.000188966519327
198653,0.000210523871847
887,0.000248474235575
1131634,0.000322997314346
1128856,0.000621881987884
1117653,0.000279926409757
1111186,0.000277293222674
1128853,0.000254076642689
62718,0.000250226544205
400455,0.00164950599546
1138970,0.000206719613057
739707,0.000249280654295
1128453,0.000480287984133
1153728,0.000372418902855
49811,0.000206494968132
561593,0.000237088927715
1133417,0.000325496655264
14807,0.000325598007648
1106854,0.000227767181782
18834,0.000342588528419
289085,0.00435879744683
1134320,0.000222505289601
18833,0.000317551005565
18832,0.000175148259968
254923,0.000415081629533
34266,0.00073100624865
78555,0.000175148259968
78557,0.000439310183061
34263,0.000780862314341
78552,0.000315572748932
107177,0.000183918080271
559804,0.000461543770363
1118347,0.000417349999768
1131420,0.00036515635962
33907,0.000304495189759
28456,0.000395580105178
411005,0.00122746989324
289885,0.000350750537942
68224,0.000175148259968
1120059,0.000379859123423
1115471,0.000357235919315
950052,0.000189210457526
67292,0.000183426229291
314459,0.000413531096531
255233,0.000317394844925
142268,0.000953104922619
1688,0.000217405719698
18781,0.000175148259968
1139009,0.00033300502541
18785,0.000227767181782
751408,0.000261899179535
1119742,0.000206719613057
1152958,0.000399824090699
1126044,0.000450567264269
752684,0.000175148259968
645046,0.000189123434495
260121,0.000175148259968
1119180,0.00018291158156
1135746,0.000248589639048
368431,0.000373991970732
58436,0.000175148259968
1136040,0.00033300502541
662416,0.000352202915253
212097,0.000175148259968
1063773,0.000184172464798
1108363,0.000430344559506
263069,0.000175148259968
137359,0.000175148259968
446610,0.000175148259968
1031453,0.000182214483421
1117089,0.000352038832398
640617,0.000186404540104
31479,0.000175148259968
1113828,0.000469382480729
217115,0.000215552350508
1118764,0.00028024751832
6917,0.000490111928103
6910,0.000503601959789
30901,0.000646764007358
6913,0.000943636983958
15429,0.000186202867455
12439,0.000207233829319
1117833,0.000237955937411
1103985,0.000189527903358
335042,0.000227767181782
28632,0.000187492047805
1154251,0.000273228682616
644577,0.000280495605175
711527,0.000675076215848
282700,0.000189316375449
31055,0.000175148259968
38205,0.000218818852182
594039,0.000175148259968
22563,0.000208876382381
94641,0.000198867237298
22566,0.000296911363434
22564,0.000185056767732
928873,0.000391109552056
643239,0.00021554239698
144212,0.000316662871727
1133390,0.000254076642689
140005,0.000175148259968
126793,0.000196673328599
77515,0.000230109967551
289088,0.000250373133808
1123689,0.000354470894916
6217,0.000227504564555
632935,0.000192086136921
24476,0.000175148259968
358884,0.00019769922646
73146,0.000509251595493
155158,0.000175148259968
7432,0.000244324782727
919885,0.00018088956422
98698,0.000240612536283
1103162,0.000568873374814
74427,0.000370502841647
98693,0.00022365749001
6210,0.000275092247832
1106103,0.000279258890429
1050679,0.000261712667257
626999,0.000175148259968
248431,0.000175148259968
738941,0.000175148259968
337766,0.000175148259968
27250,0.000324050529485
161221,0.000188037097086
1107455,0.00028691420269
1134346,0.000676687920237
103515,0.00019918480085
12347,0.000194880355649
1111978,0.000415022083363
521855,0.000264982330302
69296,0.00343439845826
17201,0.000175148259968
255628,0.000175148259968
19697,0.000180591596708
431206,0.00304167525137
683360,0.000254076642689
593201,0.000175148259968
1152569,0.000254669882383
612306,0.000320760376545
1126037,0.000233508486034
1113551,0.000282625025678
1152564,0.000252778633987
82920,0.000175148259968
649944,0.000483083110735
32083,0.000175148259968
57773,0.000257957271078
260979,0.000285504337467
1102761,0.000623188300045
49660,0.000232521333967
1153280,0.000207618492772
1153287,0.000526756980819
7296,0.000175148259968
7297,0.000272602456125
1135108,0.000331746424801
578306,0.000357280172942
1111733,0.000258542813551
1110024,0.000286390062874
123825,0.000302848977682
118259,0.000189498875009
376704,0.000175148259968
38846,0.000226451708737
321861,0.000196261868107
38845,0.000348235840484
1121057,0.000267231373143
578780,0.000231098552163
286513,0.000175148259968
1103969,0.000400931743917
198866,0.000175148259968
1118546,0.000351562848015
1109873,0.000411933408131
436796,0.000185559428824
166989,0.000175148259968
85352,0.000176464337302
128203,0.000206719613057
128202,0.000361464906452
190706,0.000219195901114
63812,0.000175148259968
152219,0.000388180548822
40886,0.000175148259968
1130680,0.000371002731609
63549,0.000259519979429
633081,0.000175148259968
1128267,0.0002740328813
644441,0.000228738259128
689152,0.0043231281568
644448,0.000201567222454
1131223,0.000450799186885
1118823,0.000408320613846
1109581,0.000629032471299
85688,0.000182320921546
70520,0.000175148259968
12359,0.000246183804417
1129629,0.000488102955315
1117249,0.000187492047805
141171,0.00052660454435
12350,0.000244993660727
227178,0.000203985121828
1129621,0.000625192252351
1128868,0.000203440530711
118873,0.000175148259968
108983,0.00021248384548
27895,0.000175148259968
307015,0.00018332767493
3095,0.0004196315736
824245,0.000175148259968
1128881,0.000185014307809
246618,0.00118539179841
1131335,0.00021554239698
94713,0.00082176593681
1131330,0.00033300502541
1127619,0.000260585831995
335733,0.000217771881175
198443,0.000370813292382
1114192,0.000483237609507
20972,0.000324090954243
654519,0.000175148259968
195361,0.000177608917218
1133428,0.000349680368224
1129442,0.000318992541146
1129443,0.000177281459501
236759,0.000352144479125
18536,0.000175148259968
18313,0.000175148259968
133550,0.000212460917308
133553,0.000231566915348
34257,0.000230809215086
1786,0.000250036496526
892139,0.000638780530751
62634,0.000251063095213
1115790,0.000689149665837
1106771,0.000273121681965
218410,0.000177608917218
1131150,0.000427470788996
41666,0.000258035708511
237376,0.000188966519327
135464,0.000175148259968
62389,0.000182647574888
709518,0.000175148259968
642894,0.000201567222454
248395,0.0003235513645
1134022,0.000243103198486
8224,0.000208012905302
1126050,0.000411933408131
4335,0.000175148259968
1123576,0.000189615801537
175909,0.000207461680153
4330,0.000286056314625
39474,0.00197136527691
41714,0.000205301199162
643485,0.000266107791271
195150,0.000289462514134
753264,0.000376363755621
54129,0.000176464337302
561568,0.0003439440573
648369,0.000175148259968
648121,0.000251711464246
561674,0.000227767181782
1104749,0.00033300502541
561364,0.000236522581992
1154103,0.000477030088092
72805,0.000175148259968
28026,0.000311072073373
1130856,0.000199483632046
285675,0.000597358072078
641976,0.000267714721701
267003,0.00038340363448
15987,0.000175148259968
1108050,0.000198273922433
1121603,0.000706182105402
243483,0.000443234586516
1113831,0.000383016334809
646900,0.000175148259968
66805,0.000190282596661
143323,0.000175148259968
66809,0.000175148259968
1122425,0.000330832466551
23774,0.000217737679932
1116530,0.000206719613057
8687,0.000254076642689
15431,0.000175148259968
1136110,0.000227767181782
13917,0.000222455428593
573535,0.000505366267498
575795,0.000186021508521
1110563,0.000411263479694
91581,0.000814651213134
1120643,0.000516026351996
28487,0.000175148259968
28485,0.000195718026673
1153900,0.000333464987173
25805,0.000394049678583
28489,0.000175148259968
28336,0.000636726589477
643003,0.000196673328599
50807,0.000175148259968
643221,0.000468915304667
35343,0.000370151881939
509315,0.000418754926659
616336,0.000175148259968
181782,0.000413509352329
1152740,0.000397740696622
31083,0.000175148259968
166420,0.000175148259968
1152991,0.000333328717288
105856,0.000529569161687
646286,0.000677050802309
646289,0.000175148259968
19045,0.00023937815885
785678,0.000197868723516
17242,0.000342872283796
1105433,0.00030890085496
92589,0.000175148259968
1111899,0.000284801589192
116528,0.000175148259968
631015,0.000175148259968
120013,0.000310667973096
96335,0.000295910166893
12631,0.000224322392502
110041,0.000175148259968
259772,0.000192227567469
74749,0.000242728356515
1122642,0.00101557311565
12638,0.000200422110086
1116328,0.000188966519327
27241,0.000175148259968
1110947,0.000270893332962
27243,0.000175148259968
27246,0.000175148259968
89335,0.000192945104507
308529,0.000346446525789
1104258,0.0009359001454
12238,0.000175148259968
177993,0.000254076642689
576795,0.00042680606753
755082,0.000185014307809
177998,0.000175148259968
56709,0.000302743371295
56708,0.000175148259968
69284,0.000332208492348
1153160,0.000201520638024
1104435,0.00033300502541
642593,0.000175148259968
1153169,0.000204130495255
1114864,0.000302376884077
25794,0.000254076642689
12182,0.000273896151913
57764,0.000496242775218
1113541,0.000426397374345
86923,0.000649877340273
1105428,0.000320659890994
141347,0.000190814952343
323128,0.000316295119826
192734,0.000249141516891
141342,0.000176464337302
124828,0.000180591596708
308232,0.000250322373701
688361,0.000245278304206
2354,0.000279646265404
379288,0.000175148259968
1127863,0.000310565373109
754594,0.000175148259968
428610,0.000282822579154
1130454,0.000311328259701
1135137,0.000197488426849
1119987,0.000254073703321
853150,0.000177281459501
763009,0.000319603410483
60170,0.000234626570144
416867,0.000175148259968
853155,0.000410245569364
523574,0.000175148259968
16451,0.000374866011299
118260,0.0026343706582
1138043,0.000285647995778
649739,0.000221201668568
646837,0.000241337036013
646836,0.000209476132934
286500,0.000248815354797
1102625,0.000250871937019
120817,0.000175148259968
97377,0.000182647574888
124224,0.000224322392502
117315,0.000392153079366
1134031,0.000390376769421
49720,0.00164950599546
1127913,0.000282796472042
1152194,0.000188869566031
1106671,0.00034853157583
95597,0.000175148259968
12165,0.000473696613957
141160,0.000250373133808
1152358,0.000410242078799
4584,0.000175148259968
12169,0.000175148259968
506,0.000267806876758
1117476,0.000230255967527
662250,0.000175148259968
694759,0.000189527903358
70441,0.000420548051171
70444,0.000175148259968
33325,0.000175148259968
262178,0.000175148259968
24043,0.000175148259968
1136449,0.000329100964619
57948,0.000481174728329
1121459,0.000261254154407
1136447,0.000486758515999
1136442,0.000177281459501
1117786,0.000288039008582
626530,0.000175148259968
626531,0.000214612451329
753265,0.000287069604405
645084,0.000473874075877
1125992,0.000933570428874
1125993,0.000700037687175
645088,0.000175148259968
642847,0.000201457720875
1152959,0.000248678180322
18812,0.000175148259968
18811,0.000175148259968
735303,0.000281486811251
18815,0.000175148259968
133563,0.000635142395234
133566,0.000540343526413
133567,0.000175148259968
232606,0.000175148259968
232605,0.000247499277463
1131149,0.000352480191908
466170,0.000175148259968
1000012,0.000396848327035
62607,0.000175148259968
1105116,0.00035027978386
1131334,0.000284511934465
628751,0.00032463507479
28447,0.000366104503331
134060,0.000315795973908
910,0.000376528795719
346243,0.000244577325682
131122,0.000175148259968
44514,0.000175148259968
1106492,0.00042325111739
211432,0.000370659238871
1132968,0.000315034495488
447224,0.00233196735047
4329,0.000181934798553
662279,0.000287636104813
188471,0.000462045117497
1117920,0.00115687474348
1152975,0.000238957417002
1130847,0.000379278953377
39403,0.00043473450985
573978,0.000457140218692
1111788,0.000233951023657
561613,0.000237088927715
561595,0.00060087727221
54131,0.00028730327336
54132,0.000175148259968
154982,0.000245487122281
27535,0.000245314241756
27530,0.000175148259968
27531,0.000259338534871
423816,0.000238876181208
160732,0.000175148259968
399339,0.000207073697
1105603,0.000405346593798
1114526,0.000393142535336
242637,0.000278744060002
595056,0.000329547037672
263553,0.000251395552708
1130678,0.000443618919375
1154233,0.000218936760021
1154232,0.000397014345904
1154230,0.000257957023778
8699,0.00021664318873
430711,0.000175148259968
6935,0.000264840308504
8696,0.000175148259968
23546,0.000181657449274
23545,0.0004929300375
28359,0.000315795973908
1153933,0.000331246640816
194609,0.000175148259968
1104647,0.000621956403644
1133008,0.00033300502541
1103610,0.000267231373143
35,0.000242380593048
1103960,0.000392952564585
72908,0.000181657449274
3097,0.000329596211308
66594,0.000378903377238
1246,0.000175148259968
28491,0.000175148259968
1120650,0.000440502905751
289779,0.000277785747059
1140230,0.000198086195751
1140231,0.000412060250526
31097,0.000188040373194
1108551,0.000206494968132
105865,0.000215937561652
644334,0.00035334900942
175548,0.000175148259968
241133,0.000191230841191
73162,0.000175148259968
7419,0.000257249325352
55403,0.000237519988882
217139,0.000224259253661
189655,0.000175148259968
22431,0.00030741539168
116512,0.000175148259968
562123,0.000487083102371
1116336,0.000324959886217
359067,0.000470609510215
509233,0.000232433121321
409725,0.000444332180254
1110950,0.00033300502541
1104261,0.00019629493508
1112319,0.00062932201582
5959,0.000216655808037
582343,0.000687490381908
7867,0.00033300502541
561610,0.000316017310436
1102364,0.000295075533322
1123087,0.000447946234582
61417,0.000254076642689
103531,0.000494878244697
594011,0.000175148259968
39131,0.000281193300552
39130,0.000264574311439
594543,0.000187824569076
103537,0.000204830728684
1102567,0.000351764786076
397590,0.000254076642689
12198,0.000327451196354
12199,0.000384915016174
593260,0.000257270498624
1152508,0.000176464337302
12194,0.000175148259968
12195,0.00027683859032
80656,0.000175148259968
12197,0.000195035604907
1107808,0.00033300502541
644843,0.000175148259968
578645,0.000463976230759
19231,0.000175148259968
45603,0.000175148259968
1103383,0.000236979907949
348305,0.000175148259968
1105932,0.000373345295949
763010,0.00025705154469
1135122,0.000447508259433
189774,0.000637593271874
1127851,0.00109004965714
1135125,0.000320402102034
510718,0.000246823608814
1136446,0.00052622270736
60169,0.00205989098486
102879,0.00393999733293
510715,0.000254076642689
582139,0.000230263713043
118079,0.000431184018703
4660,0.000379016550918
943,0.000417451571244
940,0.000206719613057
941,0.000175148259968
193742,0.000205411561332
105057,0.000319360238649
93318,0.000175148259968
628815,0.000182541941138
63832,0.000329037325739
2658,0.000267209924017
20179,0.000175148259968
20178,0.000757685197532
1131557,0.000255392720023
162664,0.000200306185325
107569,0.000196640661829
1130539,0.000356919830405
1120252,0.000227767181782
130,0.000656990709383
116087,0.000331541143259
116084,0.000280247724403
116081,0.000185014307809
1131164,0.000227767181782
95588,0.000175148259968
95589,0.000858945611887
16843,0.000263779620245
249421,0.000403425191345
1129608,0.000215743817886
203646,0.000254076642689
75972,0.000289462514134
89416,0.000295075533322
173863,0.000187291088079
650834,0.000352623379952
654177,0.000353092731898
1118209,0.000374368485515
59715,0.0002524817776
45052,0.000175148259968
108962,0.000428643113561
907845,0.00040636684777
42847,0.000271853782595
307656,0.000175148259968
237489,0.000222370874771
1131314,0.000358383654785
576973,0.000216089642364
83826,0.000194951761777
911198,0.000725805416802
1117049,0.00033300502541
17488,0.000175148259968
1112767,0.000259817946941
1105148,0.000401295086433
1114664,0.000267231373143
1107861,0.000233332644667
1125944,0.000285698732736
1131172,0.000260375961427
162080,0.000328973889016
647315,0.000175148259968
628458,0.000175148259968
949318,0.000177281459501
642930,0.000254076642689
949511,0.000183022763753
171225,0.000453089873223
20193,0.000189498875009
62676,0.000175148259968
714289,0.000459300054464
1125386,0.00038265601396
13024,0.000483916498614
1123756,0.000309983367855
372862,0.000792715191916
40605,0.000307377300844
57119,0.000175148259968
1114336,0.000365480663848
67245,0.00118274984828
67246,0.00171144928468
950986,0.00039201987806
1114331,0.000556406063862
168410,0.000436164930666
644361,0.000175148259968
50354,0.000250373133808
334153,0.000314990544838
41732,0.000214612451329
561582,0.00119003474369
219976,0.000175148259968
1154169,0.000183022763753
91038,0.000175148259968
1095507,0.000541554877731
29708,0.000194880355649
1120713,0.000278854115659
643735,0.000175148259968
575402,0.000300117908613
467383,0.000175148259968
137380,0.000188302990422
78508,0.000175148259968
13972,0.000175148259968
563613,0.00019769922646
430329,0.000201457720875
646195,0.000222982789506
169279,0.000326685002578
56112,0.000228008960027
34979,0.000456780168761
643597,0.000275430640805
1108728,0.000278683449318
1132157,0.000233029073964
6925,0.00035818727315
1154229,0.000224963376134
1133930,0.00033300502541
1107041,0.000364576378499
6923,0.00022976130183
310742,0.00024750891474
1153922,0.000420182408772
949217,0.000796966551732
1153024,0.000280961607211
14431,0.000400931743917
1103979,0.000474134306265
59045,0.000262846462992
194617,0.00107062276438
1110546,0.000536514269514
174418,0.000280386103596
111866,0.00338496390108
3085,0.000504498979911
3084,0.000264402072465
8594,0.000175148259968
577227,0.000176464337302
8591,0.000194880355649
1125402,0.000285698732736
31336,0.000199262623854
88356,0.000632535048233
66751,0.000175148259968
145315,0.000175148259968
1129518,0.000415042401172
170798,0.000199228916848
1133846,0.000325598007648
188318,0.000263956949808
82098,0.000182205641554
503883,0.000199483632046
1133338,0.000189527903358
187354,0.000220186854871
578845,0.00033300502541
12576,0.000229207426393
272345,0.000854922852592
106590,0.00029532783342
28957,0.000175148259968
1061127,0.000181657449274
1153816,0.000374708724799
228990,0.000175148259968
1153811,0.000801859674563
214472,0.000513412757344
231198,0.000251483749317
1129040,0.00033300502541
617575,0.000175148259968
630817,0.000190799521682
119712,0.000175148259968
128383,0.000276246015039
1112369,0.000416532944196
642641,0.000175148259968
574462,0.000186404540104
52847,0.000211197983463
82664,0.000190933936513
1136310,0.000185014307809
13717,0.000294955535734
39126,0.000370458561174
521207,0.000440617261162
39124,0.00023933144723
103529,0.000367044184288
103528,0.000325226345293
1102550,0.000337915937538
93273,0.000175148259968
1153101,0.00028324912699
1153106,0.000206719613057
617378,0.000175148259968
145134,0.000180591596708
55968,0.000299872728367
608190,0.000198867237298
1112026,0.000219370798709
593091,0.000410114639571
1123926,0.000197199595843
31932,0.00089230254711
1132416,0.000254076642689
6130,0.000484181697646
1131639,0.000358914888055
95642,0.000175148259968
81714,0.000255535323501
140569,0.000270550607764
1103394,0.000430726058924
75969,0.000254076642689
16476,0.000175148259968
191404,0.000178906754384
16471,0.000496776699336
16470,0.000227767181782
899119,0.000669912261389
396412,0.000419870122211
17476,0.000479613176296
17477,0.000186508491742
51866,0.000232409295868
1104300,0.000418030242912
610529,0.000175148259968
593328,0.00377750591626
593329,0.000401825614743
231249,0.000176464337302
1153031,0.000293605994904
63835,0.000395594972556
1138027,0.000471805315779
251756,0.000213888077661
286562,0.000184172464798
91852,0.000459602305104
2653,0.000175148259968
561809,0.000175148259968
64271,0.000444188875091
45599,0.000230961037717
309476,0.000259147982789
1130780,0.00031022041793
1104031,0.000216482018579
128,0.000217871788642
152483,0.000198152028826
2654,0.000175148259968
1128256,0.000340177686988
734406,0.000175148259968
70281,0.000175148259968
54844,0.000206719613057
4878,0.000185014307809
248119,0.000533936018812
1110426,0.000245866861064
6311,0.000233951023657
63486,0.000509153032948
51045,0.000295998920582
1109208,0.000289651493991
6318,0.000175148259968
39165,0.000325889668186
714748,0.000370546631764
239810,0.000230910154891
1111304,0.000686744242119
1131300,0.000258029403945
1131301,0.000381734997884
108974,0.000175148259968
193931,0.000485943143637
193932,0.000746309587914
101811,0.00019910033748
767763,0.000546013697474
1107674,0.000265738747664
10430,0.000192227567469
10435,0.000374467832278
143801,0.000562991495194
1153254,0.000181657449274
1112574,0.000232331837586
33013,0.000244615604726
1129494,0.00033300502541
112378,0.00029758017344
2665,0.000486168584854
2663,0.000206719613057
102061,0.000175148259968
8961,0.000175148259968
1128369,0.000236979907949
341188,0.000274403503638
18619,0.000233893184969
1118302,0.000264832504355
1139195,0.000321727230454
84459,0.000256986596033
48764,0.000175148259968
1131167,0.000250263327759
1071981,0.000186021508521
1131165,0.000189498875009
48768,0.000175148259968
18615,0.000374354011494
753070,0.000319747257181
15889,0.00025094264358
578898,0.000271879150932
133628,0.000175148259968
683404,0.00641173946866
218682,0.000384665090763
1120019,0.00033300502541
18582,0.000281587729212
1111230,0.00027017791932
682666,0.00079563205341
137790,0.000175148259968
20180,0.000268825161885
126927,0.0021417597171
120084,0.000314090656218
574264,0.000176464337302
37483,0.000230259938115
33301,0.000175148259968
33303,0.000682420439665
1132948,0.000213737457465
1125393,0.000608613469393
137130,0.000228342685397
395075,0.000287990316244
29492,0.000175148259968
71736,0.000175148259968
1119140,0.000319446185966
11093,0.000181934798553
95586,0.000605071361894
8213,0.000224828722512
34355,0.000205977195783
184157,0.000265218837589
136665,0.000178906754384
1127430,0.000186404540104
1105622,0.00033300502541
12960,0.000609809368299
672070,0.000326439369898
672071,0.000314432838203
353541,0.000353262527199
27514,0.000206956908934
1110438,0.000282746271972
1154173,0.00033300502541
27510,0.000208272986268
73323,0.000175148259968
1154176,0.000208925505876
78511,0.000349509530998
1114502,0.000700994989718
284025,0.00107068480664
285687,0.000175148259968
851968,0.000262846462992
415693,0.000256768493398
61312,0.000175148259968
440815,0.000257673948055
13960,0.000549571354613
13966,0.000175148259968
4274,0.000175148259968
463,0.000175148259968
1124844,0.000492224092831
27631,0.000328746918083
27632,0.000210772749627
174425,0.000175148259968
948147,0.000266005640714
1111052,0.00027659080355
1105718,0.00036142109243
11148,0.000175148259968
14429,0.000348565761568
72101,0.000268711659766
643695,0.000175148259968
252725,0.000254076642689
8581,0.000283055102405
111676,0.000175148259968
1108570,0.00033300502541
1122704,0.000348656287124
74975,0.000175148259968
368605,0.000246812221058
656048,0.000398204661313
51180,0.000270757169585
160705,0.000275961398599
1131550,0.000499120341808
1103499,0.000227767181782
1119211,0.000542250287887
30895,0.000235599175825
1131258,0.000376272180656
50381,0.000610645594467
3187,0.000195733280309
35778,0.000289921734092
151430,0.000226519855812
1153860,0.000297825955636
1153866,0.000237519988882
593022,0.000186508491742
155738,0.000748630630438
576362,0.000175148259968
71904,0.000175148259968
1113995,0.000193067136046
155736,0.000577647538411
6639,0.000239357671758
35797,0.000440931409461
40124,0.000341453583257
259701,0.000176464337302
259702,0.000351331500515
108963,0.00030331978114
1106388,0.000435138440123
9708,0.000192687900573
92065,0.000186332900959
193347,0.000379749663547
32688,0.000181934798553
1102548,0.00033300502541
687401,0.000175148259968
55770,0.000175148259968
593068,0.000347884807526
100197,0.00018088956422
1103016,0.000483083110735
593060,0.000207428882976
87482,0.000507832483272
593240,0.000481053870461
60560,0.00033300502541
593248,0.000544822016119
228992,0.00033300502541
6125,0.000286511517023
684531,0.000175148259968
17208,0.00037453092623
139547,0.000318664168689
632796,0.00022365749001
31927,0.000295816057239
577331,0.000413258398749
1131312,0.000269446783332
78994,0.000249596242619
14062,0.000175148259968
1132406,0.000404154728014
576691,0.000319257734413
288,0.00019629493508
144701,0.000209548039541
633031,0.00164950599546
633030,0.00164950599546
1134056,0.00033300502541
220420,0.000175148259968
16461,0.000233508486034
688824,0.000175148259968
325314,0.000175148259968
1109439,0.000242822040905
1106418,0.000535233031029
1153003,0.000527279436421
595157,0.000262222209456
51879,0.000175148259968
4649,0.000175148259968
1133047,0.000232433121321
1105877,0.000638346982805
116790,0.000480733483578
4637,0.000227767181782
135130,0.000209555170034
164,0.000488043205485
49753,0.00164950599546
1105394,0.000340151600902
593209,0.000175148259968
270456,0.000175148259968
45212,0.000285647995778
975567,0.000396751972677
1109891,0.000315130005736
114,0.000175148259968
117,0.000175148259968
444240,0.000389517833261
1109542,0.000199985778826
79809,0.000456235294942
1152307,0.000238957417002
117316,0.000228157477039
4804,0.000284248384177
91975,0.000428568325862
62333,0.000348936523988
1152308,0.000286157083428
12158,0.000273344680035
578347,0.00464489236844
12155,0.000195552449717
35854,0.000341837762862
1153861,0.000400526667571
20534,0.000311631929142
1131374,0.000354485739239
131317,0.000175148259968
7272,0.000175148259968
38537,0.000175148259968
22869,0.000290103345379
1153262,0.000340608644959
7276,0.000310577933608
1153264,0.000203211684936
976284,0.000310059886011
56167,0.000309323571226
1133469,0.000288012125372
5086,0.000251220479261
644470,0.000443611356244
90655,0.000645572958185
636098,0.000208681272593
210309,0.00018398099742
1129243,0.000210962936871
628766,0.000245706692069
15892,0.000207461680153
628764,0.000560631804441
582511,0.00226821801953
1131198,0.000588493501035
1131195,0.00033300502541
601462,0.000175148259968
1131192,0.000495008391906
552469,0.000199810552737
34961,0.000271739935958
1131752,0.000335507582132
58268,0.000194880355649
1131754,0.00033300502541
1121659,0.00022655566183
129045,0.000337600064139
575331,0.000277257205743
1104449,0.000266306518013
1120020,0.000383045835481
129042,0.000342902426375
1132887,0.000194880355649
3217,0.000175148259968
112099,0.000175148259968
3218,0.000175148259968
714260,0.000276990433575
36145,0.000285647995778
8821,0.000604491283177
36140,0.000185056767732
1113182,0.000335742543391
648106,0.00036515635962
1128536,0.000206569946316
346292,0.000264463856866
1128531,0.00045160229028
97892,0.000236326198932
39210,0.00473091098265
1132083,0.000451756237975
248823,0.000432173504207
1114352,0.000364475730019
1123493,0.00033300502541
964248,0.000572228469578
307336,0.000314664508212
17811,0.000175148259968
62274,0.00103048419601
1120731,0.000713665518671
1136631,0.000772560622265
672064,0.000198962915334
1481,0.000175148259968
1136634,0.000280283065821
178209,0.000229085066554
1118083,0.000278800686329
137873,0.000232791522599
621555,0.000175148259968
112787,0.000237478032987
397488,0.000238876181208
1114512,0.000472984118967
591016,0.000188830110851
591017,0.000358857613104
1107067,0.000571784729756
1107062,0.000384031746568
815096,0.000325228314484
756061,0.000175148259968
1110028,0.000316566640335
27623,0.000175148259968
1110520,0.000270537237897
27627,0.000180591596708
578309,0.00450488652831
6941,0.000452522798515
33904,0.000273798204587
103430,0.0002634489934
1127558,0.000280386103596
608292,0.000268258220564
24530,0.000175148259968
1127551,0.000227767181782
40,0.000197868723516
642798,0.000189123434495
1119295,0.000230987688475
47570,0.000192227567469
1121739,0.000256664811509
1153786,0.000257905220017
13654,0.000296197148619
502574,0.00026804096918
529165,0.000175148259968
31353,0.000190238419025
164885,0.0023185392313
27199,0.000550893024982
312409,0.000254076642689
66990,0.000884780683816
12558,0.000334191504798
1717,0.000358891123094
1116268,0.000366022601329
238401,0.000175148259968
444191,0.000338746329662
15076,0.000254076642689
133615,0.000182647574888
180187,0.000194880355649
170338,0.000285249696442
1153879,0.00018291158156
1365,0.000175148259968
604073,0.000175148259968
3192,0.000230615336467
3191,0.000246417121285
1132418,0.000303602997117
1153877,0.00018291158156
650814,0.000262506277361
28202,0.000320917621227
