16470 1
28391 1
62217 1
1004 1
1013 1
1034 1
1038 1
1043 1
1045 1
1050 1
1055 0
1056 1
1072 1
1073 0
1075 1
1076 1
1078 1
1082 1
1094 1
1095 1
1097 1
1099 1
1104 1
1108 1
1109 1
1111 1
1115 1
1117 1
1121 1
1148 1
1151 0
1154 1
1161 1
1164 1
1173 1
1177 1
1183 1
1194 1
1203 1
1209 1
1210 1
1213 1
1226 0
1228 1
1230 1
1234 1
1235 1
1239 1
1240 1
1244 1
1250 0
1254 1
1257 1
1260 1
1266 1
1274 1
1278 1
1279 1
1281 1
1283 1
1297 0
1300 1
1318 1
1324 1
1327 1
1331 1
1334 1
1351 1
1356 1
1359 1
1363 1
1372 1
1380 1
1382 1
1392 0
1393 1
1397 1
1408 1
1410 1
1411 1
1418 1
1439 1
1440 1
1444 1
1446 0
1447 1
1449 1
1456 0
1465 1
1468 1
1474 1
1478 1
1485 1
1487 1
1494 1
1495 1
1496 1
1500 1
1523 1
1533 1
1537 1
1539 1
1542 1
1545 1
1546 0
1559 1
1562 1
1567 1
1573 1
1577 1
1581 1
1585 1
1587 1
1590 1
1593 1
1594 1
1598 0
1602 1
1606 1
1608 1
1611 1
1613 1
1618 1
1619 1
1627 1
1632 1
1633 1
1634 1
1635 1
1641 1
1642 1
1650 1
1651 1
1655 1
1659 1
1661 1
1663 1
1677 1
1678 1
1682 1
1686 1
16665 1
1690 1
29517 1
1703 1
1704 1
1706 1
1712 1
1721 1
1722 1
1728 1
1743 1
1746 0
1754 0
1755 1
1762 1
1766 1
1772 1
1773 1
1780 1
1781 1
1783 1
1786 1
1789 1
1794 1
1820 1
1823 1
1824 1
1831 1
1832 1
1835 0
1837 1
1848 1
1849 1
1856 1
1860 1
1864 1
1866 1
1875 1
1877 1
1878 1
1884 1
1891 1
1902 1
1906 1
1910 0
1913 1
1919 1
1920 1
1923 1
1926 1
1939 1
1940 1
1943 1
1949 1
1951 1
1953 1
1956 1
1968 1
1969 1
1971 1
1974 1
1976 1
1979 0
1981 1
1982 1
1988 1
1989 1
1992 1
1995 1
1998 1
2002 1
2005 1
2006 1
2007 1
2008 1
2011 1
2014 1
2019 1
2022 0
2024 1
2025 1
2029 1
2032 0
2033 1
2034 1
2044 1
2049 1
2051 0
2052 1
2054 1
2058 1
2060 1
2061 1
2070 1
2080 1
2085 1
2086 1
2088 1
2100 1
2101 1
2111 1
2113 1
2124 1
2128 1
2130 1
2136 1
2138 1
2146 1
2150 1
2154 1
2159 1
2163 1
2169 1
2175 1
2176 1
2183 1
2184 1
2188 1
2189 1
2190 1
2193 1
2201 0
2204 1
2213 1
2214 1
2215 1
2220 1
2222 1
2226 1
2230 1
2237 1
2239 0
2246 1
2249 1
2251 1
2259 1
2265 1
2267 1
2269 1
2270 1
2271 0
2282 1
2285 1
2290 1
2294 0
2295 1
2302 1
2304 0
2308 1
2312 1
2322 1
2328 1
2337 1
2342 1
2345 1
2346 1
2351 1
2356 1
2390 1
2393 1
2402 1
2403 1
2424 1
2435 1
2436 1
2437 1
2439 1
2444 1
2447 1
2461 1
2464 1
2467 1
2482 1
2484 1
2489 1
2490 1
2497 1
2498 1
2504 1
2507 1
2508 1
2518 1
2519 1
2521 1
2536 1
2537 1
2538 1
2547 1
2553 1
2554 1
2555 1
2556 1
2558 1
2562 1
2573 1
2574 1
2577 1
2581 1
2589 1
2593 1
2595 1
2596 1
2598 1
2602 1
2606 1
2615 1
2616 1
2620 1
2622 0
2625 1
2628 1
2633 1
2634 1
2636 0
2644 1
2646 1
2662 1
2663 1
2677 1
2751 1
2771 1
2783 1
2784 1
2785 1
2787 1
2797 1
2800 1
2802 1
2803 1
2807 1
2811 1
2812 1
2817 1
2818 1
2820 0
2845 1
2846 1
2847 1
2849 1
2854 0
2856 1
2858 0
2860 1
2870 1
2872 1
2884 1
2886 1
2888 1
2889 1
2891 1
2897 1
2903 1
2908 1
2909 0
2916 1
2917 1
2918 0
2928 1
2929 1
2938 1
2939 1
2940 1
2942 1
2950 1
2951 1
2953 1
2955 1
2960 1
2963 1
2965 1
2982 1
2986 1
2991 1
2999 1
3002 1
3007 1
3011 1
3013 1
3015 1
3016 1
3022 1
3024 1
3026 1
3028 1
3031 1
3033 1
3036 1
3041 1
3048 1
3053 1
3054 1
3055 1
3062 1
3063 1
3066 1
3071 1
3078 1
3082 1
3087 1
3093 1
3103 1
3105 1
3107 1
3108 0
3111 1
3114 1
3116 1
3121 1
3122 1
3126 1
3129 1
3130 1
3138 1
3144 1
3153 1
3156 1
3157 1
3158 1
3171 1
3172 1
3178 1
3184 1
3185 1
3200 1
3203 1
3206 1
3216 1
3218 1
3221 1
3226 1
3229 1
3230 1
3231 1
3238 1
3240 1
3243 1
3246 1
3248 1
3255 1
3257 1
3265 1
3273 1
3275 1
3276 0
3277 1
3278 1
3282 1
3288 1
3289 0
3291 1
3297 1
3310 1
3311 1
3315 1
3325 0
3333 1
3336 1
3342 1
3343 1
3349 0
3354 1
3358 1
3362 1
3365 1
3366 1
3369 1
3370 1
3373 1
3375 1
3384 1
3391 1
3394 1
3399 1
3407 1
3408 1
3409 1
3410 1
3413 1
3416 1
3419 1
3422 1
3424 1
3426 0
3429 1
3444 1
3461 1
3465 1
3480 1
3497 1
3500 1
3502 1
3504 1
3505 1
3515 1
3518 1
3524 0
3527 1
3532 1
3547 0
3555 1
3556 1
3562 1
3570 1
3574 1
3580 1
3581 1
3584 1
3594 1
3600 0
3607 1
3609 0
3612 1
3615 1
3617 1
3618 1
3619 1
3622 1
3625 1
3637 1
3639 1
3640 1
3642 0
3643 1
3647 1
3650 1
3662 1
3668 1
3673 1
3684 1
3686 1
3691 1
3693 1
3700 1
3705 1
3707 1
3708 1
3713 1
3734 1
3735 1
3736 1
3747 1
3756 1
3760 1
3761 1
3772 1
3773 1
3776 1
3779 1
3781 1
3782 1
3785 1
3786 1
3793 1
3796 1
3798 1
3799 0
3805 0
3806 1
3807 1
3814 1
3821 1
3824 1
3827 0
3833 1
3835 1
3839 1
3840 1
3844 1
3848 1
3851 1
3855 1
3862 1
3863 1
3872 1
3878 1
3892 1
3895 1
3896 0
3897 1
3905 1
3911 1
3916 1
3917 1
3918 1
3933 1
3935 1
3937 1
3938 0
3946 1
3949 1
3955 1
3962 1
3964 1
3969 1
3971 1
3980 1
4001 1
4005 1
4016 1
4024 1
4029 1
4036 1
4040 1
4050 0
4051 1
4052 1
4054 1
4058 1
4060 1
4062 1
4065 1
4066 1
4069 1
4072 1
4073 1
4077 1
4078 1
4083 1
4087 1
4091 1
4093 1
4103 1
4105 1
4108 1
4115 1
4121 1
4124 1
4126 0
4127 1
4128 1
4132 1
4145 1
4148 1
4156 1
4160 1
4162 1
63424 1
4173 1
4176 1
4182 1
4186 1
4189 1
4191 1
4193 1
4194 1
4199 1
4201 1
4204 1
4205 1
4207 0
4213 1
4218 1
4220 1
4222 1
4223 1
4225 1
4230 1
4238 0
4241 1
4242 1
4251 1
4265 1
4273 1
4274 1
4275 1
4279 1
4283 1
4292 1
4293 1
4296 1
4321 1
4322 1
4328 1
4329 1
4331 1
4335 1
4340 1
4344 1
4351 1
4352 1
60802 1
4367 1
4369 1
4371 1
4372 1
4374 1
4381 1
4383 1
4393 1
4409 1
4412 1
4413 1
4415 1
4418 1
4423 1
4424 1
4430 1
4434 1
4443 1
4448 1
4450 1
4456 1
4457 1
4460 1
4462 1
4467 1
4469 1
4476 1
4477 1
4479 1
28054 1
4494 1
4496 1
4497 1
4498 1
4503 1
4506 1
4510 1
4515 1
4517 1
4520 1
4523 1
4530 1
28064 1
4546 1
4553 1
4560 1
4568 1
4572 1
4573 1
4579 1
4585 1
4592 0
4595 1
4598 1
4600 1
4605 1
4607 1
4608 1
4611 1
4622 1
4623 1
28078 1
4635 0
4639 1
4640 1
4641 1
4645 1
4666 1
4674 1
4675 1
4678 1
4679 1
4680 1
4682 1
4685 1
4690 1
4694 1
4699 1
4708 1
4719 1
4723 1
4731 1
4736 1
4737 1
4739 1
4740 1
4742 1
4743 1
4758 1
4759 1
4764 1
4768 1
4769 1
4771 1
4790 1
4800 1
4801 1
4802 1
4806 1
4807 1
4809 1
4817 1
4819 1
4826 1
4828 1
4830 1
4834 1
4837 0
4839 1
4842 1
4843 1
4844 1
4847 1
4850 0
4860 1
4864 1
60886 0
60887 1
4878 1
4881 1
4885 1
4892 0
4894 1
4895 0
4900 1
4903 1
4911 1
4918 1
4924 0
4926 1
4932 1
4936 1
4941 1
4954 1
4961 1
4962 1
4972 1
4973 1
4975 1
4985 1
4987 1
28138 1
4990 1
4993 1
28139 1
5014 0
5016 0
5018 1
5020 1
5027 1
5032 1
60914 1
5038 1
5043 1
5046 1
5050 1
5060 1
5061 1
5065 1
5066 1
5070 1
5071 1
5073 1
5074 1
5079 1
5080 1
5087 1
5109 1
5111 1
5116 1
5121 1
5122 1
5125 1
5129 1
5133 1
5134 1
5142 1
5144 0
5149 1
5151 1
5152 1
5161 1
5165 1
5166 1
5169 1
5174 1
5179 1
5181 1
5187 1
60942 1
5210 1
5211 1
5215 1
5216 1
5218 1
28178 0
5234 1
5237 1
5247 0
5250 1
5252 1
5253 1
5254 0
5275 1
5284 1
5295 1
5301 1
5306 1
5313 1
5321 0
28194 1
5327 1
5330 1
5331 1
5334 1
5336 1
5338 1
5340 1
5342 1
5357 1
28200 1
5374 1
5377 1
5379 1
60974 0
5399 1
5404 1
5408 1
5412 1
28209 1
5417 1
5419 1
5420 1
5421 1
5422 1
5432 1
5439 1
5442 1
28214 1
5456 1
5458 1
5460 1
5464 1
5465 1
5475 1
5476 1
5479 1
5485 1
5492 1
5496 1
5503 1
5505 1
5508 1
5518 1
5519 1
5520 1
5523 1
5526 1
5530 1
5539 1
5543 1
5545 1
5549 1
5557 1
5558 1
5559 1
5560 1
5564 1
5565 1
5566 1
5567 1
5568 1
5569 1
5578 0
5579 1
5581 1
5589 1
5594 1
5597 1
5606 1
5608 1
5614 1
5619 1
5621 1
5626 1
5639 1
5643 1
5667 1
5671 1
5680 1
5686 1
5690 1
5693 1
5697 1
5709 1
5711 1
5714 0
61027 1
5721 1
5723 1
5726 1
5729 1
5735 1
5742 1
5750 1
61033 1
5757 1
5758 0
5763 1
5764 1
5768 1
5772 1
5774 1
5782 1
5783 1
5786 1
5788 1
5791 1
61296 1
5798 1
5802 1
5803 1
5818 1
5824 1
5826 1
61046 1
5831 1
5839 1
5841 1
5846 1
5847 1
5848 1
5851 1
5852 1
5860 1
5862 1
5869 1
5877 1
5878 1
28287 1
5884 0
5885 1
5886 0
5888 1
5901 1
5902 1
5918 1
5928 1
28296 1
5944 1
5959 1
5961 1
5962 1
5965 1
5968 1
5973 1
5976 1
5977 1
5978 1
5980 1
5986 1
5987 0
6006 0
6008 1
6010 1
6012 0
6019 1
6020 1
6025 1
6034 1
6035 1
6036 1
6038 1
6039 1
6044 1
61083 0
6053 1
6054 1
61084 1
6062 1
6066 1
6074 0
28319 1
6078 1
6081 1
6091 1
61090 1
6096 1
6097 1
6100 1
6102 1
6104 1
6108 0
6109 1
6110 1
6115 1
28326 1
6121 1
6124 1
6125 1
6127 1
6130 1
6136 1
6140 1
6145 1
6152 1
6158 1
6159 0
6169 1
6171 1
6172 1
6178 1
28337 1
6185 1
6192 0
6193 1
6194 1
6196 1
28340 1
6206 1
6207 1
6213 1
6214 1
6215 1
6217 1
6218 1
6223 1
6226 1
6235 1
6239 1
6241 1
6242 1
61117 1
6259 1
6266 1
6268 1
6269 1
6272 1
6282 1
28354 0
6288 1
6297 1
6301 1
6304 1
6307 1
6308 1
6310 1
6311 1
6313 1
6314 1
6315 1
6326 1
6331 1
6333 1
6334 1
6338 1
6343 1
6346 1
6347 1
6349 1
6351 1
6357 1
28581 1
6362 1
6370 1
6375 1
6376 1
6379 1
6386 1
6399 0
6400 0
6402 0
6403 1
61142 1
6410 1
6416 1
6424 1
6427 0
6431 1
6432 1
6433 1
6435 1
6437 1
6450 1
6452 1
6459 1
6461 1
6465 1
6468 0
6471 1
6475 1
28388 1
6492 1
6497 1
6500 1
6502 1
6507 1
6509 1
6517 1
6522 1
6527 1
6528 1
6529 1
6531 1
6534 1
6541 1
6543 1
6547 1
6548 1
6550 1
6552 1
6565 1
6571 1
6573 1
6574 1
6575 1
6578 1
61171 1
6588 1
6608 1
28408 1
6617 1
6618 1
6619 0
6626 1
61179 1
6631 1
6638 1
6639 1
6649 1
6653 1
6654 1
6661 1
6669 1
6678 1
6682 1
6694 1
6701 1
6707 1
6710 1
6714 0
6716 1
6717 1
6722 1
6730 1
6731 1
6733 1
6736 1
6737 1
6742 1
6743 1
6744 1
6745 1
6748 1
6756 1
6764 1
6765 1
6768 1
6774 1
6781 1
6785 1
6788 1
6790 0
6796 1
6797 1
6799 0
6802 1
6803 1
6809 1
6819 0
6821 1
6825 1
6829 1
6830 1
6831 1
6836 1
6837 1
6839 0
6841 1
6842 1
6844 1
6845 1
6848 1
6864 1
6865 1
6867 1
6873 1
6876 1
6882 1
6886 0
6896 1
6900 1
6908 1
6922 1
6924 1
6932 1
6936 1
6948 1
6956 1
6963 1
6971 1
61239 0
28602 1
6994 1
6995 1
6998 1
61242 1
7008 1
7017 1
7022 1
61246 1
7034 1
7045 1
7049 1
7059 1
7063 1
7065 1
7066 1
7067 1
7070 1
61255 1
7085 1
7086 1
7092 1
28489 1
7099 0
7106 1
7107 1
7116 1
7117 1
7121 1
7123 0
61262 0
7127 1
61263 1
7132 1
7133 1
7137 1
7138 1
7139 1
7143 1
7146 1
7152 1
7153 1
7154 1
7155 0
7159 0
7161 1
7163 1
61269 1
7171 1
7179 1
7180 1
7182 0
7183 1
7185 1
7192 1
7196 1
7199 0
7203 1
7205 1
7208 1
7215 1
7216 1
7217 1
7228 1
7229 1
7238 1
7241 1
7250 1
7251 1
7252 1
7253 1
7254 1
7257 1
7260 1
7267 1
7268 1
7273 1
7275 1
7276 0
7277 1
7278 1
7279 1
7281 1
7284 1
7291 1
7295 1
7300 1
7303 1
28524 1
7315 1
7316 1
7319 1
7329 1
7331 1
7332 0
7336 1
7341 1
7343 1
7345 1
7346 1
7350 1
28532 1
28534 1
7366 1
7368 1
7369 1
7370 1
7380 1
61306 0
7395 0
7398 0
7401 1
7406 1
7409 1
7416 1
7420 1
7430 1
7435 1
7437 1
7447 1
7448 1
7466 1
7475 1
7478 1
7481 1
7486 1
7503 1
7504 1
7505 1
7506 1
7510 1
7515 1
7525 1
7526 1
28620 1
7536 1
7537 1
61332 1
7549 1
7556 1
7557 1
7562 1
7564 1
7566 1
7571 1
7572 1
7574 1
7575 1
7576 1
7578 0
7582 1
7585 1
61341 1
7601 0
7602 1
7617 1
7620 1
7632 1
7635 1
7636 1
7637 1
7640 1
7646 1
7647 0
7650 1
7658 1
7662 1
7665 1
7668 1
7672 1
7679 1
7682 1
7683 1
7685 1
7691 1
7692 1
7694 1
7700 1
61359 1
7708 0
7711 1
7718 1
7723 1
23133 1
7733 1
7734 1
61364 1
7741 1
61365 1
7745 1
7750 1
7758 1
7759 1
7761 1
7772 1
7773 1
7777 1
7781 1
7798 1
7799 1
28608 1
7824 0
7826 1
7828 1
7835 1
7837 1
7849 1
7850 1
7852 1
7853 1
7862 1
7866 1
61386 0
7873 1
7875 1
7878 1
7881 1
7882 1
7883 1
7892 1
28622 1
7897 1
7904 1
28624 1
7906 1
7911 1
7912 1
7914 1
7917 1
7920 1
7921 1
7922 1
7923 1
7932 1
7935 1
7936 1
7938 1
28630 1
7952 1
7955 1
7959 1
7962 1
7967 1
7970 1
28635 0
7974 1
7977 1
7982 1
7985 1
7991 1
7993 1
7995 1
8000 1
8001 1
8003 1
8007 1
8009 1
8014 1
8015 1
8017 1
8030 1
8031 1
8044 0
8045 1
8046 1
8047 1
8049 1
8050 1
8051 1
8060 1
8062 1
28651 1
8068 1
8073 1
28641 1
8079 1
8084 1
8087 1
8092 0
8093 1
8096 1
8099 1
8105 1
8109 1
8113 1
8118 1
8123 1
8128 1
8133 1
8148 1
8150 1
28665 0
8162 1
8163 1
8171 1
8173 1
8176 1
8179 0
8184 1
8186 1
8193 1
8194 1
8195 1
8197 1
8199 1
8202 1
8210 1
61443 1
8213 1
8214 1
8215 1
61444 1
8219 1
8229 1
8233 1
8234 1
8240 1
8244 0
8245 1
8247 1
8248 1
8250 1
8253 1
8257 1
8264 1
8265 1
8266 1
8272 1
8280 0
8286 0
8288 1
8290 1
8293 1
8296 0
8299 1
8304 1
8315 0
8317 1
8324 1
8325 0
8333 1
8334 1
8336 1
28696 1
8341 1
61465 1
8348 1
8350 1
8357 1
8358 1
8363 1
8365 1
61469 1
61470 0
8386 1
8387 1
8388 1
8390 1
8391 1
8402 1
8404 1
8414 1
8417 1
8423 1
8431 1
61480 0
8434 1
8439 1
8440 1
61482 1
61483 1
8452 1
8455 1
8457 1
8460 1
8461 1
8463 1
8465 1
8468 1
8470 1
8475 1
8479 1
8486 1
8487 1
8488 1
8493 1
8497 1
8504 0
8512 1
8514 1
8515 1
8517 0
8521 1
28728 1
8530 1
8536 1
8537 1
8539 1
8542 1
8543 1
8549 1
8551 1
28733 1
8562 1
8570 1
8571 1
8573 1
8577 1
8579 1
8582 1
28737 1
8590 1
8595 1
8599 1
28740 1
8605 1
8607 1
8627 1
8637 1
8638 1
8642 1
8647 0
8648 1
8655 1
8657 1
8658 1
8669 1
8675 1
8681 1
8682 1
8687 1
8692 1
8694 1
8699 1
8716 1
8717 1
8734 1
8745 1
8750 1
8754 1
8755 1
8759 1
8760 0
8762 1
8770 0
8782 1
8783 0
8785 1
8787 1
8789 1
8792 1
8794 1
8802 1
8804 1
8807 1
8808 1
8810 1
8816 1
8818 1
8819 1
8823 1
8826 1
8832 1
8846 1
8850 1
8853 1
8858 1
8859 1
8863 1
8864 1
8867 1
61553 1
8872 1
8873 1
8874 1
8877 1
8880 1
8881 1
8892 1
8898 1
8901 1
8902 1
8912 1
8918 1
28794 1
8926 1
61563 1
8947 1
8958 1
8960 1
8964 1
8965 0
28801 0
8972 1
8974 1
8975 1
8984 0
8987 1
8990 1
9004 1
9013 0
9015 0
9016 1
9023 1
61404 1
9048 1
9051 1
9052 1
9056 1
28816 0
9058 1
9061 1
28817 1
9069 1
9071 1
9074 0
9083 1
9112 1
9113 1
9114 1
9118 0
9120 1
9125 1
61407 1
28828 0
9132 1
9142 1
9155 1
9161 1
9168 0
9170 1
9171 1
9173 1
9180 1
61605 0
9186 1
9191 1
9194 1
9195 1
9203 1
28842 0
9216 1
9217 1
9218 1
9224 1
9225 1
9230 1
9236 0
9240 0
9243 1
9245 1
9248 1
9256 1
9258 1
9259 1
9273 1
28678 1
9279 0
9280 1
9284 1
9289 1
9293 1
9298 1
9299 1
9301 1
9302 1
9303 1
9305 1
9311 1
9313 1
9317 1
9319 1
9323 1
9324 1
9325 1
9332 1
9338 1
9340 1
9346 1
9351 1
9355 1
9357 1
9358 1
9359 1
9366 1
9367 1
9371 1
9372 1
9380 1
9382 1
9386 0
9392 1
9393 1
9397 1
9398 1
9402 1
9403 1
9406 1
9411 1
9433 1
9441 1
9443 1
9445 1
63600 1
9450 0
9458 1
9459 1
9465 1
9466 1
9472 1
9473 1
63601 1
9481 1
9483 1
9504 1
9511 1
9521 0
28894 1
9538 1
9545 1
9548 1
9549 1
9555 1
9556 1
9557 1
9563 1
9567 1
9570 0
9582 1
9589 1
9590 1
9597 1
9599 1
9602 1
9603 1
9607 1
9611 1
9612 1
9613 1
9614 1
9619 1
9635 1
9643 1
9649 1
9650 1
28916 0
28917 1
9667 1
9673 1
9678 1
9682 1
9689 1
9692 0
9693 1
9698 1
9699 1
9715 1
9718 1
9719 1
9724 1
9726 1
9728 1
9742 1
9748 1
61701 1
9761 1
9771 1
9772 1
9774 1
9777 1
9778 1
9783 1
9786 1
28938 1
9799 0
9802 0
9810 1
9812 1
9815 0
28944 1
9831 1
9835 1
9837 1
9841 1
9846 1
9849 1
9850 1
28949 1
9857 1
9859 1
9861 1
9867 1
9872 1
28953 1
9880 1
9882 1
9890 1
9898 1
9899 1
9904 1
9906 0
28958 1
61727 1
9916 1
9919 1
9921 1
9922 1
9932 1
9937 1
9940 1
9942 1
28964 1
9952 1
9954 1
9963 1
9969 1
28970 1
9988 1
9999 1
10000 1
10002 1
10004 1
10005 1
10006 1
10010 1
10013 1
10016 1
61744 1
10022 1
10026 1
10030 1
10031 0
10033 1
10035 1
10044 1
10056 1
28983 1
10063 1
10067 1
10071 1
10085 1
10086 1
10092 1
10093 1
61757 1
10096 1
10097 1
10107 1
10108 1
10109 1
10110 1
10115 1
10123 1
10124 1
10132 0
10134 1
28997 1
28998 1
10150 1
10152 1
10156 1
10159 1
10163 1
29001 1
10174 1
10185 1
10187 0
10190 1
10195 1
10198 1
10200 1
10211 1
10213 1
10215 1
10221 1
10232 1
10235 1
10236 1
10237 1
10238 1
10244 1
29014 1
10247 1
10252 1
10266 1
10270 1
10271 1
10277 1
10278 0
10286 1
10292 1
10296 1
10297 1
10301 1
10304 1
10305 1
10306 1
10312 1
10317 1
10321 1
10323 0
10326 0
10329 0
10331 1
10332 1
10333 1
10345 1
10353 1
10359 1
10361 1
10364 1
10379 1
10380 1
10382 1
10386 1
10388 1
10390 1
10391 1
10392 1
10393 1
10398 1
10399 0
10405 1
10407 1
10411 1
10417 0
10420 1
10422 1
10426 1
10427 0
10431 1
10435 1
10438 1
10439 1
10441 1
10443 1
10451 1
10452 1
10453 1
10458 1
10466 1
10482 1
10484 1
10497 1
10498 1
10499 1
10504 1
10507 1
10511 1
10516 0
10519 1
10520 1
14535 1
10530 1
10534 1
10537 1
29063 1
10540 1
10541 1
10543 1
10549 1
10550 1
10551 1
10553 1
10554 1
29066 1
10560 0
10564 1
10565 1
10567 1
29068 1
10574 1
29069 1
10576 1
10580 1
10581 1
10583 0
10585 1
10588 1
10597 1
10598 1
10599 1
10609 1
10614 1
10615 1
10618 1
10619 1
10621 1
10631 1
10634 1
10639 1
10640 1
10648 1
10656 1
10658 1
10665 1
10669 1
10676 1
10685 1
10686 1
10692 1
10703 1
61860 1
10717 0
10719 1
10723 1
10724 1
10726 1
10733 1
10734 1
10735 1
10740 1
10741 1
10743 1
10751 1
10754 1
10756 0
10757 1
10764 1
10770 1
10777 1
10787 1
10789 1
10791 1
10793 1
10795 1
10801 1
10809 0
10810 1
10813 1
10815 1
10816 1
10819 1
10827 1
10832 1
10839 1
10840 1
10841 1
10843 0
10848 1
10855 1
10857 1
10859 0
10860 1
10867 1
10868 1
10877 1
10884 1
10888 0
10889 1
10894 1
10899 1
10902 1
10903 1
10905 1
10906 1
10909 1
10916 1
10917 1
10921 1
10931 0
10938 1
10946 1
29131 1
10950 1
61900 1
29133 1
10960 0
10972 1
10974 1
10978 1
10981 1
10983 1
10984 1
10990 1
10991 1
10993 1
10994 1
10998 1
10999 1
11001 1
11003 0
11010 1
11012 1
11017 1
11018 1
11027 1
11030 1
11031 1
11032 1
11038 1
11040 1
11042 1
11049 0
11051 1
11054 1
11056 1
11058 1
11060 1
11062 1
11065 1
11074 1
11084 1
11088 1
11091 1
11094 1
11096 1
11099 1
11113 1
11115 1
11117 1
11124 1
11142 1
11145 1
11147 1
11155 1
11161 1
11162 1
11169 1
11170 0
11172 1
11174 1
11178 1
11183 1
11185 1
11191 1
11196 0
29173 1
11206 0
11213 1
11218 1
11220 1
11225 1
11228 1
11234 1
11236 1
11238 1
11249 1
11257 1
11259 1
11261 1
11264 1
11271 1
11278 1
11286 1
11288 1
11289 1
11295 0
11296 1
11297 1
11298 0
11300 1
11301 1
11302 1
11304 1
11306 1
11312 1
11313 1
11315 1
11316 1
11318 1
11319 1
11323 1
11328 1
11340 1
11343 1
11349 1
11351 1
11352 0
11359 1
11361 1
11366 1
11371 1
11372 1
11376 1
11384 1
11399 1
11403 1
28749 1
11407 1
11408 0
11424 1
11440 1
11446 1
11450 1
11455 1
11456 1
63667 1
11462 1
11465 1
11475 1
11480 1
11482 1
11483 1
11499 1
11503 0
11506 1
11509 1
11511 1
11513 1
11514 1
29228 1
11531 1
11535 1
11537 1
11538 1
11550 1
11554 1
11555 1
11558 1
11559 1
11563 1
11564 1
11566 1
11573 1
29236 1
11590 1
11600 1
11609 1
11614 0
11615 1
11618 1
11626 1
11636 1
11641 1
29247 0
11644 1
11646 1
11649 1
11656 1
11669 1
11670 1
11672 1
11682 1
11684 1
11687 1
11691 1
11693 1
11694 1
11700 1
11713 1
11720 1
11721 1
11722 1
11727 1
11728 1
11729 1
11748 1
11754 1
11764 0
11768 1
62036 1
11770 1
11771 1
11791 1
11793 1
11796 1
11797 1
11803 1
11804 1
11805 1
11807 1
11811 1
11815 1
11818 1
11819 1
11823 0
62046 1
11832 1
11842 1
11852 1
11853 1
11856 1
11858 1
11859 0
11861 1
11867 1
11871 1
11872 1
11877 1
11896 1
11898 1
11899 1
11902 1
11903 1
11904 1
11907 1
11908 1
11910 1
11912 0
11914 1
11915 1
11919 1
11923 1
11925 1
11929 1
11930 1
11934 1
11935 1
11940 1
11941 1
11942 1
11944 1
11948 1
11974 1
11976 1
11982 1
11985 1
11986 1
11987 1
11991 1
11993 1
61503 0
12039 0
12042 0
12044 1
12045 1
12046 1
12047 1
12051 1
12053 1
12065 1
12068 1
12070 1
12075 1
12077 1
12078 1
12090 1
12091 1
12094 1
12096 1
12102 1
12108 1
12110 1
12111 1
12112 0
12118 1
12122 1
12123 1
12124 1
12125 1
12126 1
12129 1
61507 1
12136 1
12138 1
12139 1
12140 1
12141 1
12142 1
12143 1
12144 1
29332 1
12156 1
12168 0
12169 1
12171 1
12172 0
12173 1
12178 1
12180 1
12181 1
12183 1
12187 1
12189 1
12191 1
12192 1
29339 0
12201 1
12205 1
12206 1
29341 0
12210 1
12212 1
12213 0
12214 1
12215 1
12216 1
12221 1
12226 1
12232 0
12233 1
12234 1
12236 1
12238 1
12239 1
12240 1
12250 1
12252 1
12253 1
12256 1
12259 0
12261 0
12262 1
12263 1
12266 1
12267 0
12269 1
12270 1
12274 1
12277 1
12279 1
12289 0
12300 1
12304 1
12307 1
12309 1
12327 1
12329 1
12331 1
12334 1
12337 1
12338 1
12339 0
12342 1
12346 1
12349 0
29365 1
12356 1
62134 1
29367 1
12364 1
12365 1
12366 1
12369 0
12370 0
12374 0
62137 1
12377 1
12378 1
12379 1
12380 1
12381 1
12382 1
12389 1
12390 1
12392 1
12395 1
12396 1
12397 1
12403 1
12407 0
12409 1
12410 1
12417 1
12418 1
12421 1
12429 0
12430 1
12433 1
12441 1
12444 1
12445 1
12452 0
12453 1
12459 1
12460 1
12466 1
12467 1
12471 1
12472 1
12476 1
12480 1
12482 1
12484 1
12485 1
12503 1
12515 1
12516 1
12518 1
12521 1
12529 0
12533 1
12540 1
29397 1
12544 1
12545 1
12546 1
12548 1
12559 1
12560 1
12568 1
12569 1
12570 1
12571 1
12573 1
12575 1
12576 1
12578 1
12580 1
12581 1
12583 1
12587 1
12589 1
12592 1
12593 1
12597 1
12598 1
12603 1
12604 1
12606 1
12608 0
12614 0
12615 1
12620 1
12621 1
12624 1
12625 1
12630 0
12631 1
12633 1
12634 1
12635 1
12636 1
12637 1
12638 0
12648 1
12655 1
12656 0
12657 0
12658 1
12661 1
12664 0
12669 1
12674 1
12677 1
12679 1
12681 1
12682 1
12684 1
12688 1
12689 1
12691 1
12692 0
12698 1
12702 1
29424 1
12711 1
12712 1
12717 1
12718 1
12722 1
12725 1
12726 1
12730 1
12734 1
12736 0
12738 1
12742 1
12756 1
12757 1
12762 1
12775 1
12785 1
12788 1
12789 1
12791 1
12796 1
12798 0
12799 0
12804 1
12805 1
12815 1
12816 1
12820 1
12821 1
12825 1
12827 1
12828 1
12834 1
12840 1
12842 0
12845 1
12846 1
12848 1
62216 0
12850 1
12854 1
12855 1
12866 1
12868 1
12874 1
12877 1
12879 1
12883 1
12884 1
12895 1
12898 1
29457 1
12904 1
12913 1
12915 1
12924 1
12926 1
29461 1
29463 1
12944 1
12945 1
12947 1
12950 1
12953 1
12955 1
12956 1
12964 1
29468 1
12972 1
12977 1
12992 1
12994 1
13003 1
13010 1
13011 1
13013 1
13016 1
13025 1
13027 1
13028 1
13031 1
13032 1
13033 0
13041 1
13046 1
13048 0
13049 1
13053 1
13054 1
13055 1
13058 1
13062 1
13065 1
13067 1
13070 1
13074 0
13075 1
13081 1
13092 1
13096 1
13097 0
13099 1
13109 1
13113 0
13114 1
13115 1
13119 1
13124 1
13125 1
13128 1
13135 1
13141 0
13142 1
13149 1
13151 1
13155 1
13156 0
13158 1
13160 1
13161 1
13163 1
13166 1
13169 1
13172 1
13174 1
13183 1
13184 1
13187 1
13189 1
13193 1
13197 1
13198 1
13200 1
13201 1
13204 1
13207 0
13208 1
13209 0
13219 1
13223 1
13227 1
13228 1
13235 1
13240 1
13241 1
13251 0
13259 1
13260 0
13263 0
13264 1
13270 0
13276 1
13282 1
13286 1
13289 1
13292 1
13295 0
13308 1
13314 0
13315 1
13316 1
13318 1
13323 1
13324 0
13326 1
13328 1
13329 1
13332 1
13333 0
29529 1
13338 1
13340 1
13341 1
13342 1
13351 1
13353 1
13354 1
13365 1
13367 0
13369 1
13370 1
13372 0
13374 1
13375 1
13378 1
13380 1
13381 1
13387 1
13388 0
13391 1
13393 1
13397 1
13406 1
13407 1
13408 1
13409 1
13412 1
13413 1
13417 1
13418 1
13421 1
13423 1
13427 1
13431 1
13432 1
13439 1
13442 1
13443 1
13448 0
13452 0
13453 1
62317 1
13468 1
13471 0
13473 1
13474 1
62321 1
13480 1
13481 1
13483 1
13484 1
13486 1
13495 0
13498 1
13500 1
13501 1
13503 1
13505 1
13509 1
13510 1
13514 1
13515 1
13525 1
13526 1
13531 1
13532 1
13534 0
13536 1
13542 1
13550 1
13551 1
13552 1
13553 1
13554 1
13557 1
13561 1
13562 1
13566 1
13567 1
13570 1
13572 1
13573 0
13577 0
13578 1
13579 1
13580 1
13583 0
13584 1
13589 0
13590 1
13594 1
7727 0
13597 1
13599 1
13600 1
13602 1
13604 0
13608 1
13614 1
13616 1
13619 1
13621 1
13623 1
13625 1
13626 1
13628 0
13630 1
13634 1
13639 1
13645 1
13646 1
13649 1
13650 0
13653 1
13657 1
13670 1
13680 1
13686 1
13690 1
13693 1
13700 1
13704 1
13709 1
13710 1
13712 1
13714 1
13716 1
13729 1
13730 1
13733 1
13741 1
13756 1
13758 1
13760 1
13765 1
13775 0
13776 1
13779 0
13781 1
13782 1
13786 1
13789 1
13794 1
62374 1
13798 1
13799 1
13800 1
13809 1
29609 1
13822 1
13824 1
13828 1
13830 1
13831 1
62380 1
13839 1
13840 1
13842 1
13843 1
13853 1
13864 1
13866 1
13870 1
13873 1
13878 1
13891 1
13894 1
13899 1
13902 1
13906 1
13913 1
13914 1
13916 1
13922 1
13923 1
13929 0
13940 1
13941 1
13942 1
62399 1
31016 1
13961 0
13962 1
13963 1
13976 1
13988 1
13990 1
14001 1
14002 1
14003 1
14005 1
14007 1
14009 0
14010 1
14011 1
14016 1
14017 1
14022 1
14027 1
14036 1
14037 1
14057 1
62418 1
14064 1
14083 1
14084 1
7809 1
14103 0
14104 0
14108 1
14111 1
14113 1
14114 1
14124 1
14126 1
14129 1
14130 1
14131 1
14133 1
14134 1
14145 1
14146 1
14148 1
14150 1
14152 0
14160 1
14162 1
14163 1
14169 1
14170 1
14171 1
14172 1
14173 0
29669 1
14182 1
14185 1
14192 1
14201 1
14213 1
14214 1
14219 1
14220 1
14221 1
14225 1
14233 1
14244 1
14249 1
14252 1
14253 1
14256 1
14257 1
14260 1
14263 1
14264 0
14269 1
14271 1
14275 0
14277 1
14280 0
14281 1
14285 1
14286 0
14290 1
14292 1
14293 0
14296 1
14297 1
62458 1
14303 0
14304 1
14309 1
14310 1
14311 1
14324 1
14325 1
14336 1
14337 0
14340 1
14359 1
14362 1
14363 1
14364 0
14365 1
14367 0
14368 1
14369 1
14370 1
14378 1
14380 1
14382 1
14383 1
14384 1
14385 1
14395 1
29706 1
14398 1
14399 1
14401 1
14403 1
14405 1
14412 1
14414 1
14417 1
14418 1
62478 1
14424 1
14425 1
14445 1
14446 1
14450 1
14453 1
14457 1
14458 1
14462 1
14463 1
14465 1
14466 1
14470 1
14474 1
14477 1
29720 0
14487 1
14489 1
14491 0
29722 1
29723 1
14503 1
14506 1
14512 1
14520 1
14524 1
14525 1
14529 1
29729 1
14537 1
14547 1
14549 1
14554 1
14555 1
29733 1
14561 1
14563 1
14565 1
14569 1
14573 0
14578 1
14581 1
14583 1
14590 1
14592 1
14593 1
14594 1
14597 1
14603 1
14606 1
14616 1
14617 1
14619 1
14622 1
14623 1
14624 1
14626 1
14628 1
14629 1
14633 1
14638 1
14639 1
14640 1
14647 1
14650 1
14652 1
14655 1
29751 1
62522 0
29757 1
14790 1
14791 1
14792 0
14793 1
14794 1
14796 1
14808 1
14809 1
14810 1
14819 0
14820 1
14822 1
14824 1
14825 1
14826 0
14827 1
14828 1
14830 1
14832 1
14834 1
14835 1
14836 1
29781 0
14849 0
14853 1
14854 1
14856 0
14861 0
14863 1
14866 1
14878 1
14881 1
14883 1
14884 0
14885 0
14886 1
14890 0
14891 1
14895 1
14896 0
14897 1
14898 1
62559 1
14908 1
14913 1
14918 1
14923 1
14926 1
14933 1
14934 1
14938 1
14942 0
14947 1
14952 0
14954 1
14960 1
14973 0
14978 1
62571 1
14981 0
14985 1
14986 1
14990 1
14993 1
15025 1
15027 1
15060 1
15066 0
15072 0
15084 1
15087 1
15089 1
15092 1
15094 0
62591 1
15101 1
15106 1
15110 1
15111 1
15112 0
15113 1
15126 1
15133 1
15142 1
15153 1
15159 0
15160 1
15173 1
15174 1
15176 1
15182 1
15185 1
15197 1
15199 1
15200 1
15202 1
15203 1
62613 1
15240 1
15242 1
15243 0
15244 1
15246 0
15248 1
15252 0
15253 1
15261 1
15267 1
15274 1
15290 1
15291 1
15292 0
15293 1
15294 1
15298 0
15299 1
15302 1
15306 1
15312 1
15315 1
15316 1
15317 1
15320 1
15331 1
15337 1
13479 1
15343 1
29864 1
15347 1
15349 0
15350 1
15351 1
15354 1
15358 1
15359 1
15360 1
15363 1
15364 1
15405 1
15409 1
15411 1
15413 0
15414 1
15415 1
15417 1
15424 1
15426 1
15428 0
15442 1
15443 1
15446 1
15455 0
15458 1
15459 1
29884 1
15469 1
15470 1
15471 1
15472 1
15476 1
15487 1
15490 1
15494 1
15503 1
15521 1
29894 1
29897 1
29901 1
63805 1
8067 1
62686 1
29921 1
15708 1
15709 1
15710 0
15711 1
15712 0
15713 0
15714 0
29926 1
29929 1
29930 1
15758 1
15761 1
15763 0
62702 1
62707 1
15798 1
15799 1
15800 1
15802 1
29942 1
15824 1
15848 1
29948 1
15853 1
15854 1
15855 1
15858 1
15859 1
62723 1
62736 0
29984 1
8151 1
16188 1
30008 1
16227 1
16238 0
16239 1
16243 1
30016 1
16284 1
16394 1
16401 1
16405 1
16417 1
16419 1
16420 1
16437 1
16438 1
16439 1
16440 1
16441 1
16452 0
16453 1
16454 1
16456 1
16469 1
28260 1
16475 0
16477 1
16478 1
16480 1
16488 1
62823 0
30058 1
30063 1
16545 0
16550 1
30066 1
16558 1
16563 1
30068 1
16573 1
30070 1
16582 1
16597 1
16600 1
16601 1
16605 1
16609 1
16620 1
16629 1
16630 1
16633 0
16635 1
16637 1
16642 1
16643 1
16645 1
16647 1
16650 1
16663 0
16664 1
30084 1
16668 1
16671 1
16672 0
16674 1
16675 1
16677 0
16679 1
16681 1
16683 1
16684 1
16686 1
16689 1
16694 1
16698 1
16705 1
16710 1
16711 1
16714 1
16716 1
16718 1
16721 1
16727 1
16728 1
16729 1
62863 1
16733 1
16734 0
16736 1
16739 1
16742 0
16747 1
16748 1
16750 1
16751 1
16752 1
16754 1
30100 1
16763 1
16764 0
16766 1
30101 1
16769 1
30102 1
16775 1
16777 1
16778 1
16781 1
16784 1
16790 1
16791 1
16792 0
16795 1
16797 1
16802 1
16807 1
16809 0
16813 1
16815 0
16827 1
16828 1
16829 1
16832 1
16835 0
16836 1
16838 1
16839 1
16842 1
16843 1
16844 1
16845 1
16846 0
16847 1
16852 1
16853 1
16855 1
16859 0
16860 1
16861 1
16864 1
16865 1
16872 1
16878 1
16885 1
16887 1
16889 1
16890 1
16891 0
16895 1
16896 1
16908 0
16910 1
16924 1
16929 1
16930 1
16932 1
16934 0
16936 1
16938 1
16948 1
16955 1
16956 1
16958 0
16959 1
16961 0
16965 1
16966 0
16974 1
16977 1
16979 1
16983 0
16985 1
16986 1
16991 1
16992 1
16994 0
16996 1
16998 1
17002 1
17008 0
17016 1
17018 0
17019 1
17021 0
17025 1
17027 1
17028 1
17030 1
17031 1
17035 1
17036 1
17047 1
17049 1
17052 1
17055 1
17059 1
17061 1
17065 1
17066 1
30151 1
17069 1
17070 1
17072 1
17073 1
17074 1
17076 1
17077 1
17081 1
17088 1
17093 0
17095 1
17101 1
17105 1
17106 1
17107 1
17110 1
17114 1
17115 1
17117 0
17120 1
30160 1
30161 1
17128 1
17129 1
17130 1
17131 1
17132 1
17136 1
17137 1
17139 1
17142 1
17144 1
17145 1
17150 1
17151 1
17156 0
17160 1
17164 1
17166 1
17167 0
17168 1
17179 1
17180 1
17184 1
17195 1
17197 1
17199 1
17202 1
17208 1
17209 1
17213 1
17232 1
17233 1
17239 1
17240 1
17241 1
17242 0
17243 1
17245 1
17248 1
17252 1
17254 1
17255 1
17256 1
62951 1
17262 1
17266 1
17269 1
17272 1
62955 1
30189 1
62960 1
17314 1
17316 1
17317 1
17319 1
17322 1
30194 1
17337 1
17341 1
30197 1
17348 1
62966 1
17366 1
62974 1
17409 1
17433 1
30214 1
62984 1
30222 1
17497 0
62995 1
17560 1
30236 1
63013 1
17640 1
17641 1
17654 1
30252 1
63023 1
17694 1
30260 1
17761 1
17762 1
17764 1
17765 0
17780 1
30283 1
17861 1
63053 1
17932 1
63066 1
18040 1
18044 1
61704 0
18049 1
18051 1
18058 1
18069 0
18087 0
18100 1
18110 1
30326 1
18152 1
18221 1
63112 1
18234 1
18238 1
18241 1
30348 0
30349 1
63120 1
18276 1
18284 1
30355 1
18303 0
18307 1
63126 1
30361 1
18358 1
18439 1
63150 1
18457 1
18482 1
18484 1
30389 0
63162 1
18545 1
18549 1
18553 1
18560 1
8559 1
63182 1
18654 1
30420 1
18693 1
18699 1
18701 1
18705 1
18739 1
18757 1
18769 1
18788 1
30439 1
18797 1
18802 1
63192 1
18813 0
18826 1
18835 1
18891 1
18914 1
30461 1
18928 1
61735 1
19020 1
63245 1
19024 1
19049 1
19054 1
19069 1
19094 1
30490 1
19103 0
30494 1
19137 1
19150 1
19152 1
19155 1
19156 1
19196 1
19209 1
19260 1
19262 1
19311 1
19318 1
19346 1
19355 1
19390 1
19398 1
19399 1
19401 0
19402 1
19415 1
19420 1
19427 1
19428 1
63313 1
19433 1
19438 1
19439 1
28935 1
19462 1
19486 1
19508 1
63329 1
19538 1
19552 1
19557 1
19570 1
19571 0
19575 1
19713 1
19742 1
28937 1
19807 1
62854 1
19818 1
30613 1
63385 1
63386 1
19873 1
19891 1
19911 1
19914 1
19917 1
30628 1
63398 1
19950 1
19954 1
19962 1
19965 1
63405 1
20005 1
20019 1
20021 1
20025 0
20029 1
20031 0
20035 1
20036 1
20046 1
20047 1
30649 1
20064 1
63419 1
20075 1
63422 1
20097 1
20118 1
30662 1
20134 1
20151 1
20158 1
20185 1
20191 1
20192 1
20194 1
20202 1
20204 1
63442 1
20208 0
20237 1
61777 1
20294 1
20296 1
63458 1
63460 1
30693 1
63462 1
118653 1
29047 0
30704 1
20423 1
20488 1
20519 1
63498 1
20548 1
63500 1
20556 1
30738 1
20653 1
63518 1
20666 1
63523 1
30757 1
30759 1
63532 1
30152 1
63537 0
20779 1
20782 1
20783 1
20789 0
20791 1
63541 1
63553 0
20888 1
20889 1
20900 1
20901 1
20902 0
20903 1
20904 1
20907 1
20909 1
30799 0
20969 1
20982 1
20983 1
20988 1
20991 1
20993 1
21060 0
21061 1
21062 1
21063 0
21078 0
21081 1
21107 1
21116 1
30828 1
21144 1
21153 1
21158 1
21159 1
21163 1
63603 1
63604 1
63605 1
21186 1
10526 0
21204 1
21217 1
21232 1
21235 1
21237 1
21238 1
21244 1
21251 0
30849 1
21291 1
21300 1
30862 1
30867 0
21374 1
63637 1
21420 1
21423 1
21427 1
21429 1
21434 0
21435 1
21440 1
21487 1
21488 1
63656 1
21491 1
21496 1
21499 1
21503 1
21504 1
21505 1
21507 1
21508 1
21519 1
30895 0
21542 1
21543 1
21555 1
21569 1
21595 1
21602 0
21606 0
9063 1
21659 1
21667 1
21675 1
21684 1
21685 1
21686 1
63693 1
21731 1
21740 1
21757 0
21763 1
21776 1
21777 1
63707 1
21828 1
63716 1
21868 0
21962 1
30971 1
30974 1
22057 1
22059 1
63757 1
63758 1
22121 1
30994 1
22139 1
22140 1
22144 1
31000 1
22170 1
22177 1
22181 1
62933 1
22192 1
22196 1
31007 1
22205 1
22207 1
22221 1
22228 0
22231 1
22250 1
22255 1
22257 1
22260 1
22263 1
22264 0
153351 1
22282 1
63789 1
22294 1
22306 1
22308 1
22325 1
22338 1
22360 1
22383 1
22392 1
22398 1
22403 1
22447 1
22461 1
22466 0
22496 1
31058 0
22525 1
22528 1
22532 1
22543 1
22544 1
22545 0
22546 0
22601 1
22615 0
22619 1
22657 1
22659 1
22668 1
22681 1
22717 1
22729 1
63863 1
22751 1
31100 1
22763 1
22765 1
63869 1
22772 0
22776 1
22791 1
22794 1
22797 1
22810 1
22815 1
22817 1
22823 1
22829 1
22832 1
22833 1
22837 1
22843 1
22913 1
22946 1
22957 1
22972 1
22974 1
22978 1
22980 1
22991 1
23000 1
31140 0
23002 1
23004 0
23006 1
23015 1
63912 1
23027 1
23034 1
63915 1
23045 1
23050 1
63918 1
23062 1
23065 1
23067 1
23076 1
23080 1
23084 1
23088 1
23111 1
23113 1
23118 1
61873 1
23122 1
23130 1
31162 1
23135 1
23143 0
23146 1
63934 1
31170 1
31172 1
23194 1
23195 1
23196 1
23197 1
23221 1
23224 1
23227 1
23252 1
23261 0
23262 1
23276 1
23282 1
63955 1
23291 1
23355 1
63968 1
23420 1
23466 1
23469 0
23484 1
23485 1
23486 1
23487 1
23491 0
23492 1
23499 1
23500 1
23503 1
23520 0
23528 1
31230 1
23544 1
23553 1
23576 1
23577 1
23592 1
31239 1
23600 1
23605 1
23622 1
64016 1
23692 1
23697 1
23700 1
23701 1
23716 0
23724 1
23727 1
23743 0
23752 1
23753 1
23767 1
23768 1
23769 1
23774 1
23776 1
23777 1
23778 1
23779 0
23791 1
23793 1
23801 1
23809 1
23810 1
23812 1
23819 1
23820 1
23826 0
23852 0
23858 1
23868 1
23871 1
23872 1
23877 1
23886 0
23890 0
23897 1
23898 1
23929 1
23934 1
23938 0
23940 1
23943 1
23945 1
23946 1
23948 1
23950 1
23955 1
23961 1
23968 1
23976 1
23988 1
23989 1
24005 1
24008 1
24014 0
24021 1
24029 1
24032 1
24036 0
24037 1
24038 1
24040 1
24058 1
24066 1
24067 0
24068 1
24069 1
24093 1
24096 1
24099 1
24100 1
24101 1
24103 0
24105 1
24106 1
24110 1
24113 1
24114 1
24157 1
24167 1
24170 1
24171 1
24179 1
24184 1
24185 1
24186 1
24188 1
24190 1
24191 1
24193 1
24195 1
24197 1
24198 1
24203 1
24204 1
24205 1
24216 1
24218 1
24219 1
24220 1
24222 1
24223 1
24224 1
24225 1
24232 1
24233 1
24245 1
24276 0
24278 1
24279 1
24285 1
24287 1
24289 0
24291 1
24292 1
24293 1
24294 0
24295 1
24302 1
24303 1
24304 1
24306 1
24311 1
24313 1
24315 1
24316 1
24318 1
24326 1
24338 1
24344 1
24345 1
24350 1
24352 1
24353 1
24356 1
24357 1
24359 1
24360 1
24361 1
24363 1
24369 1
24371 1
24376 1
24378 1
24379 1
24381 1
24382 1
24384 1
24386 1
24389 1
24393 1
24396 1
24397 1
24398 1
24402 1
24403 0
24405 1
24407 1
24409 1
31375 1
24414 1
24415 1
24419 1
24427 1
24428 0
24430 1
24432 1
24436 1
24440 1
24441 1
24443 0
24447 1
24449 1
24464 1
24466 1
24468 1
24469 1
24471 0
24472 1
24473 1
24474 1
24475 1
24485 1
24489 1
24491 0
24497 1
24499 0
24500 1
24503 1
24505 0
24510 1
24513 0
24514 0
24530 1
24531 1
24533 1
24535 1
24536 0
24537 1
24538 1
24539 1
24543 1
24544 1
24545 1
24547 1
24548 0
24551 0
24561 1
31403 1
24607 1
24608 1
24610 1
24615 1
24617 1
24618 1
24619 1
24620 1
24622 1
24629 1
24637 1
24640 1
24645 0
24646 1
24648 1
24651 1
24660 1
24662 1
24667 0
24668 1
24669 1
24670 1
24671 1
24675 1
24678 1
24680 0
24685 1
24689 1
24690 1
24691 1
24697 0
24699 1
24704 1
24707 1
24708 1
24711 0
24712 1
24716 1
24717 1
24720 1
24723 1
24728 1
24731 1
24733 1
24741 1
24746 1
24749 1
24750 1
24751 1
24753 1
24754 0
24755 1
24757 1
24758 1
24767 1
24768 1
24771 1
24779 1
24781 1
24782 1
24783 1
24791 1
24793 0
24797 1
24803 1
24808 1
24809 1
24810 1
24813 1
24825 1
24832 1
24837 1
24840 1
24841 1
24842 1
24843 1
24844 1
24845 1
24846 1
24849 1
24850 1
24852 1
24853 1
24856 1
24857 1
24858 1
24860 1
24865 1
24867 0
24870 1
24872 0
24877 1
24878 1
24879 1
24880 1
24881 1
24884 1
24885 1
24887 0
24890 1
24893 1
24898 1
24900 1
24903 0
24907 1
24908 1
24909 1
24910 0
24912 1
24913 0
24914 1
24920 1
24922 1
24923 1
24925 1
24926 1
24931 1
24934 1
24935 1
24945 1
24948 1
24953 0
24954 1
24955 1
24958 1
24967 1
24969 1
24971 1
24974 1
24975 1
24976 1
24978 1
24979 1
24980 1
24982 1
24988 1
24991 0
24993 1
24996 1
24999 1
25003 0
25004 1
25013 1
25015 1
25016 1
25017 1
25020 1
25021 1
25025 1
25028 1
25030 1
25031 1
25046 1
25047 1
25051 1
25053 1
25056 1
25059 1
25061 1
25062 1
25069 1
25075 1
25076 1
25078 1
25079 1
25080 1
25081 1
25082 1
25086 1
25088 1
25089 0
25091 1
25094 1
25096 1
25098 1
25099 1
25110 1
25111 1
25114 1
25115 1
25116 1
25117 1
25118 1
25119 1
25121 1
25123 0
25124 1
25130 1
25132 1
25134 0
25136 1
25138 1
25147 1
25149 0
25152 1
25154 1
25155 1
25157 1
25164 1
25166 1
25168 1
25169 1
25170 1
25173 1
25180 1
25181 1
25183 1
25186 1
25194 1
25201 1
25202 1
25203 1
25205 0
25207 0
25212 1
25216 1
25222 1
25223 1
25224 1
25225 1
25227 1
25236 1
25240 1
25241 1
25243 1
25268 1
25271 1
25272 1
25273 0
25274 1
25275 1
25277 0
25279 1
25281 1
25282 1
25284 1
25285 1
25288 1
25296 1
25300 0
25302 1
25311 1
25312 1
25313 1
25314 1
25317 1
25318 1
25320 1
25322 1
25323 0
25326 1
25334 1
25338 1
25339 1
25340 1
25341 1
25342 1
25347 1
25351 1
25352 0
25355 1
25356 1
25359 1
25361 1
25362 1
25364 1
25375 1
25376 1
25384 1
25385 1
25389 0
25390 1
25391 1
25396 1
25398 0
25399 1
25401 1
25419 1
25420 1
25422 1
25423 0
25430 1
25431 1
25433 1
25434 1
25435 0
25436 1
25438 0
25441 1
25448 0
25460 1
25462 1
25465 1
25475 0
25480 1
25486 0
25489 0
25495 1
25496 0
25508 1
25509 1
25511 0
25514 1
25515 0
25521 1
25523 1
25525 1
25533 1
25536 1
25554 1
25562 1
25564 1
25568 1
25570 1
25572 1
25573 1
25579 1
25583 0
25602 1
25603 1
25604 1
25613 0
25616 0
25619 1
25622 0
25623 1
25627 1
25631 1
25632 1
25633 1
25635 1
25640 1
25641 1
25642 0
25643 0
25644 1
25647 1
25656 1
25658 0
25662 1
25665 1
25669 1
25670 1
25673 0
25674 1
25676 1
25677 0
25681 1
25683 1
25686 1
25688 1
25690 1
25691 1
25698 1
25699 1
25700 1
25711 1
25719 1
25721 1
25726 1
25731 1
25737 1
25739 1
25745 1
25746 1
25747 1
25748 1
25749 1
25754 1
25757 1
25758 1
25759 0
25760 1
25769 0
25774 1
25776 1
25777 1
25778 1
25779 1
25781 1
25783 1
25786 1
25788 1
25789 1
25799 1
25801 1
25803 1
25804 1
25806 1
25813 1
25821 1
25826 1
25828 1
25844 1
25846 0
25847 0
25851 1
25853 0
25858 0
25859 1
25860 1
25862 0
25863 1
25870 1
25873 0
25874 1
25877 1
25878 1
25879 1
25880 1
25894 1
25895 1
25899 1
25906 1
25915 1
25918 1
25921 1
25922 1
25923 1
25924 1
25925 0
25928 1
25929 1
25932 0
25937 1
25944 1
25946 1
25950 1
25955 1
25956 1
25959 1
25961 1
25964 1
25965 1
25972 1
25975 1
25976 1
25978 1
25979 1
25980 1
25981 1
25983 1
25984 1
25987 1
25988 0
25992 0
25993 1
25994 0
25995 1
26000 1
26004 1
26006 1
26008 1
26009 1
26010 1
26013 1
26014 1
26015 1
26016 1
26018 1
26019 1
26021 1
26022 1
26023 1
26026 1
26027 0
26034 1
26035 0
26037 1
26038 1
26039 1
26044 1
26045 1
26047 1
26050 1
26060 0
26061 1
26064 1
26067 1
26072 1
26074 1
26077 1
26078 1
26247 1
60888 1
26360 1
26520 1
26523 1
26557 1
26582 1
60898 1
26747 1
26837 1
26898 1
26900 1
26933 0
28182 1
27199 1
60920 1
28190 1
27540 1
27621 0
27701 1
27747 1
27748 1
27749 1
27755 1
27756 1
27758 0
27761 1
27765 1
27766 1
27769 0
27776 1
27780 1
27782 0
27783 1
27784 1
27786 1
27788 1
27789 1
27790 1
27791 1
27792 1
27793 1
27794 1
27810 1
27811 0
27818 1
27823 1
27825 1
27828 1
27842 1
27843 1
27845 1
27847 1
27855 1
27856 1
27867 0
27873 1
27875 1
27879 1
27882 1
27886 1
27894 1
27895 1
27896 1
27903 1
27906 1
27908 1
27912 1
27913 1
27914 1
27919 0
27920 1
27921 1
27923 1
27924 1
27925 1
27927 1
27928 1
27930 1
27932 1
27933 1
27936 1
27940 1
27948 1
27957 1
27960 1
27961 0
27962 1
27969 1
27973 1
27975 0
27987 1
27988 1
27996 1
27997 1
27998 1
28008 1
28009 1
28010 1
28016 1
28019 1
28020 1
28022 1
28026 0
60796 1
60797 1
60798 1
60800 1
60801 1
28034 1
60813 1
60814 1
60815 1
60817 1
60821 0
60822 1
60823 1
60825 1
28058 1
60832 1
28066 1
60835 1
60840 1
28076 0
60845 1
60846 1
60847 1
60848 1
60850 1
60852 1
60860 0
60868 1
60875 1
60881 1
60882 1
60883 1
28118 1
28119 1
28120 1
28125 1
60894 1
28127 1
28130 1
60900 1
60901 1
60902 1
28135 1
60904 1
60905 0
60906 1
60907 0
60911 1
28146 1
28147 1
60916 1
28149 1
28152 1
60921 1
28155 1
28156 1
28157 1
28159 1
60928 1
60931 1
60932 1
60933 1
28166 1
60935 1
28168 1
60938 1
60939 1
28174 0
60943 1
28176 1
60945 1
60946 1
28180 1
60949 1
60950 1
60951 1
28184 1
28185 1
60954 1
60958 1
60961 1
60962 1
28195 1
60964 1
60968 1
60969 1
60970 1
28203 1
60973 1
28206 1
60977 1
60979 1
60982 0
28216 1
28217 1
60990 1
60992 1
60993 1
60994 1
60996 1
28229 1
28231 1
28248 1
28250 1
28252 1
28253 1
28256 1
28258 1
28259 0
61028 1
61029 1
28264 1
28265 1
28266 1
61037 1
61038 1
61039 1
61042 1
28276 1
28277 1
28278 1
61047 1
61048 1
61049 0
61050 1
61052 1
28285 1
61055 1
61058 0
61059 1
61060 1
61061 1
61062 1
28295 1
61064 1
61065 1
61068 1
61069 1
28305 1
61076 0
61077 1
28314 1
28315 1
28316 1
61086 1
61087 1
28320 1
28322 1
28323 1
28325 1
61094 1
61095 1
61098 1
61099 1
28332 1
28333 1
61102 1
61103 1
61105 1
28338 1
61108 1
61109 0
28342 1
61111 0
61112 1
61113 1
61114 1
28349 1
28351 1
61120 1
61122 1
61127 0
61128 1
61129 1
61131 1
61132 1
61140 1
28374 1
61143 1
28376 1
61146 1
61147 1
61149 0
61150 1
61151 1
61152 0
61153 1
61155 1
61156 0
61159 1
61160 1
61162 1
61163 1
61164 0
28397 1
61166 1
61167 1
61169 1
28403 1
61175 0
61176 0
28410 1
28411 1
61180 1
61181 1
28414 1
61186 0
61187 1
61188 1
61192 1
28429 1
28433 1
28435 1
28438 1
28442 1
61212 1
28449 1
28450 1
28452 1
28460 1
28461 1
28462 1
28469 1
28471 1
28472 1
28474 1
28476 0
28477 1
28478 0
61247 1
61248 1
28481 1
61250 1
28483 1
61252 0
61253 1
28487 0
61256 1
61257 1
28494 1
28495 1
28496 1
28497 1
28501 0
28502 1
61278 1
28512 1
61285 1
28518 1
28519 1
28521 1
61292 1
28528 1
28530 1
61300 1
28533 1
61302 1
28536 0
28538 1
28539 1
28540 1
28543 1
28546 1
61320 1
61321 1
61322 1
28556 1
61325 1
61326 1
61327 0
61330 1
28563 1
28564 1
28565 1
61335 1
61337 1
61338 1
61339 1
64148 1
28573 1
28574 1
28576 0
28577 1
28579 1
61349 1
61350 1
61351 1
61352 1
28585 1
61355 1
28590 1
28591 1
61361 1
28596 0
28597 1
61366 1
28600 1
61370 1
28603 1
61372 1
61374 1
61376 1
28610 0
28611 1
61380 1
61381 1
61382 1
28615 1
28616 1
28618 1
61388 1
28621 1
61390 1
28623 1
61392 1
61393 1
28627 0
61396 1
28629 1
61398 1
28632 1
61401 1
61402 1
61403 1
28636 0
61405 1
61406 1
28639 1
61408 1
61409 1
61410 1
61411 1
61413 1
61414 1
61416 1
61417 1
61418 1
61419 1
61420 1
61421 1
61424 1
61425 1
61426 0
61430 1
61433 1
61435 1
61436 1
28669 0
61438 0
61439 1
28672 0
61441 1
28675 0
28676 1
61446 1
61448 1
28690 1
28691 1
28693 1
61462 1
61464 1
28697 1
28699 1
28700 1
28701 1
28702 0
28704 1
61473 1
28706 1
28707 1
61476 1
61479 0
28712 1
61481 1
28714 1
28715 1
61484 1
28717 1
61487 1
61489 1
61490 1
61494 1
61496 1
61498 1
28731 0
28732 1
61501 1
28734 0
28735 1
61505 1
28739 1
61508 1
61509 1
28742 1
28743 0
61513 1
61517 0
61518 1
61519 1
28753 1
28754 1
61523 1
28756 1
28758 1
61528 1
61530 1
61531 1
61532 1
28765 1
28766 1
28767 0
28769 1
28770 1
61540 1
61541 1
28775 1
61544 1
28778 1
61547 1
28780 0
28781 1
61550 1
28783 1
61552 1
28785 1
28786 1
28787 1
61556 1
61557 1
61558 1
28791 1
61560 1
61561 1
61562 1
28795 1
61565 1
61566 1
61568 1
61569 1
61570 1
61571 1
61572 1
61573 1
61574 1
61575 1
61578 1
28811 1
61581 1
61583 1
61584 1
61585 1
61586 1
61587 1
61589 1
61590 1
61591 1
61592 1
61593 0
61594 1
61595 1
61596 1
61597 0
28830 1
61600 1
61601 1
28834 1
61603 1
28836 1
28837 1
61606 1
61608 1
61610 1
28845 1
28848 1
28851 1
28853 1
61623 1
61624 1
28858 1
61627 1
28866 1
61635 1
61639 1
61640 1
61641 1
61642 1
61644 1
28877 1
61646 1
28881 1
61653 1
61655 1
61656 1
61657 0
28893 0
61662 1
61664 1
61665 1
28900 1
61669 1
61671 1
28904 1
61674 1
61676 1
28909 0
61679 1
61680 1
61684 1
61685 1
28919 1
61688 1
61690 1
61691 1
61694 1
61695 1
28930 1
61700 1
28933 1
61702 1
61703 1
28936 1
61705 1
61706 1
28939 1
28940 1
61709 1
28942 1
61711 1
61712 1
61713 0
61714 1
28947 1
61717 1
61718 1
61719 1
28952 0
61721 1
61722 1
61723 1
61724 1
61725 1
61726 1
28959 1
61730 1
61731 1
61732 1
61733 1
28966 1
28967 1
61737 1
61738 0
61739 1
28973 1
28976 1
61745 1
61746 1
28979 1
61748 1
28981 1
28982 1
61751 0
61752 1
61754 1
61755 1
61756 1
28989 1
61758 1
61759 1
28992 1
28994 1
28995 1
61765 1
61766 1
61767 0
61769 1
61774 1
61775 1
61776 1
29009 0
29011 1
61780 1
61782 1
29015 1
29019 1
29022 1
61791 1
29024 1
61793 1
61795 1
29028 1
29029 1
61798 1
29032 1
29033 1
29035 1
29038 1
61807 1
29040 1
61811 1
29044 1
61815 1
29052 1
61821 0
29055 1
61828 1
61831 1
61832 1
61834 0
61836 1
61837 1
29070 1
61839 1
61840 1
29073 1
29074 1
29075 1
29077 0
29081 1
29082 1
29085 1
61854 1
29088 1
61859 1
29092 1
61862 1
29095 1
29098 1
29099 1
29101 1
61871 1
29105 1
29106 1
29108 1
61877 1
29112 1
29114 1
29115 1
29119 1
29120 1
29121 1
29125 1
29127 1
29129 1
61899 1
29132 0
61901 1
29134 1
61903 1
29139 1
29143 1
29144 1
29145 0
29149 1
61918 1
29151 1
29152 1
61922 1
61923 1
29156 1
61925 1
29160 1
29161 1
29163 0
29164 1
29165 1
29166 0
29167 1
29169 1
61940 0
61941 1
29176 1
61948 0
29187 0
29206 1
29211 1
61980 1
61982 1
29216 1
29217 1
61986 1
61987 1
29223 1
61996 1
29229 0
29230 1
61999 1
29233 1
29234 1
62004 1
62005 1
62006 1
29241 1
62012 1
29246 1
62015 1
62016 1
62017 0
29250 1
29252 1
29254 1
29262 1
29265 1
29266 1
62035 0
29268 1
29274 1
29276 1
29278 1
29282 1
29284 1
29287 1
29288 1
62064 1
62065 1
62066 1
62068 0
29304 1
62073 1
29306 1
29311 1
29312 1
29315 1
29316 1
29317 1
29318 1
29319 1
29320 0
62090 0
29329 1
62100 1
62101 1
62102 1
29337 0
29338 1
62107 1
62109 1
29342 1
29344 1
29345 1
29346 1
29347 1
29349 1
29350 1
29352 1
29353 1
62122 1
29356 1
29357 1
29359 1
29360 1
62133 1
29366 1
62135 1
29369 1
29372 1
29373 0
29374 1
29376 1
29380 0
29381 1
29382 1
29386 1
29387 1
29388 1
29389 1
29390 1
29392 1
62162 1
29395 1
29396 1
62165 1
62167 1
62168 1
62169 1
62170 1
29403 1
29411 1
29414 1
29423 1
62192 1
29426 1
29427 1
62201 1
29434 1
29435 1
29436 1
29443 1
29446 1
62215 1
29448 1
29449 1
62218 1
29456 1
62225 1
29458 1
29459 1
62229 1
62230 1
62231 1
62233 1
29466 1
29467 0
62236 1
62237 1
62239 1
62240 1
62241 1
29482 1
29483 1
29487 1
29489 1
29492 1
29493 1
62262 1
62263 1
29496 1
29497 1
62266 1
62268 1
62269 1
62274 1
29507 1
29511 1
62280 1
29513 1
29514 1
29515 1
62284 1
62285 1
62289 1
62290 1
29526 1
29527 0
62296 1
62297 1
62300 1
29533 1
62304 1
62314 1
29547 1
29549 1
29550 1
62319 1
62320 1
29553 1
62323 1
62328 1
29561 1
62330 1
62335 1
62336 1
62338 1
62339 1
62346 1
29579 0
29580 0
62351 1
62352 1
29591 1
29592 1
29594 1
62363 1
29597 1
62366 1
62368 1
29603 1
62372 1
29606 1
29607 1
29608 1
62377 1
62378 1
29611 0
29612 1
29613 1
62382 1
29616 1
29619 1
29621 1
62390 1
62391 1
29625 1
29626 1
62396 1
62397 0
62398 0
29631 1
62400 1
29633 1
29634 1
29635 0
29639 1
29642 1
29643 1
62412 1
29645 1
62414 0
29647 1
62416 1
29649 1
29650 1
29659 1
29661 1
29663 1
62433 1
29668 1
62437 1
62439 1
29672 1
62442 1
29675 1
29677 1
62446 1
29679 1
62450 1
62453 1
62455 1
62456 1
29689 1
29690 1
29692 1
29693 1
29694 1
29695 1
29697 0
29701 1
29702 1
29703 0
29704 0
62473 1
62474 1
29707 1
29708 1
29710 1
62479 1
29712 1
62481 1
29715 1
29717 1
62486 1
62487 1
62488 1
62490 1
62491 1
62492 1
62494 1
62495 1
29728 1
62497 1
29731 1
62500 1
62501 1
29734 1
29736 1
62505 1
62511 1
62513 1
29746 1
62515 1
62516 1
62519 1
62521 1
29754 0
29755 1
29756 1
62525 1
62526 1
62527 1
29761 1
29762 1
29763 1
62533 1
29766 1
62535 1
29768 1
29775 0
62544 1
62549 1
62550 1
29784 1
62553 1
29791 1
29793 1
62564 1
29803 1
62572 1
29806 1
62582 1
29816 0
29818 1
29822 1
29823 1
29824 1
62593 1
29826 1
62596 1
29829 1
29830 1
62599 1
62601 1
62602 1
29836 1
29837 1
62612 1
29845 0
62614 1
29849 1
29852 1
62626 1
62627 1
62632 1
62633 1
62634 1
29867 1
29868 1
29870 1
62640 1
29874 1
29875 1
29878 1
62648 1
62649 1
62650 1
29883 1
62652 1
62654 1
62655 1
62656 1
62658 1
29891 1
62662 1
29895 1
62665 1
29898 1
29899 1
29900 1
62669 1
62670 1
62673 1
62676 1
29910 1
29916 1
29918 1
62688 1
62689 1
62690 1
62691 1
29924 1
62693 1
62694 1
62697 1
62698 1
62700 1
29933 0
29934 1
62705 1
29939 1
29940 1
62709 1
62710 1
62712 1
29946 1
62716 1
29950 1
29952 1
29953 1
29954 1
29955 1
62728 1
62730 1
29963 1
62732 1
62733 1
62735 1
29968 1
62737 1
62738 1
62745 1
29978 0
62747 1
29982 1
62752 0
62753 1
62754 1
62755 1
62756 1
62759 1
29992 1
62761 1
30006 1
30007 1
62776 0
30012 1
62781 1
30015 1
62784 1
30017 1
30018 1
30022 1
30023 1
30025 1
30029 1
30031 0
30034 1
62804 1
62808 1
62809 1
62811 1
62814 1
62819 1
62821 1
30055 1
62826 1
30060 1
30061 1
62830 0
62831 1
30064 0
62833 1
62834 0
30067 1
62836 1
62838 1
30071 0
30072 1
62842 1
62848 1
62850 1
62852 1
30086 1
30087 1
30088 1
62859 1
62860 1
30094 1
30095 1
62864 1
62865 1
30098 1
62868 1
62869 1
62870 1
62873 0
62874 1
30107 1
30108 1
30109 1
62880 1
30113 1
30115 1
62884 1
30117 1
62889 1
30122 1
62895 1
30128 1
62897 1
30130 1
30131 1
62901 0
30134 0
30137 1
62909 0
62911 1
62912 1
62913 1
30146 1
62917 0
62918 1
62919 1
62920 0
62921 1
62922 1
62923 1
62924 1
62925 1
62928 1
62929 1
62932 1
30165 1
30168 1
30169 1
30170 1
30172 1
30175 1
62944 1
30177 1
30178 1
30179 1
62948 1
30181 1
30183 0
30185 1
62954 1
30187 1
62957 1
30191 1
30192 0
30193 1
62962 1
62965 1
30198 1
62967 1
30203 1
30205 1
30206 1
62975 1
30208 1
30213 1
62982 1
30215 1
30216 1
62987 1
30220 1
62990 1
30225 1
30226 1
30227 0
62998 1
30231 1
63000 1
30233 1
30234 1
63003 1
63004 1
30237 1
30239 0
30240 1
30245 0
30247 1
30248 1
63018 1
63020 1
63021 1
30254 1
30255 1
63026 1
30259 1
63028 1
30261 1
63030 1
30263 1
30265 1
30268 1
63038 1
63040 1
63044 1
30277 1
63048 1
30281 1
63051 1
63052 1
30285 1
63054 1
63056 1
30291 1
30293 1
30296 1
30298 1
63070 1
30303 0
63073 1
30306 1
30307 1
63077 1
30310 1
63080 1
63081 1
63082 1
63083 1
63084 1
63085 1
63086 1
63087 1
63088 1
63090 1
30325 1
63094 1
30327 1
30328 1
30329 0
63099 1
63100 1
30335 0
30337 1
63106 1
63107 0
30340 1
63110 1
63111 1
30344 0
30345 0
63116 1
63117 1
30350 1
30351 1
30352 1
30354 1
63123 1
63124 1
30357 1
30358 1
63127 1
63129 1
63130 1
63135 1
30368 1
63138 1
63140 1
30377 0
30378 1
63147 1
30382 1
30383 1
30384 1
63154 1
30388 1
63157 1
63158 1
30391 1
63161 1
30394 1
30396 0
30398 1
30399 1
30400 1
63170 1
30403 1
63172 1
63180 1
63181 0
30414 1
30416 1
30418 0
63187 1
63188 1
30422 0
30423 1
30424 0
63194 1
63195 1
63199 1
63200 1
63207 1
30442 1
30445 1
30451 1
30455 1
63225 1
30458 1
63227 0
63229 1
30463 1
63232 1
63233 1
63242 1
30476 1
30477 1
63246 1
30479 1
30481 0
63252 1
63258 1
63262 1
30495 1
30496 1
30497 1
63268 1
63269 1
63281 1
63283 1
63286 1
63288 1
63289 1
63290 1
63291 1
63293 1
63296 1
63297 1
30530 1
30534 1
30536 1
30537 1
30539 1
30540 1
30545 0
30546 1
63315 0
30550 1
63324 1
30557 1
30558 1
30559 1
63328 1
30561 1
63334 1
30567 1
63336 1
63338 1
63339 1
30574 1
30576 1
30577 1
30584 1
30585 0
30586 1
30591 0
30593 1
30594 1
30596 1
30597 1
30598 1
30599 1
30600 1
30602 1
63373 1
63374 1
30608 1
63377 1
30612 1
63381 1
30614 1
30617 1
30618 1
30619 1
63388 1
30621 1
30623 1
63396 1
30630 0
30632 1
30635 1
30637 1
30639 1
63410 1
30644 1
63413 1
30646 1
63415 1
63416 1
63417 1
63418 1
30651 1
30654 1
30656 0
30657 1
30660 1
30661 1
63430 1
30666 1
30669 1
30674 1
63445 1
63446 1
63447 1
63449 1
63450 1
63451 1
30684 1
30685 1
63454 1
63455 1
63456 1
30689 1
30690 0
63459 1
30692 1
63461 1
30694 1
63463 0
30696 1
30697 1
63466 1
30701 1
30703 1
63472 1
63474 1
30709 1
30710 1
30711 1
63481 1
30714 1
63483 1
30718 1
30719 0
30720 1
63490 1
63493 1
30726 1
63495 1
30730 1
63499 1
30732 1
63501 1
63503 1
63504 1
63506 1
63507 1
30740 1
63509 0
30742 1
30750 1
63520 1
30755 0
30756 1
63525 1
63527 1
30760 1
63530 0
63531 1
30764 1
63534 0
63535 1
30769 0
30772 0
30773 1
30774 1
30775 1
30778 1
30780 1
30781 1
30783 1
30785 0
63556 1
30789 1
63559 1
30797 1
63567 1
30803 1
30818 1
30822 1
63594 1
63596 1
30832 1
30833 1
63602 1
30835 1
30836 1
30837 1
63606 1
63607 1
63608 0
30841 1
30843 1
30844 1
30847 1
63617 1
63619 1
63620 1
30854 1
63624 0
63627 1
30861 1
63630 1
63632 1
30865 1
30866 1
63635 1
30869 0
30870 1
63639 1
63641 1
63644 1
30877 1
63649 1
63650 1
63651 1
30884 1
63653 1
30887 1
30888 1
63657 1
63658 1
63661 1
63663 1
63664 1
63665 1
30898 1
30899 1
63669 1
30903 1
63674 1
63676 1
30909 0
63678 1
63679 1
63680 1
30914 1
30915 1
63684 1
30919 1
63689 1
63690 1
30925 1
63694 1
63695 1
63698 0
30931 1
63700 1
63701 1
30936 1
63705 1
30939 1
63711 0
30945 1
30946 1
30947 1
30948 1
30950 1
63724 1
63731 1
30964 0
63739 1
63741 1
63742 1
63754 1
30989 1
30990 1
30992 0
63761 1
63762 1
63764 1
63765 1
63766 1
63768 1
63770 1
63771 1
63772 1
63775 1
31009 1
31011 1
63780 1
31015 1
29402 1
31021 1
63794 0
63797 1
63801 0
63804 1
31037 1
31038 1
31041 1
63811 1
31045 1
63815 1
31048 1
31051 1
63821 1
63822 1
63825 1
63826 1
63827 1
63828 1
31062 1
63832 1
63835 1
63836 1
63843 1
63847 1
63848 1
63854 1
63855 0
63859 1
31093 1
63862 1
31095 1
63865 1
63866 1
31099 1
63868 0
31101 1
63870 1
63871 1
63873 1
63875 1
63877 1
63878 1
63881 1
63883 1
63885 0
63888 1
31122 1
63891 1
63892 1
31125 1
63894 1
63895 1
63896 1
63897 1
31131 1
63901 1
31134 1
31136 1
63905 1
63906 1
63908 0
31143 1
31144 1
31147 1
63917 1
31150 1
63919 1
63920 1
63923 0
63924 0
63925 1
63926 1
31159 1
63930 1
31165 1
31166 1
63935 1
31168 1
63938 1
63939 1
63940 1
63941 1
63942 1
63943 1
63944 1
63945 1
63951 1
63952 1
63953 1
31187 0
63956 1
31189 1
31190 1
63959 1
31193 1
63962 1
31195 1
63966 1
63967 0
31200 0
31201 1
31203 1
31204 1
63974 1
63975 1
63980 0
31215 0
63984 1
63985 0
63990 1
31223 1
31224 1
63995 1
63996 1
63998 1
5205 1
31232 1
31237 0
64007 1
64008 1
64009 1
64014 1
31248 0
64017 1
64019 1
64020 1
64025 1
64028 1
64030 1
31272 0
64041 1
31276 1
64045 1
64048 1
64051 1
31285 1
64054 1
64055 1
31289 1
31291 1
64061 1
64063 1
31302 1
64079 1
31319 1
64096 1
64098 1
64102 0
64103 1
64112 1
64115 1
31354 1
64125 1
64127 1
31366 1
5229 1
64145 1
31379 0
31380 0
31381 1
64156 1
64160 1
31394 1
64163 1
64165 1
31398 0
64168 1
64171 1
64172 1
64173 1
64174 1
64175 1
64178 1
64180 1
64183 1
64186 1
64189 1
31423 1
64194 1
31427 1
64197 1
31430 1
64200 1
64201 1
64209 1
31448 1
31453 1
31454 1
31455 1
31456 1
31458 1
31459 1
31460 1
31462 1
31465 1
31467 1
31470 0
31474 0
31475 0
31477 1
31479 1
31483 1
31488 1
31489 1
64261 1
31497 1
31501 1
31504 1
31508 1
31511 1
31512 1
31515 1
31517 0
31518 1
31520 1
31521 1
31522 1
31525 1
31528 0
31532 1
31533 1
31534 1
31535 1
31537 1
31539 1
31543 1
31548 1
31549 1
31551 1
31554 1
31557 1
31560 1
31563 1
31564 1
31571 1
31574 1
31575 0
31578 1
31579 0
31586 1
31587 1
31588 1
31589 1
31590 1
31591 1
31594 1
31597 1
31600 1
31607 1
31611 1
31614 1
31615 0
31618 1
31620 1
31622 1
31626 1
31629 1
31630 1
31634 1
31635 1
31636 1
31638 1
31642 0
31643 1
31660 1
31661 1
31662 1
31663 1
31666 1
31669 1
31673 1
31674 1
31675 1
31677 0
31679 1
31682 1
31684 0
31686 1
31688 1
31689 1
31692 1
31693 1
31697 1
31700 1
31704 1
31705 0
31706 1
31707 1
31716 1
31720 1
31722 1
31723 1
61314 1
31733 1
31737 1
31738 1
31739 1
31743 1
31745 1
31748 1
31750 1
31751 1
31752 1
31754 1
31755 1
31757 1
31759 0
31760 1
31761 1
31762 1
31763 1
31766 1
31775 1
31777 1
31778 1
31786 1
31788 1
31789 1
31790 1
31791 1
31793 1
31794 1
31807 1
31810 0
31811 1
31813 1
64583 1
31821 1
31843 1
31844 0
31846 1
31847 1
31850 1
31854 1
31857 1
31858 1
31879 0
31881 1
31887 1
31888 1
32280 1
61088 1
65351 0