180167,0.000175910371368
61519,6.17036593324e-05
19713,0.000163357359159
61513,0.000509054484019
23999,0.000512314433742
22461,0.00035410889532
180169,0.000276285338122
63763,0.000152744702223
13733,3.31610947593e-05
165284,0.000201149831416
111537,0.000556435254358
111534,0.00036591518322
111532,0.000194937458107
166555,0.000213651005867
4029,0.000208289440814
177227,0.000201141073743
177225,0.000704007019493
60914,0.000248735662877
19398,0.000178462263835
161071,8.36920537532e-05
132644,0.000155146094433
177228,0.000348963224439
22260,0.000376046856116
24710,0.000382765975449
19159,0.000516448237037
160891,0.000472249610025
160892,3.36906107596e-05
160893,2.75215835553e-05
180562,0.000324075977995
19150,0.0002979610492
127475,0.000118508668501
16671,0.000193253790362
65270,0.000292107544219
277918,0.000174536524502
150179,0.00060154441477
25069,0.000305142167923
165914,8.39838928581e-05
142814,0.000502876126916
149337,0.00011266274916
61192,0.000117102419175
142811,0.00038927066399
142812,5.03481613917e-05
6158,2.96150175624e-05
12708,0.000291222402803
164086,0.000294211186115
13602,3.61975847432e-05
4737,0.000540672653442
6791,0.000189829971449
118126,3.23884758247e-05
2312,6.55304221992e-05
118122,0.000529693642633
118121,0.000154525387857
177313,0.000688094793084
25665,0.00049065526367
177315,0.000174782713792
177314,0.000560036648911
165358,0.000158333877581
140541,0.000595041852896
166482,6.2475137557e-05
166485,0.000225048004772
63739,0.000229698061201
128581,0.000502037446822
25283,0.000656462971371
13453,0.000293878007168
22717,0.000365113680762
119314,0.000106075403382
13540,0.000234574973318
138743,0.000157452931973
25119,0.000124071495909
61996,0.00011432391436
30662,0.000110109806334
16700,0.000116197165716
25110,0.000116555263273
7993,0.000225037760789
141236,0.000564571104461
7991,9.34426705624e-05
28998,5.13902382669e-05
63930,0.000301854047335
2269,0.000238367803805
63936,0.000533571267247
116787,0.000304171323638
19570,0.000263640072947
7881,0.000215539026723
63938,0.000168804630451
7882,0.000151702064843
162254,0.000386364802499
20747,0.000108833965587
124599,0.000895585442289
17035,0.000147894576897
2444,5.59382685826e-05
9256,0.000103661543709
139804,0.000337141597462
2448,0.000309763977065
63847,0.000111274922791
7866,0.000149768410925
184994,5.51372336779e-05
23697,0.000837995753077
176068,7.69343227908e-05
24888,8.6739416482e-05
61584,0.000170899825308
138608,0.000521306909713
2044,7.66651833009e-05
61587,0.000255639209346
146659,0.000202083556051
138601,6.10477258906e-05
148414,0.000233137899323
4818,0.000245369641484
163036,0.000227852272702
148410,9.14445734958e-05
2049,0.00080404003559
6379,0.000203028128716
26021,0.000162944376727
64901,4.26743165801e-05
28410,3.34996445694e-05
12123,0.00126917002847
124358,9.67045076588e-05
12124,0.000333222213859
10631,0.000113906743198
24204,2.72048661297e-05
176782,0.000154467841607
10411,0.000314877599018
63814,0.000486500805501
162742,0.000132419114865
11944,0.000761634084735
184639,0.000477308338483
105538,0.000115302694625
63447,0.00054084090013
165675,0.000241613971951
121142,0.000231627758919
160256,0.000206335051851
160375,0.000186001768977
155387,0.000248092032623
63448,3.83073329555e-05
135965,0.000824346850426
16926,0.000783517095225
162560,0.000229857644583
8947,0.000167905474295
61179,0.000102582092063
164416,3.11002262744e-05
160376,0.000738522744648
157074,0.000818468423717
7260,0.000285830085665
12234,0.00113122252876
63596,0.000135353854631
12236,8.56838690431e-05
125531,0.000420649389391
112362,0.000543302268088
160255,9.49176561323e-05
139025,0.000243627403432
180958,0.000428923725954
14624,0.00016204058705
62646,0.000144118804729
179186,0.000186435929181
62640,9.89297881055e-05
3851,0.000310827349108
152049,0.000107864763309
10567,4.52277329964e-05
10565,0.000100371744265
125240,0.000296866024075
3394,5.7024566861e-05
194255,0.000710500297973
176268,0.000433578206066
24157,8.51411261402e-05
194256,0.000147489884692
3203,0.000131467918071
10096,0.000141890526981
187406,0.000232222724211
30416,0.00039453751792
182116,3.09206317244e-05
178327,7.47605438935e-05
182112,0.000244958422399
185483,0.000141599798023
138467,0.000262176299045
147303,0.00025962779722
147307,3.21598089995e-05
147305,0.000114764304648
8832,4.89983006897e-05
164342,0.000110680983465
30328,0.000130961611433
29962,0.000170289559065
147750,0.000108914710799
29964,3.35984285813e-05
28564,0.000816423460671
171097,0.000614943197001
24232,0.00061684172094
24233,0.000196106138043
24234,0.000103779090566
17069,8.08576968157e-05
12945,0.000199450801396
62243,0.000182167635564
62245,0.000329796656209
183224,0.000233843708606
175087,0.000121821259921
157493,4.29422127097e-05
175083,0.000335710030944
20653,0.000143758288179
108482,0.000747648308675
175319,9.74256298662e-05
30259,0.000373335370942
175646,0.000542275112951
30255,0.000554159463314
136844,0.000202212404718
156384,0.000182821516539
29762,6.53056748477e-05
1177,0.000107359642152
183850,2.66617323554e-05
1173,5.59778537286e-05
30740,0.000183766133884
157921,3.66448883673e-05
13940,0.000190454003318
65376,0.000118566729687
31122,0.000280142904792
31692,0.000570738944947
23500,0.000692873708518
160719,0.00011421443376
5530,0.00015786778994
5539,7.27502656088e-05
162925,0.00027352032914
178851,0.00047399087583
22861,0.000213083305787
10332,0.000354294583115
153813,0.000366523205842
11169,2.97224010316e-05
11161,4.18837123714e-05
14402,0.000155390008247
14403,0.00027395936429
29108,0.000367203564412
178453,6.75949761281e-05
29433,8.84948696967e-05
8762,0.000115715890102
66610,5.9007770891e-05
7183,0.000112096465284
7185,0.000188424971843
13835,0.000529374184331
13836,0.000322782220424
66161,0.000201611459599
8387,0.000389032361134
8386,8.71534783928e-05
61693,0.000126780227217
185269,6.03127006778e-05
127644,0.000134902156886
13839,3.21845603906e-05
66686,0.000121030816287
12833,0.000187585770347
12874,0.000137576749238
8549,0.000105805851248
65884,0.000225269809254
23616,0.00027517920417
8543,0.000121665702407
8542,0.000142409536166
6573,0.0001603822826
170327,0.000175129679609
6574,0.000158024083872
162699,0.000165333963047
180193,0.000146175582879
61745,0.000224901244819
27760,2.63253867373e-05
61743,0.000199367337106
28180,7.5708948634e-05
130762,0.000150313919168
7694,0.000390987046498
144435,0.000100978059615
7696,0.000162496153144
143357,0.000112850305239
28749,0.00033857759611
111940,0.000600482096809
126600,0.000282422554619
28216,8.44901541429e-05
23291,0.000191658974747
25946,0.000207396878123
170458,0.00043111656545
65084,0.000105414191917
63866,0.000443850737644
8807,0.000186235879899
10884,0.000172673022833
155394,4.91471951713e-05
155393,0.000791541197072
4036,0.000179029982841
1228,3.78893680407e-05
184449,0.000253653406596
60900,0.00021101734326
177256,0.000124477600905
177257,0.000541537199902
177255,8.25998195544e-05
161040,0.0001203216431
12377,3.87175565955e-05
184442,0.000836495027888
11372,3.23350015846e-05
179925,0.000159122530836
24708,0.000150287420758
141178,0.000702653278497
7525,0.000500504624747
6532,0.000436673795886
187253,7.79353356808e-05
160888,0.000216933798955
25056,0.000312660633897
16668,0.00058295375095
25726,0.000133348729535
30861,0.000428128720426
190963,8.77152633081e-05
189567,0.000115393128807
12711,0.0003417072028
12719,3.14710369206e-05
184500,5.69528601418e-05
6781,0.000224334603271
64708,0.000161549878495
12964,6.19058501529e-05
13619,0.000426444831616
6788,0.000353260074773
164432,0.000243767825354
141359,0.000110685345332
4723,0.000555189754669
65643,0.000643518658115
65640,0.000301043120106
120048,0.000428550707411
62919,4.68517805678e-05
4340,0.000766815459505
11286,0.000268244771013
186290,0.000833966886756
21118,9.14002890645e-05
180363,0.00035645606963
177108,0.000150939038748
177109,0.000221570790668
148313,9.00244575268e-05
16716,0.000280542433806
25430,0.000188322139916
16714,0.000218124232251
65467,0.000603015126873
16710,0.000174234256445
25124,0.000740346096948
11756,6.55873036991e-05
64595,2.58309876617e-05
2270,0.000235449862587
12005,9.30285575687e-05
174729,0.00018551884134
65971,0.000326784910756
120134,0.000653188966934
120359,0.000235232893168
2154,0.00034357459052
63907,0.000348459572741
63901,5.64744732988e-05
9248,0.000522627911212
11017,0.000255546826099
63057,0.00039875509767
9538,9.85790734306e-05
141846,0.000518812061204
63058,0.000616657542515
64028,0.000233001391162
153128,0.000167028208425
65515,0.000234793916328
138613,0.000214985802595
174390,0.000261703068526
13289,0.000348356926974
13288,6.71078183726e-05
17534,0.000561318817115
24890,4.15260953849e-05
12403,0.000524403274259
158414,0.000505986341159
180658,0.00014301549561
185908,0.000350300385174
146648,0.000114355187505
4826,0.000112899771264
61839,0.000198310024887
13440,0.000220916149657
12138,0.000150190999412
26038,4.90176177443e-05
7985,0.000451045101579
64934,4.58681941072e-05
26037,6.20624929996e-05
24096,8.33349486713e-05
10405,0.000713223145305
62472,0.000660398508391
10407,7.25645944658e-05
30067,0.000206714376431
24099,0.000182882934953
161852,0.000139153168911
10390,7.60877826997e-05
64334,0.00041186071516
124434,0.000214264431371
147849,0.000205070406998
186473,0.000190898211142
27965,0.000437345590499
179298,0.000496799840391
187529,0.00029746035451
27960,0.000146362115377
149683,0.000108852147083
66235,0.000659168278522
1979,9.80013919887e-05
14898,2.99189783773e-05
176670,0.000247781100835
18844,0.000106912577871
150477,6.1540147844e-05
14891,0.000143804573748
164404,0.000220057886745
6216,0.000111928426842
63874,0.000550134356527
176479,0.000464988366515
176475,0.000339492677733
15708,0.000246026247114
14650,0.000499775739603
9299,9.71654023534e-05
62654,0.00029870310021
62655,0.000165614753765
179624,4.31378267724e-05
185018,0.000228137948197
179621,0.000536790572446
16705,0.000522046021785
62895,0.000491503176172
14090,0.00032895105456
3231,0.000615880779534
1968,5.60664567042e-05
164572,0.000140848612968
1618,3.52441862031e-05
3238,0.000459698005318
175523,0.00013355233144
21429,9.74611897983e-05
179534,0.000157792191016
12956,0.000233042435792
12950,8.08068687183e-05
162809,0.000469576859296
160661,4.92759743809e-05
160667,0.000789785780017
27810,0.000259012297087
122394,0.000560004780494
187739,8.32889947183e-05
3358,0.000412096693791
164756,0.000476110060903
164755,0.000325450131839
174236,0.000222174483023
5442,2.59168910497e-05
7065,0.000157298133428
7063,0.000175116930327
11842,0.000507189820755
8577,7.19346540053e-05
147204,0.000238408425665
30539,0.000170024394275
30536,8.73499024146e-05
147208,0.000533764968089
29804,9.80282688959e-05
11687,0.000512092437716
264509,0.000223057349739
12482,9.3193966267e-05
15452,8.96324339966e-05
12485,0.000297812036261
178003,0.000293746859934
132482,0.000234430656388
8151,0.000453591341328
186159,0.000517050250477
179841,0.000240386133758
179840,9.9273920069e-05
179843,0.000120500642354
184057,0.000576444735208
178862,0.000351228604297
178863,0.00033196614938
178865,0.000219027830121
24396,0.000157294842341
1545,0.000152279272379
187644,3.1743532109e-05
11115,6.63870572951e-05
14477,6.9582024829e-05
183528,0.000106823885273
66379,0.000228625270551
166639,0.000144760908765
154758,0.000186289015152
144640,0.000201017353315
66371,5.89436145584e-05
148950,0.000113754044665
31203,9.03260316597e-05
31752,2.62286778537e-05
109186,0.000175273257133
183879,0.000666192079262
66155,0.0002724672246
30222,0.000280026730981
127383,2.69147076989e-05
66158,0.000277177312405
183700,0.000174121834907
8539,0.000257280959202
27776,0.00010857150076
30461,0.000579169411769
160474,0.0003048221951
12824,5.59670378741e-05
12825,8.95126240172e-05
160668,0.000489908571087
160479,0.000245952514917
7883,0.000271896060588
15291,9.371207848e-05
151403,0.000298901731135
61759,0.000410698961537
66085,0.00019069787116
6565,0.000368112895033
29607,0.00015719053777
7685,7.21009963285e-05
5475,0.000131879972497
7682,0.000487475632177
28733,0.000401443202893
1380,8.29300728896e-05
186428,0.000449801541262
1382,0.000317091477462
29609,0.000158209544297
9155,0.000145883839461
12478,0.000443841466382
180145,9.30002427472e-05
64356,0.000638602537498
10420,0.000285948734759
177924,0.000134992294214
161055,0.00018303122364
8440,0.000656739544092
137024,0.000678696332173
24316,0.000313663113381
109079,2.59003493173e-05
11566,9.46694341927e-05
9258,0.000122649297954
160505,0.000330640732936
115876,0.000480348779621
160503,8.50196859374e-05
60931,0.000134572882336
61356,6.44452843848e-05
61350,0.000180843594042
62516,4.22318223236e-05
126496,0.000119494080571
129840,9.26691831365e-05
28648,5.34993689609e-05
21232,7.36417731345e-05
65218,0.000172795885338
9899,0.000222390378152
19355,6.21248182687e-05
19605,4.71805250028e-05
25737,0.00029239223239
10187,0.00052454991638
16650,0.000394879145657
114698,0.000201785152935
65180,3.90338325145e-05
30877,0.00023094983016
184514,0.000958747809383
4759,4.86369785603e-05
64857,0.000468092071779
64850,5.19528915601e-05
64851,0.000100309487009
64853,0.000684589936623
6774,0.000552619927287
10984,0.000279171955169
140529,2.87251467032e-05
10981,0.000148027421522
13664,0.000382578558126
10983,0.000209942518537
5870,0.000179145878033
65850,2.61319956898e-05
117902,0.000374301979994
65676,6.04228322185e-05
60801,0.000228499768806
60800,0.000283783481474
11296,0.000171938887425
9969,0.000107348889522
65671,0.000115815616544
177111,0.000219680052641
177112,0.000506599327383
186288,0.000412781626563
16401,0.000390176799339
25138,9.18883995498e-05
164557,0.000256434806313
158563,0.000521538568333
4632,0.000375937038489
65697,0.000151697075199
184604,0.000286019246214
184603,0.000370182459552
260779,0.000230338173053
16721,0.00029349018079
149268,0.000640207417991
11745,0.00031091185584
64584,0.000606339337646
11748,0.000115111685103
178201,0.00030571440117
165934,0.000241808927509
63919,0.000305875317624
11584,0.000108472934007
28195,0.000122040181669
11580,0.000414432065254
16929,0.000197078893223
63338,0.000414140014882
14592,0.000135645223955
166593,0.000883111431867
25312,7.67441257688e-05
166591,0.000424114744994
65630,0.000192656015716
6008,0.000843077068287
121382,0.00013318316171
121381,0.000525520348868
7849,0.000229434886588
260893,0.000223585616411
153130,0.000173494401079
64030,0.000401821929517
4839,0.000183731021835
6357,7.5884407579e-05
16790,0.000185947949152
141459,4.79719504208e-05
162585,0.000590002681056
185645,5.01633762662e-05
185646,0.000275607101148
6194,0.000470916881777
6196,8.15982852185e-05
64929,2.57351881969e-05
162349,0.000144119493578
162346,4.98002016908e-05
64925,0.000177717155859
11636,0.000281008908212
140983,0.000613875117278
26045,9.57973730881e-05
9346,0.000197155284799
9611,0.000569220880952
13657,4.18232949597e-05
9619,0.000450916612219
13184,0.000391565740149
64327,5.99151495572e-05
3532,9.52860555124e-05
175404,0.000116454585207
22815,9.97925225987e-05
10364,9.85869965342e-05
160272,0.000391367411403
185661,0.000281889969471
5050,0.000222085455877
13189,0.000134214483511
135788,0.000275950690478
151928,0.000244340099332
9411,0.000204527749236
7203,0.000210395036099
7205,5.29934193736e-05
6223,0.000118644787705
63863,0.000139499610749
12216,0.000402407887306
12215,0.000661028349273
162160,0.000144647884371
160181,0.000170448646121
18549,0.000255168456527
17072,0.000157338694247
178015,0.000312632032818
164132,0.00028947286597
4476,0.000760877719769
9761,0.000281739369939
14084,0.000254365537029
186129,0.000478366203186
162404,0.000299796914752
62317,0.000217870653205
122015,0.000549220595705
10504,9.67480364381e-05
13071,0.000174429008574
24171,0.000606616943623
164506,2.98231391491e-05
179299,0.000371968422685
7331,7.78096648784e-05
18364,6.19757335832e-05
1976,0.00013777005704
176999,0.000255836883559
3221,0.000124858775352
176229,0.000195158706581
175533,0.000529233467912
6375,0.000157178841327
147988,7.39554066367e-05
8858,0.000171356133352
2163,0.000334094008485
179058,0.000136081539612
4001,0.000177358004127
138402,0.000261523259506
8850,6.72761679932e-05
21542,0.000251199053766
187969,0.000868280735488
123720,0.000244888161271
12926,0.000125683317887
178676,0.000133785672598
14418,9.01716246634e-05
30188,0.000574507469136
187722,0.000241312165276
14269,0.000156143628649
10213,3.59481028311e-05
156633,6.11496436985e-05
184046,0.000591260001779
149477,0.000266925739379
1773,0.000991721523453
62221,5.88346061316e-05
108449,8.23895234581e-05
3138,0.000238796371124
112111,8.79265798971e-05
112112,8.811913022e-05
24731,0.000231600149388
16785,0.00079015395284
8148,0.000178095018983
178870,0.000540806633328
6994,5.85956830838e-05
6995,0.000209024083145
184281,0.000232559670913
8633,9.77195054733e-05
61418,4.28080924638e-05
30293,0.000156972853998
61408,0.000111488145796
7346,0.000274073258973
2807,0.000286427341281
24547,0.000450020064459
19428,0.000646431816317
30298,0.000648828023053
15111,0.000362393980197
184040,0.000231684081995
162906,9.31070639162e-05
162907,0.000567348347027
29127,0.000672741996276
2999,0.000170336187818
66366,0.000346494946197
1554,3.5660488732e-05
10386,5.69011194102e-05
28340,3.35939572482e-05
2991,0.000122609513961
3036,0.000349537301739
66368,4.47727282541e-05
3031,0.000271958271348
187653,0.000179388198683
28347,0.000142691826822
174118,9.49691923626e-05
29900,0.000488626902389
30612,0.000208632833396
31748,0.000309481736199
31744,0.000895427392583
31214,0.000219010143111
31743,0.000921554618641
30618,4.9438632746e-05
178704,0.000257971503559
31564,9.57180754435e-05
66148,7.78639976214e-05
8030,0.000123510004725
178703,0.000123252535605
163983,0.000399423816389
62139,0.000220764924159
10380,5.07787636756e-05
163987,0.000183006977743
144567,0.00018070928407
25896,0.000188444334174
9999,0.000844921949988
17724,0.000594224772065
12589,0.000173539778434
177871,0.000150178044405
29129,0.000238192461977
178493,0.000443110142338
139225,0.000656917977438
12850,0.000114386844106
12581,5.69217140966e-05
31587,0.000228252629634
5608,0.000308993745552
29901,0.000104520576765
25964,0.000172599961432
11032,0.000245221225668
174119,3.92116768175e-05
15092,0.000163044747761
15027,0.00014342282119
161120,6.651293624e-05
111961,0.00012549846437
111965,0.000388508568915
9325,5.35453040538e-05
1393,2.6058426524e-05
171059,0.000334558464055
183606,0.000210938755911
3813,0.000173515762179
127282,0.000103384011235
181104,0.000346641471366
22650,0.000274739081256
183603,0.000286047751343
8579,7.32898859854e-05
160991,0.000190540192819
110566,9.03957487821e-05
8457,0.00013552920994
23252,0.000151420367417
8455,0.000221499937509
184465,0.00052971203333
109084,6.45899506617e-05
15337,9.42469312866e-05
15331,0.000128841744578
176701,8.08807048105e-05
184263,0.000237398555341
181820,0.000415193120742
29040,7.05676011076e-05
122263,0.000293255147138
13200,0.000288403284952
185396,0.000291061747537
12458,2.68777010551e-05
165745,0.00046658848313
174115,0.000202047944767
61321,0.000295170168299
7549,0.000109605012797
61325,0.000277713437589
31368,0.000294994030464
65872,0.000507435645113
31567,4.45071819578e-05
16641,0.000109105431955
164411,0.000166024603979
154595,9.05537072458e-05
126718,0.000117351790451
64821,0.000299792408008
31560,0.000113992663216
166458,0.00077957890149
6768,0.000103869446755
189459,0.000122688239029
4740,0.000328919941094
10991,8.17334840872e-05
189491,0.000167136580298
189490,0.000445062347202
24610,9.91743973279e-05
118795,0.000470230995315
180395,8.29830823544e-05
150562,5.89347950772e-05
25633,0.000333165948875
25632,5.10036668446e-05
5862,0.000360939984956
25140,0.000526310750655
65444,0.000198496444961
177127,0.000535731186899
111491,7.86149232729e-05
260408,6.88609951509e-05
124634,8.05009250526e-05
64135,0.000215876534919
184673,0.000119013464965
184676,0.000289896935649
22729,3.69887121372e-05
4608,8.36395342715e-05
2184,7.02166211381e-05
4605,0.000569525161318
4600,0.000204284920209
13510,0.000367665040294
177872,0.000399630419282
138126,0.000458204876562
158354,0.000300043596502
178494,7.49270308043e-05
163921,0.000399697121386
5606,0.000243751106925
153728,0.00024423023229
165924,6.88612760455e-05
137611,0.000144770797516
64626,6.10519379917e-05
166213,5.86233576477e-05
121974,0.000418111089627
6130,0.000647821045113
5600,0.000126854309289
254399,0.000139833776252
124254,0.000225353104654
64004,0.000513999803689
65406,0.000116914595532
64550,9.31575181824e-05
64552,5.18082972182e-05
161897,0.00025795923941
8599,4.89700056435e-05
2436,0.000364449361783
2435,0.000453930843087
16821,0.000331343714714
116772,5.66339041283e-05
185654,0.000773327367738
16824,0.000340626674915
185659,0.000217977398989
61811,0.000203991880864
141469,5.53612796765e-05
61815,0.000589623508684
64891,0.000329941649345
4510,0.00010970464405
184702,0.000452549502009
4517,0.000291832934038
184700,5.80175205588e-05
11649,5.7040279603e-05
133346,0.000155727979196
119493,0.000649258869582
162354,0.000315851023886
17195,0.000143571486027
2504,0.000156383848301
11644,0.000159680468293
141913,0.000105967080609
9355,2.68261759463e-05
9359,0.000243465241483
3562,0.000252625372871
5284,0.000122161048592
165993,9.64438705221e-05
17173,0.000519964337121
170904,0.000267440028551
5047,4.56839144252e-05
5046,0.0003643547861
10374,0.000172468103544
63417,0.000129683911458
63789,0.000463702625484
3785,3.50248015756e-05
63781,0.000526873804305
183780,0.000310333341377
16910,8.47279136531e-05
163772,0.000425818844611
105346,0.000127143062744
6239,0.0001757593164
10777,7.97958403055e-05
4990,0.000847382431172
2290,0.000186973000632
12206,0.000138744301469
141001,0.000154562553773
12200,2.63562516794e-05
61608,0.000133381736974
63892,0.000127029257048
125276,0.000300046056905
125274,0.000341209776101
29359,7.34386451755e-05
63527,5.81748403554e-05
10519,0.000192194772324
9778,8.49394280143e-05
9774,6.83341381505e-05
9777,0.00032216238617
62302,0.000115933132553
121759,2.84100413059e-05
175509,7.33065385698e-05
8864,0.000168553723367
1949,8.28191035934e-05
9289,0.000119811051781
182383,0.000399805794918
9284,0.000220918032177
176239,0.000134338470746
175503,0.000224645671315
63099,0.000243904495153
1254,8.96694225932e-05
162770,0.000626204321549
146119,0.000138359350764
9023,4.52356975002e-05
146114,6.33219946838e-05
64061,0.000314397931269
2859,0.000324077907297
264418,0.000103116550006
264414,0.000429799694123
264416,4.53985373195e-05
175263,0.000102341266019
133246,0.000379279705529
14219,0.000653473638436
3336,0.000242168339122
10200,0.000179323411046
108693,0.000190867354661
187714,4.4220107123e-05
160684,8.58023974104e-05
162385,7.13343214558e-05
160681,0.00012155748888
29755,0.000243311328673
10195,0.000118131819544
1704,0.000594808519232
29751,0.000312957734037
10190,0.000383598664278
61971,6.83891466174e-05
174744,0.000112348626418
14182,6.39019594813e-05
62236,0.000163180531221
10198,3.32866041932e-05
15855,0.00050727286385
179605,0.000367516958332
111629,0.000320813750865
29282,5.67789296257e-05
184885,0.000359338543697
176523,8.42188750444e-05
178803,0.000140827145646
157679,0.000132746280274
178806,4.67959735485e-05
120193,0.000566481317798
30990,0.00046392346206
1121,0.000258300110265
8606,0.000127413886447
147349,0.000176176333228
8605,4.20822481573e-05
14324,0.000867364123962
106404,0.000662452167881
25880,8.07337073887e-05
14320,0.000647218780653
25882,0.000148080487038
184070,4.10186466873e-05
155616,6.85767280565e-05
15101,0.000376708860616
29131,3.63749956841e-05
66313,0.000506020731041
29133,0.000101187655236
24379,0.000200267032529
143526,3.10679285711e-05
186715,0.000129720816911
186714,0.000145386358586
3650,0.000333189248167
3024,0.000244780866892
2986,0.000263672509153
174108,2.96894450258e-05
157354,0.000382129658664
29910,0.000165430998069
137230,0.000177027071064
137943,0.00020654208961
30354,0.000419311769964
160990,0.000358353745878
183388,0.000167003899797
10757,0.000400840495794
31775,8.31821009865e-05
8838,6.48629290658e-05
1234,7.91062309219e-05
30778,8.55218047016e-05
8515,0.00010164723851
1230,0.000258189692949
126721,0.000316662935786
4194,5.65883577387e-05
12598,0.000357960914018
4193,0.000201496967327
13861,0.000156775363558
175966,0.000525475895361
5671,0.000396286634852
192856,0.000405860010218
137874,0.000153222304137
12840,0.000322192874278
4351,7.4127092837e-05
28717,0.000280231133112
6509,0.000388165369361
145977,0.000431044968284
31489,0.000760557527398
31488,0.000873895708775
145979,0.00033579913819
196355,0.000333145597787
31170,0.00064544348415
174567,6.45931036343e-05
66228,0.000370551298656
23062,0.000234735831003
111976,8.34515974607e-05
29627,8.72382693649e-05
171049,0.000330920244521
29621,0.000113832548916
25434,0.000212810072163
163887,0.000129679832957
61028,3.458993825e-05
183612,3.36149041469e-05
23485,9.04718549785e-05
8463,0.000204612801364
143689,0.000251926440746
11340,0.000286252860725
11669,0.000200466683821
184498,6.7272481501e-05
11343,0.000334108329788
23714,0.000109893064787
111779,0.000103209813202
110685,0.000672722968818
24755,0.000179442566316
12445,0.000315124860179
184254,0.000106461339449
5709,0.000117823754092
184256,0.0004081996102
12441,0.000251407745211
153793,0.000491663687674
185380,0.000112347392871
8199,0.000373995222909
177267,0.000289706432308
177264,6.02430275613e-05
187041,0.000701803291027
110179,0.00018182290015
180016,0.000117475955442
61338,0.000121723365132
176874,0.000104773090132
65417,0.000207655222611
31392,8.12518616793e-05
177287,0.000406334241698
109926,0.000261834537612
165798,0.000247199952877
64156,0.000161573445924
13646,4.0951151457e-05
28866,0.000592440401983
4771,9.22284738238e-05
13988,0.00020721136975
165640,4.26257999903e-05
23809,0.000770719561433
165649,0.000536245298485
166443,5.55406334471e-05
65838,0.000110626050496
24620,0.000228783234395
65831,0.000315728399155
25623,0.000107382497459
30857,0.000234392987434
62088,0.000117310000005
154039,0.000280300886097
24978,2.74473174431e-05
16745,0.000396376200472
25405,6.40142069019e-05
25406,4.81636905939e-05
16748,0.000277614559094
24975,0.000453445642658
17341,8.0305311055e-05
184660,0.000113371657194
12053,0.000504269149965
130200,6.24849930065e-05
266315,0.000218640317021
25396,5.36914248296e-05
4611,0.000261470732549
141278,0.000644130306974
158587,0.000196919769923
160571,0.00129508190118
183942,0.000171906070738
28769,0.000359462613709
62057,0.000132939004891
162559,0.000179282387033
12691,0.00011446887766
151630,0.000347612224338
2222,0.000403942268885
2220,0.000139142733456
272699,0.000227640213848
177734,0.000141329999247
65235,0.000129863657756
24440,0.000107524691995
165264,9.90005596111e-05
151632,0.00070035823952
10832,0.000227447421501
64630,0.000272601172769
177739,0.000244089402896
150139,0.000149422424546
64637,0.000381587373108
64547,0.000206895801978
10305,8.96829936666e-05
63927,0.000171505450812
64549,0.000233204639887
65548,0.000154981313175
62169,2.86052092763e-05
146616,0.000469279256617
4503,3.71487872273e-05
63667,0.000168880958478
25570,0.000653875133533
25572,4.98464982724e-05
7824,0.000281253098872
26067,0.000583624655691
166061,0.000499225839725
124394,0.000181626168336
26061,0.000149686317638
117161,0.000596924076626
184715,0.000438882779042
61732,0.000229063394143
2080,0.000207499738696
16698,0.000281111391641
2086,0.000146662162826
26069,0.000755154296994
126296,0.000166222039206
161813,0.000122937801861
3342,7.2773165526e-05
2538,0.000229396660951
27794,0.000415176090406
161814,0.000152425776848
64942,0.000120040528464
31593,0.000166162626705
2536,0.000204195754995
11657,0.000108222581786
153028,0.000367677414698
160213,0.000743113963887
2710,0.000226130315224
141496,0.000456902047531
160216,0.000130272221543
29968,0.000250109336
160214,0.000196000963148
174147,0.000382578558126
107446,6.14394045444e-05
105574,0.000429149293389
8987,4.77333829739e-05
7951,0.000110970629696
149070,7.48507326353e-05
64304,0.000424131639926
5073,0.000193680170951
64306,0.000300244106016
5071,0.000358618497951
184259,3.50606997248e-05
64302,4.03557268842e-05
63405,0.000405262302655
1837,0.000142869603293
185824,0.000453306623822
63790,0.000502610838875
185827,0.000811426166346
185532,0.000293495047295
185821,0.000270567431247
116166,4.53778822261e-05
128098,0.000113998899153
137642,0.00047414237804
2150,0.00034741848521
2403,0.000320354915319
184807,0.000282714513575
10740,7.33057140936e-05
20904,0.000101623760509
183920,0.000444410248284
18560,7.03118552512e-05
62686,2.88228214789e-05
1951,0.000104159328263
160329,0.000553374236171
152249,0.000328573873674
62330,0.000294909134517
156383,0.000211048282396
63538,0.000540352376283
199356,0.000475011998356
8873,0.000189782969397
63083,0.000258543043942
63080,0.000194540666073
3243,0.00029016187669
24113,0.000256441572416
13092,0.000332454794771
3246,0.000209008707406
170804,0.000488315427344
11903,0.000142335825809
179077,8.56246702012e-05
12909,0.000117300040939
30161,7.68406611044e-05
179700,0.00012011804907
185836,0.000598413746408
62755,0.000295724780435
9016,0.000144291356469
62204,0.000149284976181
7034,8.30062128367e-05
10236,4.78674410212e-05
10235,6.19204086512e-05
20297,0.000488450693978
5496,4.98971298395e-05
5492,0.000288683332138
27823,0.000110006435959
5252,0.000342678657592
1712,0.000374211364524
5250,0.000604669571574
180833,8.44321078533e-05
24021,5.44784123118e-05
5254,5.61655957038e-05
156613,0.000307772403888
31881,0.000107144973873
63337,5.72517623477e-05
157218,0.000360669665449
6310,0.00056547727463
156614,5.25956723355e-05
13710,0.000239703536578
176558,0.000550465978944
179671,0.00066070447308
176556,0.000160136070482
178811,0.000202493903809
119316,5.88656776028e-05
184064,0.000605682551949
178814,6.83354141093e-05
183283,0.000205217544887
6315,0.000341096617902
184068,0.000357285473907
179818,0.000104160500951
179819,3.2977686274e-05
11124,0.000318871131195
2061,7.75156854776e-05
179817,0.00032043917566
7781,8.564712693e-05
31764,0.000154136773841
122211,0.000201517881383
122212,5.71663575612e-05
62110,0.000206357461868
178995,6.44527947919e-05
7146,0.000644526873428
10999,0.000118373452815
183570,0.000967291306304
29382,0.00038718054737
164652,0.000127980037578
29386,0.000631737220546
147340,0.000386488530348
23810,0.000165075416863
29435,8.06523981729e-05
183377,0.000415011349192
29389,0.000149012187877
1004,0.000428185291414
143640,0.000104093771231
114880,0.000210941288737
184392,0.000145425899072
183593,0.00041713975815
13871,0.000795838476827
28380,0.000149173505739
110760,0.000104834909534
4186,3.04376478878e-05
30384,0.000553600429665
160448,5.49981903874e-05
5667,0.000275624266018
147708,0.000142641226412
165123,0.000424095499791
166451,8.32604374326e-05
175978,0.000282385329923
4341,8.46149934345e-05
118577,0.000198947972284
180711,0.00083486882019
28704,0.000362422361642
2884,0.000303890537627
24617,0.000392066541838
14535,0.000271640250896
133871,0.000352143553145
174393,0.000101122689443
11012,0.000153897531273
187205,6.92674465458e-05
8611,0.000187297712822
24293,0.000289988846203
126136,7.90350023789e-05
22632,6.21649756524e-05
66261,0.00026744011636
163893,5.81460105219e-05
145701,0.000108843637884
65106,0.000126164679698
144383,0.000139745907683
26520,0.000225883675884
8479,0.000257318141253
113371,0.000114720419111
8475,5.21697648042e-05
184487,0.000425079606671
161000,0.000174405310642
7566,0.000217611774353
12471,0.000250704991009
150838,0.000152899966292
15314,8.49331424865e-05
177921,8.45129989884e-05
150837,0.000401379058426
61494,7.59309209498e-05
119173,0.000206789393848
177925,0.000491082753926
184241,8.44821968306e-05
61490,0.000385164421545
1598,0.000281995283889
187450,3.97979260095e-05
186501,0.000164719043199
61655,0.000207737059073
28675,8.85964477566e-05
61656,0.000161319409608
61302,0.000119167401963
110164,0.000542132507846
3905,0.000291155764716
165785,0.000115298415726
180229,0.000255551864251
180228,0.00032775628813
127179,2.98473190522e-05
28877,0.000121111725079
6742,0.000235962228029
165652,0.000224255929354
120774,0.00088738354072
163948,0.000288181867861
185289,0.00042958643665
121257,0.000434507887313
140042,0.000221000207399
3278,0.000103827645493
9954,0.000120995257087
7368,4.76809197107e-05
64794,0.000142095930059
186683,0.00052492622137
25167,0.000280884693636
25166,0.000241413550283
29061,0.000477140657584
63138,0.000104411156498
181269,0.000252824362184
174136,0.00056278332925
32280,0.000382578558126
16597,0.000486257113664
17168,0.000374472273921
166789,0.000205224245182
183974,0.000247301419756
184652,8.88631211584e-05
161952,0.000258249548518
161953,4.25970350725e-05
7241,0.000247648978341
12689,0.000193261106322
11796,0.000174867564661
2237,4.57604956326e-05
65220,0.000608614426462
186898,0.000219672775584
176760,0.000256928077246
65226,0.00054572062482
158737,5.5372706854e-05
65228,7.85126317634e-05
100873,0.000133834480575
65958,0.000285415594958
186893,0.000129392782525
4093,0.000273041214425
20847,0.000262385497656
25509,0.000324807910925
186874,0.000400348390817
31460,0.000118113750946
1633,6.20070266108e-05
146607,0.000142246464456
13406,3.34999970753e-05
65552,6.71482216803e-05
4579,7.81640409202e-05
63651,0.000138183567794
63650,0.00051875124732
65556,0.000238978677556
16637,0.000708168563941
65554,0.000139302497817
26071,0.000401401046535
16188,0.000124078233587
16689,0.000384125329746
61870,0.000246709637171
16681,0.000222094531146
64979,0.000434037404344
11465,0.000388986662177
24965,0.000145139841968
4494,0.000139222345881
25389,0.000290640145152
11462,0.000592133433643
65689,0.000232537929636
154056,5.4978690387e-05
134932,0.000395568189348
27920,0.00045293361529
160204,0.000645313279741
160207,0.000344544724313
10353,6.660910885e-05
162557,0.000716603956243
27928,0.000146748896673
135425,6.98031334768e-05
9372,0.000127754833438
4885,0.000208855644972
62921,0.000357711096061
17151,0.000387634232018
17150,4.01472442446e-05
102696,0.00019366379417
158743,0.000354151240993
158742,6.89871884499e-05
9171,0.000270071644893
10685,2.82446005419e-05
25186,0.000488181894839
25181,3.60889300496e-05
61900,3.03968621489e-05
61903,4.89659374914e-05
186278,0.000176050377144
186279,0.000255366542275
1820,2.94347155131e-05
1823,8.48450098636e-05
190567,0.000138080155593
149379,0.000136502943444
12262,0.000158291822226
105365,5.41720104655e-05
162129,0.000152814668311
12266,0.000391549365139
4973,7.05725803503e-05
10530,0.000168588698155
5395,0.000173897949704
122841,0.000598965298171
11805,0.000473529777945
1920,9.5903836873e-05
185345,0.000102219487769
63501,0.000149030534512
3275,0.000282315596209
1926,0.000499803687259
4225,0.000158515191391
148350,3.37681722002e-05
160331,0.000238573370532
9715,0.000444265809591
146137,0.000128699387661
124046,0.000147653215844
116029,0.000355393803916
7366,0.000357682753139
65886,0.000126296371994
12311,0.000270077015883
176725,0.000184819135053
176726,0.000298253565224
11930,3.12748668993e-05
112876,0.000664236383463
161798,0.000387529451682
179249,2.68157011528e-05
30175,0.000213730966353
133468,0.000509625325072
30170,0.00054593060407
12915,7.65212864956e-05
7022,0.000380079050464
62213,4.09400765478e-05
62217,6.08859298742e-05
3310,0.000359185078203
10221,0.000300600657171
20029,3.01348312974e-05
29733,0.000179812141755
140194,0.000884117522161
9393,0.000139247380951
184287,0.000308725341642
1728,0.00055150134467
186084,0.000169808681731
5581,0.000115905666998
5241,0.000438456727148
180822,0.000225432639517
4383,0.000152321410784
62745,0.000121163740003
179666,0.000705594975229
149620,0.00022107477217
175163,0.000265429792136
147175,0.000224334603271
178538,0.000163020706906
178539,0.000167863888313
115121,0.000621867528174
30710,0.000722290316411
175271,0.000665337519611
30714,6.21107529105e-05
178823,0.000131375651957
7799,0.00034055808259
174490,0.000313643113395
3007,0.000210004300857
28462,3.39948564113e-05
18358,0.000551420882651
28629,0.000312938403103
14304,2.81342091428e-05
14309,0.000216734760695
11896,0.000646955840672
66504,0.00017060714833
174647,0.000304290379385
189860,0.000492831595116
186437,0.000173201877972
174169,0.000229245726501
24352,0.000204664676915
126036,0.000321673512392
7154,0.000198512965502
143356,0.000410080649269
4409,6.13347022368e-05
140044,0.000458099587796
144437,0.000603409523363
62667,0.000673756400504
142251,5.16453161493e-05
29930,0.000170236087043
183366,0.000108398763803
29392,0.000197443961941
7691,0.000110634702207
188157,0.000334643148791
30007,0.000401986464529
188155,5.37246754592e-05
183581,0.000151721312877
29613,0.00015314912998
66681,0.000212394995053
12868,0.000357955477951
24291,0.000366857434402
145552,0.000144315841426
143421,0.000161567407914
8060,3.65472865124e-05
7486,3.81317506127e-05
7481,3.05322664657e-05
132518,0.000122600300822
6529,0.000799948519091
24032,0.000830045973355
8266,0.00022987850826
150937,0.000231298087596
30398,0.000740475352115
133869,0.000635556832199
133868,0.000348151864703
174389,4.99297019066e-05
29734,0.000214915702065
121717,0.000202221483105
187119,7.21707267275e-05
11060,0.000339247877707
11065,0.000121340406888
23002,0.0007813948672
183108,0.000256489239976
29649,0.000127936903379
31629,3.61694969787e-05
175013,0.000258328181785
156156,7.2575419534e-05
156157,0.000246189906588
183101,0.000669843903251
17694,0.000630007539715
17890,6.91223083413e-05
28967,0.000286494302379
174541,4.21906348821e-05
114524,0.000167381602505
129823,0.000365597396349
3835,0.000376144150223
3863,2.78356275255e-05
1722,0.000243229192322
144396,0.000140184288536
170627,0.00079118197953
66592,9.02075831067e-05
160541,0.000108193192509
160546,0.000163073479466
177930,0.000147473951848
161013,0.000162943419476
23220,0.000435013488216
23226,0.000218772215907
3735,0.000227148431816
23224,6.67015677469e-05
161014,0.000543465431976
160785,0.000253144793186
3734,0.000837181762637
160781,0.000113335830831
19137,0.00057362596396
5723,8.2124811134e-05
160838,0.000206418640851
6416,8.13529499386e-05
6410,0.000183470721409
61487,0.000463674401299
28608,0.000148464619236
27828,4.66900613023e-05
65532,0.000167935814433
66446,0.000142435791914
61646,0.000176347272752
144559,0.000104052153087
2136,0.000848135463764
189516,0.000255836450717
266216,0.000510458429976
60992,0.000115374366977
117768,0.000364064493884
11499,0.000177495893141
6733,0.000560393558627
166460,3.90517163089e-05
137131,4.51613993045e-05
162457,0.000108926770356
8087,8.2584158216e-05
4156,0.000183433501453
25095,0.00016719195085
11259,0.000324628266604
14032,8.22041313531e-05
60846,0.000853541423076
163930,4.52138084444e-05
181290,2.78815881247e-05
163935,0.000389496774267
61004,0.000244340099332
181989,4.27080050611e-05
65036,0.000828577622908
165466,0.000742692739649
165465,0.000622728983835
28119,0.000437235917623
28118,0.000295691340296
19262,0.000293966249649
130041,6.05059237254e-05
183963,0.00022294927295
22772,0.000172631140797
141460,0.000529543193498
25173,0.000586659982284
65365,8.58531334029e-05
30651,8.05277840101e-05
145049,0.000527656057075
64848,4.94779891768e-05
145042,0.000151977849829
12075,0.000203003328485
145041,0.000182768762222
145046,0.000222563863407
119574,0.000849698597964
140672,0.000414026509132
161942,0.000390307142396
31843,0.000283764361845
31846,0.000338470015903
5902,0.000351969061449
15087,0.000158456996326
165209,5.46587293642e-05
65967,0.000140732700845
10816,0.000199613863724
25774,9.59342870523e-05
150481,0.000196968617998
19318,0.000199323466921
60902,0.000302416195334
63640,3.421792644e-05
63643,0.000367267043901
24825,0.00035729438158
12559,0.000135843077116
11099,2.93799030776e-05
65765,5.13454273516e-05
184735,0.00033497075631
4560,0.000370264070457
109826,0.000268743665554
3647,0.000135775942254
15212,0.000124875286885
164369,0.000556724416224
148470,0.000400800329739
186276,0.000113540123759
11670,3.81272248534e-05
117141,0.000399717279824
11672,0.000332079591502
64480,0.000586052740437
2555,2.88481963359e-05
2556,0.000123914934322
28460,0.000111832439399
2558,0.000149124755363
170335,0.000338929889441
141389,0.000420184103176
12788,9.70520936247e-05
165846,0.000391103861879
17367,0.000602718912043
2393,0.000150108689249
2390,8.21272755929e-05
12785,7.72485626639e-05
141384,5.09547399255e-05
27932,0.000212372615775
63422,9.25324034166e-05
11376,4.60892611589e-05
27936,0.000226630604686
27937,0.00042172314322
5018,0.000142220326277
2771,0.000126690700102
27938,0.000745212097881
27939,0.00017435809611
17780,8.41106233453e-05
160233,0.000444361181195
2802,0.000207129807299
16416,0.000524183713198
17148,0.000485773183652
25201,3.00191208623e-05
17145,0.000482615161009
7977,0.000320619991133
7970,0.00029815413596
6266,6.12856908774e-05
16781,0.000653612066471
12252,0.000471729050346
4418,0.000353776271698
176404,0.000569693562383
118223,3.4975203302e-05
6268,0.000156045186927
185517,0.00076471861114
119594,0.000158347334165
6066,0.000436798018769
125601,9.97963848369e-05
2176,2.68773163497e-05
125604,8.02542388813e-05
17095,0.000230243057562
7526,0.000178557332237
122902,0.000792398813477
14828,0.000179378830815
143153,0.000274212218575
14822,0.000275820996723
113269,0.00035812413987
14824,0.000181184934614
160341,0.000782936448404
62592,7.63837671066e-05
62590,0.000337881943303
10035,0.000108159530827
5125,6.12351801666e-05
10030,5.2335105206e-05
64218,0.000167273346113
146140,0.000339807372523
61069,0.000194337608165
29011,0.000374752553395
25079,0.000354485487774
8898,0.000247975637826
175064,0.000469802760194
8892,4.69355411428e-05
3469,0.000564668060686
177882,0.000443284456852
11929,0.000400488575595
12321,0.000194869030102
186087,0.000424276831137
31718,0.000141972008227
4331,0.000243420807687
11923,0.000271853435518
11925,0.000300171094826
141720,0.000776599536567
14954,0.000178485167858
62107,0.000240594879192
14225,4.53538488664e-05
30490,0.000147297676497
21241,0.000197653901545
30495,0.000215093571858
25356,0.000214682935484
179234,0.000716653939256
25180,0.000123686892204
62553,0.000173404198489
183902,0.000235603653924
29099,0.000182460637329
29097,0.00019567382112
108664,0.000516845553664
1585,0.000103964649882
186671,0.00018916738421
29921,6.00693206368e-05
29101,7.3837543207e-05
176572,0.000137815954559
164255,0.000254943850515
18699,9.83337193842e-05
9216,3.19225620655e-05
29705,3.64277364304e-05
5234,0.000181068512577
175376,0.000132113370849
5237,0.000275711835847
164494,8.05999428825e-05
158791,0.000577384511307
176375,0.000218011693073
11811,5.37314139789e-05
2052,4.88257168911e-05
179657,2.65092134836e-05
15803,0.000448940310409
11819,9.12708025934e-05
176378,0.000276448157904
15153,0.000402260943337
29894,0.000113815625176
179342,0.000582170849198
179831,0.000721808293904
184009,4.3980557235e-05
137373,0.000214335106275
162941,0.000472400408442
109930,6.18079705226e-05
18329,0.000602794271484
3071,0.000607048859963
28477,0.000107323206383
180937,2.61794449608e-05
14311,0.000321367959414
2953,2.6216517783e-05
31702,0.000377265566267
31703,0.000820277381808
111000,0.000390108959172
1974,9.38409726736e-05
5342,0.000253144793186
7163,2.67017136828e-05
126020,2.70101021374e-05
186180,0.000569866126459
137573,0.000489272323304
30032,0.000242787255859
12140,0.00047653411941
1209,0.000297354696065
66697,4.4299732655e-05
12895,0.000129027560564
8073,2.90571086833e-05
31521,8.65804830885e-05
23107,0.000451531117366
1210,0.000105433584242
12892,0.000279772043314
18037,0.000201087668247
107032,0.000109444088099
142748,0.00011697020754
175955,0.00059073931236
3424,0.000496203440196
8272,0.000164372275699
183580,0.000407661373128
28278,0.000295784805511
2002,0.000282705705654
66210,0.0002366169835
8068,0.000149728464289
187105,3.84829893068e-05
3107,8.43712636784e-05
162894,0.000242949617302
30727,9.3473446255e-05
178752,0.000136726968187
175007,0.00034333178318
175006,9.54431313355e-05
20338,0.000168641840607
1117,3.02314028529e-05
1440,0.000313182472923
114956,0.000630630551941
174531,0.000599872542378
174024,0.000127396055975
175008,0.000660407235749
1449,8.81643926972e-05
13782,8.2486073173e-05
4091,0.000301699179015
4090,0.000691965116182
31453,0.000325500543643
4094,0.0002448852531
185194,0.000252111585701
185195,0.000418736155359
183640,0.000127313786011
6333,0.000185023089413
185190,0.000370375553561
185193,4.64931028764e-05
23587,0.000205118332653
177943,0.000115131416795
6669,0.000176844168538
66588,9.35640706869e-05
177945,0.000552495258588
66586,0.000320073364303
185355,0.000461355848524
11313,0.000324015938039
19129,0.000234158243296
160797,0.00107902758284
107325,0.000408751039422
7585,3.10130752104e-05
160798,0.000265026852318
19124,0.000651247349986
180029,4.0612492008e-05
187039,0.000151856525878
7741,0.00018821124175
61676,0.00105116519951
174449,0.000145077127129
22500,3.31895601401e-05
150258,0.000185193876451
60983,0.000182502518537
161966,0.000189032927257
8264,7.53335830834e-05
8304,6.74652848469e-05
166414,0.000460911911871
6528,5.82529209791e-05
6081,0.000398356558746
28853,0.000266688237187
61581,0.00018611783918
61585,0.000796190939782
8092,0.000116197618039
155225,0.000112951211186
61586,0.000118294090224
4145,8.70872747221e-05
163920,0.000410475769859
160196,0.00020994787959
16066,0.00031547417787
163927,0.000567629129415
163926,0.000596754568685
194956,0.000186370580704
24658,9.93539933346e-05
65021,0.000424878499848
65026,7.38126237961e-05
177895,9.1814336094e-05
177896,0.000124348147049
160488,0.0002492732892
110529,0.000288042731621
180118,3.91712140414e-05
22761,0.000112447268025
165691,0.000264657998719
1487,0.000271031930544
12978,0.000388066840356
165699,0.000707959695108
16775,0.000133206739544
66708,0.00131972567379
16777,0.000128075310369
128978,0.000712152776283
13498,0.000309679442877
158313,0.000228608789557
110250,0.00068340786478
25340,9.24034561515e-05
12065,5.71943558884e-05
6097,0.000199664945572
185177,0.000187358522029
61285,5.58583553333e-05
12669,0.000185376975478
184717,3.80450274219e-05
6653,0.000192419186849
186139,0.000368868230188
185549,0.000232249270776
177099,0.000208753046093
107817,0.000342252031353
19305,8.77703140137e-05
25749,0.000203713563784
25747,0.000260007045834
127797,0.000741525568106
25745,0.000240647775862
64844,0.000195518622973
165215,0.000616437009917
10801,0.000183329990598
65796,0.000277104342741
120358,0.000225932784923
161996,0.00058697713038
161997,0.000184044509524
63639,7.36780324651e-05
24837,4.31448299375e-05
64515,0.000536157203814
184742,0.000513853921391
266214,0.000192500291045
148469,8.9280185246e-05
185618,0.000330029682024
65772,9.93983431238e-05
12379,0.000492590763527
183826,0.000178349141203
19873,0.000393635173307
184748,0.000107116964712
183822,0.000275254705224
13421,0.000204291536402
2547,0.000197849540873
64997,0.000102634033113
153895,0.000377102533975
114608,0.00020560532418
11440,0.000315280810872
11446,9.12370463438e-05
165854,0.000169374644212
3556,2.59146495687e-05
64175,0.000229948424247
186989,0.000390905213737
12796,0.000169803421722
65587,0.000205704028814
177764,0.000230824786004
156155,0.000135276705876
3580,3.49407046476e-05
3581,2.91155868756e-05
160228,0.000432477696546
8867,0.000243706177684
27906,0.000110608451928
140938,0.000595978079932
160225,0.000129257149752
2285,0.000428775765059
182387,0.000391232027606
260774,8.46500529698e-05
64193,0.000465520113649
25234,0.000758386360616
17131,0.000144106381243
176237,7.15238018411e-05
143974,9.68503119909e-05
17132,0.000267988388169
64199,0.000572658306157
7906,0.000296368814404
17136,0.000479772292268
125580,0.000246593114731
187692,0.000149532403699
61925,8.70740915487e-05
4423,8.77547483582e-05
4622,0.000271772914797
137371,5.85029953593e-05
111179,0.000176832165256
148391,0.000764588766996
148390,0.000238891225174
64879,4.84568200199e-05
162401,0.000342319966218
122916,0.000191499820455
122915,0.000425526983945
6078,5.79477382992e-05
2615,9.16165494044e-05
176238,0.000100848681891
8493,0.000201995598189
193855,0.0004168565227
28919,6.99375203663e-05
31037,5.82668563515e-05
21440,0.000457158109881
135844,0.000127996811831
7343,0.00046657881038
16245,0.000608137987074
1906,7.44557592468e-05
10795,0.000365043667545
64228,0.00052296956898
186845,0.000716991419581
10793,0.000255812658263
149738,2.73810209632e-05
120824,3.05139785128e-05
179003,0.00048755954614
176703,0.000526110509877
143910,0.000624959090074
146156,9.45952733994e-05
163685,0.000148442026537
163680,0.000116898426252
163681,0.000459838193774
112254,0.000181189921332
185980,0.000378693614173
12338,0.000292890978686
135990,0.000175690143727
184961,0.000300645252125
138122,0.000531676097752
27875,0.0013240501779
14960,0.000125752228836
112819,6.48044652052e-05
176963,0.000126666409603
163668,0.000286673392336
163669,6.7104684309e-05
121662,0.000120666931659
2271,0.000117103618284
29082,0.00012233642278
10247,6.84892933637e-05
29086,0.000414450029161
164155,0.000138677833285
30558,6.65893880597e-05
12815,0.000394606643934
176567,0.000245551265897
144097,0.000640130123895
29710,0.000186955693092
186061,0.000145375509636
143870,0.000190208488887
29241,0.000647821045113
11861,0.000344767720301
176363,0.00087510497291
176362,2.77863632993e-05
138341,0.000587254751082
66597,3.98612165686e-05
175490,0.000155600531384
8902,4.32253251492e-05
163594,0.000477374473461
163595,0.000189056377244
163596,0.000362555313888
179132,0.000177370337054
180698,0.000503245932203
178519,8.76007731646e-05
162958,0.000555402632699
29887,0.000180762781695
184035,0.000555314840955
238157,0.000288151867645
15149,0.000418741507575
162957,0.00015701853258
112721,0.00011149684288
14369,0.000272249846796
3062,0.00014200597902
7171,0.000186757074381
28349,0.000149303698948
180905,0.000112592405285
2942,0.0001424531963
2940,0.000260370405215
1050,9.88070666541e-05
62168,0.000118364415836
174148,0.000457312364585
31739,0.000480333153449
31738,9.24138454232e-05
174637,9.37110972468e-05
14401,8.92384442088e-05
160173,0.000378645159396
65345,0.00012192553353
122266,0.000234254029759
112030,0.000198854841728
178608,0.00016518986535
147579,0.000292703233772
1690,0.000340909300947
112034,0.000186091750246
164664,0.000105997067351
179739,0.000820938374737
164660,5.70810810779e-05
118502,0.000407226100452
178172,0.000222431910106
30029,5.65683162859e-05
177446,7.70277966831e-05
12886,0.000236963644851
12884,0.000721548510148
1274,0.000195288831018
122380,0.000174385728843
184109,2.82312747552e-05
14563,0.000150002297349
14561,0.000220369374706
184101,0.000542854132019
8240,5.85666019644e-05
137602,0.000263304322655
24483,0.000340276696662
8247,0.000127057913844
8245,0.00048060419943
62016,6.94195148107e-05
12459,0.000213249401201
111064,0.000424796947535
66268,0.000148070301054
187132,0.000493275206088
162887,0.000276006435358
5379,9.45460327404e-05
166230,0.000188817587742
157955,0.000416795609741
157954,0.000520113026167
28590,5.75817309582e-05
171002,0.000246489261101
31607,0.000681841373257
23027,4.43771902406e-05
23753,0.000302647299093
61483,0.000304760429574
1300,3.16654640653e-05
8423,0.00025422880397
22373,3.57631846403e-05
66000,0.000203384815133
185180,0.000712570733042
140902,3.9247524269e-05
163939,0.00024345647307
177953,0.00017806746579
136186,0.00050789700176
122917,0.000301834059762
192255,0.000152472308607
11300,0.000220216969358
11301,6.26290475251e-05
11302,0.000215098669696
7124,6.68663775184e-05
140905,0.000667189988667
108348,7.77586898919e-05
61662,7.48950038971e-05
28620,0.000472565162245
177429,2.60860066602e-05
15363,8.00430216381e-05
9831,0.000231292151175
12407,9.51621638661e-05
24795,4.88445558476e-05
9835,0.00025008157107
110732,0.000381606297208
7759,5.82188086569e-05
23111,0.000300723086139
113093,0.000442485628089
186783,0.000326495558808
171139,0.000697505312975
7750,0.00021284350431
109699,0.000350405832156
126417,0.0007008370225
61448,0.000467520876568
27914,0.000166201772977
3937,0.000140099368553
180030,5.26395290657e-05
163916,0.000298776568506
8334,6.9753739176e-05
7309,0.000583010470314
179288,0.000277572410337
9904,0.000497585529667
61591,0.000326738806212
61596,0.000148958215428
127094,0.000121233003034
4130,3.0495043893e-05
156861,7.05105157461e-05
20423,0.000253027154139
11220,0.000245221478401
5690,4.82385495101e-05
24466,0.000374190267502
5697,2.84515390354e-05
24463,0.000288714954503
160961,7.99540749837e-05
28139,0.000358233404458
177884,0.000699464053574
24468,0.000435204751492
177881,0.000217180290182
19209,4.03649095922e-05
183903,0.000536276494426
25357,0.000294184506783
153668,0.000116509173397
64768,0.000159768562963
64766,0.000113400385455
22797,9.3044996406e-05
60888,0.000250211700234
119756,4.91320898161e-05
9324,0.000117727743608
110065,8.38427765661e-05
117018,0.000646126048005
25680,7.02613072197e-05
17120,6.31894172602e-05
4045,6.68750061814e-05
23978,8.05453179436e-05
12658,7.951252536e-05
4040,7.25954319747e-05
5338,0.000138955198323
112101,0.000214435465695
177088,9.93121451336e-05
16149,0.000406001391115
22086,0.00054753077194
24893,3.37768974877e-05
65905,6.57630904508e-05
65904,0.000779580938487
10877,0.000240970062072
1602,0.000450035745178
16890,0.000763133991336
63621,0.000834677039181
17239,0.00018182290015
24803,0.00108971795129
2282,0.000211997167074
24800,0.000504275351951
17233,0.000244054621849
124198,0.000217481603176
64699,0.000126849627444
183838,0.000144601689223
175111,0.000528636050788
186846,0.000103653293362
64690,7.69186753419e-05
183830,0.00027200528159
183833,0.000249912481268
121817,0.000236710065312
121816,0.00067236139909
121815,7.84754206539e-05
2577,0.000297777080771
11694,0.000306559211243
2573,0.000247453699452
10905,0.000162485771609
186990,0.000138106474094
186993,4.07033966003e-05
282553,0.000102847109613
65343,9.33067592832e-05
186994,0.000157714336974
10903,0.000244165099399
10902,4.35591132429e-05
11455,8.94143667055e-05
11456,0.000151985476498
64163,0.000150716544348
64165,0.000253087371927
64166,0.00041091538599
163931,0.000382868421863
21237,0.000259169481868
2595,0.000941681275645
2596,0.000114312554568
64344,7.54664498982e-05
9125,4.44872995129e-05
64346,2.67750089133e-05
2593,0.00025436058643
13794,0.00011978400687
113140,0.000361089004793
294524,0.000276322517734
27913,8.08982469593e-05
17438,0.00041426660521
125595,0.000208879386604
21238,0.000172788561979
162914,0.000154120391798
10086,3.99243416736e-05
4430,0.000308106600298
293754,0.000511026614401
188855,0.000104272473343
25224,0.000168712291271
7912,0.000393872456778
7911,0.000109506711077
191255,0.000136288314933
1878,6.50003028077e-05
4941,0.000142592575295
118081,0.000105173727992
138205,0.000118772715141
62501,0.000173005196805
7982,0.000605534867484
186206,0.00052243762276
4321,0.000187257505841
184689,0.000375215697823
184688,0.000231429828889
2111,9.01142109763e-05
184684,0.000207313454978
1559,6.95726039804e-05
122078,3.44610335178e-05
14027,0.000139504736852
62378,0.000297983991249
2628,6.71603055642e-05
185881,6.57230733364e-05
63288,8.76445208728e-05
1919,0.00019088682585
5835,3.1591180705e-05
149721,0.000176490678797
122674,0.000235929308834
10016,2.66486935582e-05
121077,0.000758035082449
65812,0.00027960633604
186336,0.000408551815246
184079,0.000465251476096
5831,0.000132555960554
2025,0.000164877344817
62972,0.000534167896591
10499,0.000277793025634
10498,0.000114463474623
62979,0.000251531508335
3144,0.000335579870793
163051,0.000622454665358
13700,4.0363938173e-05
10277,0.000286445344972
108645,0.000624752917719
140073,6.40516337965e-05
163673,0.000334648952875
179583,0.000179337668053
14790,0.00015743577456
184996,7.86790931444e-05
14793,0.000448663373494
14794,9.37368200431e-05
163678,7.94179438534e-05
176914,0.000148168070804
164585,0.000218246996314
121673,8.63159032712e-05
5210,0.000610832413021
20019,0.000645481493558
29246,0.000465741224526
5218,0.000210504942515
175157,0.0006124656699
63172,7.25037032974e-05
264265,0.000546701433279
24278,0.000346270722324
176594,0.00045885583684
149618,0.000508768962209
176592,3.72125411949e-05
176593,8.1213878822e-05
63178,0.000154251503393
29274,0.00016538828162
11872,7.8633601313e-05
176351,0.000412182966856
24725,5.95368282601e-05
112626,0.000170406001725
11877,0.000111406701843
112624,0.000433653416082
133726,0.000212788216628
175483,0.000417582030246
142088,0.000524979024544
176602,0.000206694401494
164296,0.00017814136772
179361,0.000750618309847
62374,2.630143575e-05
164293,0.000163929209658
164290,0.000483770563807
31673,0.000209002731415
29875,0.000230291349269
30234,0.000399998021294
110533,0.000366360437197
126010,3.54270132624e-05
112754,0.000384159879003
11976,3.87226590765e-05
179690,0.000423424387083
28408,0.000269917133171
7107,0.000175816515316
6865,0.000129900557402
187631,0.000584528559355
6867,0.000346151683155
156953,0.000679555285925
176282,0.000532221252139
62396,6.02099243811e-05
62391,0.000422502226787
31674,4.62955857612e-05
1045,0.000382821341701
160912,5.68983586941e-05
175739,4.21284919876e-05
3028,0.000249650663447
178619,0.000171362841817
187959,0.000721919986702
1686,5.2242797128e-05
164612,0.000292747498926
178610,0.000167277423482
4450,4.48691825678e-05
142260,0.000128412138426
30059,0.000773581888032
182827,2.95868169956e-05
184114,0.000633647540481
264713,2.71239607839e-05
8253,0.000117607251119
61589,0.000198527340221
24350,6.43662289413e-05
30055,0.000824393774155
1266,0.000110045676592
11051,6.38177985545e-05
8789,0.000258784368885
62766,0.000225342117156
1913,0.000272320381255
187128,0.000728936183932
112774,0.000127094035647
31616,0.000198409693932
3129,6.37475989244e-05
29698,2.73345941787e-05
174049,0.000119649422883
183480,0.000265328745455
19402,0.000465165712221
178507,7.86221454095e-05
29052,0.000422185186459
137351,0.000339897681925
1468,0.000134974751499
174282,5.99172786198e-05
115404,0.000151396838019
183247,0.000438186296703
144727,0.000181117560201
164059,0.000156131335872
8431,0.00021837620963
126318,7.30279944623e-05
157353,0.000287865104847
23768,4.59571627593e-05
23767,0.000724016083309
287462,8.83526612176e-05
31477,0.000248694405542
66016,0.000228488572529
28900,0.00043736324796
170297,0.000513347356396
164708,0.000241974220251
5750,0.000314319205644
12433,7.85104358635e-05
12432,0.000180874446433
147639,0.000280568764563
147638,0.000287049642325
165053,0.000101371761481
165052,0.000232129012526
185372,6.38229661586e-05
160570,0.00019658209122
114370,0.000840852264603
187588,7.76985930679e-05
15197,0.000540645304111
133949,5.27265298242e-05
5597,0.000213370340406
162988,0.000848453531969
105936,0.000394570309628
133944,0.000298234608283
180683,0.000136169503541
178767,0.000268425289248
110728,2.90570522931e-05
183797,8.14056290624e-05
61439,0.000354294583115
185083,6.77203884646e-05
61129,0.000139108014708
23812,0.000394370172401
185921,5.70081677501e-05
61122,0.0001547618507
63531,8.45634161585e-05
13906,2.56837720377e-05
3946,5.24697147566e-05
66496,0.000106061821571
25376,0.000366086335891
196159,0.000282729621535
181794,5.20697649489e-05
28397,0.000259731622286
166436,0.000728715405451
177376,0.000100473355991
4128,2.63303234115e-05
183446,0.000398804555614
63876,0.000270917685798
24678,0.000231845353236
4127,0.000248573572025
4124,2.78800245534e-05
65009,0.000403674332232
7437,0.000392466140716
170617,0.000346823126824
170615,0.000432812123383
27780,0.000312144793206
61055,0.000253277479692
61726,0.000101131597198
5680,0.000105387878319
65006,0.000255442838144
27786,0.000261057157517
25320,0.000118075823998
6386,4.05113506464e-05
62977,0.000355566451388
60894,0.000176995175054
197956,0.000100358077465
2751,8.48980418615e-05
183932,0.000222554993405
23943,0.000799379837994
176256,0.00027100913563
137232,0.000249713761606
22144,6.26961076995e-05
185797,0.000157097497022
177744,0.000324847597082
4052,0.000504333441858
163879,0.000107180823266
163878,0.000325009717491
163877,0.000172572520509
15364,0.000262611297439
4058,0.000438038286255
110387,0.000125436997479
65176,0.000661440736327
5978,0.000150474906607
177982,7.1253577106e-05
177983,0.000331816775491
160592,6.96829080328e-05
16150,0.000175118882493
8699,0.000224834125812
10860,0.000279967559403
10867,0.00042244484344
150279,0.00012971090179
150278,0.000367766946302
21828,0.000575786445702
150699,0.000161787548704
9815,0.000299438294693
15709,0.000343402223922
3619,0.000271919679224
13431,9.19936711292e-05
16889,0.000577877611159
179586,0.000647263974868
2295,0.000101774076625
170965,7.69562041678e-05
141197,0.000493382723873
25030,0.000193030283747
148249,0.000236277133114
10813,0.000206869746556
162338,0.000181336839034
29736,0.000177657860733
184569,0.000460608887407
114628,0.000446625197135
162335,0.000121929987101
10916,0.000497954314735
10917,0.000234179303044
19433,0.000119082903156
135044,0.000444640417605
24922,0.000102642541289
24925,5.55771937436e-05
7291,0.000300017919729
17115,0.000143989946519
13128,9.95354878036e-05
8512,0.000691777416299
276731,0.000142825941098
2581,6.72916875828e-05
7921,8.71838645557e-05
64408,0.000276661141007
1860,0.000187338331436
13353,0.000354321486061
186230,4.26835869339e-05
13354,9.94523954603e-05
185569,0.000515477409947
176169,8.56773618625e-05
28712,0.000285488690466
162584,0.000164294574457
4685,0.000482218974741
4936,0.000117157266138
4681,0.000123221759137
138747,0.000467210532137
13599,0.000516985204969
163113,0.000105269963
64536,7.49302946915e-05
140821,0.000309679442877
154357,0.000719224427223
24810,0.000451909670341
25979,3.58803414488e-05
2101,0.00011135258108
10005,9.59676935722e-05
5116,0.000185655916504
63543,0.000246775845685
187491,0.000141769027448
125014,3.45998823754e-05
160378,0.000343759852458
122061,0.000155617042291
10008,3.40123488752e-05
176291,0.000364031708929
5109,0.000475111841146
9599,0.000772021938034
20791,0.000263983499537
157153,0.00011549111172
64568,6.3194636176e-05
9225,2.68058293749e-05
9590,6.18391612276e-05
3439,0.000280694228066
176762,0.000560676954293
185419,7.29876250922e-05
176764,0.000227373048599
176766,0.000779755154239
186308,2.69404054384e-05
176768,0.000252737204977
146171,0.000302419325403
185416,5.55311772284e-05
179027,9.3791412675e-05
66301,0.0001279931863
163069,0.000445764522963
184785,0.000105141490122
162517,0.000235615769236
20548,0.000614744638854
62965,8.31901652999e-05
8402,4.21916547292e-05
4598,4.12938746201e-05
4842,8.14348021718e-05
4843,0.000325532578679
186344,0.000517377213828
179597,4.94241253977e-05
112295,0.000262363632968
179598,0.000497011200683
29264,0.000409177036845
29265,6.27264808338e-05
14169,3.52472794567e-05
20570,3.67111305474e-05
152109,6.88814730241e-05
17252,8.88755631885e-05
14163,0.000157661311233
29268,0.000359713874754
63383,4.06110919415e-05
121440,0.00054741386674
9083,0.000246815590126
175127,0.00078919085566
179110,0.000252948429752
111721,0.000172290470256
187833,0.000441468527121
187549,6.56254593795e-05
164266,0.000635500944752
62494,0.000101178191687
28323,0.000166846235559
134026,0.000224417620895
157080,0.000217769806237
18533,0.000215014558269
176343,5.58367666669e-05
13174,0.000240164561141
25108,0.000449265703074
11191,0.000217548297409
164284,3.46272338873e-05
176595,0.000105637704342
2960,0.00020089391718
29868,0.000122873766305
1783,2.65953266835e-05
175834,0.000241083144614
2968,0.000493274443857
30220,4.39394444918e-05
1613,0.000198787468655
62634,0.00037462861701
122536,3.58683908914e-05
7117,0.000197707561804
7116,7.62455005314e-05
24318,0.000260522535579
179686,0.000493651562295
176591,0.000205797219419
17641,0.000313622512984
108740,9.18535678963e-05
176350,0.000535250936691
62382,0.00047003173184
183324,0.000299894933684
1078,3.87369574154e-05
1076,8.98975289992e-05
3643,0.000641358810457
1075,0.000281626937316
1072,0.000178251056932
164609,0.000311994027256
179202,0.000186803061938
1678,0.000148130115841
30137,0.000471306918389
13003,6.12051195734e-05
23898,0.000510262685023
178371,0.000287684501345
30138,0.000790387223936
164607,0.000128487979977
1094,8.03815354676e-05
175004,8.82816246869e-05
3806,0.0002478060163
175900,0.000126380897121
184167,9.49585534905e-05
30822,0.000161484643112
8229,9.97766395153e-05
66393,0.000278077772757
264708,0.000336777372416
118525,0.000323288671688
148932,0.000124635219165
142956,4.47815820716e-05
178976,0.000208458065097
28742,0.000611590930641
178972,0.000381891396681
179974,7.6917199644e-05
14583,0.00030853946551
117145,0.000138923678383
171023,0.000336250920442
178083,0.000449293715852
174053,0.000208014201925
28022,0.000665346365474
160600,5.8166877479e-05
28027,0.000513215470603
178089,0.000143669928778
156933,9.61912706661e-05
31095,0.000156063313439
164046,0.00032755395867
1410,2.55551864251e-05
29517,6.4157348341e-05
183257,0.000171711877091
64223,6.52843271745e-05
1414,8.78834368542e-05
175055,0.000261705142473
18307,0.000389999043423
28938,0.000352440689187
187490,0.000375117122985
1327,0.000529816420969
133547,0.000179839876213
28930,0.000375666469112
9850,0.000131812611014
12421,0.000282151358628
137434,7.10287797539e-05
15343,0.000184421047316
137432,0.000114279833785
6900,9.22696219556e-05
12428,0.000285471830862
23577,0.000162916150914
5764,8.71959462187e-05
4201,0.000104856382221
5763,0.000292871004013
177975,7.29969919581e-05
8133,0.000239138883
12789,8.62570554029e-05
61600,7.45046537469e-05
5568,0.000171195500313
165845,0.000109994019147
137310,0.0016910309267
160742,3.3398102834e-05
5567,0.000259414601126
5560,0.000134899224734
177405,0.000324041515984
1257,0.000160306086228
1526,0.000197201611813
24912,2.88007359936e-05
28338,0.000133871230736
178798,0.000721663374301
142460,7.85565228164e-05
7733,0.000196244923136
178797,0.00021370003396
31099,0.000185640914515
63520,4.29015491971e-05
171111,0.000203930159783
26246,4.92624884227e-05
28806,0.000214885480332
66731,0.000110269166654
142462,0.000106610966996
126434,0.000132925337602
174876,6.29310573866e-05
133288,0.000861742485104
6435,3.69108734036e-05
14489,0.000102491857515
8358,0.00047088193418
5408,5.30842064478e-05
4115,0.000103661601689
6730,0.000299381450344
188663,0.000797586667026
11770,0.000256388159529
8350,0.000130333137369
6433,7.04422138109e-05
260778,0.000222287101196
8357,0.00025934099462
163891,0.000308076455509
164116,2.77055215807e-05
163946,0.000263435127689
15235,0.000297222852231
24750,8.92868658938e-05
122257,0.000536936276957
24447,0.000188646270043
170375,0.000211276177768
61739,9.57675132851e-05
178672,0.000446960849657
27790,0.000252297241464
61735,4.33376435156e-05
28155,0.000124462554479
66029,0.00026122207091
187375,0.000169422954324
4448,4.62570019156e-05
61557,5.7303634371e-05
25331,9.88314947079e-05
61552,0.000142554659634
180183,0.000516075456141
65615,0.000104496377418
25338,0.000442594237028
25339,0.000105482521916
65610,0.000250460552527
145080,6.10078291274e-05
29616,5.47694362862e-05
12635,6.56470973596e-05
28518,0.000159454225633
187596,0.000534001026421
31887,0.00011570021884
181931,0.000389793671358
117034,0.000570782512359
14370,0.000165452092503
117036,0.000214618998054
65290,0.000269852424245
4060,6.94953594265e-05
170841,0.000258044169418
4066,7.37411278704e-05
23793,0.00016058596078
65921,0.000159429950763
11509,0.000198963486183
11506,0.000413918445051
271794,0.000226180641624
163806,5.9041634869e-05
5786,0.000435984195552
150201,0.000456185620733
5783,0.000206553704357
120656,4.20604028604e-05
65108,0.000103371155801
5788,0.000143797086416
120301,0.000388827479423
5918,0.000125760188492
3607,0.000194845709592
63600,0.000327574691702
19538,0.000597170568781
63605,0.000286690686365
63971,6.55455389112e-05
186823,0.000376552999085
148239,0.000144841451451
157755,0.000149283145879
12181,0.000186226059686
25021,0.000121743186462
176017,0.000384292968189
186345,4.08938880367e-05
182788,7.44848147704e-05
6115,0.000145233195415
6116,0.000176001162102
184576,6.42402743954e-05
184571,0.000133933813147
64745,5.2549434991e-05
10920,4.56046823078e-05
166197,0.000494015455152
29722,0.000779761923232
2352,0.000175071532542
186607,0.000590127710123
109621,0.000379896680601
125794,4.07485258206e-05
3855,0.000181975301882
7281,0.000203465197612
17106,0.000296927833906
61562,0.000350404006016
10894,0.00022061934434
196855,0.000394560907015
134384,0.000284310657492
186955,8.96282182305e-05
16989,0.000500711956986
13341,9.56320373542e-05
254096,0.000157599494083
7974,0.000303516101347
118264,0.00011233893742
16981,0.000740644645133
118267,0.000266899598484
1891,7.10737703091e-05
16456,0.000124651621661
13580,4.24475512797e-05
4690,0.000456504436372
13342,0.000207838134281
4926,7.96256911326e-05
6737,0.000415092267929
148349,0.00012120120685
4699,0.000670276768581
162459,0.00063351917161
12294,0.000510509780098
154434,0.00129324273804
179741,0.000135075975741
11721,3.82898886346e-05
11729,0.000204607170926
63551,0.000378603215536
155754,0.000215640591457
5165,0.000115746084948
62823,0.000106743593199
160340,0.000448751525104
62826,0.00050669336922
170418,9.2134659632e-05
138483,0.000177609319518
21499,5.76644042944e-05
17074,0.000238817893304
17076,0.00064904350752
17070,0.000222002863006
21496,0.000403992046469
64254,0.000218869100008
185428,0.000391581240069
3429,9.41003306309e-05
20488,0.000237041730226
12250,0.000534567932554
176022,0.000549707662378
120877,0.000134191717367
186310,0.000103116905523
6334,0.000324938587551
6335,0.000106292259347
184797,0.000119807594184
144436,3.54433896739e-05
6331,9.51300580912e-05
9698,0.000352216972436
2005,0.000616396119066
62954,0.00014257743172
6338,9.75224131502e-05
165124,0.000137716410617
184117,0.000450300250478
14170,0.000161502340293
62732,0.000164191002437
14172,0.000400757923275
62730,0.0009194134409
27886,0.000531785526745
10297,9.67503678691e-05
264391,0.00022089095958
264397,2.91117986858e-05
264395,0.000119900568783
10453,0.000893376862962
10451,0.000118309439222
9555,0.000604669571574
29217,0.000115396668829
24040,0.000440808804006
3026,0.000224093416998
175131,0.000163762432507
175130,0.000400635914158
62990,0.000145907105814
187576,0.000256526596829
160293,0.000169119287253
10581,0.000382429280741
12096,2.57721583518e-05
15459,4.55901400326e-05
8901,0.000129642055326
1706,0.000256777071526
11856,0.000528649946103
26013,0.000348953081415
30219,3.5346544758e-05
284041,0.00081873680529
29855,0.000572047380549
1794,0.000120355927848
62602,0.000186854339351
6848,0.000140810410569
110039,0.000572993163609
24302,0.000367151354195
152008,0.00032759578758
6845,6.61684479889e-05
185518,6.79923357134e-05
107755,0.000622498543851
29453,0.000180823073775
183312,4.08443700426e-05
176247,0.00017210213612
13011,0.000763989491799
106418,0.000723947856252
176939,0.000161511810012
1661,0.000282112076538
176249,0.000241370658853
175913,9.50120057124e-05
30674,0.000774939390501
157855,0.00101592014572
30671,0.000209788456671
179413,0.000291623438907
136648,0.000338831758774
31276,0.00056971520966
161088,0.00023093582823
156857,0.000600092864999
4322,3.16505997994e-05
12987,7.35922243735e-05
133432,0.000371250770572
179782,0.00065568334486
2829,0.000173403259234
14597,0.000202280216814
2820,7.86896493381e-05
14590,0.00020178735833
186498,0.000549606918601
20217,0.00043580574609
3382,0.000257183737343
28034,5.76332427043e-05
7632,0.000106148182017
4807,7.66454866687e-05
17861,0.000688858085724
7636,0.00015250903028
7637,0.000211101448247
109599,0.000607237224624
136884,8.0362399969e-05
142337,0.000716226306145
1408,0.000252851138451
9699,2.65048589625e-05
157452,0.000220219384492
165728,9.87728728563e-05
28152,0.000108257259108
31418,3.28517636788e-05
4213,3.7684644075e-05
183526,0.00019510117879
16582,0.000117443850732
184981,7.66386203118e-05
185318,0.000260097902459
154714,0.000387420339235
122273,0.000201970092026
6932,0.000410602777501
177601,0.000153204740364
6936,9.78910191639e-05
9846,9.3295976358e-05
199757,0.000101265572927
8694,0.000134042320673
9849,3.05901880041e-05
8123,4.08785740555e-05
147657,0.000276717420726
8692,0.00034836860262
170748,0.000323779213386
61635,0.000137814576244
115766,0.000225662590955
66654,0.000250815101167
3093,0.000167349039174
126555,0.000271466471708
126554,0.000153978568171
1533,4.73343953409e-05
29143,0.000478954437555
25870,0.00022722659289
174401,0.000228030111081
28490,0.000436308067734
25874,0.000657221713275
25877,0.000197382296771
136265,0.000192244207992
3121,4.50604536776e-05
180083,0.000331112630372
61380,5.68394541497e-05
28819,0.000136122032589
22543,7.7656335124e-05
126423,0.000456396955259
61388,0.000240343409691
8348,0.000177336305168
177697,0.000199563440958
11228,4.70017418493e-05
140023,0.000391251870475
185227,0.000898889748379
25895,0.000320298247466
19932,0.0005720027871
62897,5.74100195436e-05
12568,6.59390133234e-05
160913,6.10021081538e-05
155174,0.000448074932385
15240,4.31310056465e-05
3639,0.000212763508223
15247,0.000250677941541
19057,0.000645128726563
28924,0.00036853971368
174317,0.000575311614637
66032,0.000118699316227
25906,0.000218115087399
174312,0.000536073719239
5903,9.34474138179e-05
174310,9.61948591803e-05
183684,0.000124834945111
180402,0.000146286995039
180405,0.000189906589783
3897,0.000243230717076
178097,0.000328491574264
117026,0.000589305151301
109919,7.45249229523e-05
16531,6.15504664505e-05
61567,0.000124877344363
117020,0.000495223350245
65607,8.71141867949e-05
8717,0.000806210200458
164099,7.73340078643e-05
3465,4.53548656439e-05
166562,0.000184279916887
166563,0.00032472331815
185119,0.000199920222639
6617,5.55717359662e-05
166564,0.000578236781503
12625,0.000355483019096
13962,8.86290496003e-05
31895,0.000261795384959
62626,0.000180291684464
7277,0.000522679832566
10840,0.00010614316807
185138,0.000104308308338
148169,0.000457094727609
65286,0.000295660613439
5860,0.000278311623633
282189,0.000540319549728
65937,6.0231251585e-05
5959,9.95476166334e-05
13765,7.90184157702e-05
11537,0.000295276949794
148223,8.4449717695e-05
4072,0.000770940733095
187215,9.05787386411e-05
61140,0.000349173109767
3964,0.000292367046607
3962,4.54096017339e-05
5792,0.000214068273336
5791,3.02636624927e-05
177216,0.000151361701623
145024,0.000153190616
180249,0.000206846118303
60942,3.26757168561e-05
154755,0.00043558112332
154757,0.000429281415751
7152,7.59952919536e-05
63986,9.73178052772e-05
141277,0.000154181117305
165943,0.000388891911022
177031,0.000208567719846
187812,0.000725307123735
187810,0.000688710003679
187814,0.000549203645621
183945,0.00045258982645
61899,0.00072420247534
65739,0.00101361925218
22053,0.000159619738044
65732,5.6561913749e-05
162076,4.02963992892e-05
266257,7.54959721322e-05
6109,0.000357432113504
2342,0.000116117856512
140759,0.000371552208982
166366,6.22955626562e-05
6104,7.35389871799e-05
119414,0.000761722900324
20109,0.000644117695698
6100,8.50776547567e-05
124036,0.000717180919721
170750,0.000781967801959
63290,0.000136034932573
124038,0.00034550624969
10930,0.000113928721365
140979,0.000458526341514
63700,0.000320270819734
25274,9.47968978498e-05
63708,0.00012790959118
9445,0.000197257771832
25279,9.01967025254e-05
161869,0.000180806646269
186960,3.17087595123e-05
186961,0.000147056888125
3708,0.000140447540389
118042,0.000574096005526
65421,6.16694407177e-05
7959,8.24954253002e-05
61685,0.000117013544649
4462,0.000133568174969
3707,8.26854566678e-05
4460,0.000402985726377
162219,0.000167288861774
17101,0.000617664088789
25241,6.20248837447e-05
13579,0.000195071932165
2124,0.000242349660018
4918,0.000256907799369
162449,0.000250878630135
162448,0.000331647145259
148356,8.25802647115e-05
13570,3.09429838705e-05
4911,0.000200627219388
12756,0.00019772002621
64088,0.000189452316232
17269,0.000165175056777
24878,5.3039221249e-05
13235,4.28861700407e-05
184542,0.000279910493448
166705,0.000270381974705
10063,0.000633488068375
163884,0.000340347970143
21487,0.000232331657145
105670,0.000151696741865
9203,0.000208106119796
5179,0.000189503572667
24783,0.000118267840635
62549,0.00017048117706
3416,0.000578026464601
185370,0.000141429742556
176973,0.00010719579936
182308,0.000157545488016
182309,0.000450354952877
64063,6.98455382547e-05
166363,0.00043002886574
165051,0.000134820439474
10000,0.000218073463039
185945,8.11996539387e-05
190959,0.000319148171462
185943,0.000620783619731
65944,0.000384601882503
176035,0.00019301054461
149177,0.00015273110674
186360,3.85738851941e-05
62948,0.000111446204003
63490,0.000274934372673
2019,0.000128923324478
144998,0.00035275450395
65609,0.000249940421055
12171,0.000220826311859
10938,0.000143119367999
4860,5.72871239614e-05
8099,0.000237981046821
4864,0.000381002316873
25711,5.60199877782e-05
133825,0.00029740572922
162717,0.000564127519991
62723,8.01263261414e-05
7938,0.000157562713707
14108,0.000426749759274
179577,0.000219296141638
264385,0.000180113772917
160809,0.000572437220062
264387,0.000141767145665
30146,5.55065431481e-05
17715,0.000399029239597
181617,0.000434201830648
9664,0.000199576098084
29206,0.000317006866044
125360,0.000284187941816
10115,9.11628828889e-05
25495,0.000327332781924
10443,0.000234549456631
21776,0.000266226720343
21777,0.000153084263306
148770,0.000719132675753
170961,0.000619664316894
7251,0.000200070670766
160281,0.000390491154284
10839,0.000119049175546
182012,0.000780970828082
160282,0.000133880090087
170969,0.000638079090357
176639,0.000176759588949
4485,0.000168905679011
7422,0.000693403213211
149082,0.000124768295993
10598,7.09107481446e-05
176325,3.22820381541e-05
112759,3.62849673089e-05
142391,0.000109263874144
13526,0.000290978855983
15199,0.000183706732998
147242,0.000333344313223
112168,7.3810309459e-05
17908,0.000625490520338
7138,0.000200464627116
260737,2.57677966155e-05
122519,4.66944082751e-05
7017,0.000309308693175
163889,0.000355905925098
175741,0.000468414464558
122515,0.0005720027871
14616,0.000144136941544
29448,0.000120512842148
29449,6.18981160922e-05
178310,0.00035245317782
142230,0.000618703658309
186158,0.000174992777283
29211,0.000554155780452
63232,0.000617849531204
5313,4.42797816316e-05
29332,0.000262940108152
2856,0.000191343497244
29446,0.000257492221878
174656,0.000101410868734
176255,5.81670989724e-05
18241,0.00032330624657
176251,0.000280763176235
5518,8.83027957577e-05
176928,5.6843447461e-05
30443,0.000276361791341
137704,0.000279420904624
15521,0.000179311736375
133885,0.000603441764802
179957,0.000370083337413
184149,0.000215290240981
31242,8.64091259128e-05
147792,0.000660765796657
142546,9.90660823295e-05
176118,0.000111809365529
3153,0.000129849532289
147183,0.0001088023625
17877,0.00011683758626
3157,0.000312531752653
7620,9.79758503187e-05
126772,7.32369293561e-05
1982,0.000180538253477
28795,0.000558877927295
3158,0.000302710055219
185926,0.000155722101476
28791,0.000164156300867
1635,0.00041003182567
24005,0.000799453642554
64162,7.27544295775e-05
187774,0.000588246195846
187775,0.000237683212759
174077,0.000647838220232
175079,3.24553971606e-05
1439,8.26404820061e-05
30205,6.2953679625e-05
29028,0.000290285816625
136725,0.000121688090904
179303,0.000181758635134
129469,0.00030263847175
129466,0.000360407229806
66281,0.000347495889096
147661,0.00150410403176
66285,0.000703081592796
66288,0.000130568253525
160989,0.000160992837747
18110,9.84553710227e-05
65540,5.02036304152e-05
15414,0.000129461029596
8113,0.000346930654941
15417,9.96634145024e-05
13375,0.0002240793238
23084,0.000296982242666
111103,4.94749168212e-05
184899,0.000169803421722
5543,0.000535299659885
14581,5.93813257281e-05
170773,0.000179542078622
29156,0.000185624626152
111864,0.000364479725921
13125,0.000177068184027
29150,0.000407988245121
29151,0.00027039989961
175674,0.000250668771025
180652,4.22617746076e-05
187687,0.000557731444198
3082,0.000658398091752
28641,2.91699301729e-05
111819,0.000578178100741
158053,0.000140435833197
61399,0.000266238582699
65050,0.000311117589046
22207,0.000108580394924
29870,0.000198039837161
7506,0.000666509639225
178081,0.000153505097368
184321,0.000297197058607
14359,0.000765238895904
184323,0.000914397228225
11234,9.51428876251e-05
13800,0.00016355542435
28176,8.07318694931e-05
12578,0.000446990629386
139201,0.000111853021519
61712,8.73100093075e-05
127377,0.000109411044707
15252,5.33976807516e-05
12576,0.000202989223599
8446,0.000329417891433
28775,8.40402920063e-05
24428,4.19264013811e-05
25915,2.71630808606e-05
174301,0.00014781484519
145407,0.000220890520185
64915,0.000216794335763
170312,7.51836912654e-05
5878,9.31618522239e-05
7401,0.00019602779858
117901,0.00027494675339
25918,0.000108179017653
25318,0.000274606052593
178684,0.00015077605344
61574,0.000111288177543
61576,9.63342994251e-05
25313,6.0078435964e-05
25314,0.000316695128942
182491,7.76087177843e-05
116504,0.00043473899728
196055,0.000644320831062
163822,2.89243819496e-05
166583,2.81445592375e-05
178529,0.00017052316244
12615,0.000181831853206
119714,5.31489839292e-05
185128,0.000104067876723
161048,0.000124197838032
148170,0.000307035433634
2812,0.000165834870079
185125,3.00653277684e-05
13714,0.000360642042808
61153,6.15948033175e-05
60979,0.000109738760942
9890,0.000210194553222
61406,0.000134760261812
61155,0.000219604597999
165710,4.82837022666e-05
61409,0.000153967298022
164408,0.000131049963047
150221,0.000418189886769
182701,0.00017324203138
65702,4.04601647948e-05
120456,4.58913301572e-05
164680,0.000505766089617
120458,0.000166107878794
30312,0.000113083315171
3622,4.69035564275e-05
2818,0.000516920894423
17180,5.51732810707e-05
174222,0.00014353526538
141363,0.000282480242788
148219,0.000352839499476
184551,0.000610300058569
148217,0.000387987734696
24344,0.000664491196228
149318,0.000185019382307
13623,0.000112337575366
2337,0.000100906322503
17184,0.000118004712416
12761,4.75101118896e-05
156153,0.000114562239031
140760,4.66418264752e-05
185058,0.0002233276125
8219,0.000289349844417
10002,0.000167467106526
181745,0.00012434710431
9919,0.000169666697585
140568,4.78194243526e-05
25481,0.00041270227348
140565,0.000122443323212
16477,0.000308366865538
174313,0.000612208214381
9472,0.000280554044576
2574,0.000172249428692
29984,7.87282311927e-05
187961,6.53478577026e-05
16478,0.000421488905297
65413,0.000504575750215
184880,5.30879530672e-05
160211,0.000213308063082
25462,8.29391754458e-05
184884,0.00050213010738
176135,0.000346125446635
24225,3.91976149309e-05
24996,0.000305214834188
6003,0.000659428970477
4678,0.000633320632147
4900,0.000124180514339
4903,0.000119520268286
4674,0.000587571273676
13562,0.000331283537871
118046,0.000373794680364
13561,0.000232168496632
25627,0.000624804460733
177966,0.000301379572137
63952,0.000188420932256
177487,0.000217555243937
24844,4.05543996308e-05
162272,0.000608281747271
161072,5.1824772095e-05
162497,0.000560917191731
9273,0.00024483915366
64275,0.000106521486535
24197,8.63452921096e-05
5149,9.19019560152e-05
186773,0.000131417490108
10056,0.000217014712007
8810,0.000352601621061
124775,0.000181400501684
156617,0.000516255913109
29612,0.000177911812826
180466,4.13115193135e-05
190590,9.84982053471e-05
63000,0.000218297636457
266160,0.00017967394295
7435,5.14079195341e-05
10349,7.44675579646e-05
150306,0.000315490536373
12142,0.000859909358978
12141,0.000840434055635
6311,0.000644280563374
10614,5.82402746392e-05
152809,4.39156552046e-05
8530,0.000114157452069
10618,6.98526293341e-05
64082,0.000158540445312
64389,0.000237510600797
3413,0.000234409124511
14113,6.41212214493e-05
6034,3.73804449827e-05
7161,2.84588926121e-05
3410,0.000211918803792
61544,6.06464334352e-05
133366,0.000165769643952
163633,0.000352157606139
6136,0.000159112866928
179094,0.000296202723153
175689,0.000101744802358
175688,0.000206382700881
7228,9.06872799189e-05
166435,0.000471987075926
10121,0.000102265989832
185624,0.000205321626751
175686,0.000268984837872
9302,0.000216485064125
10124,0.0001728292627
21743,7.81563922453e-05
13142,0.000319426862434
10692,0.000133201901864
133766,8.96782876995e-05
133767,0.000118106861574
157058,0.00012793811936
157057,0.000179980370385
133768,0.000366820776645
175110,0.000195891900218
3570,0.000283501168117
63135,0.000476592838964
4497,0.000139034352151
162127,0.000163143635243
199456,0.000265243090283
9783,0.000521212469852
2663,0.00025867916186
13380,0.000332995151743
13381,0.000378514876816
175424,0.000264964519125
4498,2.79037725302e-05
6821,0.000243966709184
120794,0.000195439497491
2938,0.000695193121518
17266,0.000241648410345
6829,2.89047840399e-05
176861,0.000587644520125
176867,0.000180650757608
133504,0.000125287325102
108778,5.60066593394e-05
165880,0.000186866503144
16845,0.00067806608164
174648,0.000536446419886
179417,0.000141423852497
66599,0.00017157507214
15350,0.000146934188005
25047,0.000172903450937
10549,0.000180950730671
14603,0.000412811320628
187363,0.000364353526953
62666,8.16531174479e-05
20204,0.000195892939481
63224,0.000513124015268
22306,0.000795500579959
29300,0.000448182496156
115757,0.000148177421625
29304,9.02780235634e-05
14282,0.000624882568297
14934,0.000301092909744
4881,0.000199505083862
186363,0.000355967308254
30473,0.000153138094174
18276,0.00057314211778
133166,0.000210339554221
30477,9.10688125015e-05
13032,3.68902264362e-05
181515,0.000425402157612
11094,0.000246978523785
8079,0.000114116346187
11096,0.000166754106187
178943,0.000915345641392
164363,0.000104131160021
179437,7.35531799683e-05
179438,0.000439057981266
8210,7.24323275047e-05
8213,6.89356337176e-05
29946,0.000108830004966
8215,0.000260125099851
8214,0.00011537268346
164368,0.000257617278239
30870,0.000255551864251
274165,9.64316730288e-05
24216,0.000179090066987
12726,0.000108498271359
7658,0.000361389892159
194755,0.000711305397355
187167,0.000771409178152
28785,3.37981127347e-05
162876,9.79504753619e-05
187164,8.06671947367e-05
139665,0.0002448852531
29015,0.000197468768217
62266,0.000102950321831
7092,0.000145922134487
3369,0.000387360549986
62263,0.00053864602025
6326,0.000270753415512
5439,0.000122490184588
3362,0.000563090995195
29830,0.000205191307413
29837,0.000384160186845
63495,0.000242408957466
8105,4.59809323014e-05
13963,5.01115219932e-05
109683,0.000427941456262
8101,7.81221846101e-05
185339,0.000279549575695
4275,3.39581399049e-05
30932,0.000536883402377
188255,0.000257203266528
183421,0.000249763169245
66290,0.000154432735188
1356,6.05769239781e-05
13323,0.000171733320546
135484,0.000330787175866
161036,0.000103902484387
5559,0.000231704421788
65011,6.94987920848e-05
180646,0.000335103046727
25852,0.000145856551408
28303,0.000454481519044
3502,0.000138876301167
174428,0.000117277277211
125000,0.000103413877415
146500,0.000135329053864
187698,0.00084454596488
66630,0.00011699748315
186743,0.000172426036062
176637,0.000266223828836
30098,0.000180420282499
29164,0.000471803266924
187690,0.000110872644586
8582,9.42120648918e-05
61163,0.000187047428657
187697,0.000147657291309
187696,3.73355192682e-05
185229,0.000166385548825
110802,4.1789352859e-05
8363,0.000354611005848
170781,0.000670028948237
145308,5.61046175296e-05
144520,0.000150468620666
12994,8.7343128035e-05
114484,0.000260190057261
11511,0.000211439739386
9063,0.000377914654254
15267,0.000162491957258
185209,0.00069828470334
5256,6.13139018807e-05
12544,0.000172635165616
113362,0.000501955449851
120297,0.000250983078346
15261,0.000271346522441
12540,0.000672759234639
5888,4.570005132e-05
12818,9.39835571737e-05
180423,4.33961695849e-05
150277,0.000853729095928
61763,9.72067024196e-05
123016,0.000184178922201
15060,0.000268143940132
61766,4.02971461523e-05
30899,2.62995061425e-05
25923,0.000131795530464
25922,0.000134731609758
28940,0.000111938182303
28762,0.00010489686215
176369,6.48550858405e-05
25924,0.000526912361857
24430,8.06813853671e-05
24436,0.000334186310083
22325,0.000902490488244
170307,0.000142575978063
110382,0.00051028659378
155738,2.66297458116e-05
4108,8.35796590793e-05
19094,0.000464156093066
3969,0.00040272009977
25676,0.000120041959617
163627,0.000407275113258
6639,0.000132336363264
11550,0.000360605296665
18654,7.73248923134e-05
11555,0.000271740190888
11554,0.000139219296853
185112,0.00067712962558
185113,0.000430412242978
23450,0.000162607860298
12603,0.000197802172774
65675,2.66675017067e-05
186451,0.000327476565748
9667,2.81175946821e-05
11291,0.000327341151646
165702,0.000103047581579
196268,0.000311643680835
196269,0.000510576652318
177780,0.000621740840006
177782,0.000297739051126
154739,0.000198248836949
4016,0.000293885645765
11399,0.00029788217412
160598,0.000147388810329
162892,0.000543461705089
151544,0.000451135378888
19431,0.000249153689891
9882,0.000216777465436
24720,4.91566929305e-05
3980,0.000222706118271
7509,6.19596999945e-05
65710,5.37877901852e-05
65247,0.000174817496367
65244,0.000112732858505
65713,0.000276356335019
65717,0.000156456144577
65718,0.000251970570151
163629,0.000213649137264
120444,6.65785641911e-05
16608,0.000430080511748
3612,3.48698612836e-05
61181,0.000123092660149
184527,0.000147268813629
119474,9.464628064e-05
127481,0.000316836819574
25130,4.22236155226e-05
61188,0.000177162969594
1447,0.00017998089767
13634,5.96350258777e-05
30576,0.000800220140186
13630,0.00026993072863
23852,3.10553998759e-05
3504,0.000136298744098
65399,0.000463870804276
20779,0.000888719969837
10441,6.94682773837e-05
117861,0.000655032304859
157415,0.000312025375028
177303,0.000101426013913
117868,0.00056132077044
3761,0.000244323757448
161843,4.70462794633e-05
161844,0.000205547973416
148772,0.000247345310538
178153,0.000131308101352
64102,0.000261989878799
63725,0.000583666455553
63724,5.39354734538e-05
63723,0.000728262983969
9465,0.000192945284453
186045,7.92695877102e-05
7257,0.000235348342161
65590,0.000110208587123
138707,9.98379154984e-05
66354,7.65694467436e-05
24980,0.000165128173801
165468,6.65225827605e-05
15520,2.8921806437e-05
106853,9.29379940492e-05
142953,0.000186856240968
166723,0.000244070091076
120093,0.000232784638446
117260,0.000268650907565
4640,0.000447350941384
3662,0.000277742558835
2497,0.000232911037374
4645,2.94685725089e-05
7315,4.89812202047e-05
116791,9.27196863196e-05
2259,0.000180499485189
253527,0.000176877943507
162264,0.000140811082322
17245,0.000516362307889
24853,0.000304042311796
63123,4.61579890732e-05
24856,0.000327009834662
17240,0.00026018588828
28296,0.000701895457036
62525,0.000214419657812
175510,0.000729754513962
10735,0.000260780708611
162489,0.000660201385254
271987,0.000344229933569
19817,0.000196207473653
7875,4.62007201089e-05
185453,0.00041641902001
28295,0.000248015152382
191055,6.6830019359e-05
186342,0.000445450333728
190580,0.000531672098887
63030,0.000291247120168
9728,0.000254604839143
2787,0.000168644361483
2783,0.000273041214425
12304,2.64804351265e-05
4809,4.19942723036e-05
12395,0.000242147275931
12392,0.000341791711294
26016,0.00015900374608
9466,0.000141981294273
26012,5.74025830689e-05
11600,0.000130332884682
26011,0.000385902258134
2073,7.01568585019e-05
6304,0.000657102560168
6307,0.000220465021414
10609,0.000100049758482
128663,0.000230009562252
22612,9.98030403949e-05
3226,0.000376088822566
13789,3.80541753352e-05
62290,7.30694841599e-05
179082,0.000182222448497
162733,0.000181723268185
179084,0.000527197783838
176781,0.000526640029275
63454,9.69918034503e-05
63456,3.06480956022e-05
121153,0.000567408853006
27981,0.000413941898023
27980,3.36916024685e-05
9317,0.000147803354731
147868,0.00020597916026
21593,0.000141988047753
27988,0.000396691335805
112366,0.000138281121456
164422,0.00010473613101
180597,0.000138454552408
185703,7.50209116978e-05
7275,5.08247814484e-05
176659,0.000308157431949
170945,0.000652334282759
7279,0.000235034037833
5087,3.09684339601e-05
3505,0.000141696783898
8958,2.85302098809e-05
155280,0.000246587880823
8551,0.000376410696469
185585,0.000284094423886
185584,5.68582598875e-05
65483,0.000263798964453
6831,0.00046912636501
6836,7.84428195203e-05
176873,7.73401617862e-05
112410,0.000519423160835
12545,8.43731360152e-05
113419,0.000151850934573
14639,6.43701860779e-05
62689,0.000271912351945
112968,0.000140657532861
10550,0.000241400466404
65896,0.000123769474087
125237,0.000309385032116
64410,0.000152879829401
187737,0.000240917103409
125234,0.000114750191844
11315,0.000154746920094
1682,8.80711884003e-05
187434,0.00038825355523
1632,0.000471575596913
121713,0.000642761359413
1634,0.00024483073653
164510,0.000336406667574
30463,0.00015640453516
121718,0.000865813540444
144066,0.000371307149959
1988,0.00010361510499
8823,0.000160948315428
4274,0.000619184729326
8826,8.5505631805e-05
13041,0.000243111114806
176275,0.000116154523127
147312,0.000520502216721
18040,0.00048167904438
6547,0.000159740131605
2817,9.41392271173e-05
2811,0.000288098376388
30649,4.44691606631e-05
179428,0.000373317296493
18049,0.000667980748712
157865,0.000497682409456
30647,0.00042189333506
30640,0.000530253105759
157862,4.42880553601e-05
30310,9.64489680283e-05
62072,0.00029266851192
14256,0.000445025126715
7647,0.000127133863765
14253,0.000562316411258
151606,0.000249565191337
3170,0.0001280840285
10466,0.000350359593007
7648,0.000247225852649
12972,0.000349513517671
119275,0.000477599442267
122175,0.000273140570342
29001,5.87056888071e-05
7085,0.000287842044979
18732,0.000315594088252
122172,0.000256571487022
20245,0.000565865924922
29791,0.000348896568644
30260,3.92162984505e-05
66286,0.000669856866511
175654,3.52718743206e-05
175308,0.000501447924609
6461,0.000229363489458
179889,0.000345787409292
175307,0.000243345226171
1743,0.00042957449067
6497,0.000125366830274
140030,0.000508735121335
1161,0.000284339690651
8176,0.000271076396327
184225,0.000431211224245
19965,0.000112868828875
144009,7.3764811878e-05
175607,0.000124471114102
4241,0.000255903208664
5520,4.14696907437e-05
5523,0.000222964989902
30888,0.000586657753518
5526,5.72051425449e-05
178846,0.000139963779447
178847,0.000347981946851
160706,0.000225894179859
29511,0.000129767542607
7923,0.000198385517016
186520,0.000287485684374
24539,0.000281851880772
14417,0.000415740497327
171155,8.93589923278e-05
180635,0.000157127309094
24533,7.95293533414e-05
28378,7.47419779396e-05
144887,0.000142887671604
11178,0.000152106792747
186591,0.000284838508325
186590,0.000145666204497
7922,0.000300745924227
5742,0.000407763503579
25848,6.2834903512e-05
31224,0.000250969608383
31227,7.358449429e-05
126056,0.000215955659956
111662,0.000704902591932
1562,4.32430958402e-05
30082,0.000538421344477
66602,0.000365482884903
29173,0.000169664472595
2990,0.000329206955627
179380,0.00023623693315
8972,0.000566523188964
27199,0.000132419265599
12804,3.33573732041e-05
181904,5.06442677633e-05
15274,0.000310013615445
65899,0.000618262230154
23195,0.000200197074819
8007,0.00061505668837
16453,6.29117741607e-05
8001,0.000277702032789
13824,8.24635076558e-05
184180,0.000587292716542
165179,3.41193379881e-05
24405,0.000174474919109
6543,8.80304769272e-05
5639,5.69187124381e-05
16836,0.000737923171076
4390,3.14201116565e-05
28194,0.000318985757652
164624,0.000103031554499
28191,0.000126278896605
160416,0.000287133258599
160417,9.54869549273e-05
136804,0.000101134117836
28209,0.000216696593125
8486,0.00013667472142
25935,5.67653446195e-05
25937,0.000376176530472
1864,0.000105146483172
