8193 1
31403 0
65541 0
8199 1
114698 1
65548 1
65550 1
122895 1
65552 1
65553 1
65554 1
147579 1
65556 1
8213 1
122902 1
8215 1
61444 1
63559 1
8219 1
24607 1
65569 1
24610 1
122915 1
122917 1
65576 1
24617 1
24618 0
24620 1
24621 1
6821 1
65587 1
8245 1
65590 1
8247 1
23220 1
31099 1
8253 1
30008 1
8257 0
28917 1
16453 1
65607 1
8264 1
8265 1
65610 1
65611 0
29733 1
139342 1
65615 1
8272 1
7911 1
24660 0
65621 1
155734 1
155735 1
155736 1
155737 1
155738 1
106589 1
16478 1
24671 1
16480 1
8293 1
24678 1
16401 1
65640 1
155753 1
155754 1
65643 1
8210 1
6845 1
8304 1
24689 1
13552 0
28691 0
8675 1
65655 1
66290 1
24699 1
65664 1
6848 1
10530 1
24708 1
65669 0
24710 1
19137 1
123016 1
123017 1
63290 1
65676 1
114829 1
8334 1
147599 1
24720 1
65681 1
155794 1
155795 1
8341 1
65686 1
24728 1
65689 1
24731 1
8348 1
8350 1
121382 1
62832 1
6552 1
28699 1
65700 1
8357 1
8358 1
65703 1
21828 1
4124 1
24747 1
65708 0
8365 1
65710 1
29063 1
65713 1
24755 1
132518 1
65717 1
147638 1
16477 1
25972 1
147644 1
118121 1
114880 1
10585 1
8386 1
8387 1
8388 1
3007 1
65734 0
12321 1
24776 1
129851 1
147658 1
65739 1
147660 1
147661 1
24782 1
150221 1
155856 1
5496 1
8402 0
2346 1
16597 1
123094 1
139665 1
24795 1
16605 0
8229 1
24800 1
24803 1
65765 1
4372 1
8423 1
114920 1
30832 1
24810 1
65771 1
16620 1
65773 1
8431 1
8434 1
19155 0
16629 1
62748 1
122921 1
8440 1
24825 1
147708 1
65578 1
8446 1
24832 1
140672 1
16642 1
16643 1
23195 1
24837 1
8455 1
24840 1
8457 1
24842 1
24843 1
24844 1
7203 1
8463 1
65810 0
25987 1
65812 1
24853 1
24856 1
13700 1
8475 1
16668 1
155933 1
155934 1
16671 1
16674 0
114979 1
8484 0
65829 1
24870 1
4145 1
8488 1
16681 1
16684 1
8493 1
16686 1
113373 1
16689 1
24888 1
16698 1
24893 1
8512 1
16705 1
24898 1
8515 1
61494 1
16710 1
16714 1
24907 1
16716 1
24909 1
30093 0
65872 1
16721 1
8530 1
2787 1
13710 1
16727 1
8536 1
64228 1
24922 1
29517 1
65884 1
24925 1
106846 1
65887 1
13712 1
147811 1
8549 1
24934 1
65895 1
65896 1
65899 1
16748 1
13714 1
28733 1
65904 1
65905 1
14296 0
65908 1
117036 1
24954 0
16763 1
65916 0
14470 1
16769 1
8579 1
5526 1
8582 1
16775 1
63724 1
16777 1
16778 1
143974 1
16781 1
139662 1
24975 1
16784 1
16785 1
24978 1
106900 1
4367 1
24982 1
24771 1
65944 1
10991 1
154056 1
62874 1
8606 1
63572 1
16802 0
8611 1
24996 1
66300 1
65958 1
25000 1
147885 1
65967 1
24648 1
8627 0
16821 1
9289 1
65609 1
16824 1
8633 1
16827 0
65980 1
16829 1
8638 1
16832 1
25025 1
16836 1
16837 1
16838 1
124321 1
8648 0
25033 1
10999 1
16845 1
8655 1
66000 1
66004 1
16853 1
16855 1
8666 1
135247 1
156125 1
13733 1
66016 1
31483 1
156133 1
25062 1
16872 1
16877 0
16878 1
8687 1
66032 1
25075 1
8692 1
16885 1
8694 1
25079 1
25080 1
156153 1
16890 1
156155 1
156157 1
66046 0
16896 1
66050 1
24662 1
25094 0
61527 1
8717 1
16910 1
66065 1
25108 1
25110 1
25111 1
66073 0
139804 1
28762 1
8734 1
25119 1
9777 1
16929 1
61531 0
25124 1
66085 1
8745 1
25130 1
123435 1
25132 1
115245 1
8750 0
12381 1
66096 0
25138 1
8755 0
25140 1
65630 1
66102 1
8759 1
112168 1
8762 1
16955 1
16956 1
16957 1
25150 1
16959 0
65692 0
113419 1
119957 1
25157 1
28769 1
31500 1
65217 0
25166 1
25167 1
25168 1
8787 1
8789 1
16985 1
16986 1
23752 1
16989 1
16991 1
25186 1
16996 1
148069 1
66151 1
26044 1
8810 1
66155 1
123500 1
16488 1
8818 1
64275 1
25031 1
8823 1
17016 1
8826 1
62911 1
146778 0
61546 1
8832 1
9664 1
156291 1
17030 1
5569 0
25224 1
66185 1
17035 1
148109 1
29755 1
139922 1
9667 1
25236 1
61398 1
5572 1
8858 1
8859 1
142106 1
8864 1
8867 1
17061 1
8872 1
8873 1
21959 1
62217 1
17069 1
17070 1
17208 1
17072 1
17073 1
17074 1
28787 1
17076 1
148149 0
17080 0
17081 1
25274 1
66235 1
8892 1
5578 1
25279 1
8898 1
25283 1
8901 1
8902 1
17095 1
12407 1
115404 1
17101 1
25296 1
139985 1
17106 1
144520 1
17110 1
66263 1
7662 0
24029 1
17115 1
8925 1
156383 1
156384 0
25313 1
25314 1
66275 1
25318 1
30161 1
25320 1
66281 1
10916 1
17131 1
17132 1
66285 1
66286 1
17136 1
66289 0
61401 1
8947 1
125975 0
61566 1
17142 1
140023 1
140024 1
17145 1
25338 1
148219 1
25340 1
25341 1
17150 1
17151 1
140033 0
2859 1
8964 1
17157 1
9573 1
17160 1
66313 1
140042 1
25355 1
25356 1
25357 1
122778 1
25359 1
17168 1
140049 1
66325 1
64054 1
148249 1
8987 1
17180 1
5594 1
122233 0
17184 1
129840 1
61574 1
120051 1
140073 1
17195 1
9004 1
25389 1
17245 1
12575 1
110728 1
66354 1
113459 1
25396 1
9013 1
25399 1
66360 1
7938 1
112095 1
115516 1
107325 1
66366 1
9023 1
66368 1
109366 1
123720 1
66379 1
61404 1
17890 1
30666 1
8333 1
121656 1
66386 1
17237 0
25430 1
17239 1
17240 1
148313 1
25434 1
65679 1
64314 1
17248 1
65680 1
115554 1
66403 1
66404 1
31218 0
17254 1
12433 1
126600 0
61586 1
115566 1
5608 1
17266 1
28819 1
17269 1
25462 1
30185 1
5134 1
66425 1
9083 1
24725 1
66435 1
66438 1
25481 1
154434 1
66446 1
66447 1
66452 1
120302 1
25495 1
9112 1
126056 1
112111 1
62225 1
13397 0
123807 1
29764 1
66465 0
66468 1
25509 1
148390 1
148391 1
65226 1
61596 1
25514 1
65881 1
31674 1
1523 1
66484 1
65772 1
25526 0
121673 1
25528 1
148410 1
17341 1
148414 1
62965 1
66496 1
4456 1
9155 1
61408 1
111491 1
156615 1
66504 1
66507 1
9170 1
9171 1
9173 1
17366 0
66519 1
15854 0
31567 1
66526 1
25570 1
61409 1
25572 1
140261 0
9191 0
25579 1
1004 1
113490 1
64410 1
156861 1
61608 1
64061 1
9203 1
1013 1
148470 1
7208 1
148476 1
17405 1
28676 0
129823 1
9216 1
116224 1
8363 1
66564 0
30209 1
107528 1
1034 1
66571 1
120877 1
1038 1
147337 1
1045 1
66582 1
25623 1
9240 1
9242 1
25627 1
66588 1
113498 1
25631 0
1056 1
25633 1
23466 1
115747 1
66597 1
66599 1
9256 1
25641 1
66602 1
9259 1
3036 1
12466 1
1072 1
66610 1
1075 0
1076 1
17461 1
1078 1
25655 1
9273 1
1082 1
64351 1
137434 1
25665 1
5643 1
9284 1
65718 1
1094 1
4128 1
1097 0
12471 1
25676 1
9293 1
1104 1
11027 1
9298 1
9299 1
1109 1
9302 1
1111 1
66648 1
9305 1
25691 1
1117 1
66654 1
9311 1
1121 1
6333 1
66660 1
9317 1
115814 1
9319 1
29909 1
9324 1
124434 1
25711 1
66672 1
66673 1
157020 1
25376 1
25719 1
66681 1
107643 1
9340 1
25726 1
124437 1
66688 1
9346 1
25731 1
124036 1
124038 1
9351 1
1161 1
66698 1
25739 1
28866 1
124046 1
9359 1
10247 1
124050 1
25747 1
66708 1
1173 1
107672 1
1177 1
140443 1
9372 1
140445 1
115872 1
115873 0
66723 1
9380 0
16582 1
121713 1
66728 1
148650 1
66731 1
148652 1
25774 1
25776 0
9393 1
5518 1
9397 1
25922 1
65737 1
1209 1
1210 1
9403 1
25789 1
121717 1
9411 1
9413 1
25322 1
25799 1
28410 1
13407 1
64375 1
25805 1
1230 1
24781 1
1234 1
5667 1
1239 1
1240 1
1243 1
1244 0
121722 0
1246 1
25823 1
120358 1
1254 1
28881 1
17640 1
1257 1
30247 1
9455 1
142644 1
153128 1
1266 1
9459 1
25844 1
150398 1
17654 0
25848 1
9465 1
1274 1
25852 1
140541 1
1279 1
9472 1
9473 1
1283 1
25860 1
132361 1
9483 1
63123 1
25870 1
9774 1
25874 1
1300 1
25877 1
123097 1
25880 1
140569 1
30255 1
17694 1
9504 0
148769 0
148770 1
116004 1
2950 1
1318 1
25895 1
25896 1
107817 1
7295 0
126615 1
63026 1
63374 1
1327 1
25906 1
17715 1
132405 1
25915 1
17724 1
116029 1
25918 1
63029 1
25921 1
9538 1
25923 1
25929 1
1356 1
31629 1
1360 1
25937 1
1363 1
121979 0
25944 0
25946 1
9563 1
1372 0
5690 1
25950 1
66059 1
17761 1
17762 1
1380 1
119014 1
1382 1
25961 1
12519 1
25964 0
31634 1
9048 1
1393 0
31689 1
17780 1
1397 1
9590 0
25976 1
25978 1
25979 1
25980 1
25981 0
9599 1
1408 1
1410 1
17795 1
140676 1
148870 1
140679 1
25993 1
9611 1
230796 1
9613 0
9614 1
64455 1
132498 0
9619 1
26004 1
132502 1
13421 1
132504 0
141037 1
124314 1
26011 1
26012 1
26013 1
61151 1
26015 1
1440 1
1441 0
124322 0
26021 1
26022 1
1447 1
146114 1
1449 1
132524 1
132525 1
132526 1
121757 1
14233 1
23450 1
26037 1
26038 1
30281 1
28916 0
1468 1
26045 1
143605 1
140736 1
26050 1
30283 1
148932 1
17861 1
1478 1
124359 1
124361 1
8084 1
9589 0
65317 1
26061 1
16813 1
1487 1
5505 1
13128 1
11903 1
148950 1
140759 1
1496 1
9689 1
61153 1
1500 0
26077 1
25433 1
157153 1
9698 1
9699 1
12540 1
124394 1
13906 0
1518 1
16637 1
116209 0
116210 0
9715 1
17908 1
62204 1
9719 1
1533 1
17919 1
140800 0
12544 1
1539 1
1545 1
127234 1
15474 0
20783 1
1554 1
124435 1
116245 0
1559 1
30398 1
1562 1
11183 1
1567 1
9761 1
157218 1
132644 1
11185 1
1577 1
9771 1
9772 1
1581 1
8559 0
30877 1
1585 1
9778 1
126417 1
9783 1
1593 1
16650 1
1598 1
1602 1
65803 1
1606 1
149089 1
2999 1
1613 1
149070 1
1618 1
1619 1
9812 1
143630 0
9815 1
149092 1
149082 1
12559 1
22695 0
7692 1
11511 1
1632 1
1633 1
1634 1
1635 1
140900 0
140902 1
9831 1
140904 1
140905 1
1642 0
9835 1
60950 1
15293 1
63080 1
1650 1
1651 1
16227 1
9846 1
1641 1
18040 1
66242 1
108154 1
1659 1
22122 1
1663 1
19150 1
18049 1
18051 1
1669 1
26246 1
63084 1
9867 1
1677 1
1678 1
9872 1
12568 1
1682 1
31683 1
1686 1
16665 1
9880 0
7694 1
64160 1
108188 1
111493 0
12877 1
9890 1
122263 1
150477 1
60887 1
9841 1
1704 1
157353 1
1706 1
9899 1
63951 1
120593 0
61725 1
9904 1
140977 1
140979 1
15060 1
62797 1
124599 1
116409 0
1722 1
8479 1
9916 1
18110 1
22543 1
1728 1
9921 1
9922 1
7922 1
124615 1
31692 1
1655 1
12578 1
141007 1
9937 1
65827 1
14525 1
9849 1
124636 0
124638 1
61733 0
9954 1
22139 0
8486 1
18152 1
63100 1
16679 1
1773 1
1661 1
9969 1
15315 0
141044 1
1783 1
26360 0
3028 1
6431 0
114628 1
22144 1
1794 1
61739 1
9988 1
124678 1
7127 1
157452 1
4049 1
9999 1
127377 1
108306 1
149268 1
24878 1
121817 1
10008 0
127177 1
127279 1
1820 1
10013 1
1823 1
10016 1
138203 1
65841 0
21598 0
19420 0
141098 0
111629 1
18221 1
116526 1
138205 1
117035 1
10033 0
24066 0
10035 1
145186 1
61496 1
10044 1
117358 0
18241 1
13963 1
1860 1
9882 1
10056 1
1866 1
7138 1
10063 1
61711 1
7139 1
22544 1
1878 1
61753 1
1884 1
1891 1
18276 1
10085 1
62261 1
124775 1
116586 1
120816 1
145042 1
1902 1
10096 1
23528 1
1906 1
128659 0
132980 1
15337 1
60894 1
1913 1
1914 1
61759 1
132988 1
10109 1
1919 1
1920 1
10115 1
30358 0
1926 1
116615 1
10121 1
128663 1
10124 1
141197 1
141198 1
113269 1
26520 1
18329 1
26523 1
1949 1
1951 1
108449 1
1050 1
28998 1
10150 1
120301 1
12615 1
10156 1
15346 1
10159 0
1968 1
1969 1
1971 1
141236 1
18358 1
133047 1
1976 1
133049 1
1979 1
18364 1
1981 1
1982 1
118793 1
4223 0
1988 1
22177 1
1995 1
10190 1
23544 1
2002 1
10195 1
2005 1
10198 1
7161 1
10200 1
60914 1
125274 1
31738 1
141278 1
147792 1
2019 1
5798 0
11372 1
2025 1
157676 1
10221 1
61389 1
2033 1
2034 1
29011 1
110562 0
116393 1
10232 1
10235 1
2044 1
9898 1
2049 1
2052 1
124934 1
18439 1
14253 1
24346 1
2060 0
141097 1
64515 1
64991 1
16729 0
125276 1
31748 1
10266 1
12634 0
6343 0
2080 1
1712 1
116770 1
116772 1
10277 1
2086 1
157735 1
13163 1
133164 0
60900 1
10286 1
141359 1
133170 1
141363 1
18484 1
8542 1
116791 1
10296 0
18100 1
8543 1
2111 1
2113 1
10306 0
141381 1
141382 1
125000 1
140983 1
2124 1
10321 1
149010 1
141397 1
125014 1
149177 1
2136 1
2138 1
10331 1
10332 1
5818 0
106853 1
2146 1
108645 1
9125 1
7185 1
10345 1
2154 1
8551 1
10349 1
10353 1
149618 1
2163 1
149620 1
18549 1
108664 1
134164 1
9919 1
133246 1
2176 1
14016 0
16747 1
13166 1
10374 1
2184 1
15383 1
10380 1
8234 1
2193 1
10386 1
141459 1
141460 1
8699 1
10390 1
10391 1
61435 1
16751 0
141469 1
10439 1
24783 1
16752 1
10405 1
10407 0
133288 1
116906 1
10411 1
2220 1
12658 0
2222 1
10417 0
123998 1
4467 1
10420 1
16441 1
2230 1
141497 1
12895 1
2237 1
110721 1
108740 1
2246 1
3105 1
10441 1
10443 1
64546 1
2255 1
133328 1
151928 1
6349 1
2259 1
1439 1
10453 1
143443 1
8266 1
1743 1
11805 1
2269 1
18654 1
2271 1
10466 1
8571 0
4476 1
108778 1
7762 1
17534 1
4477 1
22717 1
2290 1
10484 1
133366 1
2295 1
63188 0
2299 1
10498 1
10499 1
13443 1
8577 1
10504 1
3116 1
10507 1
23809 1
25173 1
17255 1
18705 1
26898 1
25984 0
11310 1
10519 1
2328 1
117018 1
117019 1
117020 1
14535 1
12677 1
118738 1
2337 1
117026 1
117028 0
2342 1
150577 1
2345 1
117034 1
106887 1
18732 1
10541 1
108846 0
133424 1
133425 0
125234 1
125237 1
10550 1
147849 1
133432 1
10553 1
18746 1
29066 1
63602 0
8972 1
10565 1
10567 1
62046 0
10581 1
2390 1
2393 1
125604 1
125275 1
133468 1
61706 1
132369 1
14810 1
12688 1
2402 0
2403 1
18788 1
10597 1
10598 1
12689 1
4498 0
10609 1
29075 1
9355 1
10614 1
10615 1
24980 1
10618 1
117115 1
63639 1
133504 1
23616 1
133506 1
2435 1
2436 1
2437 0
10631 1
16791 1
2444 1
30445 1
2448 1
11811 1
112366 1
117142 1
141720 1
117145 1
147657 1
137801 1
21675 1
10656 1
10658 1
2467 0
64186 0
117161 1
108970 1
133547 1
125357 0
125358 1
20893 0
125360 1
9063 1
2484 1
4510 1
141384 1
2490 1
65702 1
2497 1
62823 1
10692 1
63812 1
15359 1
2504 1
65045 1
7245 1
23270 1
2518 0
2521 1
24185 0
16531 1
10726 1
3153 1
2536 1
2537 1
2538 1
29095 1
10733 0
10734 0
10735 1
18928 1
4520 0
2547 1
10740 1
12713 1
2555 0
2556 1
2558 1
7253 1
63232 1
29099 1
10757 1
137943 1
150024 1
7409 1
25331 1
2573 1
2574 1
30910 0
64175 1
2577 1
30467 1
141845 1
62553 1
109079 1
10777 1
61871 1
150044 1
2589 1
65048 1
2593 1
2595 1
2596 1
10789 1
115121 1
10793 1
2602 1
10795 0
2606 1
10801 1
65971 1
2615 1
12824 1
149299 1
2620 1
10813 1
27199 1
15363 1
2628 1
10827 1
10832 1
61880 1
62555 1
27747 1
62266 1
63246 1
10839 1
10840 1
141913 1
133724 1
125533 1
133726 1
117861 1
10000 1
133731 1
133732 1
11366 1
109158 1
2663 1
19049 1
10860 1
10002 1
19054 1
25021 1
24912 1
19057 1
10867 1
10868 0
2677 0
16456 1
11669 1
150139 1
19069 1
10005 1
109186 1
7275 1
10884 1
141957 1
133766 1
133767 1
133768 1
133769 1
116503 1
10894 1
125583 1
125584 1
116504 1
31854 0
19094 1
10903 1
10905 1
10906 1
125595 1
112410 1
141982 1
141983 1
65831 1
150179 1
150180 0
10917 1
10920 1
2731 1
13474 1
64626 1
2735 1
142003 1
19124 1
29129 1
150201 1
10938 1
2751 1
133825 1
10946 1
61899 1
142023 0
61900 1
14114 1
150222 1
29133 1
19152 1
28933 1
2771 1
19156 1
19158 1
19159 1
3619 1
16847 1
10974 1
2783 1
140030 1
23790 0
142459 1
10981 1
10983 1
10984 1
112752 1
133866 1
133868 1
133869 1
121754 0
133871 1
2802 1
2803 1
2807 1
2811 1
2812 0
133885 1
133888 1
2817 1
2818 1
11012 1
150277 1
109318 1
150279 1
142088 1
19209 1
119173 1
25047 1
150284 1
2829 1
138122 1
1837 1
109699 1
10030 1
14581 1
11032 1
109338 1
2845 1
11038 1
2849 1
150306 1
12365 0
14129 1
2856 1
11051 1
138123 1
64199 1
11056 1
116531 1
11060 1
149721 1
2870 1
31881 1
133944 1
63297 0
29151 1
133949 1
19262 1
25056 1
11074 1
2883 1
2884 1
63927 1
2886 1
2888 1
31739 1
113301 0
4579 1
117902 1
11094 1
2903 1
11096 1
31887 1
2909 0
25285 1
133985 1
133987 1
2916 1
120300 1
26557 1
11115 1
27794 1
109423 0
109425 1
65838 1
11124 1
132799 1
19318 1
119273 1
2938 1
150397 1
2942 1
19605 1
11142 1
2951 1
2953 1
134026 1
64663 1
134031 1
2960 1
128978 1
142230 1
2968 1
11161 1
19355 1
134044 1
15459 1
11169 1
125860 1
149318 1
2982 1
11178 1
142251 1
2990 1
2991 1
1864 1
142260 1
11191 1
7985 1
118734 0
19390 0
61941 1
3011 1
118227 1
145228 1
19402 1
138402 1
150478 1
151222 1
3024 1
150481 1
3026 1
11427 1
11220 1
19415 1
134104 0
11225 1
11213 1
11228 1
156154 1
31763 1
65911 1
3041 1
11234 1
19427 1
19428 1
19431 1
3048 1
19433 1
3054 1
143869 0
62296 1
19742 0
26016 1
111102 0
3062 1
3063 1
11257 1
11259 1
3071 1
11264 1
25088 1
142339 1
30550 0
117768 1
3082 1
109580 1
16898 1
3087 1
109584 1
65215 0
2285 1
24926 1
3093 1
5977 0
11291 1
5978 0
109599 1
11296 1
11440 1
150562 1
3107 1
11300 1
11301 1
11302 1
11304 1
5980 1
142380 0
122034 1
142382 1
63976 1
11313 1
12379 1
11315 1
3650 1
109621 1
3126 1
3129 1
126010 1
121938 0
3138 1
25099 1
126020 1
3144 1
11340 1
63663 1
11343 1
121493 1
19537 1
19538 1
5987 1
3156 1
3157 1
3158 1
11351 1
64209 1
3164 1
11361 0
3170 1
3171 1
19557 1
117862 0
12108 1
3178 1
11371 1
117868 1
137131 1
31203 1
11376 1
20019 1
19570 1
109683 1
2561 1
27765 1
27766 0
61755 0
27771 1
142460 1
63338 1
142462 1
12821 1
27776 1
142465 0
137067 0
27780 1
147990 0
11399 1
27784 0
27786 1
27790 1
117903 1
27792 1
117905 1
3218 1
12655 0
3221 1
3226 1
4199 1
3231 1
11424 0
60938 1
12827 1
134308 1
7366 1
3238 1
10097 1
27816 1
16924 1
150699 1
125315 1
3246 1
27823 1
15111 1
27825 1
27828 1
25118 1
11446 1
23753 1
126136 1
11450 1
126140 1
11455 1
11456 1
3265 1
27842 1
27845 1
11462 1
27847 0
60977 1
11465 1
3275 1
3277 1
3278 1
30584 1
28668 1
24114 0
11480 0
25554 0
11482 1
141178 1
3297 1
27875 1
29864 1
150761 1
27882 1
11499 1
142546 1
3310 1
3311 1
134384 1
11506 1
118003 1
11508 1
11509 1
148009 1
30662 1
11513 1
11514 1
109823 1
109825 0
109826 1
66091 0
3333 1
109831 1
3336 1
27913 1
27914 1
11531 1
110588 0
3342 1
11535 1
27920 1
27921 1
109842 1
18307 1
27924 1
27925 1
27928 1
118042 1
27932 1
22207 1
3358 1
27936 1
27937 1
3362 1
11555 1
3365 1
11558 0
3369 1
11566 1
134447 1
3376 1
134452 1
150837 1
150838 1
27960 1
11580 1
27965 1
11584 1
4005 1
3394 1
30603 0
118084 0
3399 1
12855 1
27980 1
138466 1
3407 1
11600 1
3410 1
64739 1
27988 1
3413 1
27991 1
3416 1
11609 1
13480 1
27997 1
19807 1
3424 1
28003 0
3429 1
109926 1
14225 1
109929 1
118122 1
118125 1
118126 1
3439 1
28016 1
118502 1
126322 1
11636 1
28022 1
6036 1
60796 1
11646 0
60800 1
60801 1
28034 1
30614 1
11657 1
29250 1
60814 1
27886 1
11670 1
60823 1
11672 1
150937 1
28058 1
142748 1
157354 1
19873 1
60835 1
11684 0
11573 1
19878 0
11687 1
3497 1
60845 0
11694 1
3504 1
3505 1
110679 0
138483 1
5697 1
31214 1
12874 1
61402 1
14808 1
66630 1
30843 1
19911 1
11720 1
11721 1
11722 0
60875 1
3532 1
118223 1
11729 1
13484 1
118228 1
16974 1
28118 1
28119 1
126424 1
142811 1
19932 1
60893 1
142814 1
126434 1
11747 1
11748 1
60902 1
28135 1
151016 1
3562 1
28139 1
24669 1
62313 1
110065 1
3570 1
60916 1
64766 1
126454 1
28152 1
29268 1
11770 1
28155 1
3580 1
3581 1
16981 1
3584 1
7116 1
19713 1
28168 1
25761 1
3594 1
2697 1
125054 1
60942 1
63405 1
28176 1
11793 0
110100 1
13759 1
28182 1
3607 1
28184 1
60953 0
3612 1
134685 1
111961 1
111864 1
118304 1
30640 1
28194 1
28195 1
28775 1
3121 1
151078 1
28200 1
25180 1
11818 1
11819 1
28206 1
25181 1
28209 1
60979 1
20021 1
8850 1
60983 1
28216 1
133044 1
3643 1
20028 0
20029 1
60990 1
3647 1
60992 1
11842 1
7435 1
61544 1
1974 1
30946 1
11796 1
30647 1
61004 1
12898 1
3662 1
110160 0
110164 1
11861 1
141241 1
28248 1
28249 1
126554 1
126555 1
63135 1
20064 0
142945 1
110179 1
61028 1
11877 1
11537 1
24432 1
142953 1
28266 1
8807 1
142956 1
11538 1
28765 1
149437 1
63422 1
28278 1
61047 1
11896 1
151161 1
3707 1
3708 1
28285 1
3711 0
22829 1
124358 1
11907 1
140061 1
61061 1
11910 1
126599 1
28296 1
126601 1
11914 1
61068 0
61069 1
28303 1
11923 1
134804 0
11925 1
3734 1
3735 0
11929 1
11930 1
14309 1
28316 1
146714 0
11934 1
11935 1
28320 1
28322 1
28323 1
28325 1
20134 1
66161 1
11944 1
62592 1
3756 1
115314 0
10305 1
3761 1
28338 1
12915 1
28340 1
11550 1
28342 1
4601 1
122143 1
107446 1
134845 0
126654 1
145308 1
61121 1
61122 1
111103 1
62070 1
11974 0
31223 0
11976 1
61129 1
3786 1
27938 1
3793 1
61140 1
1998 0
28374 1
11856 1
20185 1
63781 1
61147 1
28380 1
3806 1
3807 1
143073 1
61155 0
28388 1
3813 1
3814 1
118503 1
12884 1
20202 1
64807 0
20204 1
28397 1
61166 1
61167 1
3824 1
63541 1
61171 1
21118 1
28408 1
3833 1
126714 1
3835 1
61181 1
126718 1
3840 0
25216 1
145854 1
61187 0
61188 1
61192 1
3851 1
20237 1
12046 1
3855 1
2008 1
28435 1
134932 1
12053 1
61206 1
3863 0
4740 1
122159 1
61212 0
64511 1
6639 1
13354 1
28460 1
61229 1
3886 0
30685 1
143153 1
110387 1
6110 1
28471 1
3897 1
12090 1
12091 1
28477 1
2312 1
110399 1
12096 1
14304 1
61253 1
20296 1
20297 1
28490 1
3916 1
3917 1
12110 1
12111 1
61264 0
19305 1
28501 1
28502 1
61490 1
28504 1
6116 1
12122 1
12123 1
61276 1
12125 1
12126 1
149477 1
21136 1
22772 1
66690 1
12136 1
105698 0
12138 1
151403 1
12140 1
3949 1
12142 1
12143 0
12144 1
63417 1
20338 1
61302 1
3962 1
3964 1
124196 1
3969 1
3971 1
135044 1
12950 1
118081 1
143240 1
61321 1
12171 1
3980 1
61325 1
14590 1
28563 1
28564 1
12181 1
61335 1
110488 1
61338 1
61339 1
61340 0
12189 1
4001 1
29705 1
111974 1
61350 1
15084 1
4764 0
64621 1
61356 1
112626 1
28590 1
4016 1
140071 1
29105 1
61364 0
29342 1
12215 1
28600 1
28603 0
4029 1
12222 1
28608 1
110529 1
61380 1
110533 1
20423 1
4040 1
12233 1
12234 1
63479 1
61388 1
4045 1
28622 1
27981 1
28624 1
61393 0
61394 1
61396 1
61397 1
12246 1
61399 1
61400 1
12964 1
4058 1
61403 1
12252 1
28637 1
61406 1
148133 1
12256 1
4065 1
4066 1
61414 1
12263 0
4072 1
10236 1
12266 1
61420 1
64850 1
4078 0
61425 1
12274 1
61427 1
63486 1
4087 1
4090 1
4091 1
143356 1
4093 1
4094 1
61439 1
61441 1
61442 0
28675 1
24414 1
30688 1
28678 1
4103 1
20488 1
29356 1
118795 1
4108 1
13503 0
12304 1
61557 1
4115 1
28696 0
14340 1
7556 0
29359 1
28700 0
23898 1
4127 1
28704 1
148531 1
4132 0
8881 1
28712 1
61483 1
28717 1
61487 1
61489 1
12338 1
124254 1
151606 1
141321 1
8811 0
61498 1
109919 1
4156 1
143421 1
133945 1
12352 1
28737 1
4162 1
12139 1
20548 1
132599 1
28742 1
28744 1
61513 1
13505 1
28749 1
61518 1
2061 1
143441 0
28754 1
122211 1
61567 1
28758 1
152249 1
12377 1
4186 1
110683 1
118876 1
110685 1
61534 1
109925 1
4193 1
4194 1
127075 1
12389 1
12390 1
143463 1
12392 1
4201 1
28778 0
12395 1
27906 1
61552 1
28785 1
12403 1
61556 1
4213 0
61558 0
28791 1
61560 1
61562 1
28795 1
30692 1
4222 1
19508 1
4225 1
61570 1
3465 1
12421 1
4230 1
61575 1
61576 1
145431 1
110732 1
144066 1
12430 1
61583 1
61584 1
4241 1
4242 1
61587 1
61589 1
28822 1
61591 1
61592 1
12441 1
5597 1
4251 1
151708 1
29381 1
61600 1
28834 0
6171 0
28836 1
61523 1
143526 1
143527 1
110760 1
61610 1
12459 1
20653 1
4273 1
4274 1
110771 1
28853 1
13831 0
4279 1
12472 1
138612 1
28858 1
61627 1
12478 1
138613 1
61407 1
63520 1
12482 1
61635 1
8599 1
12485 1
127174 1
61640 1
144076 1
61519 1
127179 1
28877 1
61646 1
61647 0
110801 0
110802 0
28884 1
30751 1
61655 1
61656 0
102617 1
11649 1
61661 1
61662 1
2085 1
4321 1
4322 1
64891 1
28900 1
10278 1
12518 0
17105 1
4331 1
61676 1
30423 0
61679 1
122078 1
4340 1
61685 1
61686 0
28919 1
61688 1
61689 0
119034 1
61691 1
28924 1
61693 1
61694 1
4351 1
4352 1
12545 1
28930 1
25302 1
61703 1
28937 0
28938 1
28940 1
143629 0
28942 1
143631 0
61712 1
4371 1
65886 1
151829 0
61719 1
143640 1
61721 1
4826 1
61726 1
4383 1
12576 1
61730 0
63018 1
61732 1
12581 1
4390 1
28967 1
61737 1
28970 1
20779 1
12589 1
66586 1
61745 0
61746 0
116787 1
143668 1
12597 1
12598 1
20791 1
61752 1
4409 1
12603 1
135484 1
4415 1
13786 1
17120 1
4418 1
61763 1
61766 1
4423 1
29001 1
63543 1
12620 1
4430 1
12625 1
4434 0
25315 1
127316 0
10297 0
61786 1
12635 0
29021 1
143710 1
4448 1
61793 1
4450 1
29028 1
66278 1
138641 1
29032 1
61803 1
4460 1
4462 1
20847 1
29040 1
13032 1
119154 1
23955 0
28518 1
63707 1
61815 1
61816 1
6207 1
29052 1
12669 1
29055 1
29061 1
12679 1
61832 1
143754 1
7575 1
61836 1
29069 0
4494 1
61839 1
4496 1
4497 1
29074 1
12691 1
26064 1
4503 1
127384 0
29082 1
126721 1
29085 1
29086 1
6213 1
29088 0
66288 1
4515 1
16790 1
12711 1
20904 1
29097 1
61866 1
4523 1
111020 0
20909 1
12718 1
12719 1
119216 1
119217 1
29107 1
29108 1
12726 1
29112 1
61885 1
10244 1
66649 1
29121 0
13046 1
29127 1
4553 0
29131 1
127436 1
61901 1
127438 1
61903 1
4560 1
148475 1
123995 1
12756 1
12757 1
29143 1
111064 1
12761 1
12762 0
4572 1
29150 1
127455 1
61921 1
29340 1
140027 1
29156 1
64934 1
127462 0
112721 1
127464 1
29161 1
119275 1
29164 1
29165 1
26067 1
66301 1
12785 1
24976 1
4595 1
12788 1
135669 1
4598 1
20983 1
127480 1
127481 1
127484 1
4605 1
143870 1
119295 1
4608 1
20993 1
4611 1
12804 1
60984 1
61960 1
24704 1
108631 1
11065 1
4622 1
12815 1
141400 1
119314 1
142463 1
60846 1
29206 1
61976 1
12825 1
29211 1
12828 1
28018 1
4640 1
29217 1
61988 1
4645 1
12840 1
61996 1
12845 0
12850 1
127539 1
129118 0
29070 0
13065 0
29241 1
4666 1
61352 1
29246 1
62016 1
111169 0
4674 1
4675 1
12868 1
21061 1
4678 1
140044 1
21066 1
111179 1
4685 1
62221 1
29264 1
29265 1
4690 1
62036 1
152149 1
115090 1
29274 1
4699 1
29278 1
18533 1
29282 1
64955 1
29284 1
2150 1
26071 1
29287 0
12904 0
62057 1
135788 1
12909 1
62064 1
22632 1
4723 1
29300 1
143990 0
29304 1
119417 1
64534 0
119419 0
135805 1
12926 1
62079 1
29312 1
4737 1
4739 1
29316 1
63716 1
2340 1
62088 1
144009 1
144010 1
29323 1
21132 1
62093 1
121819 1
12944 1
12945 1
29332 1
4758 1
4759 1
21144 1
29338 1
62107 1
12956 1
29341 1
62110 1
4768 1
29345 1
29346 1
4771 1
135844 1
21163 0
12434 1
21159 1
13798 1
62123 1
12972 1
6433 1
10252 0
62237 1
3946 1
62129 1
119474 0
4790 1
111287 0
135865 1
140063 1
63917 1
133367 1
149621 1
12992 1
4801 1
21186 1
119493 1
29382 1
4807 1
4809 1
29386 1
13003 1
29388 0
29389 1
29392 1
4818 1
13011 1
13013 1
65670 1
116857 1
62168 1
13092 1
62170 1
11727 1
4830 1
144097 1
13027 1
5071 1
4839 1
5125 1
4842 1
4843 1
4844 1
62189 0
119535 0
21232 1
13041 1
138707 1
21237 1
21238 1
144119 1
62200 1
29433 0
24712 0
29435 1
21244 1
13054 0
24021 1
4864 0
18560 1
20075 1
28947 1
29446 1
144135 1
29448 1
135945 1
110039 1
29453 1
113367 1
17197 1
62224 1
60888 1
29459 0
63448 0
4885 1
119574 1
29463 0
29466 1
62236 1
135965 1
135966 1
122355 1
135969 1
5073 1
62243 1
4900 1
128098 1
4903 1
119594 1
112775 1
17202 1
5379 1
4911 1
62257 1
135986 1
29492 1
127797 1
4918 1
62263 1
21300 1
13114 1
105951 0
4926 1
126423 1
30170 1
7648 1
29507 0
13124 1
13125 1
29511 1
4936 1
29514 1
29515 0
60898 0
127094 1
14477 1
9016 1
62290 1
3555 1
112473 1
10382 0
13142 1
29497 1
4802 1
3556 1
121553 1
29533 1
151832 1
24037 0
24965 1
13155 1
29542 0
29353 1
127282 1
4973 1
66646 1
25405 1
29553 1
25406 1
13174 1
62330 1
4988 1
140897 1
21374 1
62335 1
13184 1
111490 1
13187 0
111492 1
13189 1
13193 1
108695 1
13198 0
13200 1
65006 1
14489 1
4932 0
5018 1
29930 1
5020 1
14490 1
29601 1
119714 1
13219 0
29606 1
28145 1
29609 1
62378 1
13227 1
29612 1
29613 1
62382 1
21423 1
29616 1
111537 1
13235 1
62388 1
21429 1
5046 1
62391 1
29624 0
13241 1
5050 1
62395 1
62396 1
62399 1
21440 1
63181 0
65014 1
137378 0
119753 1
138743 1
119756 1
29645 0
29647 1
122360 1
5074 1
6307 1
12717 0
13135 1
29661 1
130041 1
5087 1
60923 1
29668 1
29669 1
17233 1
13288 1
13289 1
14503 1
29677 0
21487 1
21488 1
13139 1
5109 1
65365 1
144375 1
21496 1
136186 1
21499 1
29692 1
29693 1
21503 1
62465 1
29698 1
30891 1
21508 1
29701 0
64552 1
62472 1
5129 1
13323 1
144396 1
29709 1
29710 1
21519 1
13328 1
13329 1
60931 1
13332 1
6308 1
66393 1
29722 1
62491 1
13340 1
5149 1
13342 1
29728 0
29729 1
62501 1
29734 1
29736 1
13353 1
62506 0
5165 1
111662 1
62511 1
5169 1
29746 1
144435 1
62516 1
13365 1
29751 1
62520 1
13369 1
5179 1
29756 1
62525 1
13375 1
13378 1
5187 1
13380 1
13381 1
136264 0
122380 1
136267 1
121834 1
14260 1
62549 1
15092 1
17252 1
5210 1
21595 1
10426 1
13406 1
29791 1
5216 1
13409 1
5218 1
111721 1
11147 1
111723 1
5229 1
14606 1
62575 1
62065 1
5234 1
136307 1
6334 1
62582 0
13431 1
13432 1
28180 1
29818 1
6335 1
62590 1
29823 1
13440 1
5250 1
7267 1
152708 0
29829 1
5254 1
62599 1
5256 1
62602 1
29837 1
62317 1
60952 1
29550 1
29846 1
28185 1
28295 1
62618 1
21659 1
29852 1
65050 1
28256 1
62626 1
111779 1
5284 1
119974 1
13169 1
62632 1
62634 1
63687 1
29868 1
29870 1
144559 1
62640 0
62642 1
29875 1
21685 0
21686 1
22729 1
62649 1
5306 1
122674 1
63690 0
29886 1
19817 1
5313 1
13509 1
13510 1
62666 1
29899 1
29900 1
29901 1
24531 1
5327 1
5330 1
118307 1
13525 1
13526 1
5336 1
5338 1
13531 1
13532 1
62686 1
111839 1
62688 0
62689 1
3622 1
13542 0
152809 1
62698 1
62700 1
5357 0
29934 1
21743 1
120048 1
13554 1
10451 1
29940 1
13557 1
29942 1
62712 1
13561 1
13562 1
29948 1
25201 1
119316 1
153813 1
144640 1
62336 1
13570 1
29955 1
13572 1
62728 1
62730 1
13579 1
62732 1
62733 1
21776 1
21777 1
13025 1
5395 1
62740 1
137662 1
62745 1
5404 1
13597 1
13599 1
5408 1
13602 1
62755 1
62756 1
118321 1
29992 1
5417 1
138481 1
29996 1
29997 1
5422 1
62768 1
130048 1
13619 1
133844 1
2270 1
30006 1
13623 1
5432 1
13625 1
24841 1
121478 0
13630 1
5439 1
62784 1
121842 0
5442 1
111940 1
28214 1
124315 1
30945 1
22797 0
3639 1
30029 1
13646 1
63467 1
30032 1
11832 1
5458 1
62804 1
65449 0
144727 1
111960 1
13657 1
62811 1
120156 0
111965 1
14565 1
119696 0
5475 1
5476 1
62821 1
62822 1
30055 1
111976 1
62826 1
30059 1
132482 1
13680 1
30067 1
5492 1
12458 1
30072 0
2282 1
62846 0
120193 1
6379 1
112004 1
112005 1
112007 1
5639 1
5513 1
66455 1
13709 1
30094 1
30095 0
5520 1
30098 1
5523 1
13716 1
62870 1
7549 1
20036 1
5530 1
112030 1
120824 1
112033 1
112034 1
5539 1
30117 1
5543 1
30121 0
7291 1
64929 1
108752 1
31009 1
25845 0
62895 1
30128 1
62898 0
144821 1
5559 1
5560 1
30137 1
30138 1
156613 1
13756 1
5567 1
5568 1
62913 1
30146 1
25234 1
13765 1
62919 1
30152 1
62921 1
62922 1
62923 1
5581 1
132758 0
13776 1
62929 1
30163 1
5589 1
13782 1
133369 0
29101 1
112090 0
7759 1
13789 1
30175 1
30177 0
13794 1
63739 1
62948 1
112101 1
5606 1
13800 1
120297 1
62954 1
62955 1
30188 1
62957 1
153070 1
62654 1
62960 0
30193 0
5619 1
7205 1
5621 1
62967 1
22008 1
65108 1
13824 1
62977 1
62979 1
13828 1
30215 0
62984 1
111532 1
11099 1
30219 0
30220 1
30222 1
13839 1
30225 0
13842 1
136725 1
30231 1
63000 1
30233 1
30234 1
30236 1
128541 1
63474 0
61019 1
11867 0
22053 1
29607 1
120359 1
13864 1
153130 1
22059 1
13870 0
63023 1
5680 1
30257 1
112178 1
112179 0
30261 1
63030 1
141577 1
30265 1
112186 1
22794 1
14386 1
29621 1
11872 1
18699 1
9142 1
22086 1
25013 1
63051 1
63052 1
63053 1
63054 1
5711 1
119736 1
63058 1
63059 1
30293 1
30298 1
5723 1
63070 1
13922 0
143357 1
136804 1
30310 1
5735 0
30312 1
63081 1
128618 1
63083 1
128620 0
5742 1
66686 1
63763 1
13940 1
5750 1
136824 1
26900 1
63099 1
22140 1
2101 1
112254 1
145024 1
25536 1
5763 1
5764 1
30342 0
120455 1
120456 0
13962 1
28462 1
5772 0
29634 1
5774 1
138861 1
30352 1
145041 1
30354 1
30355 0
136265 1
145046 1
5783 1
145049 1
5786 1
5788 1
5791 1
5792 1
61296 1
63138 1
13988 1
13990 1
112295 1
5802 1
29639 1
30384 1
63154 1
14003 1
136884 1
63157 1
14007 1
63161 1
128698 1
22815 1
22205 1
63166 1
30399 1
5824 1
120513 1
5826 1
63172 1
7798 1
5831 0
63178 1
14027 1
63180 1
22221 1
30416 1
5841 1
6435 1
4990 1
145109 1
5847 1
5849 1
63194 1
63195 1
63196 1
63197 1
6437 1
5860 1
145702 1
5862 1
29649 1
22248 1
112362 1
6742 1
120557 1
5870 1
14064 1
30451 1
22260 1
128759 1
61055 1
128764 0
30461 1
30463 1
5888 1
14083 1
14084 1
126597 1
7809 1
145160 1
145161 1
12587 1
17367 1
63244 1
30477 1
5902 1
5903 1
65937 0
5905 1
112402 1
120595 1
63252 1
31022 0
61060 1
30490 1
25020 1
14108 1
5918 1
30495 1
14112 0
14113 1
22306 1
111579 1
22308 1
65158 1
123495 1
63281 1
14131 1
22325 1
126496 1
63288 1
120634 0
63291 1
10549 1
10787 1
14145 1
133430 1
14150 1
5959 1
30536 1
24204 1
145227 1
30540 1
66530 1
20109 1
64848 1
125240 1
30546 0
14163 1
5973 1
63318 1
65016 0
14170 1
14172 1
30558 0
30559 1
14834 1
137531 0
22373 1
14182 1
16843 1
25081 1
14186 1
63339 0
155282 1
30576 1
31846 1
63758 1
6003 1
6008 1
14201 1
4077 1
6013 1
22398 1
61077 1
30594 1
6020 1
30598 1
145729 1
6025 1
14219 1
14221 1
2986 1
30608 1
65176 1
30612 1
63381 0
137110 1
6039 1
63384 1
63385 1
6044 1
124319 1
7835 0
6053 1
112552 1
14250 1
6471 1
14252 1
30637 1
22447 1
14256 1
14257 1
6066 1
30644 0
30646 1
63415 1
30649 1
63418 0
30651 1
14268 1
22461 1
6078 1
148469 1
6081 1
3203 1
120773 0
120774 1
24225 1
14282 1
5111 1
14285 1
30671 1
6097 1
30674 1
30675 0
6100 1
6102 1
145367 1
6104 0
120794 1
65671 1
6109 1
63454 1
22496 1
6115 1
63460 1
63461 0
63462 1
14311 1
30697 1
112618 1
61095 1
63468 1
63470 1
120815 1
112624 1
6130 1
124320 1
14324 1
30709 1
30710 1
24233 1
6136 1
6522 1
30714 1
63483 1
6140 1
24234 1
30718 1
30756 0
30720 0
63490 1
120835 1
22532 1
63495 1
145416 1
63498 0
63500 0
118264 1
137230 1
118445 1
137232 1
63507 1
30740 1
14359 1
6169 1
14363 0
24483 1
63518 1
119813 1
14368 1
14369 1
14370 1
64690 1
137252 1
63525 1
21427 1
63527 1
30760 1
6185 1
63531 1
5116 1
14382 1
14384 1
14385 1
6194 1
6196 1
124595 1
30775 1
30778 1
14395 1
63551 1
14401 1
3480 1
14403 1
153668 1
30789 1
6214 1
6215 1
6216 1
22601 1
64038 1
137292 1
112718 0
6223 1
112720 1
14417 1
14418 1
22612 1
9230 1
65345 1
120444 0
14425 1
22619 1
137310 1
6239 1
129120 1
6241 1
6242 1
30822 1
62481 0
145512 1
145513 0
122520 1
63596 1
119414 1
14446 1
28349 1
63600 1
112754 1
63604 1
63605 1
63606 1
63607 1
14457 1
6266 1
14459 1
6268 1
28629 1
30847 1
153728 1
63617 1
14466 1
63621 1
112774 1
137351 1
61585 1
30857 1
62072 0
62487 0
22668 0
30861 1
30862 0
145552 1
63635 1
130049 1
63637 1
30870 1
14487 1
63640 1
6297 1
137370 1
63643 1
63644 1
63645 1
63768 0
6304 1
141362 1
63650 1
63651 1
30884 1
6310 1
6311 1
30888 1
63657 1
6314 1
6315 1
145580 1
63661 1
13341 1
137394 0
63667 1
63669 1
112822 0
7881 1
30906 0
6331 1
63676 1
7882 1
63678 0
63679 1
111282 0
14529 0
6338 1
123937 1
130764 1
6346 1
6347 1
30925 1
122357 0
63698 1
63699 1
63700 1
6357 1
63702 1
137432 1
63705 1
6362 1
30939 1
63708 1
121053 1
22751 1
14561 1
6370 1
14563 1
145636 1
21542 1
30950 1
6375 1
6376 1
63722 0
63723 1
112876 1
63725 1
63728 0
6386 1
30964 1
121077 1
14582 1
14583 1
121080 1
29946 1
25737 1
9258 1
63742 1
14592 1
6403 1
14597 1
22913 1
19965 1
6410 1
14603 1
63874 1
30990 1
29741 0
6416 1
11172 1
12216 1
13866 1
63766 1
24281 0
14616 1
6532 1
22810 1
28378 1
14622 1
14623 1
14624 1
22817 1
14626 1
24283 1
145701 1
63782 1
14633 1
63789 1
14638 1
14639 1
131423 0
121139 0
121142 1
63799 1
63800 1
144436 1
14650 1
65247 1
63804 1
6461 1
144437 1
121153 1
137611 1
9217 1
112965 0
63814 1
63815 1
112968 1
5671 1
6475 1
63501 1
22861 1
24291 1
31062 1
66617 0
10639 1
25312 1
6497 1
115876 1
6500 1
137573 1
6502 1
63847 1
63848 1
147175 1
6509 1
24157 1
121199 1
63857 1
31093 1
63863 1
31096 1
29449 1
63866 1
62527 1
63870 1
6527 1
6528 1
6529 1
137602 1
63876 1
6534 1
13311 1
113033 1
129418 1
129419 1
29762 1
6543 1
145809 1
31122 1
6547 1
63892 1
63895 1
63896 1
145817 1
63898 1
63901 1
31136 1
129442 1
63907 1
6565 1
31143 1
31144 1
121257 1
137642 1
31147 1
22957 1
6574 1
63919 1
28403 1
154039 1
121273 1
129466 1
129467 1
15495 1
129469 1
22974 1
31168 1
22978 1
137667 1
65893 1
113093 1
14790 1
63943 1
113096 1
14793 1
14794 1
29953 0
118267 1
63952 1
31190 0
63959 1
23000 1
6617 1
23002 1
31195 0
110330 1
23006 1
14815 1
28317 1
25680 1
61179 1
14820 1
14822 1
137704 1
24316 1
14827 1
14828 1
14830 1
129519 0
63984 0
63986 1
25683 0
113140 1
28414 1
61870 1
31224 1
6649 1
23034 1
63996 1
6653 1
31230 0
119893 1
118528 1
31234 1
6571 1
64004 1
6661 1
147201 1
64011 1
6669 1
6573 1
64016 0
64021 0
6678 1
21593 1
10588 1
6682 1
23067 1
64028 1
64029 0
64030 1
31267 1
4860 1
31270 1
23080 0
14891 1
23084 1
31593 1
23088 1
14897 1
14898 1
6707 1
25694 1
6710 0
64639 1
145977 1
62559 1
14908 1
6717 1
64063 1
23107 1
31300 1
14918 1
23111 1
113225 1
6730 1
31159 0
6733 1
23118 1
6737 1
64082 1
126734 1
14934 1
64088 1
14938 1
12047 1
129628 0
63930 1
29887 1
121440 1
146017 1
64099 1
64102 1
64103 1
6588 1
14954 1
63821 0
14960 1
12051 1
146036 1
31166 1
6774 1
63511 1
12702 1
6781 1
134144 1
62571 1
6788 1
137861 1
31366 0
64135 1
31368 1
14985 1
31170 1
64142 1
154255 1
137874 1
113299 1
31381 1
146071 1
137881 1
107631 1
64156 1
23197 1
31392 1
3773 0
31394 0
64163 1
64165 1
64166 1
14791 1
6829 1
6830 1
6831 1
14412 1
146607 1
15027 1
6836 1
64182 0
63945 1
23224 0
31418 1
64189 1
12503 1
5237 1
146112 0
64194 1
61581 1
146117 1
146119 1
27760 1
115831 0
65622 1
6865 1
113362 1
6867 1
23252 1
23253 1
3502 1
31448 1
6873 1
121562 1
113371 1
31453 1
144235 1
64223 1
31456 1
8958 1
31460 1
121815 1
31462 1
64231 1
6152 1
146156 1
15087 1
62458 0
6900 1
31477 1
31479 1
23291 1
6908 1
15101 1
64254 1
31488 1
31489 1
15106 1
12075 1
64418 1
15110 1
31495 0
6922 1
64267 0
6924 1
31501 1
138000 1
113425 1
15123 1
6932 1
110382 1
29964 1
64279 0
6936 1
64282 1
64283 0
15133 0
113439 1
31521 1
28648 1
64292 0
29830 1
15142 1
118577 1
30783 1
144519 1
64301 1
64302 1
64303 1
64304 1
15153 1
64306 1
6963 0
29965 1
66697 1
15160 0
129849 1
129850 1
121659 0
27783 1
31549 1
64319 1
31554 1
64323 1
15173 1
64327 1
31560 1
65973 1
13326 1
7991 1
31564 1
63938 1
64334 1
13453 1
4941 1
6994 1
6995 1
65732 1
31574 1
64344 1
31578 0
23387 1
15197 1
15199 1
15202 1
15203 0
64356 1
31590 0
31591 0
64360 1
7017 1
64363 1
64364 0
64365 1
7022 1
64367 0
31600 0
14824 1
64371 0
13873 0
121718 1
31607 1
121720 0
7034 1
65343 1
119436 1
113533 1
31614 1
64383 1
64389 1
3905 1
64392 1
63980 0
31626 0
31627 1
138124 1
64397 1
138126 1
15247 1
138129 1
64402 1
105365 1
7063 1
64408 1
7065 1
7066 1
7067 1
64412 0
15261 1
121759 1
121762 0
15267 1
4341 1
115077 1
15274 1
31660 1
7085 1
64433 1
146354 1
109043 1
7092 1
62976 1
61257 1
31672 0
31673 1
15290 1
15291 1
22507 1
23485 1
117260 1
7106 1
7107 1
112623 1
113609 1
145911 1
23500 1
7117 1
7561 0
7121 1
7123 1
7124 1
3918 1
31702 1
31703 1
121816 1
138201 1
31707 1
7132 1
145003 1
64480 1
138210 1
15331 1
31716 0
64485 1
64486 1
31720 1
121833 1
7146 1
13479 1
113646 1
15343 1
7152 1
64497 0
7154 1
15347 1
121844 1
63998 1
15350 1
130040 1
31737 1
15354 1
7163 1
31743 1
31744 1
23553 1
7171 1
15364 1
111534 1
31752 1
23561 1
3785 1
7179 1
15242 1
7183 1
31761 1
7186 1
10086 1
31766 0
64535 1
64536 1
23577 1
64542 1
31775 1
5968 1
137722 1
31778 1
64547 1
64549 1
64550 1
25777 1
23592 1
12124 1
64554 1
64555 0
31789 1
113361 1
23605 0
15414 1
64567 0
64568 1
15417 1
24415 1
7228 1
5301 1
15424 0
105538 1
31811 0
146500 1
62646 1
7238 1
64583 1
64584 1
7241 1
25783 1
4060 1
66061 1
121934 1
65570 1
138321 1
7250 1
7251 1
64597 0
15446 1
7257 1
64602 1
14863 1
7260 1
9402 1
64606 1
61285 1
31843 1
7268 1
138341 1
105574 1
138343 1
113768 1
31849 1
138346 1
138347 1
7277 1
7278 1
7279 1
21763 1
7281 1
31858 1
154739 1
3243 1
64630 1
4607 1
62655 1
64637 1
2581 1
28885 1
154755 1
7300 1
23062 1
154758 1
154759 1
4062 1
28524 1
64650 1
141847 1
12141 1
31888 1
23697 1
7315 1
7316 1
24430 1
31894 1
31895 1
130200 1
4881 1
113178 0
122015 1
15521 1
23714 1
7331 1
138404 1
29894 1
7336 0
109084 1
23724 0
60802 1
7343 1
7346 1
64692 1
7350 1
146617 1
64699 1
126318 1
62667 1
64708 1
146111 1
105670 1
7368 1
7369 1
122061 1
13339 0
14883 1
23767 1
23768 1
23769 1
12994 1
25069 1
64733 0
23774 1
121381 1
23776 1
1690 1
64738 0
138467 1
64741 1
64742 0
9248 1
13067 0
7401 1
64748 1
122094 1
122096 1
23793 1
122099 1
122101 1
23799 1
64760 1
130298 1
7420 1
113917 1
7422 0
64767 1
64768 1
130305 1
23810 1
23812 1
29910 1
7430 1
24449 1
31276 1
30328 1
7437 1
110962 1
64784 1
150278 1
65170 1
7447 1
7448 0
64794 1
14895 1
12796 1
65413 1
64048 1
64049 1
5340 0
141277 1
23852 0
146734 1
146735 1
64051 0
64820 1
64821 1
25749 1
65417 1
7481 1
65026 1
122172 1
7486 1
122175 1
16889 1
23877 1
64839 1
135004 1
64055 1
105805 1
7504 1
7506 1
64851 1
64853 1
7510 1
31289 0
15253 1
64857 1
62990 1
24463 1
15708 1
15709 1
130398 1
64865 1
111000 1
64867 1
7525 1
7526 1
138601 1
138602 1
138603 0
65426 1
64879 1
138608 1
138609 1
138610 1
138611 0
212340 1
130421 1
17641 1
12180 1
17982 1
138621 1
64896 1
10816 1
7554 0
23940 1
64901 1
64902 1
23943 1
23945 1
23948 1
7566 1
122255 1
122257 1
64915 1
13550 1
64918 0
65433 0
23961 1
136809 1
64925 1
7585 1
64930 1
63538 1
147868 1
138662 1
140529 1
23978 1
127439 1
137641 1
64942 1
64341 1
30259 1
7602 0
29939 1
23988 1
23989 0
23113 1
149738 1
15803 1
5709 1
62709 1
137803 1
7620 1
24005 1
24008 1
122315 1
122316 0
15822 1
105936 1
138705 1
64979 1
7636 1
7637 1
28078 1
13075 0
14169 1
9466 1
7647 1
24032 1
19024 1
64994 1
64997 1
24040 1
111868 1
7658 1
2710 1
15855 1
65009 1
65011 1
7668 0
138741 1
122358 1
8105 1
7672 1
138747 1
65021 1
65022 1
7682 1
61355 1
7685 1
111873 1
62723 1
65034 1
7691 1
65036 1
122382 1
143277 1
7696 1
129624 1
65042 1
25859 1
6803 1
12206 1
32280 1
122394 1
7711 1
24096 1
29921 1
24099 1
136648 1
24101 0
155174 1
65457 1
65064 0
24105 1
7723 1
65069 1
24110 1
121437 1
65072 1
24113 1
65074 1
10361 1
7733 1
9532 1
12212 1
65084 1
7741 1
65088 1
129632 1
122435 0
122436 1
7750 1
124374 1
13580 1
29173 1
138921 1
122447 1
65105 1
65106 1
24148 1
106073 1
138843 1
7772 1
66272 1
29968 1
155234 1
65467 1
7781 1
27810 1
65128 1
24171 1
65133 1
65134 0
24537 1
24179 1
65142 1
7799 1
24184 1
12262 1
24186 1
24187 1
65148 1
24190 1
24191 1
61376 1
65156 0
24197 1
24198 1
30539 1
112874 1
7824 1
122514 1
122515 1
7828 1
138901 1
122519 1
24216 1
4036 1
24218 0
24219 1
65180 1
147101 1
61381 1
24224 1
6768 1
63803 1
24232 1
7849 1
7850 1
7852 1
7853 1
127378 0
120093 1
28616 1
63456 1
7862 1
7866 1
65482 1
138943 1
29984 1
114370 1
7875 1
65220 1
113270 1
13693 0
6809 1
28620 1
130762 1
7883 1
65228 1
130766 1
65231 1
113272 0
25475 0
65235 1
65236 1
61390 1
24278 1
124442 1
65921 1
65242 1
65243 1
65244 1
24287 1
7904 1
141462 1
7906 1
65251 1
124198 1
25632 0
7912 1
7917 1
24302 1
10877 1
24304 1
7921 1
65266 1
7923 1
120458 1
65270 1
29993 1
4052 1
65275 1
7932 1
24318 1
7935 0
7936 1
155393 1
155394 1
155395 1
147204 1
8150 1
65286 1
65287 1
147208 1
65290 1
63447 1
64130 1
7951 1
139025 1
147220 1
106261 1
7959 1
24344 1
61641 1
7964 1
12250 1
24350 1
24352 1
7970 1
24356 1
14450 1
7974 1
7977 1
147242 1
6791 1
7980 1
7982 1
137864 0
31150 1
106291 1
10540 1
122677 0
122678 1
24375 0
24376 0
7993 1
24378 1
24379 1
16188 1
24381 0
147262 1
30005 0
8001 1
65350 0
8007 1
30007 1
24396 1
24397 0
6797 1
120822 1
8017 1
24402 0
30932 1
7632 1
24405 1
30009 1
65368 1
24409 1
6799 1
114524 1
8030 1
8031 1
65376 1
24419 0
110566 1
147302 1
147303 1
147305 1
147307 1
24428 1
6802 1
122734 0
8047 1
115757 1
8049 1
16243 1
61811 1
122741 1
66148 1
65399 1
24440 1
65404 1
61418 1
24447 1
30016 1
8068 1
10902 1
8073 1
28641 1
65421 1
8079 1
24466 1
24468 1
65430 1
8087 1
120839 0
24473 1
24474 1
24475 0
8092 1
8095 1
8096 1
126295 0
8099 1
106404 1
120134 1
24486 0
65448 1
24489 1
24491 1
8109 1
114608 1
8113 1
106418 1
65459 1
24500 0
24503 1
65464 1
8123 1
146171 1
65469 1
17130 1
12277 1
139201 1
65474 1
31095 1
124355 1
8133 1
125601 1
24522 1
65483 1
65484 1
64162 1
30277 1
13645 1
65491 1
8148 1
24533 1
65494 1
8151 1
31533 1
122841 1
24538 1
24539 1
155614 1
155615 1
24544 1
24545 0
8162 1
24547 1
13649 1
65532 1
151404 0
65515 1
135165 1
8176 1
65521 1
9555 1
65526 1
65527 1
25339 1
147451 1
147452 1
147453 1
