74700,0.00154134236908
684986,0.000831178426302
262108,0.000369412633912
23448,0.0
131117,0.000738825267824
144330,0.00106477759186
91975,0.000369412633912
193354,0.000369412633912
1109199,0.0
193352,0.00184706316956
1121867,0.0
1105505,0.0
103543,0.00776842490343
1104055,0.0
469504,0.0
6151,0.0474592009881
6152,0.000369412633912
189572,0.000369412633912
6155,0.000369412633912
43186,0.00272022030426
287787,0.0049655930791
289780,0.00110823790174
277263,0.0
1106287,0.0
158098,0.0
69392,0.000369412633912
1132434,0.0
69397,0.0
65650,0.00147765053565
65653,0.000738825267824
8696,0.000738825267824
3237,0.000369412633912
100701,0.000369412633912
1102442,0.0
689439,0.0
853114,0.0342586749439
853115,0.0343629974591
853116,0.0341544859082
52003,0.00118212042852
52000,0.000738825267824
853118,0.000369412633912
52007,0.000369412633912
1129015,0.0
1129018,0.0
1132505,0.0
43698,0.00110823790174
436796,0.0
85324,0.000985100357099
1113438,0.0
166825,0.000738825267824
28851,0.00391326942703
63931,0.00246275089275
93320,0.0
990075,0.0
2440,0.0132515840099
644494,0.000738825267824
1130568,0.0
1109392,0.0
1130567,0.0
1106630,0.0
1117184,0.0
93923,0.000492550178549
294145,0.0
102939,0.000738825267824
102938,0.000369412633912
16819,0.0135417644145
1107728,0.0
117328,0.00234685673309
1117219,0.0
139738,0.000369412633912
753047,0.00221647580347
79817,0.000369412633912
646412,0.000369412633912
6378,0.00110823790174
787016,0.000369412633912
1109957,0.0
300071,0.0
1131360,0.0
87363,0.000369412633912
1116922,0.0
20526,0.000738825267824
20528,0.00110823790174
1138755,0.0
54550,0.00210347899781
22874,0.000369412633912
22875,0.00110823790174
22876,0.0
293285,0.0
13654,0.00164556536924
197452,0.00115441448098
50354,0.00226030442106
1153275,0.0
219239,0.000985100357099
1121254,0.0
1131565,0.0
152731,0.00275238427239
1117501,0.0
179180,0.00118212042852
1131189,0.0
1129907,0.0
1131184,0.0
1130680,0.0
1131180,0.0
48781,0.00147765053565
294030,0.0013134671428
711598,0.0
1131748,0.0
1131745,0.0
104840,0.0
1131741,0.0
1130586,0.0
594511,0.000738825267824
91038,0.00411066568765
1997,0.00620128749387
1999,0.0021730154936
1114184,0.0
634975,0.0
1129835,0.0
45061,0.0
1128839,0.0
237521,0.00689943394044
8832,0.000369412633912
67584,0.00110823790174
202639,0.0211781035144
395725,0.000738825267824
1130808,0.0
58454,0.00176014254982
58453,0.00129294421869
1113084,0.0
575402,0.000369412633912
12946,0.0
17821,0.000369412633912
948846,0.0
358866,0.00218731164816
575292,0.000738825267824
399370,0.000492550178549
5454,0.00110823790174
32698,0.000369412633912
601567,0.0
137868,0.00236424085704
399173,0.0
1107010,0.0
23507,0.00390838566679
340299,0.0022464281792
23502,0.00296089823242
1115166,0.0
1110531,0.0
1135455,0.0
194645,0.000492550178549
1152821,0.0
151708,0.000369412633912
189577,0.0
189574,0.000369412633912
1127566,0.0
83725,0.0069367483479
1114364,0.0
8766,0.000369412633912
1123093,0.0
1113934,0.0
89547,0.00575085613874
31349,0.000369412633912
232860,0.000369412633912
1108597,0.0
189571,0.00164556536924
107251,0.000738825267824
66982,0.000492550178549
107252,0.0
562067,0.000369412633912
66986,0.000492550178549
1112911,0.0
119686,0.000831178426302
116553,0.000492550178549
1110628,0.0
6220,0.0048164371031
280876,0.000369412633912
521183,0.00115441448098
646195,0.0
219446,0.00147765053565
650807,0.000738825267824
696345,0.0037888475273
696346,0.0
28387,0.000369412633912
696342,0.0
289781,0.00147765053565
141171,0.000369412633912
1102850,0.0
1136342,0.0
1119471,0.0
653441,0.000831178426302
273152,0.06814719259
126868,0.000738825267824
126867,0.000369412633912
77112,0.0
633031,0.000369412633912
1110998,0.0
1126350,0.0
308003,0.0
647413,0.0
69418,0.0
310530,0.000369412633912
57764,0.000369412633912
1129621,0.0
1103038,0.0
35335,0.00118212042852
606647,0.0
1103031,0.0
141160,0.00189184045852
1128982,0.0
74821,0.00110823790174
1113534,0.0
189566,0.00396032073709
250566,0.000369412633912
1154229,0.0
576725,0.000492550178549
409255,0.000369412633912
77758,0.0174225723036
6782,0.000738825267824
6784,0.00446989287034
1106298,0.0
631052,0.0
27174,0.00199482822313
1118658,0.0
180373,0.000664942741042
561789,0.00157616057136
1154520,0.0
1154525,0.0
1154524,0.0
46491,0.00455135309217
1153065,0.0
1153064,0.0
16485,0.00370438780117
683294,0.000738825267824
55801,0.000492550178549
1112106,0.0
1152259,0.0
1103979,0.0
235776,0.0
1152490,0.0
315266,0.0
191216,0.0
1105887,0.0
1130634,0.0
671269,0.00184706316956
141596,0.000492550178549
682815,0.0
1153014,0.0
1113742,0.0
686559,0.0
149139,0.000369412633912
1109566,0.0
94713,0.0
763181,0.0
8617,0.00296849437965
293271,0.000369412633912
578365,0.000831178426302
1131359,0.0
48555,0.0020272644544
1127619,0.0
1131421,0.0
48550,0.00190539148018
63477,0.0
1128198,0.0
1114992,0.0
575077,0.00792206360473
13193,0.00157616057136
1114629,0.0
13195,0.00110823790174
37541,0.000831178426302
1116842,0.0
6216,0.00236424085704
6215,0.00373029261097
6214,0.0427184752454
6213,0.0567271006695
948299,0.0
1138619,0.0
2698,0.00201124656241
1112723,0.0
2696,0.0110692792786
2695,0.00181012190617
1152075,0.0
42156,0.0023813921579
6818,0.00500718708738
1128997,0.0
1128990,0.0
1111265,0.0
218410,0.00115441448098
1118332,0.0
59626,0.0038209953245
6814,0.00332471370521
1130600,0.0
735311,0.0
14090,0.000831178426302
2654,0.00480236424086
1109185,0.0
123556,0.0026148619773
1131734,0.0
3232,0.00262934874726
3233,0.00548229763951
3231,0.0133035908802
3236,0.0049391837349
211432,0.0
3235,0.000985100357099
634902,0.000369412633912
5194,0.00230882896195
175256,0.00110823790174
634904,0.000369412633912
36162,0.00319684010116
36167,0.000844371734656
264347,0.000369412633912
13269,0.00194427702059
83461,0.000492550178549
300806,0.00481016873312
321004,0.000369412633912
145315,0.000738825267824
15670,0.000369412633912
583318,0.0
157805,0.000492550178549
1131647,0.0
1133196,0.0
27543,0.00147765053565
1125492,0.0
1129442,0.0
1105672,0.0
1120197,0.0
1129443,0.0
159897,0.000831178426302
1115375,0.0
1114502,0.0
1125906,0.0
596075,0.0
1125909,0.0
132806,0.0013193308354
149669,0.000492550178549
114308,0.000738825267824
1116594,0.0
1108267,0.0
229635,0.0
815073,0.00176014254982
206259,0.0
18313,0.000664942741042
574009,0.000369412633912
27606,0.00147765053565
47682,0.00110823790174
47683,0.0
643069,0.000369412633912
47684,0.0
28350,0.00823104437597
1108167,0.0
252715,0.000369412633912
94953,0.0
1108169,0.0
191404,0.0
1140040,0.0
212777,0.0
131042,0.000492550178549
1134865,0.0
987197,0.0
1112929,0.0
178718,0.000831178426302
195150,0.000369412633912
216878,0.00110823790174
1107136,0.0
368657,0.000369412633912
1123068,0.0
216877,0.000738825267824
221302,0.000369412633912
1153853,0.0
1105450,0.0
628459,0.0
1103737,0.0
574710,0.0
129558,0.0
35922,0.00470721250182
1385,0.0
644363,0.000492550178549
28227,0.00265977096417
73712,0.00102614620531
606479,0.000369412633912
1105698,0.0
1110000,0.0
262121,0.000369412633912
65074,0.00402249312482
3828,0.00346619088415
77108,0.000738825267824
519353,0.000369412633912
72406,0.000369412633912
1152673,0.0
187260,0.000369412633912
1152676,0.0
642681,0.00890702521395
647408,0.0
74921,0.000369412633912
74920,0.000369412633912
51049,0.00967081710839
91853,0.0021992938205
28641,0.0
28640,0.000738825267824
1140289,0.0
66794,0.00110823790174
7537,0.00284163564548
28649,0.00531954192833
362926,0.0
22241,0.00147765053565
7532,0.0026386616708
94229,0.000738825267824
593560,0.000369412633912
65212,0.00204597766474
171954,0.00147765053565
126926,0.00677222943041
110163,0.000738825267824
159085,0.000738825267824
159084,0.00110823790174
126920,0.00768141854451
189708,0.000554118950868
400356,0.0016623568526
1132459,0.0
145176,0.00118212042852
6170,0.0
141324,0.00115441448098
1108834,0.0
1107355,0.0
101143,0.000738825267824
6775,0.000831178426302
10981,0.00307843861593
6771,0.000664942741042
101145,0.0
127033,0.00110823790174
1135955,0.0
82087,0.0
155277,0.0
240321,0.00379967280595
110164,0.0
38829,0.00110823790174
177115,0.00124433729318
253971,0.000369412633912
31932,0.000844371734656
46468,0.00201434436228
633585,0.0013193308354
4637,0.000369412633912
75983,0.000738825267824
131315,0.000369412633912
270600,0.000738825267824
81350,0.000738825267824
1102646,0.0
1106172,0.0
131318,0.000369412633912
230884,0.00147765053565
63915,0.00386875776606
39904,0.0
294126,0.000369412633912
1104851,0.0
308920,0.0
95579,0.0
686015,0.0
1113739,0.0
124734,0.00115441448098
75674,0.000738825267824
85452,0.000738825267824
101660,0.000369412633912
1129106,0.0
6196,0.0026386616708
69198,0.0209398355968
135765,0.000738825267824
135766,0.0013193308354
85299,0.00181864681311
1131348,0.0
49895,0.0
10169,0.0139510591952
1136422,0.0
299195,0.0
299197,0.0
1131345,0.0
68115,0.000369412633912
613409,0.000369412633912
294239,0.0
5055,0.00221647580347
148399,0.0
1817,0.000369412633912
219218,0.000369412633912
531348,0.000369412633912
249858,0.000369412633912
1132706,0.0
12211,0.000664942741042
12210,0.0144042364393
459206,0.000369412633912
6224,0.00455960736714
41216,0.000369412633912
102884,0.000492550178549
1126050,0.0
1131236,0.0
197783,0.0
4335,0.00981992030729
1131230,0.0
1128985,0.0
1132857,0.0
1131728,0.0
714256,0.00217617624341
14083,0.000369412633912
95198,0.000369412633912
1130637,0.0
42221,0.00230172487284
390889,0.0
429781,0.0
1135082,0.0
3229,0.0336904322128
671293,0.000369412633912
416964,0.000664942741042
3220,0.0064479296101
3223,0.00189983640298
3222,0.00221647580347
265203,0.00110823790174
1112426,0.0
1129367,0.0
1138968,0.0
1129369,0.0
1129368,0.0
168332,0.00110823790174
28504,0.00236424085704
10186,0.000369412633912
1120563,0.0
10183,0.00493229558106
521207,0.000492550178549
1105062,0.0
33231,0.00299224233469
137849,0.000831178426302
470511,0.0
561364,0.000369412633912
23070,0.00230172487284
226698,0.000738825267824
1119078,0.0
449841,0.000369412633912
207395,0.0
1130915,0.0
37998,0.0
1110515,0.0
34082,0.000738825267824
645571,0.00650530237482
147870,0.00110823790174
58540,0.000369412633912
73146,0.00291926081433
8703,0.0191506487819
47839,0.000369412633912
1114388,0.0
1115701,0.0
1121569,0.0
67415,0.0118407706323
987188,0.0
5600,0.00258588843738
1126029,0.0
118559,0.000738825267824
1122580,0.0
350373,0.0
10796,0.00592007426141
129897,0.0
129896,0.0
1132073,0.0
28230,0.000738825267824
642920,0.000738825267824
31105,0.000844371734656
77829,0.00225165795908
66564,0.00249722940525
77826,0.00225165795908
424,0.00110823790174
195792,0.00230172487284
503893,0.0013193308354
34315,0.000831178426302
1107215,0.0
1135894,0.0
50980,0.000369412633912
52835,0.000369412633912
23258,0.00110823790174
22386,0.00291926081433
1108050,0.0
1135899,0.0
1104007,0.0
51052,0.000738825267824
87915,0.00213731595335
93755,0.000369412633912
1119654,0.0
1152663,0.0
13982,0.000664942741042
35863,0.0013193308354
74937,0.00110823790174
241821,0.000738825267824
521252,0.000369412633912
66782,0.000738825267824
1105530,0.0
1105531,0.0
377303,0.000369412633912
318071,0.000369412633912
240791,0.00301686984362
576257,0.000738825267824
51909,0.00110823790174
25702,0.0248781378423
429805,0.0
84695,0.0
6169,0.00355867504002
1106418,0.0
1132443,0.0
684372,0.0
6163,0.00584987677811
1120211,0.0
1116044,0.0
592973,0.000738825267824
358887,0.00236424085704
1107367,0.0
1132285,0.0
6767,0.0085756504301
1125597,0.0
318187,0.000369412633912
56119,0.00181012190617
180399,0.000738825267824
16008,0.0087889087143
82090,0.000369412633912
56115,0.00470515038983
292277,0.00120674793745
25413,0.0
46476,0.0
154023,0.00110823790174
737204,0.0
46470,0.000369412633912
167670,0.000369412633912
1106764,0.0
1133004,0.0
1152277,0.0
51831,0.0
100935,0.000738825267824
1129027,0.0
51834,0.0
1152272,0.0
684972,0.000369412633912
503871,0.0
1106849,0.0
1123867,0.0
6209,0.00493669610773
733534,0.000738825267824
27230,0.000369412633912
230879,0.00757746402732
8687,0.000738825267824
141868,0.000369412633912
118558,0.0
15431,0.000369412633912
646440,0.0
80491,0.00194343168275
1120962,0.0
1129111,0.0
686532,0.0
119761,0.000831178426302
6343,0.00189983640298
134316,0.000831178426302
6344,0.000738825267824
134314,0.00102614620531
134315,0.00147765053565
85449,0.000738825267824
1153195,0.0
6184,0.0421577031258
573535,0.000492550178549
44017,0.00110823790174
1123991,0.0
1130356,0.0
90470,0.000831178426302
64484,0.000369412633912
62417,0.000831178426302
46500,0.000492550178549
46501,0.000831178426302
10174,0.000492550178549
1129683,0.0
10177,0.028973308391
753070,0.00147765053565
645016,0.000369412633912
135798,0.000369412633912
854434,0.0
83847,0.00147765053565
531351,0.000369412633912
1129208,0.0
636500,0.0
1114605,0.0
9515,0.010384074331
459213,0.000369412633912
6238,0.00147765053565
9513,0.000369412633912
459216,0.000738825267824
1128978,0.0
1128977,0.0
40151,0.00372491072528
1128974,0.0
1131719,0.0
1111240,0.0
44121,0.000369412633912
390894,0.0
390896,0.0
1115959,0.0
95188,0.000738825267824
411092,0.0
1114777,0.0
8865,0.00533431843369
66563,0.000738825267824
1106406,0.0
83449,0.00118212042852
1106401,0.0
199571,0.000369412633912
1118848,0.0
1112417,0.0
175291,0.000492550178549
18773,0.000738825267824
18770,0.0013193308354
1114153,0.0
447250,0.0
7047,0.00230882896195
5462,0.0103950996985
7041,0.000369412633912
48066,0.0
217852,0.0
1120777,0.0
608326,0.000738825267824
59798,0.00362696040568
1123188,0.0
57932,0.00120898680189
1120170,0.0
1128151,0.0
182093,0.000492550178549
182094,0.00118212042852
1128407,0.0
709113,0.000369412633912
1135345,0.0
375825,0.000369412633912
1119004,0.0
646334,0.000369412633912
610529,0.000369412633912
628500,0.000738825267824
1130929,0.0
521269,0.000369412633912
365294,0.000738825267824
643221,0.0139684535088
1130927,0.0
58552,0.000738825267824
239829,0.0
273949,0.000369412633912
1114398,0.0
217984,0.000369412633912
1120084,0.0
86840,0.0
1237,0.00147765053565
350362,0.0
446271,0.0
1108329,0.0
192850,0.000369412633912
1152904,0.0
31483,0.0016623568526
35905,0.00367445347696
28249,0.00110823790174
14529,0.00147765053565
95225,0.000782285577696
181782,0.0
148170,0.000738825267824
126128,0.0
66556,0.00406353897303
434,0.00236424085704
193918,0.000369412633912
23069,0.00186245536264
73119,0.00132988548208
65057,0.00189983640298
189623,0.000492550178549
189620,0.000738825267824
330148,0.00229905039223
111770,0.000369412633912
11342,0.00296849437965
1102873,0.0
385251,0.0
1106370,0.0
1108258,0.0
158172,0.000492550178549
32872,0.000369412633912
30973,0.0
1119623,0.0
1132486,0.0
573553,0.00201124656241
325497,0.0
594649,0.0
114189,0.000369412633912
206524,0.000369412633912
342802,0.00113132619136
78549,0.0
1108175,0.0
19621,0.040231796568
213246,0.00102614620531
238099,0.000369412633912
1102794,0.0
126909,0.00666505059139
86258,0.000369412633912
74698,0.00149612116734
13885,0.00189983640298
1102400,0.0
1102407,0.0
358894,0.0
523010,0.000738825267824
32276,0.0183207775222
424540,0.0016591163909
463825,0.0
1103315,0.0
785678,0.0
579008,0.00213731595335
1153056,0.0
248823,0.000369412633912
24974,0.00230882896195
1133010,0.0
989397,0.0
653628,0.000369412633912
1116146,0.0
6898,0.00944856470397
45599,0.0
693143,0.000738825267824
593544,0.000369412633912
1136397,0.0
423463,0.0
593813,0.0
1136393,0.0
191222,0.000738825267824
1132385,0.0
671052,0.000369412633912
97645,0.00150843492181
686030,0.0
739816,0.00110823790174
521251,0.000369412633912
45188,0.00246275089275
134307,0.000738825267824
578845,0.0016623568526
1107567,0.0
1153183,0.0
102406,0.0
1121176,0.0
153598,0.000369412633912
1120880,0.0
486840,0.000738825267824
43165,0.000369412633912
119956,0.0
128540,0.000369412633912
134128,0.00110823790174
578669,0.000738825267824
46536,0.0
91852,0.0019702007142
1105231,0.0
1106568,0.0
270085,0.0
22835,0.000738825267824
5075,0.00181864681311
636511,0.0
4983,0.000738825267824
943087,0.0
628888,0.000369412633912
36802,0.00390838566679
12275,0.0
45533,0.00249353527891
820661,0.0
820662,0.0
1104495,0.0
286500,0.0
1131257,0.0
1117760,0.0
41417,0.00110823790174
1955,0.00364889213905
1956,0.00378278537126
1951,0.00136011015213
1953,0.00215278397004
1952,0.00231284431667
1130653,0.0
634938,0.000369412633912
1130657,0.0
1104946,0.0
200630,0.000492550178549
8872,0.00332471370521
8875,0.00184706316956
8874,0.00355867504002
408885,0.000369412633912
3243,0.00514261271946
3240,0.0101644787227
202520,0.000738825267824
1131414,0.0
202522,0.000369412633912
1106966,0.0
568857,0.000738825267824
628667,0.000369412633912
108047,0.00343837913103
179706,0.000492550178549
628668,0.0
179702,0.00191902666967
1114125,0.0
1116268,0.0
7032,0.00201124656241
38771,0.000369412633912
48075,0.0
70970,0.00115441448098
1110494,0.0
29723,0.00459987138968
57922,0.000831178426302
1120169,0.0
746058,0.000492550178549
1110256,0.0
124064,0.00484938039426
78511,0.00194343168275
163235,0.000369412633912
105899,0.000369412633912
40922,0.0
42209,0.000664942741042
264556,0.00147765053565
168958,0.0
1110947,0.0
1114239,0.0
28412,0.00567552137556
1130931,0.0
1118017,0.0
1130934,0.0
1154500,0.0
1118388,0.0
212107,0.000369412633912
1154042,0.0
1153736,0.0
592975,0.000369412633912
31769,0.000738825267824
33895,0.00226265238271
137956,0.000492550178549
601561,0.0
1123215,0.0
89335,0.000369412633912
1132731,0.0
189856,0.00147765053565
1128959,0.0
28389,0.000369412633912
210871,0.0818188121484
178727,0.000369412633912
28385,0.00110823790174
35061,0.0690900438326
350319,0.000492550178549
1119708,0.0
1116410,0.0
1118120,0.0
1152917,0.0
1152910,0.0
384428,0.000369412633912
1117942,0.0
6539,0.000369412633912
1153889,0.0
656231,0.000738825267824
7867,0.000831178426302
28254,0.00153921930797
14531,0.0029553010713
27612,0.00189184045852
1120786,0.0
950305,0.0
5869,0.010299292328
8619,0.0016623568526
118682,0.0
445938,0.000369412633912
782486,0.0
1126315,0.0
385067,0.000369412633912
11335,0.00362024381234
11337,0.000369412633912
11339,0.00214930987003
1154459,0.0
215912,0.000656733571399
755082,0.000369412633912
1116569,0.0
1119987,0.0
523394,0.000369412633912
28674,0.0
1103676,0.0
1120431,0.0
56709,0.00319684010116
582343,0.000369412633912
101662,0.000369412633912
145384,0.00118212042852
13652,0.00184706316956
6741,0.00795825135772
1155073,0.0
13656,0.000369412633912
13658,0.0026269342856
1137140,0.0
1132461,0.0
126912,0.00671452669975
594387,0.0
253762,0.00171918956551
1104379,0.0
348437,0.0
32260,0.000831178426302
1116974,0.0
817774,0.000369412633912
73327,0.00184706316956
1106789,0.0
593155,0.000664942741042
167656,0.0
755217,0.0
1116397,0.0
1107418,0.0
93555,0.00214930987003
593559,0.000369412633912
1136814,0.0
154134,0.0
101263,0.00110823790174
592826,0.000369412633912
101261,0.000844371734656
227286,0.000369412633912
1104809,0.0
1114864,0.0
579108,0.000369412633912
1109830,0.0
1112650,0.0
75318,0.00118212042852
1129021,0.0
81722,0.0
1114838,0.0
1112099,0.0
1107572,0.0
646913,0.000738825267824
24966,0.026774995325
458439,0.000369412633912
46452,0.000831178426302
20601,0.00476661463112
5064,0.00258588843738
20602,0.00422185867328
17798,0.0102932935272
5062,0.00248327381685
52784,0.000369412633912
5069,0.00164556536924
503877,0.00110823790174
45189,0.00307843861593
2702,0.0033110317558
1105221,0.0
1128314,0.0
1128319,0.0
95435,0.0
25184,0.000831178426302
1129778,0.0
25181,0.00271437978831
208345,0.000738825267824
1022969,0.0
84021,0.00283802721926
84020,0.000738825267824
1138091,0.0
42207,0.000839574167982
1129570,0.0
1129572,0.0
1129573,0.0
1110390,0.0
10531,0.0065190464808
210872,0.0722740043779
46079,0.000985100357099
1131163,0.0
573964,0.00147765053565
1131267,0.0
1131266,0.0
1129798,0.0
62329,0.00314000738825
688849,0.000369412633912
714208,0.000664942741042
976334,0.0
194223,0.000738825267824
96851,0.000831178426302
9716,0.00118212042852
116021,0.000369412633912
522338,0.000844371734656
1131164,0.0
1128227,0.0
94639,0.0029553010713
1365,0.0385113470448
20593,0.0
20592,0.000369412633912
1131466,0.0
190697,0.0
1131464,0.0
1152143,0.0
190698,0.00110823790174
211906,0.0
26850,0.000369412633912
1116629,0.0
272720,0.000369412633912
1105033,0.0
7022,0.0
421481,0.000492550178549
675847,0.000369412633912
55770,0.00132988548208
1131607,0.0
59772,0.000738825267824
1127657,0.0
49847,0.000492550178549
49844,0.000369412633912
49843,0.00118212042852
1109017,0.0
682508,0.000369412633912
29738,0.000369412633912
1135368,0.0
40131,0.000369412633912
211875,0.0
13136,0.000738825267824
40135,0.0211696361418
68495,0.0
1128425,0.0
648232,0.000492550178549
1152859,0.0
1152858,0.0
1114222,0.0
156977,0.00147765053565
242663,0.0
289945,0.0015682611817
1131116,0.0
129287,0.000369412633912
1127530,0.0
675649,0.000369412633912
428610,0.0
1154071,0.0
263498,0.000738825267824
1154074,0.0
1154076,0.0
1153724,0.0
239800,0.000554118950868
31043,0.0
44368,0.000369412633912
1033,0.000831178426302
504,0.00308268473816
158812,0.000369412633912
1034,0.000369412633912
1035,0.00118212042852
1107171,0.0
1126012,0.0
1108656,0.0
1126011,0.0
714975,0.0
1153896,0.0
1153897,0.0
1153891,0.0
589923,0.000369412633912
192870,0.000738825267824
14549,0.000831178426302
643199,0.000369412633912
1104787,0.0
50336,0.00470721250182
28964,0.000738825267824
28265,0.00356886573337
14545,0.000844371734656
267824,0.0175595757915
143476,0.000369412633912
375605,0.000369412633912
28287,0.00332471370521
630890,0.000369412633912
23738,0.0303489095103
417017,0.0
110162,0.000738825267824
519318,0.000369412633912
11326,0.0013134671428
66596,0.000985100357099
1152633,0.0
11325,0.0
37483,0.0111258393272
145215,0.00118212042852
696343,0.000369412633912
87417,0.00189983640298
1132864,0.0
647447,0.000492550178549
1153945,0.0
1153946,0.0
1105764,0.0
35070,0.0
1153942,0.0
1153943,0.0
593942,0.000738825267824
263279,0.000369412633912
1120444,0.0
594047,0.000738825267824
35490,0.00284975460446
3932,0.00136011015213
34708,0.00110823790174
1107319,0.0
1107312,0.0
6346,0.000738825267824
245288,0.000369412633912
1119295,0.0
733167,0.000369412633912
86359,0.00153921930797
205192,0.0029553010713
205196,0.0029553010713
97390,0.00301686984362
1113459,0.0
1125092,0.0
1152448,0.0
340078,0.000738825267824
592830,0.000369412633912
340075,0.0
25772,0.00573844868213
642621,0.0112015289472
389715,0.000738825267824
27203,0.00110823790174
1105810,0.0
328370,0.0
1119671,0.0
134320,0.00147765053565
1102751,0.0
17363,0.00173418708698
46887,0.00246275089275
212930,0.0
649731,0.00194427702059
649730,0.000369412633912
38839,0.000369412633912
1106546,0.0
1106547,0.0
80515,0.000738825267824
561238,0.0
1153097,0.0
134219,0.00223494643517
1153091,0.0
633721,0.000369412633912
20857,0.000738825267824
20850,0.0
1116181,0.0
566653,0.00410616350772
1129096,0.0
139865,0.000738825267824
11093,0.00136011015213
1130676,0.0
367312,0.000738825267824
20924,0.00214930987003
1131270,0.0
20920,0.0
1131277,0.0
1131274,0.0
20923,0.00205229241062
175576,0.0
96847,0.000369412633912
96845,0.0
152226,0.000369412633912
152227,0.00118212042852
95719,0.000369412633912
95718,0.000492550178549
36131,0.00335829667193
899085,0.0
315789,0.000738825267824
1128542,0.0
1105360,0.0
582349,0.000369412633912
278394,0.000985100357099
1131471,0.0
578646,0.00221647580347
1128291,0.0
45605,0.00417720439885
20584,0.00346837417395
184918,0.0018611360318
1152150,0.0
33412,0.00164556536924
578649,0.0
654326,0.000738825267824
593105,0.0
395540,0.000369412633912
256106,0.000369412633912
1132922,0.0
395547,0.0
99025,0.0
1154176,0.0
99023,0.00110823790174
1131611,0.0
64319,0.000738825267824
1128437,0.0
49720,0.000369412633912
1128430,0.0
284023,0.00164556536924
1135358,0.0
120039,0.0
157761,0.000656733571399
1128946,0.0
1128945,0.0
626574,0.000369412633912
1128943,0.0
1132815,0.0
40125,0.000369412633912
1134348,0.0
36620,0.0013193308354
68463,0.0
243274,0.0
72056,0.000369412633912
67633,0.000831178426302
608191,0.000949918201488
28473,0.0
28471,0.000492550178549
695284,0.0
83746,0.000369412633912
1026,0.00184706316956
1154068,0.0
263482,0.00110823790174
1115291,0.0
5348,0.00929028796594
263486,0.000369412633912
38000,0.0
1123239,0.0
37888,0.00268166208321
1115456,0.0
37884,0.000369412633912
243483,0.000492550178549
218666,0.0
8079,0.0032858281648
1152244,0.0
1213,0.00110823790174
62333,0.0
1107140,0.0
1106671,0.0
30817,0.0246711233519
28278,0.000369412633912
12165,0.000738825267824
1123530,0.0
206371,0.000369412633912
3101,0.00147765053565
416455,0.0
40583,0.0
1115670,0.0
520471,0.000369412633912
954315,0.000369412633912
1115677,0.0
1125467,0.0
1122304,0.0
28290,0.00370438780117
1152290,0.0
1125469,0.0
1108209,0.0
703953,0.0
463,0.00136819494042
330208,0.000738825267824
4584,0.0671579584465
118424,0.000369412633912
39199,0.00181864681311
1105574,0.0
1137466,0.0
1154276,0.0
6786,0.000738825267824
1107095,0.0
1140547,0.0
103482,0.00214930987003
1140543,0.0
50838,0.000844371734656
189721,0.000369412633912
1140548,0.0
590022,0.0
1107325,0.0
1108841,0.0
1106236,0.0
258259,0.000369412633912
762980,0.000738825267824
1152714,0.0
1119505,0.0
1152711,0.0
694759,0.0
61073,0.000369412633912
1104191,0.0
1153899,0.0
1128975,0.0
592993,0.00110823790174
592996,0.000738825267824
1152436,0.0
116552,0.000831178426302
711994,0.000369412633912
1125082,0.0
430574,0.000369412633912
230300,0.000369412633912
708945,0.0
89308,0.000985100357099
545647,0.000369412633912
28267,0.000369412633912
1131828,0.0
50337,0.00195096047285
213279,0.000369412633912
156794,0.000369412633912
733576,0.000369412633912
64519,0.00923622127092
354004,0.000369412633912
302545,0.000369412633912
686061,0.0
1130243,0.0
6385,0.00362024381234
57948,0.00110823790174
11148,0.00147765053565
14429,0.00221647580347
4553,0.000369412633912
1107558,0.0
1153150,0.0
259126,0.0
1106052,0.0
345340,0.0
1112075,0.0
154047,0.00110823790174
1112071,0.0
46431,0.0
562940,0.00115441448098
235683,0.00189983640298
38480,0.000369412633912
644427,0.0082782827293
46547,0.00260194985625
390922,0.0
1949,0.00187015145918
1113614,0.0
1125258,0.0
567005,0.000369412633912
1127810,0.0
1127812,0.0
1120858,0.0
906,0.0108687325401
753265,0.00120898680189
12247,0.000738825267824
646809,0.0013193308354
568045,0.0
9559,0.000738825267824
158614,0.00927937423533
1130080,0.0
200480,0.0
62347,0.000369412633912
1104999,0.0
1153577,0.0
1121313,0.0
10798,0.0268983486469
121792,0.000369412633912
1130069,0.0
10793,0.0
1128208,0.0
13205,0.000844371734656
1122704,0.0
1152162,0.0
1128201,0.0
1128204,0.0
13208,0.000831178426302
578650,0.00110823790174
53942,0.00132988548208
12337,0.00315232114272
12330,0.00381022745264
566664,0.00390573163427
112813,0.0
1118245,0.0
654339,0.000738825267824
1128846,0.0
1135589,0.0
99030,0.00255422449733
124296,0.000369412633912
1120138,0.0
1105011,0.0
38722,0.0114058035479
739280,0.000831178426302
427606,0.00296201766464
1134197,0.0
390693,0.000369412633912
1128935,0.0
1132809,0.0
22883,0.000369412633912
1113035,0.0
22886,0.00110823790174
814836,0.000369412633912
136768,0.000492550178549
136767,0.000738825267824
136766,0.000369412633912
641956,0.000738825267824
1153703,0.0
1131137,0.0
644093,0.000369412633912
917493,0.0
143676,0.000369412633912
284414,0.000369412633912
58758,0.00666789804211
594900,0.0
1120049,0.0
1154012,0.0
1694,0.000369412633912
395553,0.000738825267824
1114442,0.0
1114118,0.0
662572,0.000369412633912
1121537,0.0
459214,0.000369412633912
1119751,0.0
1123553,0.0
109323,0.000738825267824
1152944,0.0
310653,0.000554118950868
1272,0.0304083783075
1122574,0.0
18777,0.0078665331713
18774,0.00206361540323
33823,0.0023122494493
1135750,0.0
37879,0.000369412633912
643777,0.0
1154124,0.0
1154123,0.0
1104769,0.0
3112,0.00337748693862
1115886,0.0
68505,0.0
157401,0.000369412633912
1118286,0.0
1113852,0.0
1106330,0.0
591017,0.000369412633912
118435,0.000369412633912
1059953,0.0
118436,0.0
675756,0.000738825267824
1111614,0.0
593921,0.0
5038,0.0
1152896,0.0
59244,0.0
30934,0.000369412633912
642827,0.0
23116,0.00246275089275
594025,0.0
509379,0.000369412633912
261040,0.000738825267824
13686,0.0249358474498
73972,0.000369412633912
1152761,0.0
577086,0.0
1104182,0.0
594119,0.000369412633912
61069,0.00184706316956
288107,0.000369412633912
593104,0.00118212042852
560936,0.000985100357099
116545,0.00226265238271
180301,0.000369412633912
592986,0.000369412633912
1152421,0.0
31863,0.000738825267824
1106112,0.0
1113926,0.0
248425,0.00153921930797
346243,0.000492550178549
20821,0.000738825267824
1126503,0.0
779960,0.000369412633912
13960,0.0
1116347,0.0
593859,0.0
5966,0.00307843861593
593210,0.0
1153148,0.0
683355,0.000369412633912
155736,0.000664942741042
1152394,0.0
1112665,0.0
235679,0.00184706316956
235678,0.0013193308354
627024,0.000369412633912
1139928,0.0
167205,0.0
235670,0.0
245955,0.0
153063,0.00606458576555
1135115,0.0
293974,0.000369412633912
16437,0.00314000738825
1120866,0.0
567018,0.000369412633912
60159,0.000738825267824
801170,0.0
20833,0.0
278403,0.000492550178549
1117348,0.0
75694,0.000369412633912
75695,0.00147765053565
90888,0.00187015145918
75691,0.0
75693,0.000369412633912
43639,0.000738825267824
1112194,0.0
1116835,0.0
360028,0.000369412633912
20942,0.0
380341,0.000369412633912
1116839,0.0
1919,0.000738825267824
1105344,0.0
9581,0.00129294421869
9586,0.00144190092591
884094,0.0
1133028,0.0
513189,0.0016623568526
13212,0.0026269342856
13213,0.000831178426302
133615,0.00110823790174
71336,0.000369412633912
1152179,0.0
1112686,0.0
481073,0.0
1111788,0.0
1152379,0.0
198653,0.0502811724301
1131312,0.0
887,0.0593928319176
1131634,0.0
1128856,0.0
1117653,0.0
1111186,0.0
1128853,0.0
62718,0.000844371734656
400455,0.000369412633912
1102548,0.0
739707,0.000369412633912
1128453,0.0
1153728,0.0
49811,0.0039404014284
36145,0.00201124656241
54131,0.0046176579239
1133417,0.0
1128927,0.0
1106854,0.0
18834,0.00110823790174
289085,0.000369412633912
1134320,0.0
18833,0.0
18832,0.0016623568526
254923,0.00240118212043
34266,0.00118212042852
78555,0.0019702007142
78557,0.00235257519491
34263,0.00118212042852
78552,0.00223494643517
107177,0.000369412633912
559804,0.00213122673411
1118347,0.0
1131420,0.0
33907,0.00189983640298
28456,0.0
411005,0.0
289885,0.0013907299159
68224,0.00147765053565
1120059,0.0
1115471,0.0
950052,0.0
94416,0.000369412633912
314459,0.000369412633912
255233,0.000369412633912
142268,0.00110823790174
1688,0.0063394964718
18781,0.00110823790174
1139009,0.0
18785,0.0
751408,0.000369412633912
1119742,0.0
1152958,0.0
1126044,0.0
752684,0.000369412633912
645046,0.00110823790174
1119180,0.0
1135746,0.0
645084,0.000369412633912
368431,0.000369412633912
58436,0.00157616057136
1114526,0.0
1136040,0.0
662416,0.000369412633912
212097,0.000369412633912
1063773,0.0
263069,0.000831178426302
137359,0.00147765053565
1031453,0.0
1117089,0.0
640617,0.000664942741042
31479,0.00380416414497
1113828,0.0
217115,0.000369412633912
1118764,0.0
6917,0.000831178426302
6910,0.00335829667193
30901,0.0
6913,0.0130937550619
15429,0.0294666619394
12439,0.0013193308354
1117833,0.0
1103985,0.0
335042,0.000831178426302
28632,0.000738825267824
1154251,0.0
644577,0.00954986107237
711527,0.0
282700,0.000369412633912
31055,0.000369412633912
38205,0.00616211712738
594039,0.000369412633912
22563,0.0312871150462
94641,0.00223494643517
22566,0.0153445046766
22564,0.0153850717742
928873,0.0
643239,0.0116178999529
144212,0.000369412633912
1133390,0.0
140005,0.000369412633912
126793,0.00120898680189
77515,0.000492550178549
28359,0.000839574167982
1123689,0.0
6217,0.0
632935,0.0
24476,0.00110823790174
358884,0.000369412633912
7430,0.000831178426302
155158,0.00115441448098
7432,0.0
919885,0.0
98698,0.00212852041445
1103162,0.0
74427,0.00329113073849
98693,0.000738825267824
6210,0.000369412633912
1106103,0.0
1050679,0.0
626999,0.000738825267824
248431,0.000369412633912
738941,0.00147765053565
337766,0.000664942741042
27250,0.0
161221,0.000369412633912
12182,0.00793913116741
1107455,0.0
78994,0.000831178426302
103515,0.005177933752
12347,0.000985100357099
1111978,0.0
521855,0.000492550178549
69296,0.000369412633912
17201,0.00272022030426
239810,0.000369412633912
255628,0.00110823790174
19697,0.00230172487284
431206,0.000369412633912
683360,0.000492550178549
593201,0.000369412633912
1152569,0.0
612306,0.000985100357099
1126037,0.0
1113551,0.0
1152564,0.0
82920,0.0727194774149
649944,0.0
32083,0.0609144950856
57773,0.000738825267824
260979,0.000369412633912
1102761,0.0
49660,0.00110823790174
1153280,0.0
1153287,0.0
7296,0.000369412633912
7297,0.00164556536924
1135108,0.0
578306,0.000492550178549
1111733,0.0
1110024,0.0
123825,0.00299224233469
118259,0.000738825267824
376704,0.000369412633912
38846,0.000985100357099
321861,0.000369412633912
38845,0.000738825267824
1121057,0.0
578780,0.0
286513,0.000831178426302
1153933,0.0
198866,0.00132988548208
194609,0.00284163564548
1109873,0.0
31489,0.00425911036746
166989,0.0013193308354
85352,0.00734455871079
128203,0.000369412633912
128202,0.0
190706,0.00139240146628
63812,0.00110823790174
152219,0.0
40886,0.00258588843738
49482,0.00203176948652
63549,0.000369412633912
633081,0.00307843861593
1128267,0.0
644441,0.000738825267824
1103960,0.0
644448,0.00147765053565
1131223,0.0
1118823,0.0
1109581,0.0
85688,0.0302896728619
70520,0.00201124656241
12359,0.0013193308354
1129629,0.0
1117249,0.0
173884,0.0
12350,0.0188812288461
227178,0.00214930987003
566488,0.0
1128868,0.0
118873,0.00110823790174
108983,0.00181012190617
27895,0.0256753800503
307015,0.00153921930797
1246,0.00356747057892
824245,0.000369412633912
1128881,0.0
246618,0.000738825267824
1131335,0.0
1110209,0.0
1131330,0.0
1129994,0.0
335733,0.000492550178549
198443,0.000369412633912
1114192,0.0
20972,0.000369412633912
654519,0.000369412633912
195361,0.000369412633912
1133428,0.0
18532,0.000492550178549
387795,0.000369412633912
236759,0.0
18536,0.00203638714444
44455,0.00572823388028
133550,0.00118212042852
133553,0.00149612116734
34257,0.00480236424086
1786,0.0023122494493
892139,0.0
62634,0.000554118950868
1115790,0.0
289088,0.000492550178549
1131150,0.0
41666,0.000369412633912
237376,0.0
135464,0.00652870432744
62389,0.000369412633912
709518,0.000369412633912
248395,0.000738825267824
1134022,0.0
8224,0.0363145297884
595193,0.0
14807,0.000831178426302
1123576,0.0
175909,0.00118212042852
4330,0.0165655889647
39474,0.000369412633912
41714,0.00646472109346
643485,0.0111858930489
1140230,0.0
1119178,0.0
54129,0.00581824898412
561568,0.0053799614169
648369,0.000369412633912
648121,0.000985100357099
561674,0.00147765053565
1104749,0.0
114966,0.000369412633912
1154103,0.0
72805,0.000369412633912
28026,0.00150843492181
1130856,0.0
285675,0.0
641976,0.0019702007142
267003,0.00277348079054
15987,0.0090319430974
15984,0.00147765053565
1121603,0.0
595063,0.0
1113831,0.0
646900,0.00153921930797
66805,0.000831178426302
143323,0.00346324344293
66809,0.000492550178549
1122425,0.0
23774,0.00110823790174
1116530,0.0
1110768,0.0
446610,0.000369412633912
1136110,0.0
13917,0.000369412633912
115188,0.000369412633912
575795,0.000738825267824
1110563,0.0
91581,0.000738825267824
1120643,0.0
28487,0.0027019895509
28485,0.000985100357099
1153900,0.0
25805,0.00147765053565
28489,0.0016555158779
28336,0.00194343168275
643003,0.000369412633912
50807,0.000369412633912
22229,0.0047875877355
35343,0.000369412633912
127940,0.000738825267824
616336,0.000369412633912
370366,0.0013193308354
1152740,0.0
31083,0.000738825267824
166420,0.000369412633912
105865,0.000831178426302
105856,0.00164556536924
646286,0.00997501237184
646289,0.00997501237184
19045,0.00147765053565
594483,0.000369412633912
135130,0.00110823790174
1105433,0.0
92589,0.00139240146628
1111899,0.0
116528,0.00474336083405
631015,0.000738825267824
120013,0.0
96335,0.0
12631,0.0116401355106
110041,0.00392425224221
259772,0.000369412633912
74749,0.00316639400496
1122642,0.0
12638,0.0148590556657
1116328,0.0
27241,0.000738825267824
77438,0.00362024381234
27243,0.000831178426302
27246,0.000369412633912
27249,0.0026269342856
308529,0.0
1104258,0.0
12238,0.0016623568526
177993,0.000369412633912
576795,0.000369412633912
645897,0.00754856382126
177998,0.000738825267824
1153166,0.0
56708,0.00286574649338
69284,0.000738825267824
1153160,0.0
1104435,0.0
642593,0.000369412633912
1153169,0.0
645870,0.000985100357099
25794,0.000492550178549
25791,0.00150843492181
632874,0.000369412633912
1113541,0.0
86923,0.000738825267824
55403,0.000369412633912
141347,0.000369412633912
323128,0.0
192734,0.0
141342,0.0597329525693
124828,0.000369412633912
308232,0.0
688361,0.0
2354,0.00420849836102
379288,0.000738825267824
1127863,0.0
754594,0.000369412633912
52515,0.00503058775291
1130454,0.0
1135137,0.0
578337,0.00339397857407
853150,0.0
763009,0.00110823790174
60170,0.000554118950868
416867,0.000369412633912
853155,0.000492550178549
523574,0.00296351024094
16451,0.000369412633912
118260,0.000369412633912
975567,0.0
1138043,0.0
649739,0.000369412633912
646837,0.0
646836,0.0
148341,0.000738825267824
1102625,0.0
120817,0.000738825267824
97377,0.00939406343913
124952,0.00189983640298
79809,0.00319684010116
1134031,0.0
51934,0.000769609653983
1127913,0.0
1152194,0.0
95594,0.00118212042852
95597,0.000369412633912
6334,0.0092650007916
162075,0.00132988548208
1152358,0.0
1129610,0.0
12169,0.00118212042852
506,0.00268663733754
1117476,0.0
662250,0.000369412633912
70442,0.000738825267824
70441,0.0
70444,0.00184706316956
33325,0.00110823790174
359067,0.0
24043,0.017544663352
1136449,0.0
400473,0.000664942741042
1121459,0.0
1136447,0.0
1136442,0.0
1117786,0.0
626530,0.00147765053565
626531,0.000831178426302
39890,0.010841661617
753264,0.00132988548208
1125992,0.0
1125993,0.0
645088,0.000738825267824
66990,0.00201124656241
642847,0.00747015609096
1152959,0.0
18812,0.000738825267824
18811,0.00110823790174
735303,0.000369412633912
18815,0.000738825267824
133563,0.00194343168275
133566,0.000369412633912
133567,0.000738825267824
232606,0.00110823790174
232605,0.000369412633912
1131149,0.0
466170,0.000844371734656
1000012,0.0
62607,0.000369412633912
1105116,0.0
1131334,0.0
628751,0.000738825267824
28447,0.00115441448098
134060,0.000369412633912
910,0.0137113278231
18251,0.000369412633912
5959,0.00153921930797
44514,0.068590354972
1106492,0.0
1132968,0.0
447224,0.000369412633912
4329,0.00324460012195
662279,0.0
188471,0.000492550178549
1117920,0.0
1152975,0.0
1130847,0.0
39403,0.000664942741042
573978,0.0
33818,0.00194343168275
1102364,0.0
561595,0.000831178426302
561593,0.000369412633912
54132,0.00350942002216
154982,0.00221647580347
27535,0.0212872552303
27530,0.00258588843738
27531,0.00115441448098
423816,0.000985100357099
14062,0.00514261271946
399339,0.000369412633912
1105603,0.0
82666,0.00284975460446
242637,0.000369412633912
595056,0.0
263553,0.00205229241062
1130678,0.0
1154233,0.0
1154232,0.0
1154230,0.0
8699,0.000738825267824
430711,0.000831178426302
6935,0.00332471370521
6939,0.000369412633912
23546,0.000492550178549
23545,0.0
1110579,0.0
1103969,0.0
1118546,0.0
1104647,0.0
1133008,0.0
1103610,0.0
35,0.0873359376469
689152,0.000369412633912
72908,0.00231284431667
3097,0.00314803809769
66594,0.000664942741042
3095,0.00181864681311
28491,0.00181012190617
1120650,0.0
289779,0.000985100357099
509315,0.0
1140231,0.0
31097,0.0
1108551,0.0
1107067,0.0
1152991,0.0
644334,0.0
175548,0.00278145983181
241133,0.000369412633912
73162,0.00374030291836
7419,0.00272022030426
1105428,0.0
217139,0.000369412633912
189655,0.00209333825884
22431,0.00390292478438
116512,0.000369412633912
562123,0.000656733571399
1116336,0.0
262178,0.0013193308354
509233,0.0
1153264,0.0
1110950,0.0
1104261,0.0
1112319,0.0
131122,0.000369412633912
75121,0.00342753990228
561611,0.00102614620531
561610,0.000738825267824
561613,0.00538474785944
1123087,0.0
61417,0.00110823790174
103531,0.000831178426302
594011,0.000831178426302
39131,0.00893978574067
39130,0.00804580716661
594543,0.0
103537,0.00588612299215
1102567,0.0
1118302,0.0
397590,0.000369412633912
12198,0.00271437978831
12199,0.000831178426302
593260,0.0
1152508,0.0
12194,0.000664942741042
12195,0.0114760651714
80656,0.00194343168275
12197,0.00118212042852
90655,0.000844371734656
644843,0.000831178426302
578645,0.0
19231,0.00258588843738
45603,0.000738825267824
1103383,0.0
348305,0.00120898680189
1105932,0.0
763010,0.00147765053565
1135122,0.0
189774,0.000738825267824
1127851,0.0
1135125,0.0
510718,0.0
1136446,0.0
60169,0.000492550178549
102879,0.000369412633912
510715,0.0
582139,0.000738825267824
118079,0.0
4660,0.0016623568526
943,0.00422463621188
940,0.00455362640069
941,0.00492145120837
193742,0.000831178426302
105057,0.0
93318,0.000369412633912
628815,0.000369412633912
63832,0.0
2658,0.0064245675463
20179,0.00248279653955
20178,0.00278145983181
1131557,0.0
162664,0.00199482822313
107569,0.000738825267824
1131550,0.0
1120252,0.0
130,0.00110823790174
116087,0.0
116084,0.00181012190617
116081,0.000738825267824
95588,0.000369412633912
95589,0.0
16843,0.00118212042852
561809,0.00118212042852
249421,0.000738825267824
1129608,0.0
203646,0.000369412633912
75972,0.00110823790174
89416,0.0037888475273
173863,0.000492550178549
650834,0.0
654177,0.000369412633912
1118209,0.0
59715,0.000369412633912
45052,0.000738825267824
108962,0.00147765053565
907845,0.0
42847,0.000369412633912
307656,0.000738825267824
42848,0.000738825267824
1131314,0.0
576973,0.00510732615992
83826,0.000369412633912
911198,0.0
1117049,0.0
233106,0.000831178426302
1112767,0.0
1105148,0.0
1114664,0.0
1107861,0.0
1125944,0.0
1131172,0.0
162080,0.0016623568526
647315,0.000369412633912
628458,0.000369412633912
949318,0.0
642930,0.000369412633912
949511,0.0
171225,0.0
20193,0.0105221708473
1104449,0.0
714289,0.00268122073001
1125386,0.0
13024,0.000369412633912
151430,0.000369412633912
1123756,0.0
372862,0.0
40605,0.00118212042852
57119,0.00409195532949
1114336,0.0
67245,0.000738825267824
67246,0.000492550178549
950986,0.0
1114331,0.0
168410,0.0
644361,0.000492550178549
14428,0.00226265238271
561581,0.000738825267824
334153,0.000369412633912
41732,0.0
561582,0.000492550178549
219976,0.000369412633912
1154169,0.0
645452,0.000492550178549
1095507,0.0
29708,0.000492550178549
1120713,0.0
643735,0.000492550178549
643734,0.000369412633912
467383,0.000844371734656
137380,0.00168874346931
78508,0.000369412633912
13972,0.00313676692655
563613,0.00120898680189
430329,0.000664942741042
1124837,0.0
169279,0.000738825267824
56112,0.0059457842982
34979,0.00110823790174
643597,0.0
1108728,0.0
1132157,0.0
6925,0.00184706316956
646357,0.000369412633912
1133930,0.0
1107041,0.0
6923,0.0026386616708
310742,0.0
1153922,0.0
949217,0.0
1153024,0.0
14431,0.000369412633912
14430,0.00258588843738
59045,0.000369412633912
194617,0.00147765053565
1110546,0.0
174418,0.000985100357099
111866,0.000369412633912
3085,0.0054039791018
3084,0.00110823790174
8594,0.00410616350772
577227,0.000369412633912
8591,0.00164556536924
1125402,0.0
31336,0.00110823790174
88356,0.0
66751,0.00184706316956
1134346,0.0
1129518,0.0
170798,0.000710408911369
1133846,0.0
188318,0.000369412633912
82098,0.000369412633912
503883,0.00343837913103
1133338,0.0
187354,0.00110823790174
67292,0.000369412633912
12576,0.00846518442456
272345,0.0
27510,0.00147765053565
106590,0.000738825267824
28957,0.00857501307221
1061127,0.0
1153816,0.0
228990,0.000369412633912
1153811,0.0
214472,0.0
231198,0.019856017449
1129040,0.0
617575,0.000369412633912
630817,0.000369412633912
119712,0.000369412633912
128383,0.000369412633912
1112369,0.0
642641,0.000492550178549
574462,0.0
52847,0.000738825267824
27632,0.00110823790174
82664,0.0022464281792
1136310,0.0
13717,0.00110823790174
39126,0.000738825267824
39127,0.0119644459187
39124,0.0
103529,0.000369412633912
103528,0.000738825267824
1102550,0.0
93273,0.000738825267824
1153101,0.0
1153106,0.0
617378,0.000369412633912
145134,0.00193297308442
55968,0.000369412633912
608190,0.00120674793745
1112026,0.0
593091,0.000369412633912
1123926,0.0
1132418,0.0
1132416,0.0
6130,0.00214930987003
1131639,0.0
81714,0.000369412633912
140569,0.0
1103394,0.0
75969,0.00221647580347
1071981,0.0
16476,0.00241349587489
16474,0.00102614620531
16471,0.00184706316956
16470,0.000369412633912
899119,0.0
396412,0.0
17476,0.00332471370521
17477,0.000369412633912
51866,0.018430414564
1104300,0.0
100961,0.000554118950868
593328,0.000369412633912
593329,0.000492550178549
231249,0.000738825267824
1153031,0.0
63835,0.000831178426302
1138027,0.0
251756,0.00186245536264
286562,0.0
1121063,0.0
2653,0.00750838686813
35852,0.0021730154936
64271,0.00337748693862
1131549,0.0
309476,0.0
1130780,0.0
1104031,0.0
128,0.00205229241062
152483,0.000831178426302
1130539,0.0
1128256,0.0
734406,0.000369412633912
70281,0.000738825267824
54844,0.000369412633912
4878,0.000369412633912
248119,0.0
1120731,0.0
6311,0.00147765053565
63486,0.00132988548208
51045,0.000369412633912
1109208,0.0
6318,0.00147765053565
39165,0.0013193308354
714748,0.0
1131305,0.0
1111304,0.0
1131300,0.0
1131301,0.0
108974,0.00260128063046
193931,0.000738825267824
193932,0.000369412633912
101811,0.00310134792656
767763,0.000369412633912
1107674,0.0
10430,0.00160614188657
10435,0.017364873998
143801,0.000664942741042
1153254,0.0
1112574,0.0
33013,0.0
578309,0.000369412633912
1129494,0.0
112378,0.00189983640298
2665,0.0116364979682
2663,0.000369412633912
102061,0.000369412633912
8961,0.000738825267824
1128369,0.0
341188,0.000738825267824
18619,0.00168874346931
1136791,0.0
1139195,0.0
84459,0.0
48764,0.000738825267824
1131167,0.0
48766,0.000738825267824
1131165,0.0
48768,0.000369412633912
18615,0.00147765053565
1125953,0.0
15889,0.0026386616708
578898,0.00139240146628
133628,0.000369412633912
683404,0.000369412633912
218682,0.000492550178549
1120019,0.0
18582,0.0
1111230,0.0
682666,0.0
137790,0.00369073723239
20180,0.00396684707557
126927,0.00917951546907
120084,0.000369412633912
574264,0.0016555158779
648112,0.00147765053565
33301,0.000738825267824
33303,0.0
1132948,0.0
1125393,0.0
137130,0.00268122073001
395075,0.0
29492,0.0263909657937
71736,0.000738825267824
1119140,0.0
144679,0.000369412633912
95586,0.000369412633912
8213,0.0
34355,0.000369412633912
184157,0.000369412633912
136665,0.000844371734656
1127430,0.0
1105622,0.0
12960,0.0
672070,0.0021730154936
672071,0.00205229241062
353541,0.0
27514,0.000369412633912
1110438,0.0
1154173,0.0
28542,0.0039404014284
73323,0.00120674793745
197054,0.000369412633912
1118092,0.0
60682,0.000369412633912
284025,0.000831178426302
285687,0.000369412633912
851968,0.000369412633912
415693,0.00181012190617
61312,0.000369412633912
440815,0.00573335225135
385572,0.000369412633912
13966,0.000369412633912
4274,0.00110823790174
169280,0.000738825267824
1124844,0.0
27631,0.00241797360379
160732,0.00168874346931
174425,0.00092353158478
948147,0.0
1111052,0.0
1105718,0.0
1127541,0.0
936,0.00536244146001
72101,0.000369412633912
643695,0.000738825267824
252725,0.0
8581,0.00800031870894
111676,0.000839574167982
1108570,0.0
1107385,0.0
74975,0.00236424085704
368605,0.000369412633912
656048,0.000369412633912
51180,0.0141132417638
1119216,0.0
1103499,0.0
1119211,0.0
30895,0.00189983640298
1131258,0.0
50381,0.000664942741042
3187,0.00827604434153
35778,0.00386095785121
714879,0.0
1153860,0.0
1153866,0.0
593022,0.000369412633912
155738,0.000886590321389
576362,0.00118212042852
71904,0.000844371734656
1113995,0.0
108963,0.00102298883237
6639,0.00231284431667
35797,0.00379967280595
40124,0.000738825267824
259701,0.000369412633912
259702,0.000738825267824
1106388,0.0
9708,0.00189983640298
92065,0.000369412633912
193347,0.00147765053565
32688,0.00171918956551
1138970,0.0
687401,0.000492550178549
642894,0.0132645314423
593068,0.0
100197,0.0013193308354
1103016,0.0
593060,0.000369412633912
87482,0.000844371734656
593240,0.000738825267824
60560,0.0
593248,0.0
228992,0.0
6125,0.00276120290772
684531,0.000369412633912
17208,0.00189983640298
139547,0.0
632796,0.000369412633912
31927,0.00153921930797
577331,0.000369412633912
237489,0.00685940932864
1125895,0.0
1959,0.00569388006403
1132406,0.0
576691,0.000369412633912
288,0.00102298883237
144701,0.00362696040568
124224,0.00784593204769
633030,0.000369412633912
1134056,0.0
220420,0.000369412633912
16461,0.000369412633912
688824,0.000369412633912
325314,0.000369412633912
1109439,0.0
260121,0.000369412633912
1153003,0.0
595157,0.0
51879,0.0164389911939
4649,0.0173617164696
1133047,0.0
1105877,0.0
116790,0.000369412633912
1106771,0.0
17242,0.000738825267824
164,0.0
49753,0.000369412633912
1105394,0.0
593209,0.000369412633912
270456,0.000985100357099
45212,0.000738825267824
17488,0.000369412633912
1109891,0.0
114,0.0183508910487
117,0.0380246751751
444240,0.0
1109542,0.0
117315,0.00151986912238
1152307,0.0
117316,0.00130064031523
4804,0.0130580461179
134199,0.00110823790174
33904,0.000738825267824
1152308,0.0
12158,0.000985100357099
578347,0.000369412633912
12155,0.000369412633912
35854,0.0
1153861,0.0
20534,0.00422185867328
1131374,0.0
131317,0.000369412633912
7272,0.00157616057136
38537,0.00918073360284
22869,0.000369412633912
1153262,0.0
7276,0.000369412633912
409725,0.0
976284,0.0
56167,0.00184706316956
1133469,0.0
5086,0.00948698465991
644470,0.0
1107808,0.0
636098,0.0
210309,0.000369412633912
1129243,0.0
628766,0.0
15892,0.000738825267824
628764,0.0
582511,0.000369412633912
1131198,0.0
1131195,0.0
601462,0.00110823790174
1131192,0.0
552469,0.0
34961,0.000831178426302
1131752,0.0
58268,0.00110823790174
1131754,0.0
1121659,0.0
129045,0.000738825267824
575331,0.0
62676,0.000831178426302
1120020,0.0
129042,0.00110823790174
1132887,0.0
3217,0.00230172487284
112099,0.000369412633912
3218,0.0116793974999
714260,0.00181864681311
1121398,0.0
8821,0.000738825267824
36140,0.026725159121
1113182,0.0
648106,0.000985100357099
1128536,0.0
346292,0.00113132619136
1128531,0.0
97892,0.0
15076,0.0205161473058
1132083,0.0
1117618,0.0
1114352,0.0
1123493,0.0
964248,0.0
307336,0.000738825267824
17811,0.0013134671428
62274,0.00110823790174
1110426,0.0
1136631,0.0
672064,0.00149612116734
1481,0.0059311250667
1136634,0.0
178209,0.00230172487284
1118083,0.0
137873,0.0
621555,0.000369412633912
112787,0.000369412633912
397488,0.000738825267824
1114512,0.0
591016,0.000738825267824
132821,0.000369412633912
144408,0.0250341066615
180187,0.000369412633912
1107062,0.0
815096,0.00157616057136
756061,0.00110823790174
1110028,0.0
27623,0.00354636128556
1110520,0.0
27627,0.00536244146001
160705,0.0
6941,0.000369412633912
103430,0.000985100357099
1127558,0.0
608292,0.0
24530,0.000369412633912
1127551,0.0
40,0.00132988548208
1108389,0.0
47570,0.000492550178549
1121739,0.0
1153786,0.0
1153784,0.0
502574,0.0
3191,0.00856142518089
31353,0.00692648688585
164885,0.000369412633912
27199,0.000738825267824
312409,0.0
1108363,0.0
12558,0.0
1717,0.00199482822313
642798,0.000738825267824
238401,0.000369412633912
444191,0.00231284431667
39210,0.000738825267824
95642,0.00129294421869
170338,0.0
1153879,0.0
1122460,0.0
604073,0.000369412633912
3192,0.00844774650629
529165,0.000369412633912
28202,0.00110823790174
650814,0.000369412633912
1153877,0.0
