74700,0,6,20,6,3,0,0,1,0,0,0
684986,0,695,115,38,9,20,0,0,0,1,0
262108,0,6,37,0,0,0,0,0,0,0,0
23448,0,3091,190,160,27,8,1,12,0,0,0
131117,0,12,87,16,1,10,1,0,0,1,0
144330,0,257,143,72,9,0,0,0,0,0,0
1959,0,32,103,242,6,10,20,8,3,0,0
193354,0,3,6,5,0,5,1,2,1,2,1
193352,0,1,4,8,0,6,2,2,1,2,2
1121867,0,105,81,98,2,12,1,4,0,0,0
1105505,0,14,41,8,0,0,0,0,0,0,0
103543,0,6,37,26,2,4,6,0,0,0,0
1104055,0,244,150,124,5,0,0,2,0,0,0
469504,0,104,49,32,17,0,0,3,0,0,0
35852,0,10,373,28,1,0,0,1,0,0,0
6151,0,3266,767,699,32,630,17,12,27,35,6
6152,0,22,401,8,10,8,0,3,2,0,0
189572,0,44,89,38,9,13,0,3,0,0,0
6155,0,4116,518,338,15,312,12,31,26,4,4
189571,0,146,128,137,10,32,15,8,1,2,1
287787,0,12131,408,298,146,682,23,0,5,9,4
289780,0,13053,378,332,101,413,6,0,0,10,6
289781,0,13219,378,336,153,250,0,1,4,5,4
1106287,0,2994,249,193,8,86,0,10,0,1,0
158098,0,48,66,26,5,0,0,4,0,0,0
69392,0,3342,247,308,8,38,2,4,0,0,0
1132434,0,39,35,12,0,0,0,0,0,0,0
69397,0,161,150,51,3,0,0,4,0,0,0
65650,0,383,234,372,8,99,24,4,1,8,0
65653,0,827,306,417,0,0,0,4,0,0,0
60682,0,9,72,6,1,0,0,0,0,0,0
100701,0,0,4,0,0,0,0,0,0,0,0
1102442,0,39,51,13,2,0,0,0,0,0,0
689439,0,1,3,6,0,2,1,0,0,0,0
853114,0,423,84,31,12,2,0,0,0,2,2
853115,0,423,84,31,12,2,0,0,0,2,2
853116,0,423,84,31,12,2,0,0,0,2,2
52003,0,0,0,4,0,0,2,0,1,0,0
52000,0,0,0,2,1,0,0,0,0,1,0
853118,0,0,67,4,3,0,0,0,0,0,0
52007,0,0,4,0,0,0,0,0,1,0,0
1129015,0,9,24,6,0,5,1,0,0,0,0
100961,0,65,73,6,3,10,0,0,1,1,0
1129018,0,13716,404,167,152,0,0,1,0,0,0
1132505,0,1,72,5,0,3,0,1,0,0,0
43698,0,103,35,0,0,65,0,2,5,4,5
85324,0,5,153,7,2,0,0,0,0,0,0
1113438,0,13614,498,554,153,87,2,3,4,1,0
166825,0,0,12,1,1,0,0,1,0,0,0
258259,0,0,2,0,0,0,0,0,0,0,0
63931,0,326,105,129,10,37,7,0,1,5,1
93320,0,555,419,105,26,0,0,1,0,0,0
990075,0,0,6,0,1,0,0,0,0,0,0
2440,0,58,428,2184,16,36,207,24,11,7,2
644494,0,1,32,9,1,4,1,0,0,1,0
1130568,0,26,4,0,2,0,0,0,0,0,0
1109392,0,2016,248,131,15,6,1,1,0,0,0
1130567,0,3024,432,132,47,193,2,4,20,2,2
1106630,0,71,41,74,1,0,0,1,0,0,0
1117184,0,115,48,60,1,6,1,0,0,0,0
93923,0,505,212,71,1,29,0,0,1,3,0
294145,0,0,0,0,0,0,0,0,0,0,0
102939,0,0,4,0,0,0,0,0,1,0,0
102938,0,1,4,2,0,1,0,0,0,1,0
16819,0,51,96,346,8,15,25,17,11,1,3
1107728,0,0,0,0,0,0,0,0,0,0,0
132821,0,0,4,0,0,0,0,0,0,0,0
117328,0,16,28,30,6,0,0,5,0,0,0
1117219,0,41,21,0,14,3,0,0,0,0,0
139738,0,2,152,0,1,0,0,0,0,0,0
753047,0,0,42,8,0,0,7,0,0,2,1
79817,0,96,79,33,5,7,1,0,0,0,0
646412,0,0,0,0,0,0,0,0,0,0,0
6378,0,487,359,237,27,4,2,4,0,0,0
787016,0,13213,423,3,46,405,1,1,1,2,1
1109957,0,2825,319,91,2,67,1,0,2,0,0
300071,0,43,81,61,4,9,0,5,0,0,0
1131360,0,13650,406,372,128,161,0,0,9,0,0
87363,0,352,364,58,14,29,0,0,0,2,0
1116922,0,0,11,2,0,0,0,0,0,0,0
20526,0,2638,421,203,92,133,3,6,3,3,0
20528,0,40,396,121,2,0,0,1,0,0,0
1138755,0,7,12,0,3,0,0,0,0,0,0
54550,0,52,35,15,3,0,0,0,0,0,0
22874,0,9,32,9,0,3,0,1,1,0,0
22875,0,11,82,18,0,0,0,1,0,0,0
22876,0,2,22,22,1,0,0,1,0,0,0
293285,0,423,283,30,22,0,0,1,0,0,0
197452,0,387,101,120,13,0,0,0,0,0,0
561581,0,28,15,40,2,8,2,0,1,1,0
1153275,0,42,55,11,2,0,0,0,0,0,0
219239,0,348,197,157,22,3,0,2,1,0,0
1121254,0,150,92,56,4,0,0,2,0,0,0
1131565,0,9,14,6,1,0,0,0,0,0,0
152731,0,19,153,11,0,6,1,0,0,0,0
509315,0,3,181,3,0,0,0,0,0,0,0
1117501,0,30,53,10,0,0,0,0,0,0,0
179180,0,1,139,4,0,3,0,0,0,0,0
1131189,0,0,13,0,0,0,0,0,0,0,0
1129907,0,26,138,0,0,7,0,0,0,0,0
1131184,0,0,0,0,0,0,0,0,0,0,0
49482,0,4968,336,843,40,93,8,25,2,1,0
1131180,0,66,26,0,10,0,0,0,0,0,0
48781,0,3,10,5,0,4,1,1,0,2,0
294030,0,197,214,139,16,0,3,7,1,0,0
711598,0,173,98,0,5,0,0,0,0,0,0
1131748,0,4610,266,116,23,0,0,10,0,0,0
1131745,0,2567,183,0,4,62,0,0,0,0,0
104840,0,681,170,123,14,36,0,3,0,0,0
1131741,0,0,64,0,0,1,0,0,0,0,0
1130586,0,26,4,0,2,0,0,0,0,0,0
594511,0,0,23,0,1,0,0,1,0,0,0
645452,0,6,1,0,0,0,0,0,0,0,0
1997,0,88,194,285,2,17,13,1,0,0,0
1999,0,27,171,69,4,0,0,1,0,0,0
1114184,0,1,2,0,0,0,0,0,0,0,0
634975,0,13244,396,0,69,367,0,0,0,2,2
1129835,0,3,6,5,0,5,1,2,1,2,1
45061,0,6,9,0,0,0,0,0,0,0,0
1128839,0,5033,455,297,28,0,0,17,0,0,0
237521,0,2987,176,98,3,0,0,1,0,0,0
31489,0,4,65,96,1,3,45,2,1,9,1
8832,0,131,92,18,1,0,0,0,0,0,0
67584,0,2,5,3,1,3,0,1,0,0,0
202639,0,401,377,581,19,0,0,7,0,0,0
395725,0,245,78,168,3,10,0,2,4,0,0
1130808,0,577,59,26,33,18,0,9,9,1,0
58454,0,15,18,17,3,0,0,0,0,0,0
58453,0,14,10,0,3,0,0,0,0,0,0
1113084,0,0,0,0,0,0,0,0,0,0,0
643734,0,0,9,2,0,0,0,0,0,0,0
12946,0,1620,192,74,24,0,0,1,0,0,0
17821,0,0,0,0,0,0,0,0,0,0,0
948846,0,2611,125,0,15,0,0,0,0,0,0
592996,0,6,16,0,0,0,0,3,0,0,0
575292,0,13557,495,532,21,153,3,1,3,0,0
399370,0,52,74,14,1,17,2,0,1,2,0
5454,0,2,41,4,1,0,0,4,0,0,0
137956,0,4,12,8,2,1,1,1,1,0,0
16474,0,27,42,47,0,0,0,2,0,0,0
137868,0,12,67,100,6,3,3,0,0,0,0
399173,0,103,38,0,0,0,0,0,0,0,0
1107010,0,32,50,39,8,16,0,1,1,1,0
23507,0,2480,325,539,10,115,5,1,2,0,0
340299,0,2623,139,162,13,0,0,1,0,0,0
23502,0,4423,328,325,22,150,4,11,2,2,1
1115166,0,0,14,0,0,0,0,0,0,0,0
1110531,0,21,50,26,2,0,0,0,0,0,0
1135455,0,0,4,0,0,0,0,0,0,0,0
194645,0,12,39,7,2,0,0,0,0,0,0
1152821,0,2611,125,0,9,0,0,0,0,0,0
151708,0,731,105,39,3,0,0,0,0,0,0
189577,0,2065,239,246,19,0,0,4,0,0,0
189574,0,113,97,17,2,0,0,0,0,0,0
1127566,0,2,6,0,0,3,0,0,0,0,0
83725,0,202,504,95,15,35,3,8,19,7,2
1114364,0,3,1,0,0,0,0,0,0,0,0
8766,0,0,7,0,0,1,0,0,0,0,0
1123093,0,0,11,0,2,0,0,0,0,0,0
1113934,0,238,336,158,4,0,0,3,0,0,0
89547,0,168,596,511,9,8,39,2,4,0,1
31349,0,103,35,0,3,35,0,1,4,1,7
232860,0,0,0,0,0,0,0,0,0,0,0
1108597,0,224,36,0,7,0,0,0,0,0,0
43186,0,2,77,12,1,0,0,0,0,0,0
107251,0,172,136,43,9,44,1,1,1,5,3
66982,0,102,125,33,4,3,1,0,1,0,0
107252,0,179,138,23,9,42,0,0,3,2,2
562067,0,2,5,18,0,1,5,1,0,0,0
66986,0,4,14,6,0,0,0,0,0,0,0
1112911,0,13949,587,407,166,147,2,4,6,0,0
119686,0,10,181,17,4,10,2,1,0,2,0
711994,0,0,0,0,0,0,0,0,0,0,0
1110628,0,0,0,0,0,0,0,0,0,0,0
6220,0,3310,467,437,72,178,19,20,9,13,5
280876,0,6,27,11,1,1,1,0,1,0,0
521183,0,12,57,15,1,4,1,0,0,0,0
1124837,0,0,0,0,0,0,0,0,0,0,0
219446,0,6,253,24,0,3,6,1,0,0,1
650807,0,0,8,2,0,0,0,0,0,0,0
696345,0,451,55,95,21,76,3,8,10,10,7
696346,0,508,55,42,21,46,0,9,13,6,4
28387,0,906,379,208,24,40,0,11,2,0,0
67292,0,848,95,0,0,42,0,0,0,0,0
696342,0,199,75,0,18,19,0,0,8,0,1
277263,0,172,104,43,8,13,0,0,1,0,0
173884,0,131,80,39,3,19,2,0,1,1,0
1102850,0,31,26,0,6,0,0,0,0,0,0
1136342,0,12,30,0,1,0,0,0,0,0,0
1119471,0,9,80,30,4,3,2,0,2,0,0
653441,0,154,85,157,8,21,6,10,2,3,0
273152,0,13514,498,54,138,221,1,1,22,0,1
126868,0,0,0,0,0,0,0,0,0,0,0
126867,0,0,0,0,0,0,0,0,0,0,0
77112,0,0,1,0,0,0,0,0,0,0,0
1110998,0,2602,357,169,9,66,0,1,0,3,0
1126350,0,13,55,6,2,0,0,0,0,0,0
308003,0,57,98,16,4,0,0,0,0,0,0
647413,0,137,370,39,15,8,1,1,1,0,0
69418,0,695,113,0,1,32,0,0,1,0,0
310530,0,54,60,39,8,12,1,4,0,1,0
566488,0,224,36,0,5,0,0,0,0,0,0
1103038,0,15,32,29,0,4,1,1,0,0,0
35335,0,2,69,8,0,0,0,0,0,0,0
606647,0,109,248,12,3,0,0,5,0,0,0
1103031,0,10,1,1,2,6,0,3,3,2,2
595063,0,16,216,14,1,0,0,3,0,0,0
1128982,0,79,208,15,7,0,0,0,0,0,0
74821,0,2,36,6,0,0,0,1,0,0,0
1113534,0,11,10,0,4,0,0,0,0,0,0
189566,0,13,48,44,4,9,0,1,0,0,0
250566,0,0,35,0,0,0,0,0,0,0,0
646357,0,47,28,0,5,16,0,0,1,0,1
576725,0,13486,405,17,140,266,0,0,10,0,0
409255,0,8,15,0,2,4,0,0,0,0,0
77758,0,3468,287,1155,34,62,7,6,0,0,0
6782,0,9,35,7,0,0,0,0,0,0,0
6784,0,45,253,88,2,11,11,0,3,2,0
1106298,0,38,224,12,1,0,0,0,0,0,0
631052,0,837,332,234,5,30,3,2,0,0,0
27174,0,1773,238,163,5,221,16,3,3,10,3
1118658,0,10,41,0,1,12,0,0,1,0,1
180373,0,165,392,132,13,6,2,1,2,0,0
561789,0,3,7,5,1,2,1,0,0,0,0
1154520,0,12,9,0,2,0,0,0,0,0,0
1154525,0,13,11,5,0,11,0,0,1,1,0
1154524,0,1,3,0,2,2,0,0,2,0,1
46491,0,13,138,222,1,8,31,6,3,4,2
1153065,0,13648,406,0,141,161,0,0,9,0,0
1153064,0,105,109,0,3,4,0,0,0,0,0
16485,0,25,226,141,0,0,0,3,0,0,0
683294,0,0,0,0,0,0,0,0,0,0,0
55801,0,3,13,3,1,0,0,1,0,0,0
1112106,0,0,0,0,0,0,0,0,1,0,0
20534,0,2397,403,330,61,279,16,3,6,17,3
1152259,0,3,5,2,0,0,0,1,0,0,0
14430,0,0,0,4,0,1,8,7,6,5,4
235776,0,49,103,39,1,12,2,3,0,1,0
1152490,0,54,59,19,4,2,0,4,1,0,0
315266,0,35,40,7,2,6,0,3,0,1,0
191216,0,0,2,0,0,0,0,0,0,0,0
1105887,0,32,47,11,0,0,0,0,0,0,0
95198,0,2,16,0,0,0,0,0,0,0,0
671269,0,17,162,50,1,14,2,8,3,2,0
141596,0,3,6,0,3,0,0,0,0,0,0
682815,0,218,438,156,20,14,1,1,3,0,0
1153014,0,4,13,4,0,0,0,0,0,0,0
1113742,0,28,195,0,6,11,0,0,0,0,0
686559,0,136,23,0,6,0,0,0,0,0,0
149139,0,0,0,0,0,0,0,0,0,0,0
1109566,0,1,5,0,0,0,0,0,0,0,0
1110209,0,26,23,0,11,12,0,0,3,0,1
763181,0,3,216,7,2,7,3,0,2,0,1
1120786,0,0,39,0,0,0,0,0,0,0,0
293271,0,2831,263,76,76,0,0,1,0,0,0
1131330,0,0,0,0,0,0,0,0,0,0,0
578365,0,2,75,1,4,0,0,3,0,0,0
1131359,0,2,15,0,2,4,0,0,0,0,0
48555,0,10,129,12,1,3,1,0,0,0,0
1129994,0,33,43,54,6,6,1,1,0,1,0
1131421,0,0,1,0,1,0,0,0,1,0,0
48550,0,2856,276,505,23,29,6,1,0,0,0
63477,0,710,170,54,14,17,1,0,1,0,0
1128198,0,193,224,0,9,12,0,0,0,0,0
1114992,0,4,13,0,0,3,0,0,0,0,0
575077,0,13186,533,1125,97,440,21,6,10,6,0
13193,0,2694,375,138,37,160,3,3,2,3,0
1114629,0,25,127,9,2,0,0,0,0,0,0
13195,0,10,197,17,0,0,0,0,0,0,0
37541,0,41,103,33,5,9,0,0,0,0,0
1116842,0,198,78,24,4,0,0,2,0,0,0
6216,0,15,425,67,1,0,0,5,0,0,0
6215,0,3393,660,219,36,217,4,1,17,2,1
6214,0,2398,1382,4707,32,904,532,38,21,108,12
6213,0,734,1617,16619,66,487,4124,247,21,247,24
948299,0,5091,317,286,7,0,0,25,0,0,0
1138619,0,0,0,0,0,0,0,0,0,0,0
2698,0,54,66,14,3,30,3,8,7,8,2
1112723,0,12,75,14,2,4,1,1,1,0,0
2696,0,11,240,257,3,12,87,7,1,21,4
2695,0,119,32,41,0,58,4,3,4,6,2
1152075,0,198,78,24,1,0,0,2,0,0,0
42156,0,1,150,7,0,0,0,1,0,0,0
6818,0,24,177,250,5,4,4,10,3,0,0
1128997,0,78,430,36,5,0,0,1,0,0,0
1128990,0,9,341,0,1,5,0,0,1,0,0
1111265,0,1,5,0,0,0,0,0,0,0,0
1118332,0,805,201,44,17,0,0,0,0,0,0
59626,0,41,130,78,7,0,0,3,0,0,0
6814,0,10,147,113,0,9,18,12,3,0,0
1130600,0,3307,463,185,45,81,1,6,10,2,1
735311,0,0,171,0,0,0,0,0,0,0,0
14090,0,3,17,4,0,0,0,0,0,0,0
1109185,0,2,10,0,0,0,0,0,0,0,0
123556,0,7,10,11,0,2,1,0,0,0,0
1131734,0,5,177,0,1,0,0,0,0,0,0
3232,0,15,210,99,3,0,0,6,0,0,0
3233,0,55,242,398,8,6,11,4,1,0,0
3231,0,187,981,3297,16,94,481,15,0,43,5
3236,0,55,149,67,3,0,3,1,0,0,0
3237,0,551,177,140,22,16,0,1,3,0,0
3235,0,14,88,8,0,0,0,0,0,0,0
634902,0,13416,396,0,52,256,0,0,3,0,1
5194,0,6,78,20,0,6,3,0,1,3,0
175256,0,10,222,16,1,0,0,0,0,0,0
634904,0,13416,396,0,150,149,0,0,10,0,1
36162,0,17,150,78,0,0,0,12,0,0,0
36167,0,438,232,112,21,0,0,1,0,0,0
264347,0,2,28,4,1,0,0,0,0,0,0
13269,0,68,112,32,1,1,1,0,3,0,0
83461,0,21,77,9,1,0,0,0,0,0,0
300806,0,39,185,63,2,3,0,2,0,0,0
321004,0,0,0,0,0,0,0,0,0,0,0
15670,0,13701,381,167,42,0,0,0,0,0,0
583318,0,1,38,4,0,0,0,0,0,0,0
157805,0,682,238,86,17,22,1,1,0,0,0
1131647,0,4610,266,116,24,0,0,10,0,0,0
259126,0,710,167,0,22,5,0,0,1,0,0
27543,0,10,63,16,0,0,0,1,0,0,0
1125492,0,209,368,20,11,0,0,2,0,0,0
18532,0,1,2,0,0,0,0,0,0,0,0
1105672,0,61,44,56,0,0,0,0,0,0,0
1120197,0,69,42,0,5,12,0,0,2,0,0
387795,0,13580,482,348,0,180,0,4,0,3,0
159897,0,36,63,56,2,6,6,1,0,0,1
1115375,0,462,66,28,18,27,0,0,1,1,0
1125906,0,0,6,0,0,0,0,0,0,0,0
596075,0,6,24,0,0,0,0,0,0,0,0
1125909,0,0,23,0,2,3,0,0,0,0,0
132806,0,13648,607,295,27,475,3,0,1,3,0
149669,0,627,300,200,15,40,4,0,1,1,0
114308,0,381,361,30,15,0,0,1,0,0,0
1116594,0,2614,124,74,17,0,0,1,0,0,0
11337,0,0,33,0,0,0,0,0,0,0,0
229635,0,13725,519,196,179,125,0,2,5,0,0
815073,0,26,4,0,2,0,0,0,0,0,0
206259,0,121,91,39,3,0,0,0,0,0,0
44455,0,49,892,79,4,9,6,8,3,0,0
574009,0,13536,382,0,159,130,0,0,0,0,0
27606,0,58,92,20,6,23,2,2,1,2,0
47682,0,2,8,8,0,0,0,0,0,0,0
47683,0,1,4,0,0,0,0,0,0,0,0
643069,0,73,35,49,3,0,0,1,0,0,0
47684,0,7,16,12,0,0,0,0,0,0,0
28350,0,2850,414,828,81,532,18,22,11,17,2
1108167,0,579,227,176,11,25,5,0,1,2,1
252715,0,35,83,0,0,9,0,0,0,0,0
94953,0,889,95,0,10,0,0,0,0,0,0
1108169,0,95,61,21,2,12,1,0,2,0,0
1140040,0,860,105,49,8,36,0,0,2,0,0
212777,0,465,153,86,12,0,0,0,0,0,0
131042,0,1263,169,216,18,2,2,2,2,0,0
1134865,0,1,11,3,0,1,1,2,1,1,0
987197,0,3,24,0,0,0,0,0,0,0,0
1112929,0,757,108,46,9,0,0,0,0,0,0
178718,0,1,174,4,0,0,0,0,0,0,0
216878,0,1,34,5,0,1,0,0,1,0,0
1107136,0,0,7,0,0,0,0,0,0,0,0
368657,0,0,0,0,0,0,0,0,0,0,0
1123068,0,27,93,65,0,0,0,0,0,0,0
216877,0,1,31,0,0,1,0,0,1,0,0
221302,0,20,51,15,4,20,1,0,0,2,1
1153853,0,13617,438,376,159,71,0,4,5,0,0
1105450,0,59,160,65,8,0,0,0,0,0,0
628459,0,0,0,0,0,0,0,0,0,0,0
1103737,0,813,171,178,3,0,0,2,0,0,0
574710,0,163,490,6,21,32,0,2,7,0,0
129558,0,16,35,9,7,0,0,1,0,0,0
1122460,0,889,94,43,1,0,0,0,0,0,0
35922,0,1984,296,1371,3,119,70,9,2,4,1
1385,0,2858,471,199,43,52,0,10,8,0,0
644363,0,6,1,0,0,0,0,0,0,0,0
28227,0,3525,353,260,3,179,6,24,3,3,0
73712,0,0,2,0,0,2,0,0,0,0,0
606479,0,3,210,6,1,6,1,1,0,0,0
1105698,0,46,36,0,2,0,0,0,0,0,0
562940,0,2,32,3,1,0,0,0,0,0,0
262121,0,6,37,0,0,0,0,0,0,0,0
65074,0,10,31,136,3,14,52,0,0,16,5
3828,0,55,241,161,2,23,11,9,3,1,0
77108,0,0,4,1,0,0,0,0,0,0,0
519353,0,23,51,26,6,5,3,0,0,0,0
72406,0,3,116,0,0,0,0,0,0,0,0
1152673,0,1982,250,136,14,53,1,8,11,2,0
187260,0,0,0,0,0,0,0,0,0,0,0
1152676,0,73,66,17,6,0,0,1,0,0,0
642681,0,7,120,55,7,5,7,13,2,0,0
647408,0,13593,414,184,149,53,1,1,0,0,0
74921,0,0,0,0,0,0,0,0,0,0,0
74920,0,0,0,0,0,0,0,0,0,0,0
91852,0,16,51,41,3,5,4,5,1,1,0
91853,0,210,61,181,10,18,3,4,1,0,0
28641,0,342,129,79,10,25,1,6,1,0,0
28640,0,180,80,2,7,12,0,0,0,1,0
1140289,0,1999,167,65,16,0,0,0,0,0,0
66794,0,93,75,147,2,0,0,2,0,0,0
7537,0,6,3,44,6,6,12,0,3,3,0
28649,0,199,57,20,6,11,0,1,0,1,0
362926,0,0,4,0,0,0,0,0,0,0,0
22241,0,19,42,3,1,20,0,0,0,5,0
7532,0,7,3,34,2,8,15,0,0,6,2
144679,0,30,103,23,3,0,0,0,0,0,0
94229,0,184,138,48,11,0,0,0,0,0,0
593560,0,3,9,0,0,2,0,0,0,0,0
65212,0,308,84,6,4,63,0,0,1,1,1
171954,0,19,58,46,6,9,10,0,0,1,0
126926,0,2,8,0,1,3,0,0,0,0,0
110163,0,24,43,66,4,19,4,1,0,4,1
159085,0,0,0,0,0,0,0,0,0,0,1
159084,0,0,0,0,0,0,0,0,0,0,1
126920,0,5,43,6,4,12,0,0,1,0,0
189708,0,105,134,0,1,16,0,0,1,0,0
400356,0,53,61,22,1,5,0,2,2,0,0
1132459,0,767,122,42,3,0,0,3,0,0,0
145176,0,345,165,65,6,19,2,0,2,1,0
6170,0,918,200,43,6,0,0,5,0,0,0
141324,0,96,583,121,7,8,4,12,3,0,0
1108834,0,3599,363,525,26,31,3,3,2,0,0
7867,0,0,0,1,0,1,1,0,0,0,0
101143,0,87,248,90,5,0,0,1,0,0,0
6775,0,16,25,13,3,4,0,1,0,0,0
10981,0,66,323,35,4,0,0,0,0,0,0
6771,0,294,263,270,20,0,0,3,0,0,0
101145,0,150,75,48,5,0,0,0,0,0,0
127033,0,155,515,124,6,70,10,11,18,14,2
1135955,0,0,0,0,0,0,0,0,0,0,0
82087,0,1952,342,149,16,28,2,1,0,0,0
155277,0,0,0,0,0,0,0,0,0,0,0
240321,0,16,415,215,7,0,0,14,0,0,0
110164,0,18,33,34,1,15,5,1,1,2,1
1125258,0,0,0,0,0,0,0,0,0,0,0
177115,0,7,10,0,5,0,0,0,0,0,0
253971,0,2,22,4,0,0,0,0,0,0,0
46468,0,814,194,139,12,8,2,3,0,0,0
633585,0,25,12,16,4,16,0,1,1,2,1
1152244,0,238,62,47,1,6,1,1,1,0,0
75983,0,0,68,2,0,0,0,0,0,0,0
131315,0,18,49,42,3,0,0,0,0,0,0
270600,0,2,18,3,1,0,0,0,0,0,0
81350,0,33,228,72,10,5,1,2,0,0,0
1102646,0,17,52,10,1,0,0,0,0,0,0
1106172,0,1242,342,214,49,4,2,8,0,0,0
1130634,0,162,78,25,8,0,0,1,0,0,0
131318,0,354,92,161,13,16,8,0,1,1,0
230884,0,439,59,94,18,98,7,7,9,15,4
63915,0,245,194,200,7,17,4,2,1,0,0
39904,0,2540,126,0,13,34,0,0,0,0,0
294126,0,0,0,0,0,0,0,0,0,0,0
1104851,0,66,47,42,0,10,0,2,0,0,0
308920,0,122,75,26,12,19,0,2,2,0,0
95579,0,99,160,67,5,0,0,0,0,0,0
686015,0,56,84,24,0,16,2,4,0,2,0
1113739,0,513,342,159,24,0,0,5,0,0,0
124734,0,101,167,113,12,35,7,3,2,0,1
75674,0,133,197,69,4,7,2,0,1,0,0
85452,0,703,271,159,3,0,0,6,0,0,0
13652,0,2,14,7,1,6,2,0,0,2,0
1129106,0,19,7,0,4,0,0,0,0,0,0
6196,0,1472,571,639,28,170,20,21,9,5,0
69198,0,20,58,40,0,0,0,1,0,0,0
135765,0,20,97,0,0,8,0,0,1,0,1
135766,0,12,94,1,0,14,0,0,0,1,2
85299,0,2638,513,256,3,0,0,0,0,0,0
1131348,0,11,10,0,4,0,0,0,0,0,0
49895,0,28,23,0,0,0,0,0,0,0,0
10169,0,505,398,1558,21,212,82,7,10,11,5
1136422,0,2651,366,81,19,0,0,0,0,0,0
299195,0,3130,509,102,84,27,1,3,3,0,0
299197,0,3864,686,477,103,32,0,0,10,0,0
1131345,0,6,6,0,0,0,0,0,0,0,0
68115,0,1,6,0,0,0,0,0,0,0,0
613409,0,26,138,0,0,7,0,0,0,0,0
294239,0,12,18,7,3,0,0,0,0,0,0
5055,0,20,123,87,0,0,0,5,0,0,0
1121398,0,7,178,0,3,0,0,0,0,0,0
9559,0,0,0,0,0,0,0,0,0,0,0
1817,0,59,216,14,2,0,0,0,0,0,0
219218,0,0,0,0,0,0,0,0,0,0,0
531348,0,8,43,6,1,4,0,0,0,1,0
249858,0,70,92,51,6,13,3,3,1,2,0
1132706,0,138,89,21,2,0,0,0,0,0,0
12211,0,231,116,36,16,24,0,2,0,0,0
12210,0,479,267,444,34,77,18,11,6,13,1
459206,0,6,11,0,0,0,0,0,0,0,0
6224,0,2861,579,314,72,287,15,5,19,9,6
41216,0,1,28,1,0,0,0,1,0,0,0
102884,0,112,102,14,3,0,0,2,0,0,0
595193,0,46,33,0,1,3,0,0,3,0,0
1131236,0,180,46,67,18,32,2,9,8,3,1
197783,0,198,85,55,4,0,0,2,0,0,0
1131230,0,49,49,0,6,0,0,0,0,0,0
1128985,0,13729,415,521,153,2,2,8,0,0,0
1132857,0,0,0,0,0,0,0,0,0,0,0
1131728,0,144,184,84,11,11,3,3,5,2,1
714256,0,121,102,94,9,13,6,8,0,1,0
14083,0,0,1,2,0,0,0,0,0,0,0
1109199,0,13968,573,228,48,148,1,0,0,0,0
1130637,0,28,23,0,0,0,0,0,0,0,0
1130080,0,0,0,0,0,0,0,0,0,0,0
390889,0,864,201,183,6,0,0,5,0,0,0
429781,0,209,89,28,6,22,0,0,1,0,0
1135082,0,487,93,72,4,0,0,0,0,0,0
3229,0,192,2088,10222,35,51,743,90,9,17,2
671293,0,403,107,72,7,0,0,0,0,0,0
416964,0,3,1,0,0,0,0,0,0,0,0
3220,0,199,275,892,20,10,33,11,6,3,0
3223,0,17,119,50,0,0,0,3,0,0,0
3222,0,13,116,72,1,0,0,3,0,0,0
265203,0,13745,550,32,25,311,0,0,5,1,0
1112426,0,21,74,8,6,0,0,1,0,0,0
1129367,0,211,204,24,6,0,0,0,0,0,0
32698,0,93,106,37,1,18,0,2,2,1,0
1129369,0,1,1,0,0,0,0,0,0,0,0
1129368,0,1,1,0,0,0,0,0,0,0,0
168332,0,12,170,0,2,0,0,0,0,0,0
1119178,0,17,12,0,2,0,0,0,0,0,0
28504,0,12,51,52,0,1,6,5,2,1,0
10186,0,60,56,94,2,8,5,0,3,0,1
1120563,0,120,70,75,2,17,5,1,4,1,2
10183,0,61,188,294,5,1,13,1,0,0,0
39127,0,548,208,744,25,23,76,5,7,10,1
1105062,0,2611,125,0,15,0,0,0,0,0,0
33231,0,13,110,99,1,3,5,12,2,0,0
137849,0,38,44,24,2,9,4,0,1,0,0
470511,0,9,20,1,1,8,0,0,0,1,0
114966,0,0,0,0,0,0,0,0,0,0,0
23070,0,19,19,84,4,13,10,3,4,8,2
226698,0,0,64,1,0,0,0,0,0,0,0
1119078,0,130,57,23,9,10,0,1,1,0,0
32260,0,3,78,5,0,5,0,1,0,0,0
207395,0,71,71,55,8,10,1,7,1,0,0
1130915,0,1999,178,66,3,0,0,0,0,0,0
37998,0,6,18,0,0,0,0,0,0,0,0
1110515,0,51,211,49,0,0,0,0,0,0,0
34082,0,3,0,3,6,7,0,3,6,1,3
645571,0,3,43,6,3,0,0,0,0,0,0
147870,0,22,77,28,2,0,0,0,0,0,0
58540,0,3614,403,283,36,40,1,21,2,0,0
8703,0,83,433,888,14,17,85,6,1,5,0
47839,0,0,0,0,0,0,0,0,0,0,0
1114388,0,2619,296,153,14,0,0,1,0,0,0
1115701,0,17,42,28,0,16,5,2,0,2,1
1121569,0,3,13,3,0,6,0,0,0,1,0
67415,0,220,245,355,14,75,41,7,8,7,2
987188,0,14,14,19,3,7,0,3,1,1,0
5600,0,0,25,30,0,0,2,1,1,0,0
1126029,0,1189,428,151,45,56,0,5,3,1,0
118559,0,1937,164,63,15,51,0,0,0,0,0
1122580,0,36,62,13,0,0,0,0,0,0,0
350373,0,50,61,0,3,0,0,0,0,0,0
121792,0,0,0,0,0,0,0,0,0,0,0
129897,0,156,109,135,18,14,1,3,0,0,0
129896,0,131,80,25,7,32,0,1,10,1,1
1132073,0,0,0,0,0,0,0,0,0,0,0
28230,0,8,218,7,1,0,0,0,0,0,0
642920,0,0,0,0,0,0,0,0,0,0,0
31105,0,12,209,7,1,0,0,0,0,0,0
77829,0,14,17,0,1,4,0,0,1,0,0
66564,0,21,240,30,3,0,0,12,0,0,0
77826,0,23,20,17,1,4,0,0,1,0,0
424,0,38,207,63,1,0,0,0,0,0,0
195792,0,15,100,93,3,8,9,0,0,0,0
503893,0,13218,408,191,141,366,0,1,2,0,0
34315,0,9,17,11,0,2,0,0,2,0,0
1107215,0,6,26,13,3,2,1,0,1,0,0
1135894,0,5,46,14,0,0,0,0,0,0,0
1102873,0,1,19,0,0,0,0,0,0,0,0
158172,0,66,53,45,2,10,2,5,0,1,0
23258,0,1157,552,435,27,61,17,8,1,2,0
22386,0,3,59,72,0,5,18,9,4,2,0
15984,0,5,132,21,1,0,0,3,0,0,0
1135899,0,97,116,0,2,29,0,0,5,0,1
1104007,0,287,174,87,22,34,0,1,0,0,0
51052,0,0,36,0,1,0,0,0,2,0,0
87915,0,35,24,27,7,11,3,1,6,1,1
93755,0,0,18,0,0,0,0,0,0,0,0
1119654,0,0,0,0,0,0,0,0,0,0,0
1152663,0,0,82,0,1,0,0,0,0,0,0
13982,0,1,6,0,0,0,0,0,0,0,0
35863,0,4831,417,554,46,0,0,2,0,0,0
74937,0,0,0,0,0,0,0,0,0,0,0
521251,0,16,61,29,0,4,1,1,0,0,0
521252,0,13,48,13,2,2,1,0,0,0,0
66782,0,92,67,33,0,0,0,0,0,0,0
1105530,0,848,95,0,0,42,0,0,0,0,0
1105531,0,114,115,93,3,0,0,3,0,0,0
377303,0,15,29,10,6,0,0,0,0,0,0
318071,0,0,4,0,0,0,0,0,0,0,0
240791,0,554,502,225,17,37,6,0,3,0,1
576257,0,918,510,172,18,0,0,1,0,0,0
51909,0,129,79,92,7,28,2,1,1,2,0
25702,0,828,338,399,11,74,10,4,0,3,0
429805,0,120,76,32,6,9,1,2,5,2,1
84695,0,9,13,0,1,0,0,0,0,0,0
6169,0,38,540,125,7,3,5,10,1,0,0
1132443,0,12,67,22,1,2,2,5,2,0,0
684372,0,1370,168,144,25,0,0,3,0,0,0
6163,0,2324,597,543,58,270,36,10,8,24,7
13208,0,11,43,12,1,8,2,0,1,2,0
1116044,0,13,22,5,4,0,0,1,0,0,0
592973,0,13704,421,331,121,1,1,3,2,0,0
1154500,0,42,80,0,1,0,0,0,0,0,0
1107367,0,6,37,2,0,5,0,0,1,0,0
1132285,0,26,37,0,7,0,0,0,0,0,0
6767,0,381,277,525,25,0,0,4,0,0,0
1125597,0,2,187,0,5,0,0,0,0,0,0
318187,0,0,2,0,0,0,0,0,0,0,0
56119,0,13647,513,1209,119,184,16,13,14,32,8
644577,0,42,56,63,14,33,2,3,3,3,0
5869,0,951,108,70,18,22,1,2,0,0,0
215912,0,18,45,12,4,4,1,3,1,0,0
82090,0,5,249,12,1,0,0,0,0,0,0
56115,0,39,862,239,8,13,30,45,12,21,4
292277,0,5,9,0,0,0,0,0,0,0,0
24966,0,129,504,1970,13,22,210,5,2,7,1
25413,0,2,16,8,1,1,1,0,0,0,0
46476,0,93,55,0,10,0,0,0,0,0,0
348437,0,28,55,17,3,3,1,1,0,0,0
737204,0,0,3,0,1,0,0,0,0,0,0
46470,0,3,23,0,0,0,0,0,0,0,0
167670,0,722,196,325,16,0,0,2,0,0,0
1106764,0,1,3,0,0,2,0,0,0,0,0
1133004,0,109,32,19,16,0,0,0,0,0,0
1152277,0,1984,250,136,8,53,1,8,8,2,0
1129021,0,0,0,0,0,0,0,0,0,0,0
100935,0,12,30,19,2,0,0,2,0,0,0
1129027,0,13651,410,0,86,115,0,0,11,0,0
51834,0,48,40,27,0,0,0,0,0,0,0
1152272,0,238,161,61,25,0,0,6,0,0,0
503877,0,8,232,31,3,0,0,4,0,0,0
503871,0,88,279,0,4,33,0,0,1,0,1
1123867,0,697,225,45,6,0,0,3,0,0,0
6209,0,52,536,332,8,4,15,6,2,0,0
733534,0,0,33,2,0,0,0,0,0,0,0
1153784,0,5,335,0,4,1,0,0,2,0,0
27230,0,917,200,149,1,25,2,4,0,0,0
230879,0,33,210,279,4,67,157,46,15,47,7
1110768,0,18,57,0,0,0,0,0,0,0,0
141868,0,26,110,37,4,13,0,0,6,2,2
118558,0,1,3,0,0,0,0,0,0,0,0
646440,0,3,13,0,1,0,0,0,0,0,0
80491,0,5,13,0,2,4,0,0,2,0,1
1120962,0,737,276,119,14,0,0,2,0,0,0
1129111,0,850,98,0,12,29,0,0,1,0,0
686532,0,103,35,0,0,55,0,1,2,3,7
1107418,0,89,64,34,6,3,1,0,3,0,0
6343,0,7,109,46,3,2,1,0,0,0,0
134316,0,30,22,38,5,14,3,2,8,0,2
6344,0,5,67,4,1,0,0,0,0,0,0
134314,0,4,21,4,1,0,0,1,0,0,0
6346,0,0,11,2,0,0,0,0,0,0,0
85449,0,9,66,23,1,0,0,5,0,0,0
1153195,0,2,9,2,0,0,0,1,0,0,0
6184,0,5748,749,2066,52,373,24,14,22,7,2
115188,0,0,0,0,0,0,0,0,0,0,0
1128846,0,481,86,0,5,0,0,0,0,0,0
1123991,0,3,1,0,0,0,0,0,0,0,0
1130356,0,3,1,0,0,0,0,0,0,0,0
90470,0,7,34,10,0,1,1,1,1,0,0
64484,0,764,132,0,11,20,0,0,0,0,0
62417,0,102,49,30,2,0,0,1,0,0,0
46500,0,42,68,0,3,3,0,0,0,0,0
46501,0,9,30,6,0,0,0,0,0,0,0
10174,0,7,22,0,1,0,0,0,0,0,0
1129683,0,13571,447,384,42,303,4,1,5,2,1
10177,0,335,315,846,23,104,82,20,5,18,1
64319,0,3,20,0,0,3,0,0,1,0,0
135798,0,0,3,0,0,0,0,0,0,0,0
854434,0,53,34,0,0,0,0,0,0,0,0
83847,0,1,116,15,0,0,0,0,0,0,0
531351,0,8,43,6,1,4,0,0,0,1,0
1129208,0,591,244,91,1,0,0,2,0,0,0
636500,0,11,21,7,1,0,0,0,0,0,0
1114605,0,2540,125,0,5,61,0,0,0,0,0
9515,0,265,195,94,11,27,5,4,5,3,0
459213,0,86,206,14,7,0,0,2,0,0,0
6238,0,0,6,3,0,0,0,0,0,0,0
9513,0,105,142,37,5,28,3,3,1,2,0
1152290,0,145,116,77,4,0,0,7,0,0,0
1128978,0,15,189,23,4,0,0,6,0,0,0
1128977,0,0,27,3,0,0,0,0,0,0,0
40151,0,28,249,204,9,0,0,12,0,0,0
1128974,0,83,86,18,8,0,0,0,0,0,0
1131719,0,4,9,17,3,0,4,4,0,0,1
1111240,0,5,22,33,1,2,1,1,1,0,0
44121,0,0,0,0,0,0,0,0,0,0,0
390894,0,80,123,0,4,14,0,0,2,0,1
390896,0,155,141,52,6,0,0,4,0,0,0
1115959,0,20,13,18,5,0,0,4,0,0,0
95188,0,12,64,55,1,9,6,8,0,1,0
28542,0,7,203,6,1,0,0,0,0,0,0
411092,0,163,127,63,1,0,0,0,0,0,0
1114777,0,226,44,102,7,3,2,1,0,0,0
8865,0,13425,468,920,155,139,8,4,8,2,0
66563,0,13462,444,568,153,136,0,8,8,0,1
1106406,0,3577,340,240,103,23,2,26,0,0,0
83449,0,79,241,118,6,4,6,1,0,1,0
1106401,0,30,39,11,3,0,0,0,0,0,0
199571,0,1,215,0,0,0,0,0,0,0,0
1118848,0,870,118,0,10,25,0,0,2,0,0
1112417,0,0,0,0,0,0,0,0,0,0,0
175291,0,13838,458,948,164,3,3,3,1,0,0
18773,0,9,47,7,0,0,0,0,0,0,0
18770,0,3,18,8,0,0,1,0,1,0,0
1114153,0,3092,186,82,17,0,0,11,0,0,0
447250,0,2002,226,181,17,31,2,0,0,0,0
134199,0,3,185,8,0,1,1,0,0,0,0
7047,0,9,59,44,1,0,0,0,0,0,0
5462,0,812,147,50,7,55,2,0,0,1,0
7041,0,0,0,0,0,0,0,0,0,0,0
48066,0,0,4,0,0,0,0,0,0,0,0
217852,0,33,131,11,1,0,0,0,0,0,0
1120777,0,14,25,8,1,14,0,0,0,3,0
608326,0,13574,460,193,130,256,1,0,14,0,1
59798,0,17,478,51,3,32,18,11,7,12,1
1123188,0,34,64,4,0,42,0,0,6,3,7
57932,0,11,15,0,3,0,0,0,0,0,0
1120170,0,805,267,42,7,0,0,0,0,0,0
1128151,0,92,240,0,7,0,0,0,0,0,0
182093,0,5,186,0,2,0,0,0,0,0,0
182094,0,35,536,37,0,10,5,1,2,1,0
1128407,0,16,19,5,2,5,0,2,2,1,0
709113,0,17,12,9,1,7,0,0,1,0,0
144408,0,2001,219,273,21,8,0,1,0,0,0
1134197,0,0,0,0,0,0,0,0,0,0,0
375825,0,0,0,1,0,0,0,0,0,0,0
1119004,0,1,10,0,5,0,0,0,0,0,0
646334,0,47,28,0,6,14,0,0,1,0,1
360028,0,2,20,0,0,0,0,0,0,0,0
628500,0,3163,463,185,39,132,1,4,7,6,2
1130929,0,6,21,0,2,0,0,0,0,0,0
365294,0,10,16,0,0,3,0,0,1,0,0
22229,0,74,781,306,13,15,25,6,0,6,0
1130927,0,2018,183,69,18,0,0,1,0,0,0
58552,0,889,93,86,14,0,1,0,0,0,0
239829,0,3,8,0,0,0,0,0,0,0,0
273949,0,18,31,24,0,1,2,0,0,0,0
1114398,0,52,11,0,9,11,0,0,1,0,0
217984,0,7,173,0,0,5,0,0,0,0,0
1120084,0,1,44,0,0,3,0,0,0,0,0
86840,0,35,52,72,1,0,0,0,0,0,0
1237,0,2,49,16,0,0,1,0,1,0,0
350362,0,191,101,64,7,0,0,1,0,0,0
446271,0,6,77,10,0,0,0,0,0,0,0
1108329,0,2876,270,354,58,1,4,2,0,1,0
192850,0,85,90,53,2,14,2,2,0,1,0
1152904,0,239,161,61,7,0,0,6,0,0,0
31483,0,12,89,18,3,13,0,0,2,3,0
35905,0,897,196,197,2,0,0,6,0,0,0
28249,0,3,341,10,3,0,0,3,0,0,0
14529,0,5,56,23,0,0,0,0,0,0,0
95225,0,64,103,27,9,18,1,6,1,0,1
370366,0,4,63,12,0,0,0,0,0,0,0
126128,0,12,9,0,2,0,0,0,0,0,0
66556,0,13084,473,537,120,451,11,6,15,13,1
434,0,3797,423,654,48,25,6,21,0,1,0
193918,0,5,10,0,0,0,0,0,0,0,0
23069,0,13,20,21,4,0,0,1,0,0,0
73119,0,10,1,1,0,9,0,3,3,2,2
65057,0,28,35,32,8,10,4,0,3,0,1
189623,0,5,15,0,0,0,0,0,0,0,0
189620,0,15,55,22,3,0,0,0,0,0,0
1121063,0,9,31,0,3,3,0,0,1,0,0
330148,0,2924,253,112,23,143,0,10,2,2,1
111770,0,0,1,0,0,0,0,0,0,0,0
11342,0,413,233,169,17,14,4,0,2,1,0
50980,0,0,0,0,0,0,0,0,0,0,0
385251,0,38,86,12,6,0,0,0,0,0,0
1106370,0,936,180,131,39,0,0,0,0,0,0
1108258,0,0,0,0,0,0,0,0,0,0,0
52835,0,617,220,93,3,0,0,1,0,0,0
32872,0,135,220,66,6,9,2,0,0,1,0
30973,0,227,55,0,4,10,0,0,4,0,0
1119623,0,0,0,1,0,0,0,0,0,0,0
521269,0,96,49,18,0,9,0,0,0,0,0
573553,0,2,31,13,1,7,2,0,0,1,0
325497,0,12,103,0,1,0,0,0,0,0,0
594649,0,13569,466,355,109,113,0,1,3,0,0
114189,0,190,130,55,6,0,0,1,0,0,0
206524,0,1,7,0,0,2,0,0,0,0,0
342802,0,143,33,9,3,36,0,3,5,2,2
136767,0,0,43,0,3,4,0,0,0,0,0
1108175,0,106,90,18,7,0,0,0,0,0,0
19621,0,106,1496,2503,17,17,208,79,11,2,3
213246,0,1,26,0,4,0,0,0,3,0,0
238099,0,47,59,29,0,0,0,1,0,0,0
1102794,0,0,0,0,0,0,0,0,0,0,0
126909,0,2,8,0,1,3,0,0,0,0,0
86258,0,3,26,0,0,0,0,0,0,0,0
74698,0,32,27,7,5,15,0,0,4,2,2
13885,0,410,513,207,19,26,9,2,1,0,0
1102400,0,9,31,18,1,0,0,0,0,0,0
1102407,0,2611,125,0,9,0,0,0,0,0,0
358894,0,2,44,14,0,2,3,5,1,0,0
523010,0,11,88,8,1,0,0,0,0,0,0
32276,0,13,73,60,2,2,4,0,1,0,0
424540,0,3,15,14,1,0,0,0,0,0,0
463825,0,70,132,57,3,0,0,0,0,0,0
1103315,0,3532,370,319,103,42,0,23,8,0,0
594483,0,0,0,0,0,0,0,0,0,0,0
579008,0,13418,425,952,62,262,18,7,4,3,0
1136791,0,87,366,17,11,0,0,1,0,0,0
1153056,0,27,122,11,4,0,0,0,0,0,0
24974,0,10,133,48,1,5,3,1,0,3,0
1133010,0,5,19,4,0,0,0,0,0,0,0
989397,0,112,96,65,3,0,0,1,0,0,0
653628,0,0,0,0,0,0,0,0,0,0,0
1116146,0,0,7,0,0,0,0,0,0,0,0
917493,0,6,6,0,0,0,0,0,0,0,0
1131549,0,0,22,4,2,0,0,0,0,0,0
693143,0,1,3,1,0,2,0,0,0,1,0
1118092,0,26,126,27,3,0,0,0,0,0,0
593544,0,30,216,9,4,0,0,0,0,0,0
1136397,0,896,258,282,16,0,0,10,0,0,0
423463,0,137,81,0,6,22,0,0,10,0,1
593813,0,13582,422,360,43,152,0,6,4,0,0
1136393,0,731,120,39,8,0,0,0,0,0,0
191222,0,1,6,2,0,0,0,0,0,0,0
1132385,0,77,67,0,2,8,0,0,0,0,0
671052,0,0,0,1,0,0,0,0,0,0,0
97645,0,13393,412,0,37,310,0,0,4,0,1
686030,0,54,59,7,5,0,0,5,0,0,0
739816,0,6,11,12,0,0,0,0,0,0,0
1127541,0,2,8,0,0,0,0,0,0,0,0
241821,0,0,0,0,0,0,0,0,0,0,1
45188,0,59,145,59,2,30,4,0,1,2,1
134307,0,24,23,33,7,17,5,1,2,4,3
408885,0,0,0,0,0,0,0,0,0,0,0
1107567,0,177,85,112,22,12,7,1,2,1,0
1153183,0,219,60,23,6,0,0,0,0,0,0
102406,0,142,78,46,3,0,0,1,0,0,0
1121176,0,19,7,0,4,0,0,0,0,0,0
153598,0,2764,256,83,91,18,0,0,3,0,0
1120880,0,0,0,0,0,0,0,0,0,0,0
486840,0,13706,397,511,17,0,0,3,0,0,0
43165,0,0,0,0,0,0,0,0,0,0,0
119956,0,732,147,42,5,0,0,0,0,0,0
128540,0,13580,482,348,0,180,0,4,0,3,0
134128,0,2727,598,220,82,266,1,1,22,0,2
578669,0,8,192,12,0,0,0,3,0,0,0
46536,0,118,149,0,1,0,0,0,0,0,0
261040,0,4,35,7,4,0,0,0,0,0,0
1105231,0,5,5,4,1,0,0,0,0,0,0
1106568,0,1999,165,65,16,0,0,0,0,0,0
270085,0,0,3,0,0,0,0,0,0,0,0
22835,0,2540,125,74,15,34,0,1,0,0,0
5075,0,20,39,18,1,13,3,0,3,0,1
636511,0,895,104,137,14,5,2,0,0,1,0
4983,0,0,1,0,1,0,0,0,0,0,0
943087,0,1,26,0,0,0,0,0,0,0,0
628888,0,481,94,34,9,0,0,0,0,0,0
36802,0,20,110,105,7,9,12,2,1,0,0
12275,0,0,1,0,0,0,0,0,0,0,0
45533,0,4,51,34,5,2,0,14,3,0,0
820661,0,0,0,0,0,0,0,0,0,0,0
820662,0,8,12,0,1,5,0,0,1,0,0
1104495,0,7,14,0,0,0,0,0,0,0,0
1131257,0,82,33,14,20,0,0,1,0,0,0
1117760,0,2732,303,12,55,72,0,1,1,1,0
41417,0,16,146,31,3,2,1,0,1,0,0
1955,0,61,419,57,4,0,0,1,0,0,0
1956,0,13737,446,2163,166,9,16,4,1,1,0
1951,0,8,14,0,1,0,0,0,0,0,0
1953,0,8,39,24,0,0,0,3,0,0,0
1952,0,12,56,40,7,9,6,0,0,0,1
1130653,0,224,36,0,4,0,0,0,0,0,0
634938,0,13414,396,0,149,77,0,0,1,0,1
1130657,0,224,36,0,4,0,0,0,0,0,0
1104946,0,0,4,0,0,0,0,0,0,0,0
200630,0,36,37,11,1,0,0,0,0,0,0
644093,0,107,63,54,5,45,9,7,2,7,3
8872,0,36,435,152,6,10,4,6,2,0,0
8875,0,221,701,398,18,9,28,5,0,6,0
8874,0,33,435,120,9,8,0,3,3,0,0
3243,0,35,355,349,8,6,12,4,1,1,0
3240,0,68,123,156,5,9,7,1,0,1,0
202520,0,1,16,6,4,0,0,0,0,0,0
1131414,0,0,0,0,0,0,0,0,0,0,0
202522,0,1,5,0,0,0,0,0,0,0,0
1106966,0,2746,283,0,75,74,0,0,11,0,1
568857,0,13498,481,771,146,128,10,7,8,4,0
628667,0,2740,296,0,85,66,0,0,8,0,1
108047,0,105,788,338,6,49,22,11,2,9,3
179706,0,7,13,0,2,0,0,0,0,0,0
628668,0,2741,295,88,63,67,3,2,1,0,1
179702,0,6,16,16,0,3,0,0,1,0,0
1114125,0,777,245,0,17,30,0,0,2,0,0
7032,0,33,196,78,1,6,4,3,0,0,0
38771,0,0,0,0,0,0,0,0,0,0,0
48075,0,1,7,0,0,2,0,0,0,0,0
70970,0,203,573,165,14,18,8,3,3,1,0
1110494,0,2611,125,0,15,0,0,0,0,0,0
17488,0,2,18,0,1,0,0,0,0,0,0
29723,0,44,104,75,1,0,3,1,0,0,0
1110579,0,23,59,41,6,0,0,2,0,0,0
57922,0,10,41,0,1,13,0,0,1,0,1
1120169,0,144,116,77,7,0,0,7,0,0,0
746058,0,0,0,0,0,0,0,0,0,0,0
1110256,0,21,58,16,9,10,0,0,0,0,0
592986,0,90,412,32,3,10,0,5,0,3,0
385572,0,8,143,10,0,2,1,1,0,0,0
163235,0,0,1,0,0,0,0,0,0,0,0
310653,0,6,29,0,2,8,0,0,0,0,1
40922,0,131,56,0,2,0,0,0,0,0,0
42209,0,6,14,0,0,1,0,0,0,0,0
264556,0,3,90,10,1,1,1,0,0,0,0
168958,0,1,3,2,0,0,0,0,0,0,0
1125895,0,2000,166,66,16,0,0,0,0,0,0
77438,0,10,97,174,4,8,26,6,4,2,0
1114239,0,1,17,3,0,0,0,0,0,0,0
28412,0,24,295,48,9,0,0,0,0,0,0
1130931,0,2018,183,69,18,0,0,1,0,0,0
1118017,0,1,137,0,0,0,0,0,0,0,0
1130934,0,19,22,0,2,0,0,0,0,0,0
358887,0,47,50,8,3,0,0,3,0,0,0
1118388,0,9,10,7,4,2,1,1,0,0,0
212107,0,0,0,0,0,0,0,0,0,0,0
1154042,0,341,79,0,0,25,0,0,1,0,0
1153736,0,9,12,0,1,0,0,0,0,0,0
592975,0,97,577,67,6,8,2,7,0,3,0
31769,0,2034,196,219,17,0,2,0,0,0,0
33895,0,17,993,92,6,4,5,12,1,0,0
601567,0,403,238,37,14,0,0,2,0,0,0
601561,0,40,98,17,1,8,1,0,0,0,0
1123215,0,0,0,0,0,0,0,0,0,0,0
27249,0,182,241,145,9,0,0,4,0,0,0
1132731,0,46,28,13,1,0,0,0,0,0,0
189856,0,18,40,73,1,7,8,1,0,0,0
1128959,0,13713,414,169,161,0,0,2,0,0,0
28389,0,1,95,0,0,0,0,0,0,0,0
210871,0,12716,662,2005,133,859,46,10,13,29,3
178727,0,13702,384,167,160,0,0,1,0,0,0
28385,0,1,108,6,0,0,0,0,0,0,0
35061,0,13097,561,2197,126,449,101,8,9,17,1
350319,0,12,25,10,3,3,1,1,0,0,0
1131305,0,82,37,0,17,7,0,0,3,0,0
1119708,0,13477,456,250,108,330,1,10,17,1,0
1116410,0,21,77,25,0,4,2,2,1,0,0
1118120,0,3,3,0,0,0,0,0,0,0,0
1152917,0,740,113,0,8,31,0,0,3,0,0
1152910,0,3,10,0,0,0,0,0,0,0,0
384428,0,0,0,0,0,0,0,0,0,0,0
1117942,0,3606,362,154,103,22,1,21,1,0,0
6539,0,165,220,88,0,20,3,1,0,0,0
1153889,0,224,36,0,7,0,0,0,0,0,0
656231,0,2,42,4,0,0,0,0,0,0,0
28254,0,47,224,163,2,24,7,1,2,6,0
14531,0,20,70,84,4,1,0,4,1,0,0
27612,0,176,162,46,12,29,0,1,2,0,0
8617,0,20,249,44,1,10,3,2,0,2,0
950305,0,2611,128,74,14,0,0,0,0,0,0
180399,0,572,137,115,21,1,2,1,0,0,0
8619,0,22,202,7,0,0,0,2,0,0,0
118682,0,13,58,7,2,10,0,0,2,1,0
445938,0,85,61,68,6,14,4,2,0,2,0
782486,0,3042,322,200,32,0,0,6,0,0,0
1126315,0,0,0,0,0,0,0,0,0,0,0
385067,0,19,20,19,3,7,1,0,3,1,0
11335,0,11,123,111,10,0,2,3,1,0,0
1108267,0,168,111,150,9,0,0,2,0,0,0
11339,0,5,58,36,4,0,0,0,0,0,0
1154459,0,13746,444,233,83,214,1,16,17,1,0
16008,0,91,208,328,7,40,35,10,8,2,1
645897,0,78,47,56,1,20,5,0,3,2,0
1116569,0,889,95,43,1,0,0,0,0,0,0
523394,0,173,112,100,16,16,0,11,0,0,0
28674,0,1,7,0,0,0,0,0,0,0,0
1103676,0,756,160,93,1,0,0,0,0,0,0
1120431,0,13730,466,533,70,5,2,1,0,0,0
1153166,0,21,25,5,2,0,0,2,0,0,0
101662,0,105,138,20,3,9,1,0,0,0,0
145384,0,10,43,4,0,1,1,5,1,0,0
101660,0,35,60,10,0,0,0,0,0,0,0
6741,0,22,147,180,6,0,0,1,0,0,0
1155073,0,18,73,9,2,5,1,1,0,0,0
13656,0,8,191,17,3,8,2,0,1,0,0
13658,0,2,353,59,3,4,11,4,1,1,0
1137140,0,0,0,0,0,0,0,0,0,0,0
1132461,0,709,208,140,10,47,4,1,2,1,0
126912,0,32,74,28,2,0,0,0,0,0,0
594387,0,44,382,63,2,16,0,2,2,0,0
253762,0,23,43,0,2,0,0,0,0,0,0
1104379,0,857,163,95,15,38,0,1,0,1,0
154023,0,0,0,0,0,0,0,0,0,1,0
449841,0,20,94,11,0,8,2,0,1,0,1
1116974,0,72,17,13,5,5,1,7,0,0,0
817774,0,0,0,0,0,0,0,0,0,0,0
73327,0,38,44,125,8,5,8,5,0,1,0
1106789,0,105,53,16,1,0,0,0,0,0,0
593155,0,19,192,10,1,0,0,0,0,0,0
167656,0,159,87,123,3,0,0,2,0,0,0
755217,0,4454,435,509,59,56,0,21,2,0,0
1116397,0,220,54,31,6,15,1,2,0,0,0
119761,0,13,130,40,10,8,4,0,1,0,1
93555,0,2611,132,376,4,7,9,0,1,1,1
593559,0,3,9,0,0,2,0,0,0,0,0
1136814,0,13507,422,18,12,311,0,1,13,1,0
154134,0,22,79,35,0,3,1,1,0,0,0
101263,0,6,79,36,2,2,1,0,1,0,0
592826,0,79,75,23,4,11,1,0,2,0,0
101261,0,5,10,0,0,0,0,0,0,0,0
632874,0,32,18,2,5,9,0,1,4,0,0
227286,0,859,165,147,22,59,0,0,1,0,0
1104809,0,0,0,2,1,0,0,0,0,1,0
645870,0,58,34,20,8,7,1,0,0,0,0
579108,0,0,175,0,0,0,0,0,0,0,0
1109830,0,3,2,0,0,3,0,0,0,0,0
1112650,0,0,5,0,2,0,0,0,0,0,0
75318,0,5,14,7,0,3,0,0,1,0,0
124224,0,7,31,6,5,0,0,1,0,0,0
51831,0,10,13,0,0,0,0,0,0,0,0
81722,0,13704,417,166,160,0,0,2,0,0,0
1114838,0,0,3,0,0,0,0,0,0,0,0
1112099,0,25,63,24,6,11,1,1,2,2,0
1107572,0,178,154,59,11,0,0,1,0,0,0
646913,0,30,375,34,2,12,6,0,3,1,0
1132486,0,433,78,35,31,34,0,8,9,4,0
458439,0,0,0,0,0,0,0,0,0,0,0
46452,0,6,45,3,1,0,0,0,0,0,0
20601,0,153,178,338,15,44,41,8,3,10,5
5064,0,1,51,35,1,14,15,0,0,8,3
20602,0,149,160,223,15,36,12,6,5,8,4
17798,0,686,223,283,12,65,6,0,5,0,1
5062,0,249,89,199,6,15,15,1,5,2,2
52784,0,73,228,67,0,14,5,1,1,1,0
5069,0,5,51,28,1,17,9,0,1,8,3
684972,0,3,97,2,1,5,0,0,1,0,0
45189,0,132,196,260,7,46,17,2,1,4,1
2702,0,23,52,22,2,12,0,0,2,0,0
1105221,0,163,650,5,15,27,0,2,7,1,0
1128314,0,13574,406,175,156,71,0,0,5,0,0
1128319,0,121,215,24,2,20,3,8,3,0,1
95435,0,18,92,0,0,15,0,0,0,0,1
25184,0,2462,270,400,23,102,1,1,8,0,1
1129778,0,13417,447,183,150,146,0,2,9,1,0
25181,0,1650,231,91,4,279,6,3,5,23,3
208345,0,18,76,29,5,3,2,1,0,0,0
1022969,0,9,7,4,1,0,0,1,0,0,0
84021,0,13049,527,1037,128,632,8,0,24,0,1
84020,0,116,106,39,4,0,0,0,0,0,0
1138091,0,224,36,0,0,0,0,0,0,0,0
6939,0,19,85,23,4,0,0,0,0,0,0
42207,0,57,131,59,0,17,6,2,1,0,1
1129570,0,80,237,29,2,8,1,2,1,0,0
1129572,0,15,51,26,2,14,5,1,1,2,1
1129573,0,13750,510,176,152,125,0,12,5,0,0
1110390,0,24,39,19,0,0,0,0,0,0,0
10531,0,72,77,173,10,40,27,1,2,5,9
210872,0,13294,488,376,145,254,6,3,8,1,1
46079,0,13547,409,171,88,112,1,0,1,0,0
1118302,0,53,198,11,3,0,0,1,0,0,0
573964,0,13377,431,168,150,265,0,2,3,1,1
1131267,0,466,122,44,28,0,0,0,0,0,0
1131266,0,0,3,0,0,0,0,0,0,0,0
1129798,0,5,6,0,1,0,0,0,0,0,0
62329,0,13,199,62,2,4,4,0,0,0,0
688849,0,0,4,0,0,0,0,0,0,0,0
714208,0,19,45,7,4,0,0,0,0,0,0
976334,0,1559,685,330,49,69,0,9,3,1,0
194223,0,91,245,21,2,11,1,0,1,0,0
96851,0,10,42,8,0,0,0,0,0,0,0
9716,0,6,59,13,1,0,0,0,0,0,0
116021,0,33,58,10,5,0,0,0,0,0,0
522338,0,0,3,1,0,0,0,0,0,0,0
1071981,0,178,295,0,15,0,0,0,0,0,0
25791,0,16,109,9,1,0,0,0,0,0,0
1128227,0,13537,412,336,148,100,0,2,1,0,0
94639,0,23,425,84,3,0,0,8,0,0,0
20593,0,538,157,70,4,2,1,0,0,0,0
20592,0,28,72,19,2,3,0,0,0,0,0
1131466,0,35,62,0,1,8,0,0,0,0,0
190697,0,13467,434,401,146,177,4,3,0,2,0
1131464,0,408,170,32,6,55,2,0,0,4,2
1152143,0,2617,298,231,16,0,0,3,0,0,0
190698,0,8,376,11,1,4,1,0,1,0,0
211906,0,65,29,0,0,0,0,0,0,0,0
26850,0,2540,125,0,12,61,0,0,0,0,0
1116629,0,74,72,0,6,6,0,0,2,0,0
272720,0,78,85,53,4,16,0,1,0,1,0
1125953,0,0,33,0,0,0,0,0,0,0,0
1105033,0,405,385,0,15,15,0,0,0,0,0
7022,0,1999,165,0,0,0,0,0,0,0,0
421481,0,0,1,0,0,0,0,0,0,0,0
593921,0,27,205,16,2,10,0,0,1,0,0
1131607,0,444,79,0,17,35,0,0,6,0,1
59772,0,1,4,0,0,0,0,0,0,0,0
1127657,0,27,15,0,1,0,0,0,0,0,0
49847,0,601,193,75,9,98,1,2,1,4,5
49844,0,606,201,148,9,90,7,2,1,4,5
49843,0,692,222,355,8,101,27,10,0,6,5
1109017,0,3,14,0,0,0,0,0,0,0,0
682508,0,0,0,0,0,0,0,0,0,0,0
29738,0,0,0,0,0,0,0,0,0,0,0
1135368,0,2611,125,0,6,0,0,0,0,0,0
40131,0,45,60,11,0,0,0,0,0,0,0
1132864,0,0,1,0,0,0,0,0,0,0,0
13136,0,848,135,43,14,18,1,1,0,0,0
40135,0,21,80,8,0,0,0,0,0,0,0
68495,0,240,183,42,17,14,1,6,1,0,0
1128425,0,37,58,35,0,2,1,3,1,0,0
648232,0,2612,135,75,17,0,0,0,0,0,0
1152859,0,2,7,0,0,0,0,0,0,0,0
1152858,0,0,0,0,0,0,0,0,0,0,0
1114222,0,62,55,31,2,0,0,1,0,0,0
156977,0,21,91,33,5,8,2,4,0,1,0
242663,0,111,59,18,8,26,0,0,1,2,1
289945,0,7,114,0,1,0,0,0,0,0,0
1131116,0,13540,405,340,123,149,2,0,3,0,0
129287,0,0,31,2,0,0,0,0,0,0,0
1127530,0,113,77,18,6,0,0,1,0,0,0
675649,0,901,131,179,11,25,3,2,2,0,0
52515,0,2012,190,296,16,0,0,1,0,0,0
1154071,0,6,1,0,0,0,0,0,0,0,0
263498,0,13588,442,332,121,107,0,1,3,3,0
1154074,0,0,2,0,0,0,0,0,0,0,0
1154076,0,37,362,29,3,3,0,3,3,0,0
1153724,0,22,25,5,1,0,0,2,0,0,0
239800,0,433,124,125,10,24,4,1,2,4,0
23116,0,304,152,233,6,54,7,0,3,3,1
44368,0,13525,416,210,103,259,1,6,9,1,0
1033,0,13622,440,565,114,96,3,8,0,0,0
504,0,5,14,9,1,2,2,0,0,1,0
158812,0,0,4,0,1,0,0,0,0,0,0
1034,0,11,206,25,1,3,2,2,0,0,0
1035,0,44,62,74,4,0,0,3,0,0,0
1213,0,14,13,14,1,5,1,0,1,0,0
1126012,0,16,13,10,2,0,0,0,0,0,0
1108656,0,3,4,3,0,0,0,0,0,0,0
1126011,0,6,5,0,0,0,0,0,0,0,0
714975,0,127,77,46,5,14,2,0,0,0,0
1153896,0,9,24,0,1,4,0,0,0,0,0
1153897,0,115,287,53,9,0,0,0,0,0,0
1153891,0,108,54,50,0,10,3,0,1,0,1
589923,0,36,99,33,3,12,2,1,0,1,0
578337,0,306,110,126,25,74,12,13,13,19,4
1153899,0,57,53,16,1,5,1,1,3,0,0
14549,0,21,60,65,2,2,3,1,0,0,0
643199,0,1,354,1,1,3,0,0,1,0,0
1104787,0,26,29,9,0,0,0,0,0,0,0
28267,0,5,24,0,0,0,0,0,0,0,0
50337,0,89,200,68,3,23,1,2,1,6,1
28265,0,7,25,14,1,1,1,4,2,0,0
14545,0,3,23,5,0,4,1,0,0,0,0
267824,0,3,14,2,0,0,0,1,0,0,0
143476,0,1,14,0,0,0,0,0,0,0,0
375605,0,0,167,0,0,0,0,0,0,0,0
28287,0,1237,1075,961,43,8,25,21,3,1,2
630890,0,0,3,2,0,0,0,0,0,0,0
23738,0,424,366,1154,29,28,45,4,2,4,0
417017,0,247,228,128,1,0,0,0,0,0,0
110162,0,9,34,26,2,15,2,0,1,2,1
519318,0,12,19,6,3,0,0,0,0,0,0
11326,0,6,9,0,0,0,0,0,0,0,0
66596,0,4,41,4,1,0,0,0,0,0,0
1152633,0,39,117,27,4,18,1,1,1,2,0
11325,0,140,92,24,1,0,0,0,0,0,0
648112,0,0,0,0,0,0,1,0,0,1,0
145215,0,122,149,102,3,18,9,4,4,10,3
696343,0,95,29,0,18,13,0,0,0,0,0
87417,0,2,817,43,0,0,14,3,8,1,3
211875,0,176,165,22,5,0,0,0,0,0,0
647447,0,13446,407,372,49,272,5,3,1,2,1
1153945,0,3,12,0,0,5,0,0,0,0,0
1153946,0,0,0,0,0,0,0,0,0,0,0
1105764,0,3141,372,268,83,114,0,0,14,0,0
35070,0,118,60,18,0,0,0,2,0,0,0
1153942,0,109,248,12,3,0,0,5,0,0,0
1153943,0,13715,507,452,45,257,4,7,14,1,0
593942,0,88,208,126,5,1,9,7,0,0,0
263279,0,14435,618,772,76,138,3,2,0,0,0
1120444,0,37,102,39,0,4,1,0,1,0,0
594047,0,13584,429,357,47,140,2,3,0,0,0
35490,0,390,383,141,16,13,2,0,0,1,0
594025,0,6,22,0,0,0,0,0,0,0,0
34708,0,5,114,27,0,0,0,0,0,0,0
1107319,0,162,128,0,13,28,0,0,5,0,1
1107312,0,37,362,49,2,0,0,2,0,0,0
134315,0,3,8,0,0,0,0,0,0,0,0
245288,0,0,43,0,0,0,0,0,0,0,0
733167,0,20,74,9,0,0,0,0,0,0,0
86359,0,13538,444,846,158,163,8,0,1,1,0
205192,0,427,156,80,34,51,2,9,9,2,1
205196,0,0,43,28,0,2,10,0,0,1,0
97390,0,39,417,72,8,19,1,2,0,0,1
1113459,0,2601,347,34,75,122,2,1,10,3,1
1125092,0,16,200,20,2,6,2,3,0,0,0
1152448,0,145,95,42,7,0,0,9,0,0,0
28964,0,27,42,30,1,0,0,0,0,0,0
340078,0,853,175,106,15,36,0,0,0,0,0
592830,0,97,90,100,7,19,2,6,3,2,1
340075,0,3432,278,153,28,30,0,3,0,0,0
25772,0,75,206,201,3,0,0,0,0,0,0
642621,0,71,38,29,3,0,0,0,0,0,0
389715,0,191,136,100,0,53,9,3,1,5,3
27203,0,6,51,14,0,0,0,0,0,0,0
1105810,0,18,26,8,2,0,0,0,0,0,0
328370,0,1299,205,72,22,0,0,0,0,0,0
1119671,0,0,4,0,0,0,0,0,0,0,0
1128935,0,72,81,33,5,30,3,2,2,4,1
134320,0,3,8,0,0,0,0,0,0,0,0
1102751,0,149,109,66,6,0,0,3,0,0,0
17363,0,3,78,0,0,0,0,0,0,0,0
75121,0,28,204,91,1,0,0,2,0,0,0
46887,0,10,83,34,0,3,3,3,1,0,0
212930,0,50,47,51,3,0,0,0,0,0,0
649731,0,2586,195,174,3,73,4,1,2,0,0
649730,0,449,94,0,5,28,0,0,3,0,1
38839,0,38,44,12,3,13,0,1,0,1,0
1106546,0,6,14,8,1,3,1,1,0,0,0
1106547,0,2839,407,93,82,52,0,6,8,0,0
80515,0,1,13,0,2,8,0,0,1,1,2
561238,0,13651,410,0,112,115,0,0,11,0,0
1153097,0,11,11,5,5,9,0,0,2,0,0
134219,0,6,210,29,1,0,0,0,0,0,0
1153091,0,9,36,6,0,0,0,0,0,0,0
1138968,0,10,355,18,2,0,0,1,0,0,0
633721,0,35,78,16,4,8,3,0,0,0,1
20857,0,17,72,8,2,6,0,1,0,0,0
20850,0,762,191,74,9,54,2,3,8,0,1
1116181,0,1,33,0,0,0,0,0,0,0,0
1129096,0,2832,237,75,30,0,0,2,0,0,0
139865,0,2611,123,220,14,1,2,1,0,0,0
672070,0,16,142,42,2,12,2,6,3,3,0
1130676,0,411,66,16,24,41,0,0,1,2,1
367312,0,0,0,0,0,0,0,0,0,0,0
20924,0,23,135,96,1,9,7,6,1,1,1
1131270,0,9,34,6,0,0,0,0,0,0,0
20920,0,1,5,8,0,0,0,0,0,0,0
1131277,0,16,31,20,0,6,4,1,0,0,0
1131274,0,70,38,14,3,0,0,0,0,0,0
20923,0,6,60,13,0,11,3,3,1,1,1
1153861,0,54,59,19,0,7,1,4,1,0,0
175576,0,143,91,18,4,0,0,0,0,0,0
96847,0,59,130,86,7,0,0,1,0,0,0
96845,0,25,293,26,1,0,0,1,0,0,0
152226,0,9,38,17,1,0,0,0,0,0,0
152227,0,175,114,70,1,0,0,0,0,0,0
95719,0,366,90,29,6,0,0,1,0,0,0
95718,0,78,106,34,0,33,3,0,1,6,0
36131,0,40,110,13,7,12,0,1,1,1,0
899085,0,0,0,0,0,0,0,0,0,0,0
315789,0,0,0,1,0,1,1,0,0,0,0
1128542,0,5,14,0,0,0,0,0,0,0,0
1105360,0,1,3,0,0,0,0,0,0,0,0
582349,0,0,5,0,0,0,0,0,0,0,0
278394,0,4,33,5,0,0,0,0,0,0,0
1131471,0,575,122,79,8,0,0,1,0,0,0
578646,0,42,209,79,1,69,8,8,0,13,3
1128291,0,95,196,41,2,9,2,9,2,0,0
45605,0,78,647,313,7,48,25,7,1,4,1
20584,0,11,144,106,7,6,5,5,1,0,0
184918,0,2854,253,144,1,227,4,10,1,4,1
1152150,0,97,30,39,12,6,1,0,1,0,0
33412,0,2002,190,206,0,0,0,0,0,0,0
578649,0,123,207,55,0,22,6,12,3,0,1
654326,0,1999,163,128,17,0,1,0,0,0,0
560936,0,3078,285,382,24,49,1,0,0,1,0
395540,0,437,66,0,30,23,0,0,2,0,1
27510,0,13544,616,690,119,167,7,3,2,1,0
1132922,0,2611,125,0,17,0,0,0,0,0,0
395547,0,25,108,39,3,2,2,2,0,0,0
99025,0,166,56,76,7,8,2,7,5,1,0
197054,0,13592,422,731,122,91,8,2,1,1,0
99023,0,383,78,71,25,58,3,7,2,9,3
1131611,0,180,303,33,7,13,1,0,2,0,0
645016,0,0,1,4,0,0,0,0,0,0,0
1128437,0,5,40,5,1,0,0,0,0,0,0
1128430,0,127,88,27,2,17,0,0,1,0,0
78511,0,13393,425,739,117,216,13,2,6,1,1
1135358,0,642,281,45,4,0,0,1,0,0,0
180301,0,0,0,0,0,0,0,0,0,0,0
157761,0,276,129,56,17,4,2,2,0,1,0
1128946,0,9,32,5,0,0,0,0,0,0,0
1128945,0,13701,382,0,113,0,0,0,0,0,0
626574,0,0,0,1,0,1,0,0,1,0,0
1128943,0,15,189,23,4,0,0,6,0,0,0
1132815,0,300,110,31,13,0,0,0,0,0,0
40125,0,2,85,12,0,5,3,0,0,3,0
1134348,0,31,39,11,2,0,0,0,0,0,0
36620,0,150,107,181,3,30,13,2,1,1,0
68463,0,651,163,58,14,30,0,1,7,0,0
243274,0,3,1,0,0,0,0,0,0,0,0
148341,0,0,169,2,0,2,1,0,0,0,0
72056,0,1,14,4,0,0,0,0,0,0,0
67633,0,5,26,8,0,0,0,1,0,0,0
608191,0,39,414,29,6,20,1,1,0,2,0
28473,0,16,66,0,2,6,0,0,0,0,0
28471,0,3690,429,381,41,96,3,27,1,3,0
695284,0,3,3,4,0,1,0,0,1,0,0
83746,0,5,14,7,2,2,0,0,1,0,0
1026,0,3,47,22,0,2,3,0,0,0,0
1154068,0,17,93,20,1,0,0,0,0,0,0
263482,0,0,50,2,0,2,1,1,0,0,0
1115291,0,20,77,29,1,3,2,0,0,1,0
5348,0,29,239,274,3,46,43,12,7,10,2
263486,0,53,226,22,2,2,1,1,0,0,0
38000,0,15,65,22,1,0,0,0,0,0,0
1123239,0,170,37,0,10,3,0,0,1,0,0
37888,0,32,80,71,6,17,10,3,2,2,0
1115456,0,71,46,30,6,0,0,4,0,0,0
37884,0,786,151,157,1,7,2,3,0,0,0
936,0,56,257,155,3,25,20,3,1,2,0
218666,0,6,16,0,0,0,0,0,0,0,0
8079,0,32,229,164,3,7,6,4,0,0,0
1107171,0,9,31,25,1,1,1,0,0,0,0
1107140,0,26,29,13,7,0,0,0,0,0,0
95594,0,11,43,4,0,1,1,5,1,0,0
30817,0,2002,305,204,17,0,0,1,0,0,0
28278,0,4456,542,625,97,181,3,6,30,2,1
6334,0,510,495,844,3,223,53,12,3,26,3
1123530,0,8,232,34,2,0,0,3,0,0,0
206371,0,13380,410,0,10,326,0,0,0,0,1
4274,0,0,41,8,0,0,0,1,0,0,0
3101,0,15,52,76,4,17,17,2,2,0,2
52847,0,13,72,19,1,0,0,0,0,0,0
416455,0,158,500,24,12,48,0,2,8,0,0
40583,0,35,16,3,1,10,0,1,0,1,0
1115670,0,35,61,8,0,0,0,1,0,0,0
520471,0,524,135,33,3,0,0,0,0,0,0
954315,0,4,51,10,2,0,0,1,0,0,0
1115677,0,142,93,19,3,0,0,1,0,0,0
1125467,0,46,45,0,2,3,0,0,0,0,0
1122304,0,0,1,0,0,0,0,0,0,0,0
28290,0,13686,601,1111,135,158,13,12,8,12,1
459216,0,60,47,38,4,0,0,0,0,0,0
1125469,0,38,77,73,7,9,4,2,1,1,0
1108209,0,1937,164,0,6,51,0,0,0,0,0
703953,0,49,49,0,5,0,0,0,0,0,0
169280,0,1,27,1,0,0,0,2,0,0,0
330208,0,4,47,2,1,0,0,2,0,0,0
1129610,0,56,428,37,3,20,2,2,0,0,0
118424,0,3,43,0,0,0,0,0,0,0,0
39199,0,36,176,81,1,2,6,0,0,1,0
1105574,0,378,56,58,5,0,0,3,0,0,0
1137466,0,13701,382,0,19,0,0,0,0,0,0
1154276,0,28,46,10,3,0,0,0,0,0,0
6786,0,2,39,2,1,0,0,0,0,0,0
1107095,0,421,102,63,5,0,0,0,0,0,0
1140547,0,173,127,0,4,14,0,0,0,0,0
103482,0,13539,525,691,14,165,5,2,0,1,0
1140543,0,3,86,28,0,3,1,0,0,0,0
50838,0,0,12,2,0,0,0,0,0,0,0
189721,0,6,9,5,0,0,0,0,0,0,0
1140548,0,1,6,0,0,0,0,0,0,0,0
590022,0,32,41,9,6,14,0,1,0,1,0
1107325,0,0,25,0,0,0,0,0,0,0,0
1108841,0,1,75,0,1,0,0,0,0,0,0
14807,0,5,13,19,0,1,2,0,0,0,0
1106236,0,22,45,25,1,9,2,2,1,1,0
28851,0,13614,428,364,157,55,0,1,4,0,0
762980,0,1,20,1,0,6,0,2,0,1,0
1152714,0,3,13,3,1,2,0,0,2,1,0
1119505,0,13701,381,167,160,0,0,0,0,0,0
1152711,0,0,0,0,0,0,0,0,0,0,1
70442,0,24,107,32,6,4,2,0,0,1,0
61073,0,1,16,0,0,0,0,0,0,0,0
1104191,0,0,0,0,0,0,0,0,0,0,0
192870,0,41,11,0,0,22,0,0,0,1,0
1128975,0,16,216,14,1,0,0,3,0,0,0
592993,0,8,197,10,0,0,0,3,0,0,0
358866,0,47,50,8,3,0,0,3,0,0,0
82666,0,18,48,12,4,6,0,1,1,0,0
1152436,0,2,9,0,0,0,0,0,0,0,0
116552,0,13709,410,516,160,3,1,2,1,0,0
116553,0,21,213,49,1,6,3,0,0,1,0
1125082,0,1999,165,0,14,0,0,0,0,0,0
430574,0,0,0,0,0,0,0,0,0,0,0
708945,0,6,30,14,0,0,0,0,0,0,0
89308,0,1,25,8,0,0,0,0,0,0,0
545647,0,24,22,10,0,5,0,0,0,1,0
50336,0,106,145,93,4,17,2,1,1,5,1
1131828,0,0,2,0,0,0,0,0,0,0,0
213279,0,30,43,11,4,0,0,0,0,0,0
156794,0,6,27,0,0,0,0,0,0,0,0
733576,0,1,36,0,0,0,0,0,0,0,0
64519,0,389,411,116,16,0,0,1,0,0,0
354004,0,45,35,11,7,0,0,0,0,0,0
302545,0,0,0,0,0,0,0,0,0,0,0
686061,0,70,75,41,2,5,2,5,0,1,0
1130243,0,0,0,0,0,0,0,0,0,0,0
6385,0,41,319,111,2,18,12,3,0,3,0
400473,0,15,73,0,1,5,0,0,1,0,0
14428,0,0,4,3,1,1,5,7,6,6,3
4553,0,0,0,0,0,0,0,0,0,0,0
1107558,0,1,16,0,0,0,0,0,0,0,0
1153150,0,62,207,30,0,0,0,3,0,0,0
1133196,0,13702,389,167,39,0,0,0,0,0,0
1106052,0,113,113,34,5,4,1,0,0,0,0
345340,0,471,383,159,30,21,1,2,5,0,0
1112075,0,3,10,4,0,0,0,0,0,0,0
154047,0,0,0,0,0,0,0,0,0,1,0
1112071,0,0,0,0,0,0,0,0,0,0,0
46431,0,14331,517,590,169,30,1,2,7,0,0
1110000,0,19,33,10,2,0,0,0,0,0,0
1117618,0,0,30,1,0,2,0,0,0,1,0
235683,0,0,2,2,0,0,2,0,0,3,3
38480,0,4104,468,621,109,90,1,37,13,1,0
644427,0,10,32,5,1,0,0,1,0,0,0
46547,0,32,100,30,2,12,1,3,4,2,1
390922,0,2011,195,63,17,82,0,0,1,1,0
1949,0,32,36,91,11,15,3,3,0,0,1
1113614,0,3044,519,0,19,142,0,0,2,0,1
38829,0,8,85,56,4,7,6,5,0,1,0
567005,0,48,166,24,1,0,0,0,0,0,0
1127810,0,1,12,0,0,0,0,0,0,0,0
1127812,0,2,172,4,0,8,1,0,0,0,1
1120858,0,1059,121,109,9,6,1,2,1,0,0
906,0,777,299,171,2,99,10,2,0,4,0
39890,0,95,158,938,25,46,132,17,2,8,2
12247,0,59,115,82,5,12,5,5,3,2,1
646809,0,13568,410,714,143,75,3,3,2,6,0
568045,0,7,86,4,2,16,0,0,2,1,2
148399,0,13,62,40,9,0,0,3,0,0,0
158614,0,173,98,0,6,0,0,0,0,0,0
42221,0,11,49,39,3,1,2,1,0,0,0
200480,0,738,184,216,1,27,3,0,6,0,0
62347,0,2480,239,184,26,0,0,4,0,0,0
1104999,0,197,659,36,15,33,0,13,23,2,2
1153577,0,13427,411,383,124,156,4,7,1,1,0
1121313,0,2,12,0,0,2,0,0,1,0,0
10798,0,530,468,760,14,16,9,3,1,0,0
10796,0,3216,871,2245,103,15,15,10,3,0,0
1130069,0,0,0,0,0,0,0,0,0,0,0
10793,0,3,1,0,0,0,0,0,0,0,0
1128208,0,5,27,0,1,4,0,0,0,0,0
13205,0,0,13,0,1,1,0,0,1,0,0
1107385,0,0,10,0,0,0,0,0,0,0,0
1152162,0,238,161,61,22,0,0,6,0,0,0
1128201,0,1,167,0,2,0,0,0,0,0,0
1128204,0,13709,403,168,122,0,0,2,0,0,0
1120211,0,2614,193,74,15,0,0,0,0,0,0
578650,0,4,234,8,4,0,0,4,0,0,0
53942,0,13,26,0,0,7,0,0,0,0,0
12337,0,29,281,108,3,0,0,3,0,0,0
12330,0,5,107,108,3,7,25,5,0,4,0
566664,0,203,55,0,0,35,0,0,2,0,1
112813,0,224,36,0,5,0,0,0,0,0,0
1118245,0,841,259,157,13,4,2,1,1,0,0
654339,0,0,64,0,0,1,0,0,0,0,0
44017,0,9,23,21,0,0,2,0,0,0,0
1135589,0,6,16,4,0,0,0,1,0,0,0
99030,0,96,88,0,13,22,0,0,3,0,1
124296,0,4,81,5,0,0,0,0,0,0,0
1120138,0,7,16,12,0,12,5,0,5,2,2
1105011,0,49,49,0,4,0,0,0,0,0,0
38722,0,39,269,162,6,31,26,0,5,2,1
739280,0,0,0,0,0,0,0,0,0,0,0
427606,0,13548,481,534,93,111,3,1,0,0,0
1135345,0,5,3,0,1,0,0,0,0,0,0
390693,0,0,10,0,0,0,0,0,0,0,0
1106849,0,19,19,0,0,0,0,0,0,0,0
1132809,0,18,11,7,3,0,0,1,0,0,0
22883,0,5,39,20,2,7,1,0,1,1,0
1113035,0,486,88,90,16,0,0,2,0,0,0
22886,0,7,44,3,0,8,0,0,0,1,0
814836,0,0,0,0,0,0,0,0,0,0,0
136768,0,381,100,40,10,17,0,0,2,2,1
78549,0,13,14,0,8,8,0,0,6,0,1
136766,0,381,105,112,9,12,9,1,2,2,1
641956,0,24,63,37,0,0,0,1,0,0,0
1153703,0,145,95,42,7,0,0,9,0,0,0
1131137,0,26,60,58,2,7,3,1,2,1,0
230300,0,10,34,12,0,0,1,0,1,0,0
6898,0,34,68,56,0,39,5,2,7,6,4
143676,0,1,4,2,0,1,0,0,0,1,0
284414,0,524,153,35,3,0,0,0,0,0,0
58758,0,115,530,111,13,2,8,2,1,0,0
594900,0,13536,382,0,54,130,0,0,0,0,0
1120049,0,31,44,39,1,0,0,6,0,0,0
1154012,0,0,1,0,0,1,0,0,0,0,0
1108389,0,19,74,45,7,17,4,1,0,1,0
1694,0,94,191,0,10,8,0,0,0,0,0
395553,0,720,119,193,11,22,10,3,0,1,0
1114442,0,485,97,146,6,0,0,0,0,0,0
1114118,0,889,94,43,10,0,0,0,0,0,0
662572,0,4,35,3,0,0,0,1,0,0,0
1121537,0,61,71,18,0,3,1,0,1,0,0
459214,0,93,385,39,7,23,2,2,1,1,0
1119751,0,128,68,44,2,9,0,1,0,0,0
1123553,0,2841,249,77,94,0,0,1,0,0,0
109323,0,36,37,0,7,10,0,0,0,0,0
1152944,0,12,177,0,0,6,0,0,1,0,0
105899,0,67,208,60,1,9,4,4,0,4,0
1272,0,432,1063,4405,59,7,55,24,3,0,0
1122574,0,18,70,0,3,0,0,0,0,0,0
18777,0,23,184,351,7,10,23,3,0,3,0
18774,0,58,55,0,2,8,0,0,1,0,0
33823,0,7,16,12,6,7,5,0,1,2,2
1135750,0,12,12,15,3,3,1,0,1,0,0
37879,0,0,15,0,0,0,0,0,0,0,0
643777,0,1,1,0,0,0,0,0,0,0,0
1154124,0,100,84,88,2,5,4,11,1,1,0
1154123,0,100,84,88,2,5,4,11,2,1,0
1104769,0,21,29,0,0,0,0,0,0,0,0
3112,0,12,47,100,7,1,14,2,2,1,0
1115886,0,431,193,0,23,0,0,0,0,0,0
68505,0,165,144,0,7,9,0,0,3,0,0
157401,0,4610,264,253,6,0,0,10,0,0,0
1118286,0,3,6,0,0,0,0,0,0,0,0
1113852,0,11,27,0,0,7,0,0,3,0,1
1106330,0,561,152,44,24,30,0,3,3,0,0
118435,0,3,43,0,0,0,0,0,0,0,0
1059953,0,200,60,0,10,6,0,0,1,0,0
118436,0,736,134,129,9,0,0,0,0,0,0
675756,0,2,60,0,0,3,0,0,0,0,0
1111614,0,103,38,0,0,0,0,0,0,0,0
675847,0,50,36,29,6,0,0,3,0,0,0
1135115,0,9,39,5,0,0,0,0,0,0,0
1152896,0,57,272,80,7,5,1,2,0,0,0
59244,0,127,53,0,8,5,0,0,0,0,0
30934,0,7,12,0,0,6,0,0,0,0,0
642827,0,119,102,59,4,50,3,0,7,2,2
31043,0,903,138,98,16,0,0,2,0,0,0
3932,0,21,26,22,7,0,0,3,0,0,0
509379,0,73,110,39,2,0,0,0,0,0,0
13686,0,756,844,532,15,0,0,7,0,0,0
73972,0,0,0,0,0,0,0,0,0,0,0
1152761,0,83,409,22,10,10,0,2,2,0,0
577086,0,107,187,0,8,0,0,0,0,0,0
1104182,0,30,186,12,1,0,0,0,0,0,0
594119,0,0,0,0,0,0,0,0,0,0,0
61069,0,101,494,176,4,10,5,4,0,0,0
288107,0,0,0,0,0,0,0,0,0,0,0
593104,0,7,34,9,1,6,0,0,0,0,0
593105,0,13758,425,539,48,0,0,4,0,0,0
116545,0,10,96,54,9,3,2,16,1,0,0
120039,0,127,80,26,2,17,0,0,1,0,0
124064,0,4059,517,620,90,304,8,34,40,5,6
1152421,0,13746,444,233,60,232,2,16,14,1,0
51934,0,0,5,0,1,0,0,0,0,0,0
31863,0,39,56,8,1,16,0,2,0,1,0
1106112,0,806,135,92,16,0,0,0,0,0,0
1113926,0,568,101,35,26,0,0,0,0,0,0
248425,0,13387,423,539,58,259,8,2,1,2,0
18251,0,10,93,0,3,5,0,0,0,0,0
20821,0,9,30,5,0,0,0,1,0,0,0
1126503,0,21,29,8,0,0,0,0,0,0,0
779960,0,0,0,0,0,0,0,0,0,0,0
1116347,0,5799,471,598,112,61,0,12,12,0,0
593859,0,92,403,39,6,9,0,10,3,0,0
5966,0,25,229,159,1,0,0,1,0,0,0
593210,0,21,231,54,3,6,3,0,0,0,0
1153148,0,483,281,67,14,13,1,2,1,0,0
683355,0,13,52,51,6,6,0,1,0,0,0
1152394,0,0,0,0,0,0,0,0,0,0,0
1112665,0,0,4,0,0,0,0,0,0,0,0
235679,0,0,0,4,0,1,3,0,0,4,3
235678,0,0,1,5,2,4,0,0,4,0,1
627024,0,73,87,51,0,0,0,0,0,0,0
1139928,0,16,42,23,3,0,0,0,0,0,0
167205,0,3,9,0,2,0,0,0,0,0,0
235670,0,1,2,2,0,1,0,0,1,2,2
245955,0,0,0,0,0,0,0,0,0,0,0
153063,0,14,25,134,2,3,24,1,2,1,0
5038,0,212,134,46,14,56,0,1,3,1,0
293974,0,99,68,133,10,16,5,10,1,2,0
16437,0,13,58,59,0,0,0,3,0,0,0
1120866,0,2611,125,0,15,0,0,0,0,0,0
567018,0,2,172,0,0,8,0,0,0,0,1
60159,0,0,23,0,1,2,0,0,1,0,0
801170,0,13221,378,168,118,284,0,1,1,6,4
75695,0,65,105,70,3,17,7,4,0,1,0
278403,0,3,17,0,0,0,0,0,0,0,0
1117348,0,69,78,18,3,0,0,0,0,0,0
75694,0,1,6,0,0,0,0,0,0,0,0
20833,0,30,17,11,0,0,0,0,0,0,0
90888,0,4558,380,485,32,27,3,10,0,0,0
75691,0,16,110,9,0,0,0,0,0,0,0
75693,0,1,6,0,0,0,0,0,0,0,0
43639,0,380,98,65,19,0,0,2,0,0,0
1112194,0,0,2,0,0,2,0,0,0,0,0
1116835,0,0,3,0,0,0,0,0,0,0,0
20942,0,133,165,22,1,0,0,0,0,0,0
380341,0,0,0,0,0,0,0,0,0,0,0
1116839,0,224,36,0,4,0,0,0,0,0,0
1919,0,16,55,16,1,6,0,0,1,0,0
1105344,0,1198,163,143,11,57,2,2,2,0,0
9581,0,31,15,4,3,9,0,0,2,1,0
9586,0,12,182,17,2,19,0,0,4,5,3
884094,0,4,29,4,1,1,1,3,1,0,0
1133028,0,19,22,0,2,0,0,0,0,0,0
513189,0,13413,433,393,53,389,7,2,7,5,1
13212,0,7,60,66,1,5,11,0,1,2,0
13213,0,10,119,8,2,0,0,0,0,0,0
566653,0,203,55,0,1,35,0,0,2,0,1
71336,0,0,73,0,1,0,0,0,0,0,0
1152179,0,3,3,0,0,0,0,0,0,0,0
1112686,0,63,32,28,1,0,0,0,0,0,0
481073,0,0,4,0,0,0,0,0,0,0,0
33818,0,6,34,45,0,10,13,0,2,11,5
1152379,0,61,46,0,2,0,0,0,0,0,0
198653,0,13814,636,896,69,280,8,1,9,0,1
887,0,15270,1049,8394,170,1193,321,10,22,43,3
1131634,0,38,225,33,4,0,0,0,0,0,0
1128856,0,11,112,5,1,8,0,0,1,1,0
1117653,0,2611,127,75,17,0,0,0,0,0,0
1111186,0,52,11,0,13,11,0,0,1,0,0
1128853,0,0,6,0,0,0,0,0,0,0,0
62718,0,187,329,18,27,34,0,9,10,2,0
400455,0,0,0,0,0,0,0,0,0,0,0
1138970,0,4,5,0,1,0,0,0,0,0,0
739707,0,5,75,5,0,0,0,0,0,0,0
1128453,0,13388,379,166,144,164,0,2,2,2,2
1153728,0,39,38,26,2,13,0,2,0,1,0
49811,0,493,141,132,16,3,2,1,0,0,0
561593,0,25,16,0,0,8,0,0,0,0,0
1133417,0,5,26,6,0,0,0,0,0,0,0
1128927,0,93,55,0,4,0,0,0,0,0,0
1106854,0,1,4,0,0,0,0,0,0,0,0
195150,0,86,72,29,3,11,1,1,3,2,1
289085,0,16,31,26,0,1,1,1,0,0,0
1134320,0,32,40,11,3,0,0,0,0,0,0
18833,0,7,23,7,2,0,0,0,0,0,0
18832,0,12,136,34,0,0,0,1,0,0,0
254923,0,14075,575,638,154,102,3,3,2,0,0
34266,0,35,7,39,3,15,8,5,1,7,6
78555,0,13,14,0,8,11,0,0,6,0,1
78557,0,3,178,29,1,14,20,0,0,13,6
34263,0,32,23,17,6,17,1,0,4,3,5
78552,0,12,182,17,3,19,1,0,7,1,3
107177,0,119,58,0,2,9,0,0,0,0,0
559804,0,149,83,102,6,35,9,5,3,4,0
1118347,0,1,66,0,0,0,0,0,0,0,0
1131420,0,0,1,0,0,1,0,0,0,0,0
33907,0,12933,509,615,29,751,24,10,2,9,1
28456,0,464,427,184,14,19,3,2,0,0,0
411005,0,20,61,51,2,7,0,0,1,0,0
289885,0,50,161,54,1,14,4,5,1,2,1
68224,0,1,65,3,0,4,1,4,0,1,0
1120059,0,14,83,9,1,5,0,2,0,0,0
1115471,0,569,147,34,14,0,0,1,0,0,0
950052,0,3092,186,82,8,0,0,11,0,0,0
1119987,0,105,119,44,1,0,0,0,0,0,0
314459,0,10,9,15,1,7,2,0,2,4,2
255233,0,12,25,8,0,6,0,0,0,1,0
142268,0,16,26,7,2,22,4,1,0,4,2
1688,0,12150,457,1377,6,1543,69,7,3,46,0
18781,0,6,32,10,0,0,0,0,0,0,0
1139009,0,0,0,0,0,0,0,0,0,0,0
18785,0,1,5,0,0,0,0,0,0,0,0
751408,0,516,54,68,21,62,0,8,21,5,3
1119742,0,6,5,0,0,0,0,0,0,0,0
1152958,0,4,87,4,3,5,0,0,1,1,0
1126044,0,1375,187,322,28,0,0,3,0,0,0
752684,0,0,0,0,0,0,0,0,0,0,0
645046,0,39,32,4,5,17,1,0,0,2,1
260121,0,3,118,0,0,0,0,0,0,0,0
1119180,0,224,36,0,7,0,0,0,0,0,0
1135746,0,169,96,47,9,10,1,0,2,0,0
368431,0,336,196,104,14,8,1,3,1,0,0
58436,0,14,11,8,6,0,0,0,0,0,0
1136040,0,0,0,0,0,0,0,0,0,0,0
662416,0,33,67,7,2,36,0,0,6,4,5
212097,0,0,0,0,0,0,0,0,0,0,0
1063773,0,136,23,0,11,0,0,0,0,0,0
1108363,0,2,12,0,0,2,0,0,1,0,0
263069,0,0,169,0,0,3,0,0,0,0,0
137359,0,3,54,14,0,0,0,2,0,0,0
446610,0,5,20,0,0,0,0,0,0,0,0
1031453,0,3039,318,91,34,0,0,6,0,0,0
1117089,0,1,39,0,0,0,0,0,0,0,0
640617,0,13492,433,15,145,262,0,1,14,0,0
31479,0,18,101,125,8,2,4,5,2,0,0
1113828,0,0,43,0,0,1,0,0,0,0,0
217115,0,152,126,43,3,0,0,1,0,0,0
1118764,0,428,175,97,7,50,0,3,3,3,0
6917,0,957,232,401,12,7,11,4,0,1,2
6910,0,6,135,131,0,16,90,2,1,16,8
30901,0,553,232,147,3,35,5,1,0,2,0
6913,0,610,188,383,3,98,37,0,0,6,1
15429,0,430,296,1499,23,44,88,17,4,4,0
12439,0,1039,254,282,14,66,9,0,1,3,0
1117833,0,9,7,0,0,0,0,0,0,0,0
1103985,0,13648,406,0,150,161,0,0,9,0,0
335042,0,0,84,5,0,2,0,0,0,0,0
28632,0,219,60,22,6,0,0,1,0,0,0
684531,0,0,75,0,0,0,0,0,0,0,0
1154251,0,1983,250,136,11,54,2,8,7,2,0
133615,0,220,95,0,1,55,1,0,0,2,1
711527,0,9,23,7,0,0,0,0,0,0,0
282700,0,105,63,0,5,14,0,0,1,0,0
31055,0,6,19,0,0,0,0,0,0,0,0
38205,0,13819,724,2574,153,271,36,30,14,2,1
594039,0,0,6,0,1,0,0,0,0,0,0
22563,0,573,477,2143,26,40,158,13,8,1,5
94641,0,45,457,136,6,0,0,3,0,0,0
22566,0,136,141,0,3,50,0,0,0,0,4
22564,0,136,141,0,5,50,0,0,0,0,4
928873,0,4,56,14,0,0,0,0,0,0,0
643239,0,132,52,88,10,68,2,5,9,8,4
144212,0,69,391,40,5,8,2,1,1,1,0
1133390,0,0,1,0,0,0,0,0,0,0,0
140005,0,6,18,0,0,0,0,0,0,0,0
126793,0,73,41,31,3,0,0,1,0,0,0
77515,0,225,225,61,7,21,4,8,4,0,0
289088,0,1,9,4,0,0,0,0,0,0,0
1123689,0,139,73,19,14,0,0,0,0,0,0
6217,0,121,164,17,1,0,0,0,0,0,0
632935,0,44,10,0,11,0,0,0,0,0,0
24476,0,0,9,4,1,0,0,1,0,0,0
358884,0,17,18,10,4,0,0,0,0,0,0
73146,0,172,143,150,3,16,8,0,2,1,0
155158,0,1,7,3,0,0,0,0,0,0,0
7432,0,805,211,39,11,0,0,2,0,0,0
919885,0,1999,165,0,16,0,0,0,0,0,0
98698,0,13604,442,0,130,181,0,0,13,0,1
1103162,0,65,87,37,3,2,2,0,1,0,0
74427,0,28,97,49,8,25,0,5,7,0,1
98693,0,31,227,13,1,11,1,0,0,0,1
6210,0,3180,426,276,20,118,4,6,7,1,0
1106103,0,26,67,9,0,0,0,0,0,0,0
1050679,0,15608,611,561,165,114,0,2,0,0,0
626999,0,2,33,1,1,0,0,2,0,0,0
248431,0,0,170,0,0,0,0,0,0,0,0
738941,0,5,2,4,1,0,0,0,0,0,0
337766,0,2,12,0,2,0,0,0,0,0,0
27250,0,198,120,102,6,0,0,2,0,0,0
161221,0,5741,626,414,23,63,2,1,3,0,0
1107455,0,3511,341,158,34,122,3,23,4,0,1
1134346,0,7,44,0,0,3,0,0,1,0,0
103515,0,12813,454,892,140,495,30,3,5,17,0
12347,0,28,115,24,0,0,0,0,0,0,0
1111978,0,23,59,9,1,0,0,0,0,0,0
521855,0,153,88,55,18,9,1,3,2,0,0
69296,0,13380,411,171,130,270,0,0,2,0,1
17201,0,8,162,39,1,17,7,0,0,1,1
255628,0,5,85,6,0,4,0,1,0,0,0
19697,0,304,121,98,10,33,5,2,5,2,0
431206,0,96,66,64,13,9,0,1,3,0,0
683360,0,2,11,4,1,0,0,0,0,0,0
593201,0,2,177,0,0,0,0,0,0,0,0
1152569,0,0,171,0,1,0,0,0,0,0,0
612306,0,3,8,0,1,2,0,0,2,0,1
1126037,0,1999,166,66,14,0,0,0,0,0,0
1113551,0,10,228,9,2,0,0,0,0,0,0
1152564,0,32,27,14,7,0,0,0,0,0,0
82920,0,11406,531,2107,96,1632,108,31,13,70,2
649944,0,0,0,0,0,0,0,0,0,0,0
32083,0,114,478,315,9,8,8,1,2,0,0
57773,0,0,3,1,1,2,0,0,3,1,2
260979,0,2,92,3,0,0,0,0,0,0,0
1102761,0,539,124,38,20,16,1,0,1,0,0
49660,0,743,211,226,26,55,4,0,1,6,0
1153280,0,13746,444,233,96,212,1,16,17,1,0
1153287,0,7,14,6,0,8,0,3,1,2,0
7296,0,0,7,0,3,0,0,0,0,0,0
7297,0,2900,241,431,17,135,10,10,0,8,1
1135108,0,712,125,0,2,56,0,0,2,0,1
578306,0,331,95,29,6,28,2,3,5,0,1
1111733,0,1,24,0,0,0,0,0,0,0,0
1110024,0,14,12,6,4,0,0,1,0,0,0
123825,0,345,358,206,9,61,15,1,0,3,2
118259,0,35,39,10,0,9,0,0,0,1,0
376704,0,0,0,0,0,0,0,0,0,0,0
38846,0,12,20,8,1,14,0,1,1,4,0
321861,0,352,101,70,6,0,0,4,0,0,0
38845,0,25,46,63,3,15,10,3,2,3,0
1121057,0,4,6,5,0,0,0,0,0,0,0
578780,0,13535,430,229,112,212,2,4,2,1,0
286513,0,0,170,2,0,0,0,0,0,0,0
1103969,0,9,0,1,6,3,0,3,4,2,2
198866,0,13,31,0,0,3,0,0,1,0,0
1118546,0,0,11,0,0,0,0,0,0,0,0
1109873,0,0,4,1,0,0,0,0,0,0,0
436796,0,3500,210,109,16,0,0,3,0,0,0
166989,0,5,31,0,3,6,0,0,0,1,0
85352,0,11828,559,1063,67,1395,41,19,9,61,0
128203,0,1,7,4,4,0,0,0,0,0,0
128202,0,0,4,0,0,0,0,0,0,0,0
190706,0,13601,433,534,124,98,2,4,1,3,0
63812,0,1,7,6,0,0,0,0,0,0,0
152219,0,25,82,18,1,6,0,0,1,0,0
40886,0,7,148,20,0,22,10,3,3,12,4
1130680,0,3,32,2,0,1,1,3,1,0,0
63549,0,339,118,31,12,23,0,0,0,0,0
633081,0,23,11,16,4,17,0,2,1,5,0
1128267,0,2766,259,0,92,28,0,0,1,0,0
644441,0,10,31,10,1,4,1,0,0,0,0
689152,0,3,20,12,0,0,0,1,0,0,0
644448,0,83,34,69,2,1,4,0,0,1,0
1131223,0,25,16,0,2,8,0,0,0,0,0
1118823,0,62,41,43,6,2,0,2,2,0,0
1109581,0,146,191,104,4,0,0,1,0,0,0
85688,0,936,336,373,25,16,0,5,0,0,0
70520,0,19,158,6,2,0,0,1,0,0,0
12359,0,14,115,63,2,0,0,0,0,0,0
1129629,0,83,587,35,8,11,2,3,1,1,0
1117249,0,219,58,0,7,0,0,0,0,0,0
141171,0,15,7,52,3,6,6,0,2,1,0
12350,0,285,327,1808,29,74,176,29,17,12,3
227178,0,27,394,91,1,4,0,1,0,0,0
1129621,0,4,23,10,0,0,0,0,0,0,0
1128868,0,2011,172,70,17,0,0,0,0,0,0
118873,0,2,17,6,0,0,0,2,0,0,0
108983,0,12,33,31,5,14,2,1,0,0,1
27895,0,143,254,194,10,0,0,2,0,0,0
307015,0,13591,433,587,59,272,6,1,6,2,0
3095,0,12,50,58,1,6,4,0,3,0,0
824245,0,0,0,0,0,0,0,0,0,0,0
1128881,0,93,55,0,3,0,0,0,0,0,0
246618,0,35,374,43,5,14,6,1,0,1,0
1131335,0,134,40,0,5,6,0,0,4,0,0
94713,0,305,131,167,7,2,3,3,0,0,0
211432,0,11,47,19,0,0,0,0,0,0,0
1127619,0,421,79,30,10,0,0,0,0,0,0
335733,0,13540,401,167,19,157,0,0,1,1,0
198443,0,13547,414,523,82,123,5,1,2,1,0
1114192,0,140,35,9,7,16,0,3,10,1,2
20972,0,386,494,64,11,0,0,1,0,0,0
654519,0,0,0,0,0,0,0,0,0,0,0
195361,0,2759,270,0,54,42,0,0,0,0,0
1133428,0,99,29,0,11,13,0,0,0,0,0
1129442,0,121,35,0,1,42,0,2,6,2,2
1129443,0,2611,125,0,8,0,0,0,0,0,0
236759,0,199,93,16,4,48,0,3,11,2,2
18536,0,2,5,8,0,0,0,0,0,0,0
18313,0,3,170,0,2,0,0,0,0,0,0
133550,0,2002,181,275,17,3,2,0,2,0,0
133553,0,23,37,20,0,0,0,3,0,0,0
34257,0,1,14,101,0,10,79,9,2,6,6
1786,0,266,213,118,15,0,0,4,0,0,0
892139,0,69,212,40,2,13,1,0,1,1,0
62634,0,38,77,56,2,0,0,1,0,0,0
1115790,0,4,58,5,0,0,0,0,0,0,0
1106771,0,72,17,13,5,5,1,7,0,0,0
218410,0,2775,277,82,81,24,1,0,0,0,0
1131150,0,11,110,16,1,0,0,1,0,0,0
41666,0,168,131,51,4,0,0,0,0,0,0
237376,0,61,46,0,5,0,0,0,0,0,0
135464,0,19,161,48,1,0,0,3,0,0,0
62389,0,285,94,25,13,0,0,0,0,0,0
709518,0,0,0,0,0,0,0,0,0,0,0
642894,0,40,90,243,7,25,70,10,6,15,2
248395,0,0,43,0,0,1,0,0,0,0,0
1134022,0,128,366,18,16,0,0,2,0,0,0
8224,0,306,733,2224,27,37,204,19,4,4,5
1126050,0,0,9,1,0,0,0,0,0,0,0
4335,0,121,357,736,14,16,26,9,3,1,0
1123576,0,501,94,46,19,0,0,0,0,0,0
175909,0,5,36,10,0,12,1,0,1,0,1
4330,0,150,817,3996,29,34,241,21,2,6,1
39474,0,98,369,23,11,8,0,1,0,0,0
41714,0,12752,444,1112,159,521,12,9,3,5,0
643485,0,135,43,14,10,11,0,1,5,1,0
18834,0,19,231,43,2,9,4,0,0,1,0
753264,0,3,4,0,0,4,0,0,1,0,1
54129,0,13390,439,2210,157,240,78,14,3,5,3
561568,0,25,16,0,3,4,0,0,0,0,0
648369,0,0,0,0,0,0,0,0,0,0,0
648121,0,0,0,1,0,1,0,0,1,0,0
561674,0,6,13,20,2,3,0,0,0,0,0
1104749,0,0,0,0,0,0,0,0,0,0,0
561364,0,121,91,11,4,41,0,0,11,1,2
1154103,0,46,20,25,15,9,0,2,6,0,0
72805,0,0,0,0,0,0,0,0,0,0,0
28026,0,22,41,0,4,7,0,0,5,0,1
1130856,0,13586,396,0,153,30,0,0,1,0,0
285675,0,9,124,14,0,0,0,0,0,0,0
641976,0,2345,253,460,17,27,6,1,2,0,0
267003,0,18,167,8,2,0,0,0,0,0,0
15987,0,48,122,122,14,0,0,11,0,0,0
1108050,0,2781,156,166,4,6,1,1,1,0,0
1121603,0,5,13,0,2,6,0,0,2,0,1
243483,0,117,258,65,3,13,0,0,1,0,0
1113831,0,13542,390,170,156,131,0,0,1,0,0
237489,0,381,68,64,6,0,0,3,0,0,0
646900,0,3,204,16,2,2,2,0,0,0,0
66805,0,13763,425,546,160,0,0,0,0,0,0
143323,0,50,257,79,2,2,2,2,0,0,0
66809,0,1,6,0,0,0,0,0,0,0,0
1122425,0,2901,343,277,96,0,0,5,0,0,0
23774,0,2630,376,89,85,128,0,3,5,0,1
1116530,0,2,10,0,2,0,0,0,0,0,0
8687,0,4,33,12,0,0,0,0,0,0,0
15431,0,0,18,0,0,0,0,0,0,0,0
1136110,0,1,7,0,0,0,0,0,0,0,0
13917,0,378,287,6,20,38,0,0,1,0,0
573535,0,3,5,0,0,1,0,0,1,0,0
575795,0,179,305,44,25,0,0,2,0,0,0
1110563,0,0,144,5,0,2,1,1,0,0,0
91581,0,56,171,71,0,12,4,2,0,1,0
1120643,0,15,30,45,1,0,3,2,1,0,0
28487,0,19,234,47,6,0,0,1,0,0,0
28485,0,3638,440,412,107,47,4,25,1,2,0
1153900,0,16,21,7,4,0,0,1,0,0,0
25805,0,126,176,174,4,20,21,2,1,1,1
28489,0,4,213,4,5,0,0,2,0,0,0
28336,0,93,214,10,4,16,0,0,0,1,0
643003,0,70,34,13,0,0,0,0,0,0,0
50807,0,0,0,0,0,0,0,0,0,0,0
643221,0,49,40,327,8,43,111,4,2,36,5
35343,0,1946,217,145,17,54,0,0,3,0,0
127940,0,0,5,3,0,0,0,0,0,0,0
616336,0,0,6,0,1,0,0,0,0,0,0
181782,0,54,178,34,1,0,0,0,0,0,0
1152740,0,442,365,69,23,6,1,0,1,0,0
31083,0,6,16,4,0,0,0,0,0,0,0
166420,0,2,21,0,0,0,0,0,0,0,0
1152991,0,3,5,2,0,0,0,1,0,0,0
105856,0,37,46,148,6,0,0,7,0,0,0
646286,0,250,84,193,26,18,2,14,8,2,0
646289,0,49,49,0,5,0,0,0,0,0,0
19045,0,349,374,147,12,31,7,0,0,2,0
785678,0,15,185,0,1,0,0,0,0,0,0
17242,0,0,22,2,1,5,0,0,0,1,0
1105433,0,333,87,0,1,49,0,0,1,0,1
92589,0,9,54,14,4,5,1,0,1,0,0
1111899,0,57,226,24,5,13,0,0,1,0,0
116528,0,29,125,27,0,0,0,0,0,0,0
631015,0,6,152,7,2,0,0,0,0,0,0
120013,0,734,113,42,10,0,0,0,0,0,0
96335,0,1952,207,168,12,106,3,4,9,2,2
12631,0,18,68,55,0,42,16,0,4,10,7
110041,0,44,204,15,8,0,0,0,0,0,0
259772,0,35,30,0,1,5,0,0,0,0,0
74749,0,9,32,3,0,15,0,0,0,2,2
1122642,0,39,18,13,8,13,3,0,1,3,4
12638,0,758,122,339,14,39,22,0,3,8,8
1116328,0,61,46,0,2,0,0,0,0,0,0
27241,0,7,59,6,1,0,0,0,0,0,0
1110947,0,215,203,110,5,0,0,3,0,0,0
27243,0,3,38,4,0,0,0,0,0,0,0
27246,0,1,10,0,0,0,0,0,0,0,0
89335,0,127,53,0,8,5,0,0,0,0,0
308529,0,35,302,4,5,16,0,0,1,2,2
1104258,0,15,47,15,3,2,0,1,2,0,0
12238,0,6,75,14,2,8,2,1,2,2,0
177993,0,2,16,4,0,0,0,0,0,0,0
576795,0,13373,396,169,98,210,2,0,0,1,0
755082,0,102,90,15,2,0,0,0,0,0,0
177998,0,2,19,4,0,0,0,0,0,0,0
56709,0,176,721,180,15,36,13,2,4,4,2
56708,0,42,122,0,3,9,0,0,2,0,1
69284,0,13195,425,461,107,540,5,4,9,3,1
1153160,0,166,113,26,7,0,0,0,0,0,0
1104435,0,0,0,0,0,0,0,0,0,0,0
642593,0,0,0,0,0,0,0,0,0,0,0
1153169,0,630,146,0,8,30,0,0,7,0,0
1114864,0,141,136,90,4,0,0,2,0,0,0
25794,0,8,41,6,1,0,0,0,0,0,0
12182,0,121,283,1169,18,29,142,15,8,6,0
57764,0,50,94,95,3,3,0,0,0,0,0
1113541,0,3,57,0,0,0,0,0,0,0,0
86923,0,1,2,4,0,0,0,0,0,0,0
1105428,0,136,64,23,7,4,0,1,2,0,0
141347,0,13571,422,163,90,121,0,5,0,1,0
323128,0,61,202,61,3,10,0,0,2,0,0
192734,0,552,179,76,1,6,1,0,2,0,0
141342,0,13140,494,684,91,493,15,5,5,6,0
124828,0,365,91,30,5,0,0,0,0,0,0
308232,0,186,82,44,11,7,1,0,0,0,0
688361,0,37,106,11,1,0,0,0,0,0,0
2354,0,46,65,136,1,5,15,1,0,2,2
379288,0,1,5,0,0,0,0,0,0,0,0
1127863,0,3,45,3,1,0,0,1,0,0,0
754594,0,0,0,0,0,0,0,0,0,0,0
428610,0,776,126,60,8,31,0,3,3,0,0
1130454,0,0,1,0,1,0,0,0,1,0,0
1135137,0,3981,261,260,43,0,0,17,0,0,0
94416,0,1,3,0,0,2,0,0,0,0,0
853150,0,2611,125,0,17,0,0,0,0,0,0
763009,0,861,142,344,32,0,0,6,0,0,0
60170,0,65,73,8,3,12,0,0,2,1,0
416867,0,0,18,0,1,0,0,0,0,0,0
853155,0,0,91,6,0,0,3,0,3,0,1
523574,0,28,97,31,6,0,0,10,0,0,0
16451,0,193,177,133,6,0,0,0,0,0,0
118260,0,35,39,10,1,9,0,0,0,1,0
1138043,0,4,3,5,0,0,0,0,0,0,0
649739,0,449,94,0,5,28,0,0,2,0,1
646837,0,13541,390,0,49,133,0,0,0,0,0
646836,0,75,204,19,8,0,0,0,0,0,0
286500,0,13722,404,349,48,0,0,1,0,0,0
1102625,0,550,165,85,4,0,0,0,0,0,0
120817,0,5,7,5,0,0,0,0,0,0,0
97377,0,301,138,94,13,6,1,0,1,0,0
124952,0,2,184,20,1,0,0,0,0,0,0
117315,0,55,215,3,8,13,0,0,1,0,0
1134031,0,0,9,0,0,0,0,0,0,0,0
49720,0,0,0,0,0,0,0,0,0,0,0
1127913,0,13466,448,60,23,437,0,1,11,3,0
1152194,0,1254,162,65,6,0,0,2,0,0,0
1106671,0,339,136,0,4,24,0,0,0,0,0
95597,0,3,23,0,0,0,0,0,0,0,0
12165,0,212,122,118,8,35,12,0,1,4,0
141160,0,0,23,23,1,0,0,0,0,0,0
1152358,0,240,230,105,12,10,6,5,0,0,1
4584,0,2817,1647,5157,41,858,442,62,22,91,12
12169,0,3,36,13,1,0,0,0,0,0,0
506,0,2,14,6,1,8,0,0,0,1,0
1117476,0,13649,469,186,155,77,0,4,8,0,0
662250,0,0,0,0,0,0,0,0,0,0,0
694759,0,13648,406,0,36,161,0,0,9,0,0
70441,0,12,32,15,5,2,1,0,1,0,0
70444,0,2,110,17,0,6,2,0,1,1,0
33325,0,2,43,12,1,0,0,0,0,0,0
262178,0,10,51,18,0,0,0,0,0,0,0
24043,0,4,20,10,0,0,0,0,0,0,0
1136449,0,10,78,3,2,0,0,2,0,0,0
57948,0,142,172,154,12,18,14,3,0,3,1
1121459,0,203,179,44,9,3,1,2,4,0,0
1136447,0,12,74,14,0,2,1,6,1,0,0
1136442,0,2611,125,0,15,0,0,0,0,0,0
1117786,0,410,115,40,10,6,0,1,3,0,0
626530,0,0,0,0,0,0,1,0,0,1,0
626531,0,0,0,1,0,0,0,0,0,1,0
753265,0,737,106,44,13,0,0,0,0,0,0
645084,0,32,20,29,5,2,2,1,0,0,0
1125992,0,133,76,83,3,4,4,1,0,0,0
1125993,0,0,18,0,0,0,0,0,0,0,0
645088,0,1,18,0,1,4,0,0,0,0,0
642847,0,22,32,11,0,0,0,0,0,0,0
1152959,0,2,7,0,3,0,0,0,0,0,0
18812,0,1,3,2,0,0,0,0,0,0,0
18811,0,2,23,10,0,0,0,0,0,0,0
735303,0,13544,394,171,160,99,0,0,1,0,0
18815,0,2,70,4,0,0,0,0,0,0,0
133563,0,27,145,81,3,4,4,3,2,0,0
133566,0,8,78,22,0,5,3,0,0,4,0
133567,0,1,11,0,1,2,0,0,1,0,0
232606,0,0,15,2,0,2,0,1,0,0,0
232605,0,18,12,14,3,1,1,1,0,0,0
1131149,0,369,82,64,7,0,0,1,0,0,0
466170,0,14,26,0,0,0,0,0,0,0,0
1000012,0,434,155,147,13,24,2,3,0,1,0
62607,0,0,0,0,0,0,0,0,0,0,0
1105116,0,96,102,15,8,0,0,0,0,0,0
1131334,0,81,63,8,0,18,0,0,3,1,0
628751,0,15,6,11,0,10,2,0,0,1,0
28447,0,427,198,213,29,2,8,0,0,1,0
134060,0,4,143,4,0,0,0,0,0,0,0
910,0,79,1138,3942,15,35,396,25,2,7,0
346243,0,140,78,44,3,0,0,2,0,0,0
131122,0,3,17,0,0,0,0,0,0,0,0
44514,0,92,243,33,8,0,0,1,0,0,0
1106492,0,94,71,60,1,0,0,0,0,0,0
1132968,0,3021,218,413,2,51,4,3,0,1,0
447224,0,3,11,7,0,1,1,0,0,0,0
4329,0,715,279,343,13,14,3,1,2,1,0
662279,0,2,12,0,0,0,0,0,0,0,0
188471,0,3294,463,185,41,91,1,6,10,2,1
1117920,0,29,24,0,9,12,0,0,2,0,1
1152975,0,145,95,42,7,0,0,9,0,0,0
1130847,0,13414,396,0,149,91,0,0,1,0,1
39403,0,858,325,88,18,43,0,5,2,0,0
573978,0,13593,429,20,133,230,0,1,16,0,0
1111788,0,309,111,61,15,0,0,4,0,0,0
561613,0,25,16,0,3,4,0,0,0,0,0
561595,0,20,13,18,1,14,4,0,0,3,0
54131,0,12941,479,1927,141,346,60,17,9,13,1
54132,0,13,760,127,4,9,10,9,0,1,0
154982,0,45,210,128,0,16,12,2,0,0,0
27535,0,122,142,122,6,28,2,0,3,1,0
27530,0,17,94,53,1,0,0,1,0,0,0
27531,0,12,147,36,0,0,0,1,0,0,0
423816,0,1,4,0,0,2,0,0,1,0,0
160732,0,13,18,6,2,0,0,0,0,0,0
399339,0,3109,470,102,22,157,1,2,12,2,1
1105603,0,22,86,8,0,0,0,0,0,0,0
1114526,0,140,108,21,7,19,0,0,2,1,0
242637,0,940,157,168,13,0,0,1,0,0,0
595056,0,3201,888,345,70,66,2,8,5,1,0
263553,0,35,66,7,10,17,0,0,7,0,1
1130678,0,3,6,4,0,0,0,0,0,0,0
1154233,0,130,69,0,12,10,0,0,1,0,0
1154232,0,110,84,33,6,44,0,2,5,0,1
1154230,0,17,34,0,4,0,0,0,0,0,0
8699,0,677,294,197,2,33,3,3,0,0,0
430711,0,0,0,1,0,0,0,0,0,0,0
6935,0,25,260,234,3,4,2,7,1,0,0
8696,0,4,74,2,0,0,0,2,0,0,0
23546,0,393,108,0,9,27,0,0,0,0,0
23545,0,1,62,0,1,0,0,0,0,0,0
1102567,0,90,38,0,1,3,0,0,0,0,0
28359,0,6,144,0,0,0,0,0,0,0,0
1153933,0,44,76,14,1,0,0,0,0,0,0
194609,0,3,88,35,5,8,9,3,1,0,1
1104647,0,23,205,45,1,0,0,3,0,0,0
1133008,0,0,0,0,0,0,0,0,0,0,0
1103610,0,53,33,12,2,0,0,0,0,0,0
35,0,687,1175,62432,95,543,17513,142,52,344,16
1103960,0,15406,561,606,144,311,2,7,5,1,0
72908,0,409,141,109,3,28,2,2,2,1,0
3097,0,34,54,117,6,19,23,3,0,2,1
66594,0,589,195,223,20,29,0,3,4,0,0
1246,0,42,131,88,6,0,0,1,0,0,0
28491,0,13,264,25,2,0,0,0,0,0,0
1120650,0,456,96,74,13,0,0,3,0,0,0
289779,0,13386,382,166,126,195,0,2,5,2,2
1140230,0,220,47,0,18,15,0,0,8,0,0
1140231,0,1,18,0,0,0,0,0,0,0,0
31097,0,118,149,0,1,0,0,0,0,0,0
1108551,0,454,108,37,14,0,0,1,0,0,0
105865,0,119,89,56,12,9,2,0,8,0,0
644334,0,79,38,24,4,4,1,4,0,0,0
175548,0,18,38,34,1,0,0,4,0,0,0
241133,0,2745,298,0,69,68,0,0,2,0,1
73162,0,11,86,145,1,10,18,6,3,3,0
7419,0,2594,432,628,68,141,5,10,8,3,0
55403,0,242,95,0,9,31,0,0,1,0,1
217139,0,31,42,21,0,3,1,0,0,0,0
189655,0,9,70,7,2,4,1,3,1,0,0
22431,0,206,285,133,8,97,4,8,3,0,4
116512,0,0,0,0,0,0,0,0,0,0,0
562123,0,2552,172,78,10,50,0,0,0,1,0
1116336,0,58,102,0,3,8,0,0,1,0,0
359067,0,17,21,14,1,5,1,0,0,0,0
509233,0,38,207,0,1,0,0,0,0,0,0
409725,0,0,7,0,0,1,0,0,0,0,0
1110950,0,0,0,0,0,0,0,0,0,0,0
1104261,0,36,27,0,0,0,0,0,0,0,0
1112319,0,74,133,34,5,0,0,2,0,0,0
5959,0,9,101,41,1,0,3,0,1,0,0
582343,0,405,162,159,7,26,3,0,1,1,0
561611,0,1,17,0,1,1,0,0,1,0,0
561610,0,26,15,8,3,8,0,0,1,1,0
1102364,0,0,8,0,0,1,0,0,1,0,0
1123087,0,80,107,114,3,0,0,0,0,0,0
61417,0,1,40,9,0,0,2,0,0,0,0
103531,0,2,9,10,0,0,0,0,0,0,0
594011,0,9,24,0,1,4,0,0,0,0,0
39131,0,685,222,238,4,132,14,0,7,5,2
39130,0,21,165,83,9,13,3,1,0,1,0
594543,0,13604,393,0,88,115,0,0,0,0,0
103537,0,89,78,38,1,0,0,2,0,0,0
162075,0,3,2,3,0,2,1,0,0,0,0
397590,0,1,41,3,0,0,0,0,0,0,0
12198,0,211,215,226,21,25,9,15,6,2,0
12199,0,50,117,55,5,24,5,5,4,6,2
593260,0,13383,430,6,55,284,0,0,3,1,0
1152508,0,13701,382,0,57,0,0,0,0,0,0
12194,0,4,6,0,0,0,0,0,0,0,0
12195,0,133,183,220,8,79,32,1,4,8,3
80656,0,5,15,5,0,6,0,0,1,1,0
12197,0,175,165,85,6,28,4,3,1,1,0
1107808,0,0,0,0,0,0,0,0,0,0,0
644843,0,6,13,5,0,0,0,0,0,0,0
578645,0,123,213,70,3,21,2,8,7,0,1
19231,0,12,77,56,2,2,4,1,0,0,0
45603,0,8,19,3,1,0,0,2,0,0,0
1103383,0,46,33,0,0,6,0,0,2,0,0
348305,0,4,4,0,0,0,0,0,0,0,0
1105932,0,130,106,110,9,6,0,7,3,0,0
763010,0,8,116,30,4,2,4,5,0,1,0
1135122,0,0,4,2,0,0,0,0,0,0,0
189774,0,24,52,25,2,13,0,0,2,1,0
1127851,0,28,123,73,11,0,0,1,0,0,0
1135125,0,531,154,78,2,0,0,0,0,0,0
510718,0,92,124,50,5,0,0,0,0,0,0
1136446,0,12,75,36,1,2,1,7,1,0,0
60169,0,51,75,12,1,15,1,0,2,1,0
102879,0,3,61,0,2,4,0,0,1,0,0
510715,0,0,2,0,0,0,0,0,0,0,0
582139,0,377,63,90,4,3,2,2,0,1,0
118079,0,0,17,2,0,0,0,0,0,0,0
4660,0,326,231,242,7,45,16,5,1,2,0
943,0,21,52,55,6,3,3,6,0,0,0
940,0,13,35,14,1,10,0,3,0,3,0
941,0,13,39,25,1,7,3,4,0,3,0
193742,0,3836,490,395,18,216,9,27,12,4,1
105057,0,76,168,61,2,10,0,2,2,0,0
93318,0,0,1,0,0,0,0,0,0,0,0
628815,0,3073,373,0,95,121,0,0,13,0,1
63832,0,198,659,36,15,33,0,13,23,2,2
2658,0,147,53,303,9,139,149,12,17,56,10
20179,0,17,55,20,2,8,1,5,1,1,0
20178,0,21,58,34,1,15,5,3,1,2,0
1131557,0,13701,382,168,160,0,0,0,0,0,0
162664,0,221,104,212,26,30,8,0,2,0,0
107569,0,26,17,10,2,5,0,0,2,0,0
2654,0,21,185,324,3,3,7,7,0,0,0
1120252,0,1,4,0,0,0,0,0,0,0,0
130,0,827,426,267,27,10,4,6,0,0,0
116087,0,75,60,6,5,21,0,0,3,0,0
116084,0,68,107,68,5,30,7,0,3,8,2
116081,0,70,73,2,0,25,0,0,0,1,0
753070,0,5,12,13,0,3,1,0,1,0,1
95589,0,437,205,153,32,0,0,9,0,0,0
16843,0,3,26,17,0,0,0,2,0,0,0
561809,0,4,10,10,2,0,0,1,0,0,0
249421,0,13702,383,674,160,5,5,0,0,0,1
1129608,0,140,26,22,13,0,0,0,0,0,0
203646,0,0,45,1,0,0,0,0,0,0,0
75972,0,63,88,55,5,23,6,4,5,6,1
89416,0,31,19,62,0,11,9,1,2,0,0
173863,0,57,52,0,0,10,0,0,1,0,0
650834,0,15,243,24,3,0,0,0,0,0,0
654177,0,117,117,39,4,21,1,1,6,6,2
1118209,0,42,75,27,7,0,0,1,0,0,0
59715,0,190,459,97,14,0,0,4,0,0,0
45052,0,3,35,3,0,0,0,0,0,0,0
108962,0,11,36,54,2,10,13,1,0,1,1
907845,0,0,2,0,0,0,0,0,0,0,0
42847,0,1337,205,250,14,51,7,4,0,1,0
307656,0,2,184,3,0,0,0,0,0,0,0
1131312,0,164,51,18,9,35,0,2,7,2,2
1131314,0,4,21,0,0,2,0,0,1,0,0
576973,0,5,27,0,1,4,0,0,0,0,0
83826,0,4990,317,349,14,84,2,24,0,1,0
911198,0,74,43,42,5,9,0,2,1,0,0
1117049,0,0,0,0,0,0,0,0,0,0,0
975567,0,50,71,31,5,0,0,0,0,0,0
1112767,0,1999,164,65,0,0,0,0,0,0,0
1105148,0,9,15,5,1,5,0,0,1,1,0
1114664,0,3,13,3,1,0,0,0,0,0,0
1107861,0,96,63,44,0,0,0,2,0,0,0
1125944,0,3,10,0,0,0,0,0,0,0,0
1131172,0,1,15,0,0,0,0,0,0,0,0
162080,0,0,1,11,0,1,2,0,0,0,0
647315,0,2,16,0,0,0,0,0,0,0,0
628458,0,0,0,0,0,0,0,0,0,0,0
949318,0,2611,125,0,14,0,0,0,0,0,0
642930,0,0,0,0,0,0,0,0,0,0,0
949511,0,4610,266,116,31,0,0,10,0,0,0
171225,0,2542,157,0,14,66,0,0,2,0,0
20193,0,68,136,760,11,12,80,1,0,7,1
62676,0,0,1,1,0,0,0,0,0,0,0
714289,0,113,95,156,6,39,16,9,2,2,1
1125386,0,14272,490,608,172,0,0,3,0,0,0
13024,0,0,10,1,0,3,0,0,0,1,0
1123756,0,13592,398,367,146,54,2,0,1,0,0
372862,0,18,60,36,3,0,0,3,0,0,0
40605,0,21,8,26,1,15,2,3,5,1,1
57119,0,9,391,176,4,1,1,17,2,0,0
1114336,0,35,30,0,1,5,0,0,0,0,0
67245,0,1,73,0,0,2,0,0,0,0,0
67246,0,1,73,0,0,2,0,0,0,0,0
950986,0,22,5,0,0,6,0,0,1,0,0
1114331,0,13329,429,222,130,410,0,1,14,0,0
168410,0,1195,513,316,30,14,4,2,1,1,0
644361,0,6,1,0,0,0,0,0,0,0,0
50354,0,1,11,5,0,3,0,0,0,0,0
334153,0,380,354,89,13,0,2,0,0,1,0
41732,0,3,11,0,0,0,0,0,0,0,0
561582,0,3,18,0,1,2,0,0,1,0,0
219976,0,0,13,0,1,0,0,0,0,0,0
1154169,0,4610,266,116,22,0,0,10,0,0,0
91038,0,6,75,0,0,0,0,0,0,0,0
1095507,0,6,25,12,4,3,0,0,1,0,0
29708,0,21,82,10,3,0,0,0,0,0,0
1120713,0,35,34,0,1,9,0,0,0,0,0
643735,0,1,1,0,0,0,0,0,0,0,0
575402,0,37,537,19,8,4,1,2,1,0,0
467383,0,4,16,5,1,0,0,0,0,0,0
137380,0,44,55,34,3,7,2,2,0,0,0
78508,0,1,10,0,5,0,0,0,0,0,0
13972,0,24,96,10,6,0,0,0,0,0,0
563613,0,8,29,0,2,15,0,0,1,0,1
430329,0,13,12,8,0,0,0,0,0,0,0
646195,0,79,52,17,3,0,0,0,0,0,0
169279,0,32,20,15,13,6,2,2,0,1,0
56112,0,108,492,40,10,76,4,7,7,34,8
34979,0,4,64,11,0,0,0,0,0,0,0
643597,0,45,61,11,0,0,0,0,0,0,0
1108728,0,290,112,61,1,0,0,0,0,0,0
1132157,0,16,26,7,0,0,0,1,0,0,0
6925,0,30,113,79,0,6,11,0,1,2,1
1154229,0,141,68,15,6,0,0,3,0,0,0
1133930,0,0,0,0,0,0,0,0,0,0,0
1107041,0,4,8,4,0,0,0,0,0,0,0
6923,0,894,231,488,14,46,15,9,0,4,0
310742,0,123,86,31,11,6,0,0,7,0,0
1153922,0,3,185,6,1,0,0,0,0,0,0
949217,0,763,165,156,15,0,0,1,0,0,0
1153024,0,8,15,5,3,0,0,1,0,0,0
14431,0,2,1,1,5,14,0,2,5,2,4
1103979,0,8,99,10,2,2,0,0,1,0,0
59045,0,137,85,39,3,0,0,0,0,0,0
194617,0,129,45,111,14,27,10,2,2,5,1
1110546,0,2,342,10,3,0,0,1,0,0,0
174418,0,9,67,17,0,6,1,0,0,1,0
111866,0,3,62,8,3,4,1,2,1,1,0
3085,0,159,74,210,9,58,17,0,2,7,1
3084,0,31,264,107,8,0,4,1,1,0,0
8594,0,1,5,73,4,4,14,2,0,2,0
577227,0,13536,382,0,110,101,0,0,0,0,0
8591,0,10,12,21,1,9,4,1,1,1,0
1125402,0,3,10,0,0,0,0,0,0,0,0
31336,0,103,35,0,3,31,1,2,5,2,5
88356,0,36,131,48,4,0,0,1,0,0,0
66751,0,0,8,15,1,0,2,0,0,1,0
145315,0,0,0,0,0,0,0,0,0,0,0
1129518,0,8,21,6,2,0,0,0,0,0,0
170798,0,413,385,77,18,0,0,0,0,0,0
1133846,0,0,0,0,0,0,0,0,1,0,0
188318,0,2602,357,169,13,66,0,1,0,3,0
82098,0,15639,546,392,128,29,1,2,0,0,0
503883,0,13092,421,1147,147,335,26,6,2,11,1
1133338,0,13648,406,0,150,161,0,0,9,0,0
187354,0,122,161,114,3,0,0,5,0,0,0
578845,0,12,209,35,1,0,2,0,0,0,0
12576,0,15872,714,4947,121,764,304,37,22,71,4
272345,0,15,12,0,2,5,0,0,1,0,0
106590,0,25,34,26,4,6,1,0,0,1,0
28957,0,122,277,324,8,0,0,5,0,0,0
1061127,0,421,77,0,1,0,0,0,0,0,0
1153816,0,34,244,32,3,0,0,1,0,0,0
228990,0,0,0,0,0,0,0,0,0,0,0
1153811,0,28,129,54,2,0,0,0,0,0,0
214472,0,12,11,12,3,0,0,0,0,0,0
231198,0,8,96,25,0,0,0,1,0,0,0
1129040,0,0,0,0,0,0,0,0,0,0,0
617575,0,0,0,0,0,0,0,0,0,0,0
630817,0,351,71,0,21,13,0,0,2,0,0
119712,0,0,43,0,0,0,0,0,0,0,0
128383,0,3,98,5,0,5,0,0,0,1,0
1112369,0,1,173,0,0,5,0,0,0,0,0
642641,0,1,11,0,1,0,0,0,0,0,0
574462,0,13651,410,0,52,122,0,0,8,0,0
148170,0,13537,428,168,50,149,0,1,0,0,0
82664,0,34,43,8,5,17,0,1,1,1,0
1136310,0,101,52,0,2,0,0,0,0,0,0
13717,0,36,136,72,4,0,0,0,0,0,0
39126,0,680,212,283,20,26,17,2,2,0,1
521207,0,107,91,133,7,5,4,3,0,0,0
39124,0,719,177,111,26,0,0,1,0,0,0
103529,0,19,23,17,3,1,1,0,0,0,0
103528,0,2,16,7,0,2,0,0,0,0,0
1102550,0,448,241,129,22,0,0,0,0,0,0
93273,0,2,26,3,1,0,0,1,0,0,0
1153101,0,62,207,30,2,0,0,3,0,0,0
1153106,0,5,12,0,1,0,0,0,0,0,0
617378,0,0,0,0,0,0,0,0,0,0,0
145134,0,344,141,33,6,30,0,0,0,0,0
55968,0,3664,469,463,67,4,3,22,1,0,0
608190,0,32,239,12,3,10,0,0,1,1,0
1112026,0,11,30,0,0,0,0,0,0,0,0
593091,0,13329,435,390,32,451,9,1,11,3,1
1123926,0,243,140,31,6,0,0,0,0,0,0
31932,0,62,82,47,6,6,2,1,1,1,0
1132416,0,0,1,0,0,0,0,0,0,0,0
6130,0,5,175,62,0,14,15,8,2,6,0
1131639,0,39,39,10,4,0,0,0,0,0,0
95642,0,9,36,6,1,1,1,0,0,0,0
81714,0,300,604,113,11,0,0,4,0,0,0
140569,0,4,75,0,1,3,0,0,0,0,0
1103394,0,136,141,0,3,51,0,0,0,0,4
75969,0,10,104,92,2,3,7,5,3,0,0
16476,0,16,53,37,0,0,0,0,0,0,0
191404,0,803,132,0,17,0,0,0,0,0,0
16471,0,10,104,36,0,2,1,0,0,0,0
16470,0,20,32,18,0,0,0,2,0,0,0
899119,0,1,9,0,0,1,0,0,1,0,0
396412,0,2021,212,240,18,74,2,2,2,1,0
17476,0,438,587,681,17,51,21,6,1,2,0
17477,0,79,204,17,11,0,0,0,0,0,0
51866,0,121,66,74,4,18,12,1,0,4,0
1104300,0,102,51,14,2,0,0,1,0,0,0
610529,0,0,0,0,0,0,0,0,0,0,0
593328,0,4,66,0,0,2,0,0,1,0,0
593329,0,16,96,18,2,2,1,0,1,0,0
231249,0,13539,429,166,147,152,0,2,2,0,0
1153031,0,15,26,0,0,0,0,0,0,0,0
63835,0,7,86,25,0,0,0,1,0,0,0
1138027,0,0,0,0,0,2,0,0,0,0,0
251756,0,18,62,15,1,8,0,0,0,0,0
286562,0,136,23,0,12,0,0,0,0,0,0
51049,0,100,77,30,5,29,4,0,1,2,1
2653,0,66,452,877,12,9,34,18,2,0,0
7430,0,6,16,20,0,8,3,6,0,3,0
64271,0,26,88,103,3,15,12,5,2,1,0
45599,0,13541,416,0,157,160,0,0,2,0,0
309476,0,217,96,0,5,24,0,0,2,0,0
1130780,0,33,19,3,2,9,0,0,3,1,0
1104031,0,4,39,0,0,0,0,0,0,0,0
128,0,3744,470,634,57,210,22,27,7,7,0
152483,0,202,532,80,20,12,1,2,1,0,0
1131550,0,1,16,0,1,3,0,0,0,0,0
1128256,0,524,135,33,0,0,0,0,0,0,0
734406,0,0,5,0,0,0,0,0,0,0,0
70281,0,9,36,7,0,0,0,0,0,0,0
54844,0,6,10,4,0,0,0,0,0,0,0
4878,0,90,38,0,1,3,0,0,0,0,0
248119,0,6,13,6,0,1,1,1,0,0,0
1110426,0,790,210,162,6,16,2,11,0,0,0
6311,0,306,165,215,0,8,6,7,0,1,0
63486,0,756,230,450,14,22,6,0,1,0,0
51045,0,111,59,18,0,31,1,0,1,2,1
1109208,0,0,2,0,1,0,0,0,0,0,0
6318,0,1,55,14,0,0,0,0,0,0,0
39165,0,30,126,98,3,14,14,0,0,5,0
714748,0,85,76,107,13,0,0,8,0,0,0
239810,0,12,15,0,3,6,0,0,0,0,0
1111304,0,3071,573,260,97,78,2,0,11,0,0
1131300,0,15,22,8,1,0,0,0,0,0,0
1131301,0,57,40,30,8,13,0,2,2,0,0
108974,0,22,52,57,5,3,1,1,1,0,0
193931,0,20,119,53,0,4,4,0,0,1,0
193932,0,4,42,15,1,7,1,1,0,1,0
101811,0,294,226,196,17,12,2,1,0,0,0
767763,0,1,4,1,0,7,0,0,0,2,1
1107674,0,204,492,30,23,19,0,12,14,1,0
10430,0,43,41,19,1,8,1,0,0,0,0
10435,0,299,218,291,6,45,20,2,0,0,4
143801,0,3,89,0,0,7,0,0,0,0,1
1153254,0,421,77,0,10,0,0,0,0,0,0
1112574,0,155,197,0,6,28,0,0,7,0,1
33013,0,213,150,50,7,18,0,0,0,0,0
1129494,0,0,0,0,0,0,0,0,0,0,0
112378,0,603,305,549,12,11,23,6,5,8,3
2665,0,36,343,1356,12,17,294,50,21,32,8
2663,0,6,10,4,0,0,0,0,0,0,0
102061,0,0,3,0,0,0,0,0,0,0,0
8961,0,0,11,1,0,0,0,0,0,0,0
1128369,0,46,33,0,0,7,0,0,2,0,0
341188,0,934,458,371,16,37,8,11,0,1,0
18619,0,90,246,161,9,8,2,1,1,0,0
1131163,0,0,0,0,0,0,0,0,0,0,0
1139195,0,0,1,0,1,0,0,0,0,0,0
84459,0,16,42,9,2,0,0,0,0,0,0
48764,0,8,19,3,1,0,0,2,0,0,0
1131167,0,83,38,11,5,0,0,4,0,0,0
1131164,0,1,15,0,0,0,0,0,0,0,0
1131165,0,38,42,0,5,0,0,0,0,0,0
48768,0,6,13,0,0,0,0,0,0,0,0
18615,0,931,281,388,12,52,13,6,0,3,0
95588,0,3,23,0,0,0,0,0,0,0,0
15889,0,15,54,75,3,9,19,1,0,2,1
578898,0,56,56,0,1,6,0,0,5,0,0
133628,0,0,0,0,0,0,0,0,0,0,0
683404,0,10,30,25,2,4,2,1,0,0,0
218682,0,8,32,5,0,10,0,0,0,1,0
1120019,0,0,0,0,0,0,0,0,0,0,0
18582,0,13605,465,188,145,65,1,2,0,0,0
1111230,0,2762,311,0,45,69,0,0,2,0,0
682666,0,78,154,85,5,6,0,2,2,0,0
137790,0,9,31,14,0,13,4,0,0,2,2
20180,0,21,58,32,2,1,2,4,2,0,0
126927,0,57,101,83,9,34,11,4,7,5,1
120084,0,2619,137,324,10,1,3,1,0,0,0
574264,0,13538,389,170,141,106,0,0,1,0,0
37483,0,418,149,191,4,19,4,0,3,0,0
33301,0,0,11,2,0,0,0,1,0,0,0
33303,0,12,23,17,0,6,0,1,0,1,0
1132948,0,577,59,26,14,28,0,9,9,1,0
1125393,0,3,21,12,0,0,0,0,0,0,0
137130,0,43,27,10,2,18,0,0,3,1,0
395075,0,44,240,31,0,17,0,1,1,3,0
29492,0,1940,186,418,16,3,16,1,0,1,0
71736,0,0,4,0,0,0,0,1,0,0,0
1119140,0,2621,306,159,19,0,0,1,0,0,0
11093,0,738,123,44,12,0,0,0,0,0,0
95586,0,20,57,41,3,0,0,3,0,0,0
8213,0,852,165,101,19,0,0,3,0,0,0
34355,0,856,102,43,11,37,0,0,2,1,0
184157,0,17,92,0,2,14,0,0,0,0,1
136665,0,777,165,0,11,33,0,0,1,0,0
1127430,0,13651,410,0,114,115,0,0,11,0,0
1105622,0,0,0,0,0,0,0,0,0,0,0
12960,0,7,22,15,0,4,2,0,0,0,0
48766,0,13457,589,400,147,243,0,2,6,0,0
672071,0,15,155,33,3,12,1,2,1,4,0
353541,0,2974,282,187,47,0,0,1,0,0,0
27514,0,11,250,4,2,0,0,1,0,0,0
1110438,0,806,151,170,11,0,0,2,0,0,0
1154173,0,0,0,0,0,0,0,0,0,0,0
256106,0,140,36,9,7,12,0,3,3,2,2
73323,0,12,42,7,2,0,0,0,0,0,0
1154176,0,13715,394,163,121,0,0,4,0,0,0
284023,0,4,91,17,1,4,5,0,0,2,0
1114502,0,35,282,75,2,0,0,0,0,0,0
284025,0,4,137,12,0,7,1,0,0,0,1
285687,0,1,8,0,0,0,0,0,0,0,0
851968,0,114,30,36,10,0,0,0,0,0,0
415693,0,13300,475,43,104,291,0,0,1,3,0
61312,0,0,4,0,0,0,0,0,0,0,0
440815,0,77,52,42,11,0,0,0,0,0,0
13960,0,3290,431,386,71,77,0,2,11,0,0
13966,0,5,126,0,0,0,0,0,0,0,0
1107355,0,2857,471,199,45,52,0,10,8,0,0
463,0,0,9,0,0,0,0,0,0,0,0
1124844,0,115,35,0,12,24,0,0,1,0,1
27631,0,2400,635,730,37,65,10,3,2,1,0
27632,0,61,71,7,1,8,0,4,0,1,0
174425,0,2,54,0,0,1,0,0,1,0,0
948147,0,481,86,33,6,0,0,0,0,0,0
1111052,0,3548,361,163,51,99,3,24,10,0,1
1105718,0,1973,335,73,10,50,1,0,0,0,0
11148,0,3,9,18,5,0,2,4,2,0,0
14429,0,0,0,0,0,0,10,0,0,14,7
72101,0,2000,174,131,6,0,0,0,0,0,0
643695,0,1,19,3,0,0,0,0,0,0,0
252725,0,0,0,0,0,0,0,0,0,0,0
8581,0,365,165,214,5,32,1,5,1,0,0
111676,0,1,4,0,0,0,0,0,0,0,0
1108570,0,0,0,0,0,0,0,0,0,0,0
1122704,0,376,54,29,29,0,0,0,0,0,0
74975,0,4,28,21,2,3,0,4,2,1,0
368605,0,55,24,7,7,14,0,0,0,1,0
656048,0,1,4,2,0,0,0,0,0,0,0
51180,0,155,146,76,13,69,3,0,3,5,3
160705,0,951,107,69,21,19,0,3,0,0,0
1119216,0,8,7,0,3,5,0,0,1,0,1
1103499,0,1,3,0,0,0,0,0,0,0,0
1119211,0,0,0,0,0,0,0,0,0,0,0
30895,0,945,561,773,21,41,20,16,4,4,0
1131258,0,5,36,13,3,0,0,0,0,0,0
50381,0,23,114,29,3,0,0,1,0,0,0
3187,0,41,94,60,5,4,3,2,1,0,0
35778,0,16,65,98,5,9,13,2,0,1,0
151430,0,429,126,68,10,0,0,1,0,0,0
1153860,0,80,409,22,5,10,1,2,2,0,0
1153866,0,264,95,0,1,19,0,0,2,0,0
593022,0,78,192,13,7,0,0,0,0,0,0
155738,0,1,76,4,2,0,1,2,1,0,0
576362,0,9,381,8,2,4,0,1,1,0,0
71904,0,3,61,0,3,2,0,0,2,0,0
1113995,0,2646,161,80,15,0,0,0,0,0,0
155736,0,199,57,20,6,11,0,1,0,1,0
6639,0,374,200,271,12,19,15,4,3,0,1
35797,0,790,559,883,13,5,42,1,3,5,0
40124,0,319,100,109,7,35,7,1,1,4,0
259701,0,13540,401,0,34,149,0,0,0,0,0
259702,0,13271,453,77,36,576,0,1,6,6,0
108963,0,5,22,4,1,7,0,0,0,1,0
1106388,0,467,169,177,14,20,0,4,2,0,0
9708,0,36,128,106,1,2,4,1,2,0,0
92065,0,2338,233,152,14,23,1,1,0,0,0
193347,0,1,4,4,0,4,1,2,1,2,2
32688,0,678,130,7,1,62,0,0,0,1,0
1102548,0,0,0,0,0,0,0,0,0,0,0
687401,0,2,9,0,1,0,0,0,0,0,0
55770,0,13,60,15,1,4,1,0,0,0,0
593068,0,12,34,0,2,0,0,0,0,0,0
100197,0,1941,200,144,16,33,0,0,0,0,0
1103016,0,0,4,2,0,0,0,0,0,0,0
593060,0,116,247,37,2,0,0,5,0,0,0
87482,0,54,9,26,2,24,2,5,0,5,2
593240,0,13720,421,905,162,0,0,2,0,0,0
60560,0,0,0,0,0,0,0,0,0,0,0
593248,0,3,186,0,4,0,0,0,0,0,0
228992,0,0,0,0,0,0,0,0,0,0,0
6125,0,287,280,434,12,33,22,6,1,1,0
62333,0,1,96,0,0,0,0,0,0,0,0
17208,0,2768,306,620,92,58,25,2,4,0,1
139547,0,71,33,15,4,9,1,2,1,0,0
632796,0,40,16,10,1,7,1,3,2,0,0
31927,0,115,38,92,9,32,16,2,2,4,2
577331,0,31,525,14,4,8,0,2,2,0,0
42848,0,1,49,3,0,0,0,0,0,0,0
78994,0,13,29,23,5,4,0,1,3,0,0
14062,0,21,1281,184,10,13,21,33,1,0,1
1132406,0,0,1,0,0,0,0,0,0,0,0
576691,0,277,698,100,18,29,2,8,2,1,0
288,0,39,75,25,0,0,0,0,0,0,0
144701,0,97,426,140,14,16,4,3,0,1,0
633031,0,0,0,0,0,0,0,0,0,0,0
633030,0,0,0,0,0,0,0,0,0,0,0
1134056,0,0,0,0,0,0,0,0,0,0,0
220420,0,1,170,0,0,0,0,0,0,0,0
16461,0,2000,174,133,16,0,0,0,0,0,0
688824,0,0,0,0,0,0,0,0,0,0,0
325314,0,0,29,0,0,0,0,0,0,0,0
1109439,0,763,139,85,9,9,1,2,0,0,0
1106418,0,221,63,76,6,0,0,0,0,0,0
1153003,0,61,34,44,6,9,2,0,1,0,0
595157,0,94,418,15,5,0,0,1,0,0,0
51879,0,9,52,23,4,3,2,1,1,0,0
4649,0,142,275,216,8,24,10,0,1,0,2
1133047,0,37,207,0,1,0,0,0,0,0,0
1105877,0,0,0,0,0,0,0,0,0,0,0
116790,0,145,136,88,2,22,3,0,1,2,0
4637,0,4,45,5,2,0,0,0,0,0,0
135130,0,13703,519,706,152,166,3,17,6,6,0
164,0,174,192,91,14,30,2,4,4,3,0
49753,0,0,0,0,0,0,0,0,0,0,0
1105394,0,764,132,0,16,20,0,0,0,0,0
593209,0,5,16,0,1,0,0,0,0,0,0
270456,0,0,29,3,0,0,0,0,0,0,0
45212,0,8,167,27,1,0,0,0,0,0,0
233106,0,0,1,1,0,0,0,0,0,0,0
1109891,0,31,92,27,0,0,0,0,0,0,0
114,0,134,1809,4678,48,62,424,266,11,9,0
117,0,434,915,1164,37,50,34,28,3,3,0
444240,0,588,385,65,10,5,0,0,0,0,0
1109542,0,33,35,0,1,0,0,0,0,0,0
79809,0,415,164,491,17,3,16,5,1,0,0
1152307,0,145,95,42,7,0,0,9,0,0,0
117316,0,164,614,81,17,2,2,5,0,0,0
4804,0,409,296,1200,37,55,54,16,9,16,1
91975,0,3404,419,296,66,213,2,18,5,6,0
33904,0,13390,462,354,25,308,5,5,0,2,0
1152308,0,21,76,9,3,4,0,0,0,1,0
12158,0,173,133,83,14,34,8,5,3,7,2
578347,0,391,81,34,27,61,0,2,2,5,3
12155,0,22,41,9,2,0,0,0,0,0,0
35854,0,141,91,18,6,0,0,0,0,0,0
714879,0,22,30,5,0,8,0,0,0,1,0
1130539,0,43,307,99,9,0,0,2,0,0,0
1131374,0,38,365,13,3,3,0,3,3,0,0
131317,0,5,15,0,0,0,0,0,0,0,0
7272,0,6,220,17,2,7,1,1,2,0,1
38537,0,42,43,85,5,5,1,1,0,0,0
22869,0,11,29,6,2,0,0,1,0,0,0
1153262,0,158,190,101,18,0,0,2,0,0,0
7276,0,2994,188,292,10,80,2,10,2,5,1
1153264,0,118,60,18,1,0,0,2,0,0,0
976284,0,208,150,110,0,39,5,2,1,2,1
56167,0,14,92,72,1,4,13,0,0,1,0
1133469,0,12,170,0,2,0,0,0,0,0,0
5086,0,111,117,316,7,42,36,1,5,7,3
644470,0,5,32,7,0,3,0,0,1,0,0
90655,0,40,18,0,9,11,0,0,2,0,4
636098,0,1234,293,107,10,22,1,3,1,0,0
210309,0,141,99,19,6,0,0,0,0,0,0
1129243,0,2840,312,98,5,66,1,1,2,0,0
628766,0,26,4,0,2,0,0,0,0,0,0
15892,0,9,12,7,4,3,0,0,0,0,0
628764,0,22,35,11,0,6,0,0,1,0,0
582511,0,24,22,10,0,5,0,0,0,1,0
1131198,0,3,189,0,1,2,0,0,0,0,0
1131195,0,0,0,0,0,0,0,0,0,0,0
601462,0,0,22,2,0,0,0,0,0,0,0
1131192,0,3,17,0,0,0,0,0,0,0,0
552469,0,697,225,45,9,0,0,3,0,0,0
34961,0,11,98,23,1,7,0,0,2,1,0
1131752,0,13536,382,0,156,101,0,0,0,0,0
58268,0,18,11,21,3,1,2,1,0,1,0
1131754,0,0,0,0,0,0,0,0,0,0,0
1121659,0,42,51,0,2,0,0,0,0,0,0
129045,0,14,22,20,3,2,2,1,0,1,0
575331,0,13701,394,167,125,0,0,0,0,0,0
1104449,0,1096,176,134,23,0,0,0,0,0,0
1120020,0,3149,366,77,54,57,0,0,5,1,0
129042,0,7,26,14,0,2,2,1,0,1,0
1132887,0,19,19,0,2,0,0,0,0,0,0
3217,0,28,203,72,1,0,0,1,0,0,0
112099,0,5,27,0,1,0,0,0,0,0,0
3218,0,63,312,677,15,0,0,15,0,0,0
714260,0,28,62,36,5,13,1,4,2,1,0
36145,0,9,127,86,1,5,2,3,1,1,0
8821,0,513,136,97,20,29,2,0,0,1,0
36140,0,249,352,589,20,37,26,7,0,4,0
1113182,0,2732,303,12,56,70,0,1,1,1,0
648106,0,0,0,1,0,0,0,0,0,1,0
1128536,0,583,113,35,14,0,0,3,0,0,0
346292,0,36,44,22,2,2,1,0,1,0,0
1128531,0,242,95,0,9,31,0,0,1,0,1
97892,0,967,439,184,27,14,2,2,0,0,0
39210,0,24,71,21,0,8,0,0,0,1,0
1132083,0,41,14,11,15,4,0,2,1,0,0
248823,0,5,32,5,0,0,0,0,0,0,0
1114352,0,3353,265,341,23,0,0,2,0,0,0
1123493,0,0,0,0,0,0,0,0,0,0,0
964248,0,27,81,26,2,0,0,1,0,0,0
307336,0,56,44,52,3,0,0,0,0,0,0
17811,0,20,71,7,1,0,0,0,0,0,0
62274,0,104,101,57,2,3,2,1,0,0,0
1120731,0,55,560,65,8,5,0,7,2,0,0
1136631,0,5,3,0,0,2,0,0,2,0,0
672064,0,2890,301,179,37,0,0,2,0,0,0
1481,0,35,299,550,11,4,8,4,0,0,0
1136634,0,6,2,0,3,0,0,0,0,0,0
178209,0,10,135,51,5,12,6,1,2,4,2
1118083,0,170,76,28,11,3,1,1,1,0,0
137873,0,843,167,111,8,0,0,2,0,0,0
621555,0,0,0,0,0,0,0,0,0,0,0
112787,0,2,21,6,1,0,0,0,0,0,0
397488,0,4,10,2,0,3,0,1,1,1,0
1114512,0,421,87,62,1,2,1,0,0,0,0
591016,0,917,213,151,0,32,2,4,1,1,0
591017,0,413,171,122,2,35,5,0,0,2,0
1107067,0,715,203,102,11,76,0,0,16,0,2
1107062,0,20,235,17,2,0,0,3,0,0,0
815096,0,26,171,10,0,0,0,0,0,0,0
756061,0,3,14,8,0,0,0,3,0,0,0
1110028,0,9,31,0,3,3,0,0,1,0,0
27623,0,11,145,92,1,12,6,11,5,1,0
1110520,0,848,110,0,13,23,0,0,0,0,0
27627,0,380,143,395,13,17,18,12,8,0,0
578309,0,441,90,104,26,28,5,16,5,0,1
6941,0,114,155,62,0,5,1,3,2,0,0
103430,0,0,5,2,0,0,0,0,0,0,0
1127558,0,1,6,2,0,0,0,1,0,0,0
608292,0,41,230,9,1,11,0,1,2,1,0
24530,0,6,27,0,0,0,0,0,0,0,0
1127551,0,0,5,0,1,0,0,0,0,0,0
40,0,22,399,38,4,0,0,1,0,0,0
642798,0,66,28,29,4,0,0,0,0,0,0
1119295,0,527,114,95,2,0,0,0,0,0,0
47570,0,44,40,13,1,0,0,0,0,0,0
1121739,0,0,63,0,0,0,0,0,0,0,0
1153786,0,0,16,0,2,0,0,0,0,0,0
13654,0,2,18,31,1,2,7,3,2,1,0
502574,0,135,65,0,0,15,0,0,1,0,0
529165,0,0,0,0,0,0,0,0,0,0,0
31353,0,11,119,361,7,12,132,6,2,7,10
164885,0,0,7,0,0,2,0,0,0,0,0
27199,0,4,22,19,0,3,0,0,0,0,0
312409,0,0,1,0,0,0,0,0,0,0,0
66990,0,490,173,380,5,3,1,6,1,0,0
12558,0,0,167,0,0,0,0,0,0,0,0
1717,0,758,151,386,6,91,2,4,3,1,1
1116268,0,239,146,148,9,1,3,2,1,0,0
238401,0,3,205,0,0,0,0,0,0,0,0
444191,0,2049,180,234,33,0,0,0,0,0,0
15076,0,33,80,51,3,0,0,0,0,0,0
180187,0,21,19,10,5,0,0,0,0,0,0
170338,0,86,99,47,6,0,0,0,0,0,0
1153879,0,224,36,0,0,0,0,0,0,0,0
1365,0,76,1756,8730,23,13,798,153,13,6,1
604073,0,0,0,0,0,0,0,0,0,0,0
3192,0,82,101,174,4,69,28,3,1,28,5
3191,0,170,192,728,13,53,109,5,1,29,5
1132418,0,2042,232,232,12,0,0,0,0,0,0
1153877,0,224,36,0,0,0,0,0,0,0,0
650814,0,1,16,0,1,3,0,0,0,0,0
28202,0,2843,340,439,81,55,4,4,7,1,0
