180167,6070.42600445
61519,839.581931334
19713,1001.33044354
61513,3476.61954951
22461,925.183906199
180169,4525.69289819
4448,0.0
177795,1180.7875562
13733,0.530907360533
165284,28730.6284861
111537,3077.21418861
111534,57.9596098412
28998,186.644002258
166555,4199.95394307
4029,9556.51283283
177227,3850.79771644
177225,6658.6670618
177224,200.174016248
60914,325.623477158
19398,381.101924944
64356,6813.86905122
161071,651.538622446
5987,697.213112024
132644,4456.44468982
177228,3257.60395216
61179,81.4773009133
24710,197.623358317
19159,1698.68351838
160891,147.656216686
160892,49.2222937175
160893,0.0
180562,10030.8187088
19402,673.35906778
127475,3454.34812262
19152,1962.67093708
16671,557.409267238
65270,1802.17231192
277918,8297.02133178
16679,83.4105906099
150179,9267.54411314
183850,801.703964552
165914,162.858506951
142814,3894.91233996
22008,6012.27997699
149337,915.59763539
61192,0.0
142811,5295.59035709
142812,0.160260318529
6158,3754.00249687
12708,2925.64829302
164086,15012.537548
13602,460.356308064
4737,1713.35606849
15350,17071.1853042
6791,909.16867514
118126,164.809590145
118125,947.159263825
2312,630.93884014
118121,356.925324699
177313,10820.9398136
25665,14890.0260759
177640,11323.1898872
177315,698.495877397
177314,4170.01472862
165358,3841.6072463
140541,19955.4771567
166485,4326.95856875
23220,1278.21576657
63739,67.368034668
180658,3333.15703742
161853,1009.69067869
25283,18953.3375242
22717,11226.0157344
184064,6533.34442362
138743,22462.5092099
25119,1191.7755447
16705,968.163614804
179957,2446.18253076
65474,3272.400878
25110,2666.69504052
184149,12.9007683236
166733,1478.29498867
7993,863.009098801
140897,1749.28643868
10917,516.112110437
141236,199.590390455
7991,5115.39454816
111532,2532.58910766
63930,1469.9258996
2269,4122.06035833
63936,283.399551645
116787,20581.0211404
19570,1023.68799777
7881,11161.8330037
63938,7204.21265881
7882,11351.6060856
162254,3782.57113212
20747,1813.92634701
124599,2417.11438248
17035,2130.41890418
2444,1132.61563851
139804,4116.63055139
2448,5862.62477184
63847,1897.7918881
7866,2016.93564749
184994,2582.93550797
176066,17442.4618433
23697,105769.929464
176068,744.713357809
24888,19472.0308395
140982,0.0
8092,3305.73107283
138608,922.260136676
2044,605.554987583
146659,1491.18890081
138601,458.47610386
148414,749.640641973
197855,603.469612657
163036,6760.159656
148410,1591.91329504
185661,1415.13423702
6379,2433.58499739
26021,4518.168375
124355,1202.54733435
166028,413.101624942
6370,1968.75470989
11124,2941.8790475
12123,237477.79707
124358,408.934758335
12124,9252.60044856
10631,5141.56900221
176782,178.863726418
10411,1970.81667057
10005,0.0
162742,52.3998888147
11944,2983.19099666
133346,123.391853604
63447,2819.19640201
175465,36735.2905955
10382,37.3307815
121142,2979.73414375
160256,10391.2319131
63543,2078.66643609
160255,41167.0731364
63448,0.0
135965,4336.29708517
16926,4748.4920801
162560,2766.45314574
8947,14897.2843248
164416,0.0
160376,23768.3452731
157074,3962.98672727
7260,2641.15994936
12234,33892.1008598
63596,358.676638363
12236,111.574994856
125531,834.391471592
12233,8861.89890132
139025,418.271642049
180958,123.237220981
146017,0.0
14624,6238.50289875
62646,261.684230918
175688,47.0722802298
14622,201.551511606
14623,13490.5757178
148224,3901.77655177
3851,16.3762181177
66300,1040.45124421
152049,276.018026529
10567,0.0
10565,644.295183948
125240,6794.27231517
110529,6858.63536055
176268,4134.84195121
24157,8577.39416577
177983,8158.14797451
1995,9025.77682499
10096,1318.40299144
30416,215.451971273
175269,12303.1680466
178327,155.425114581
182112,1021.5488147
163610,1355.94359636
8838,1094.98654824
138466,914.537671259
138467,3398.91741255
147303,13661.5290535
147307,71.7153752011
147305,729.829366771
8832,0.0
25062,18878.60297
164342,5856.57169912
30328,6386.22421904
138861,528.322471501
29962,1217.46558084
147750,93.9067376577
30637,2126.76278708
29964,762.681343656
28564,8043.13721299
61205,3432.67585229
62088,2548.70301028
12942,1111.95492242
24232,3466.91582269
24233,6397.47359826
24234,17338.3014211
12945,3719.434049
62243,1052.9024035
183228,8067.00943008
62245,3065.50134593
183224,6263.76964541
175087,410.671507313
157493,63.5417859543
175083,442.516822095
13189,2671.12100501
137641,704.682229532
137642,10814.4457804
175319,7.6482375502
135788,1335.51068511
30259,18837.988484
175646,680.293217269
156383,2509.05822544
156384,3206.0831248
29762,183.674913394
1177,2732.85014887
25069,183.703592308
1173,486.680531174
30740,45859.8236593
157921,4.68405230573
13940,997.00397873
65376,63.1738438782
160415,54.5985147661
31122,776.424955796
31692,2030.52602454
23500,8518.39108495
160719,300.683795684
5530,20373.4437325
185618,5473.10374099
5539,13.5416461494
162925,385.9977513
147453,873.713334453
22861,40579.6073048
151708,1655.38285201
10332,48025.4283384
11169,4.17457405228
145367,1223.96923812
11161,671.793380565
14403,6947.89309612
29108,15842.5414577
178453,3417.20065397
175995,1680.90232029
8762,9400.41014047
66610,3499.32497574
7183,18578.7195102
7185,11228.9047656
7186,1353.63879776
66161,1061.72788099
8387,5598.9668648
8386,95.2934962248
61693,502.278041933
185269,2711.85400517
127644,782.538640714
13839,504.149366894
184392,2060.95874129
8549,3843.45041825
8017,14001.0010962
65884,7214.54019691
23616,4172.31690764
65886,1863.75990026
8542,1183.37069947
6573,250.567664246
139225,2462.87889821
6574,3286.87712118
162699,5627.74388942
180193,410.522554223
61745,760.209453578
27760,0.0
28180,14.8224410272
130762,1107.60053426
66504,2654.06894425
144435,2851.90954828
7696,1592.78229856
143357,2048.3966735
28749,12656.7091866
111940,7070.86024581
126600,194.791646761
28216,271.217412336
28742,2871.31128569
25946,50.6008170497
3835,14617.5519585
63866,3980.03466844
8807,261.130747045
4973,784.37484591
10884,2008.74046191
155394,2401.47868309
155393,3571.29367083
4036,11350.2413787
1228,0.0
60902,9954.86051385
60900,6935.8042586
177256,0.0
177257,2746.47273888
177255,3915.69865532
161040,1436.09220118
18732,2953.81128228
184442,8288.23664068
11371,118.169888709
11372,0.0
160448,579.38418216
24708,3182.23680328
141178,15209.7954849
7525,58658.1899654
6532,2196.49458873
160888,101.477915557
25056,2903.59930727
16668,1146.1794674
25726,3684.46001681
12711,593.93168215
141339,2014.86895772
12719,8.6038946558
184500,340.349953396
6781,12031.5375391
64708,4529.76448808
15417,59667.7399771
23877,28050.1067924
13619,30570.2286287
6788,4613.91728628
164432,433.927804786
185006,15816.5111782
4723,9279.35941449
65643,1599.89263352
65640,46064.8913473
120048,26801.1624043
177674,0.594728361495
177677,2786.52378311
4340,4314.32264774
19305,1981.68692387
165832,1022.73756469
3203,70.4069721357
21118,447.156380681
65872,3316.36889414
177108,1059.56119746
177109,8.46190832026
148313,1100.8830948
16716,1449.91736873
25430,26522.384351
16714,1693.38399255
25434,21108.3098627
16710,8196.60291264
25124,96652.2284232
29264,2472.39958217
2271,417.328638166
2270,1395.06582294
65971,4289.55432843
120134,18753.0522373
120359,12133.5348645
63907,19120.5596009
166230,879.550507416
9248,1507.46853002
162732,439.136164492
11017,1942.60796831
63057,4511.19408473
9538,2329.3038471
141846,2298.91710201
113093,5227.55418442
9242,1050.00390183
174393,610.29038797
64028,14034.2296667
153128,1696.13572755
65515,1000.87145694
138613,9258.20090636
11012,43763.3352108
13289,7869.19587867
13288,4086.46282539
17534,6129.05264164
24890,18.7735056017
12403,24491.4940488
158414,801.677655619
29433,607.127584302
2052,82.3555234054
146648,18568.8361521
4826,2848.08423812
113140,2552.05521137
13440,1462.43907984
13443,13436.5913846
7982,9467.64886592
64930,855.392210418
26038,5615.35391466
7985,28411.6394484
64934,575.640532156
26037,245.458446371
24096,52.8568910212
10156,649.288660484
10405,36808.8515754
62472,18588.271457
10407,18742.5688945
4740,1631.18810931
8599,235.827185981
24099,5624.29244114
161852,2575.03631063
10390,661.366852915
64334,546.381845423
124434,5173.21304871
147849,21022.7339433
27965,635.529638972
179298,1039.88123234
63479,234.526645411
27960,779.981895439
149683,21.177424248
126136,38595.1780997
1979,3882.56515217
14898,417.864843391
176670,7441.70553135
18844,2193.6408917
150477,342.783980064
14891,5252.85968971
164404,8458.0
3594,3479.43157747
6216,3498.24900978
63874,8806.37433675
176479,907.957741839
148531,411.680706002
15708,843.013889102
14650,5162.23813249
176999,5127.31207725
62654,1070.90330803
62655,0.0
179621,26481.1486638
61996,2040.79411462
62895,2030.64039738
3231,2766.88529081
1968,488.61327689
164572,682.598588141
1618,0.0
3238,2747.26194537
175523,1024.90046945
21429,2890.06702555
61398,34199.7561368
179534,19365.0299655
165856,3473.83883074
12956,7176.59981444
2870,3750.87405605
12950,3803.15215175
119217,3019.50516535
142748,361.644407409
13782,34.3538930885
160661,5641.58498599
27816,595.804192099
160667,531.738705154
27810,2158.67620406
7883,1151.11090809
122394,14565.912008
160668,4025.68734639
3358,22050.5577663
164756,49508.0910879
164755,1128.41626464
174236,8268.32247349
7067,40187.9172235
5442,0.0
7065,12652.7705878
7063,8617.81241888
11842,6368.16131614
264507,503.453411849
147204,2124.99200181
30539,1436.60016662
147208,4144.47266999
29804,756.45240071
64997,126.465028428
264509,818.537960783
184321,2093.94408772
12482,80.0158206438
12485,4112.47472967
15459,2101.51910834
2061,8353.18643932
132482,1837.48127269
8151,1839.54075124
178868,2405.4889472
179841,37492.7790787
179843,952.590463765
184057,8260.87670873
178862,14054.4005681
178863,2630.39828108
178865,5513.79575267
178866,805.240062828
24396,317.564407217
1545,3322.9881871
176833,3833.55500465
11115,794.863551922
14477,3522.12416055
183528,1411.58946242
66379,4104.39045795
166639,1529.98388964
8716,2734.89035994
8717,50903.4218416
66371,2387.99697748
148950,740.937118811
31751,5394.44384842
31752,720.765547983
109186,2389.44513501
31576,1251.15832387
165855,1632.00074455
66155,1637.65875098
30222,1755.39013252
127383,0.0
66158,1030.66414018
183700,4034.79019207
8539,349.654321271
27776,6453.85537292
160471,1503.63566253
12828,11079.9348533
160474,11363.8646819
12824,2211.05527934
12825,2692.9276048
160479,8450.85756214
12821,1299.76518029
15291,1091.90815066
133825,783.244808398
61759,5356.9995467
66085,3182.41463532
14503,4742.55004651
144640,3566.85758456
6565,680.326353763
105670,1491.35987987
28206,877.743896758
29607,2006.57542389
7685,255.175137613
7682,1107.58327053
28733,4461.38255615
1380,275.93828541
1382,179.644808624
29609,423.821244377
9155,22472.5674291
160989,1527.63401219
3820,295.242329976
10420,2772.03055884
119173,8599.86346464
161056,1340.11092822
8446,3097.35841745
8440,4703.9985323
179686,24489.5714745
109079,69.167658304
11566,164.60689033
144356,4204.80161205
13990,4898.70844952
9258,1275.0532351
160505,81.9767329383
115876,2203.95288832
160503,135.225558129
60931,4314.90712102
11361,1439.68560749
61350,2030.39054452
66798,1248.80099719
62516,45.6859674417
126496,5439.43911714
129840,19.5088242639
28648,3216.68982101
21232,6586.18397595
65218,3383.79971665
9899,2259.42496619
19355,177.160661765
19605,82.0024111391
25737,2255.78105467
10187,817.279528542
16650,1711.22303104
114698,4125.35848619
65180,2.01242548011
24005,5000.29896558
179438,946.022674293
184514,23756.0286141
4759,18.1948728464
64857,738.014108329
64850,1835.29809656
64851,9264.10382476
64853,6638.13050703
6774,9531.90255787
10984,3793.40784297
140529,82.5570541542
10981,2226.84563209
10983,17263.4976768
5870,321.947402348
117902,645.510339308
65676,3559.67698617
60801,15526.5396963
11291,19257.159145
11296,305.014714083
9969,824.397514698
65671,1424.82680672
25236,3531.38125565
177111,3693.41252794
177110,12685.2895988
177112,648.65014241
9466,3670.38559338
154056,1349.9208512
16401,94.9067740121
25138,3.4638019369
64103,5626.45897168
65459,5008.15176684
158563,548.025967443
4632,2072.32254267
120093,5412.3528639
13526,14376.9525932
260779,3928.9633992
19911,1808.77992137
16721,3192.66819901
162233,0.0
149268,3238.13626484
64584,1680.67729618
11748,1571.91021604
64199,717.886586795
178201,7020.97995668
165934,2944.56204127
63919,50769.1306271
165244,37249.0173013
161909,3389.8566599
28195,277.359572621
11580,9122.16805324
16929,937.301259912
166593,2913.37524547
25312,273.447830112
161903,0.0
65630,5838.21442104
141859,5348.12452687
6008,5499.79563182
138662,15075.4589585
121382,16.0890078843
65521,7214.54727487
65527,72634.338852
16832,483.036141145
260893,685.304086235
63687,6296.70713287
153130,196.301191579
64030,3620.9581174
4839,127.388950739
6357,434.836543151
16790,1466.84767883
141459,313.981435586
162585,913.354788401
4523,2455.78673628
13453,18047.5548994
6194,1914.40187471
6196,6086.69076837
64929,1606.1322862
162349,226.513271755
162346,286.609140652
64925,1746.56947739
11636,13698.8642682
140983,603.926984875
26045,355.046308198
4818,3973.78901145
9346,21507.0898022
9611,18755.8386189
6742,11464.3270378
9619,7.48895718514
13184,3609.45978738
64327,38.163991284
3532,2760.97591165
63468,65.8268971298
22817,0.0
22815,460.544154175
10364,132.269169851
160272,16258.7943452
63467,686.344912842
5050,6130.66195551
20653,2820.59639031
63462,3942.28370878
151928,14973.9246229
9411,32061.4281233
7203,2972.14653371
116104,4681.58963816
7205,6840.56504579
12212,2342.99368103
63863,4158.85973293
12216,8845.52054537
12215,12312.0196001
165845,1435.21530677
162160,566.312655838
181904,14783.3556403
160183,93.0679742581
160181,54.395415201
18549,3220.99777052
178015,815.537862733
64901,0.548287640547
264708,7620.10564808
4476,15597.8353516
116503,2184.22999421
9761,5620.61315175
14084,2074.28546899
148390,324.206211897
62317,3066.13371293
122015,2540.82982398
10504,280.170514079
62313,6847.51079617
13071,2852.84871976
24171,3896.20910869
164506,4264.80725153
179299,14620.1665238
7331,1847.79600082
5518,955.984132821
1976,1610.58192808
3226,3536.18291004
3221,8219.93387656
176229,1252.14747294
175533,1025.21582782
6375,775.162081201
147988,9.6182017479
8858,10114.1656833
2163,734.303820722
179058,250.746035613
4001,767.984145541
138402,3656.87557631
133328,16152.631663
8850,221.408239003
21542,5368.28034506
30185,32.0122780253
123720,1878.08800227
12926,25234.0196784
178676,8755.80674442
12250,6038.93678729
30188,1040.0026451
5475,677.950257156
14269,0.0
10213,1.2358003601
156633,103.429728521
30298,10927.9753045
149477,7599.30537909
1773,183604.715994
61153,558.301801868
62221,48.1664787995
129438,1236.87023104
178973,242.337983922
112111,52.3155013577
112112,2924.68878349
24731,6580.13152338
8148,2647.32648742
12544,6652.11538648
28349,2339.70972441
6994,1420.42402993
6995,343.951094336
184281,5627.53693915
61407,88.0161786035
184287,11374.7955274
61418,4230.0
30293,9978.97533925
18364,0.0
178081,619.154830808
2807,6736.85963556
24547,8718.79646183
19428,769.931065429
184046,10069.4157779
15111,4229.68230834
184040,299.996143151
162906,47.8266156018
162907,8157.09983295
29127,6493.65547306
64223,2096.05064357
66366,12800.7013002
1554,54.0575411293
183554,10529.4055939
183555,1162.5804425
28340,2130.43300494
2991,3688.18609347
3036,14647.0253644
66368,4.98909411158
3031,2209.70380181
29129,137.329439731
31587,2026.60835613
174118,974.086043498
29900,7622.26246383
30614,0.0
30612,5745.01784912
31748,12213.6965564
31744,8738.29446012
31214,1.85836693835
31743,23602.4289498
30618,5.94018538144
178704,8623.56884372
31564,3059.22003653
66148,190.593200204
126718,1015.1890609
178703,1429.0416533
65706,38326.5282352
163983,4160.08457003
111491,7708.97304056
27997,288.489279467
163987,1302.77608493
144567,2102.25666329
25896,34444.1089084
9999,8830.45480393
17724,2780.71413604
12589,1288.64036896
5606,504.688663336
5600,1755.56212582
178493,8566.34241282
178492,313.745120521
12850,1685.2254192
12581,22959.620934
28347,2395.58118784
12855,79.284575071
5608,2232.34856446
29901,0.0
11035,0.0
11032,3801.89109837
174119,2539.81753742
66098,591.23711047
15092,2968.72858193
151161,116.661834641
15027,276.850292306
161120,3818.54888053
111961,0.0
105538,66.495957624
111965,2712.2589045
29634,561.373962638
1397,511.502787397
151364,8799.19975229
9325,599.308579275
1974,5284.78288976
183606,3845.53594928
3813,13300.453317
127282,10321.9511084
3622,5036.97871471
22650,4796.49524788
183603,1830.58314736
3814,22228.2960222
160991,23811.0643755
110566,447.460732011
180150,373.280526836
8457,316.430176048
23252,762.788291531
8455,1378.8276225
109084,1.23830295941
30964,9.24410150002
15337,64.0250214
13988,22539.7287411
176701,15.8027961882
184263,6548.22798618
165742,5453.41472877
13200,4554.44996225
12459,9076.97173342
165746,0.0
178848,70.7435840462
174115,9154.58782459
61321,3801.27921721
7549,49.5832946886
61325,6302.40182695
31368,2560.20866561
175055,7101.96942364
31567,32.3570004054
16641,8725.89816121
164411,4311.01881661
31242,2369.77683391
154595,303.271961843
130305,159.374159233
8031,626.064330288
112254,13069.9923602
8030,3375.81878937
64821,1518.35009209
31560,1106.97390306
166458,5000.09839963
6768,229.912273923
23810,233.586259473
114421,2062.79465004
10991,9666.20534379
24617,12203.7354035
24610,958.479259644
118795,1032.74636604
180395,0.0
150562,200.637200361
25633,121060.847446
25632,2934.86368827
5862,3355.02164372
25140,3756.15155007
65444,1958.48271423
177125,546.365682111
177127,42831.1721741
64132,73.7819846153
64130,4270.49564192
124634,1731.69350617
64135,384.520907592
184676,2586.76931037
22729,0.0
4608,3805.39049787
2184,12393.7901368
4605,14848.0866043
19907,3160.31276793
25389,5799.09177888
13510,30018.5797598
177872,8934.85069652
184961,505.718624793
158354,25.7207280376
178494,0.0
8579,2096.63970833
163921,19198.314911
177871,3274.46626279
153728,1068.53904137
165924,24.7432777127
137611,6077.63690784
64626,2829.84221598
166213,3052.15914721
121974,1068.16639458
6130,9143.13521222
254399,3290.03307302
64554,2638.34119776
124254,2878.29231092
64004,5473.12485323
65406,18360.9306547
64550,0.0
64552,527.030412378
161897,11405.2641999
6900,1112.39840622
2436,4154.69576692
2435,20043.7906484
16821,4996.61711342
116772,1700.09167035
185654,1249.81717972
16824,981.598872347
3761,1299.21771631
65532,6560.4305198
61811,1133.5278846
179186,3343.09823386
61815,1248.10534504
6346,45.4240543715
4510,7324.63695645
62640,601.878397851
141460,2591.47667704
4517,658.929834639
184700,1061.77273728
11649,18.0770992663
6185,9.57600845525
119493,9323.24193709
17197,360.237828502
162354,8594.89778298
17195,227.857266183
2504,5049.6457214
11644,1437.82812049
141913,1287.01232915
162576,194.691471961
9355,24.6303797113
9359,9883.98228413
5284,518.568356832
25964,6615.92883668
165993,20803.22146
22829,17135.1955385
21241,43.7847850661
5047,0.0
212340,905.127199789
10374,8133.45986601
63415,80.8644491591
63417,4969.48515111
63789,704.895395319
140565,280.853244215
3785,16.0718164326
63781,1435.1725082
16910,68.2792733039
163772,268.185669784
30666,0.0
6239,5869.01306312
10777,1271.04020659
4990,45584.577065
63895,23130.3172255
12206,3136.08108004
141001,185.985922536
162175,2492.43706891
61608,332.426886399
63892,37399.5789928
125274,9946.9876366
164680,2423.95012239
63527,18087.1944988
10519,2250.37259365
9778,1335.582795
140904,2611.14625532
9774,24.5619987588
9777,2310.85161933
29353,3511.58847493
9771,0.0
121759,12052.0941573
164510,2307.2564991
8864,8375.57682538
179288,8188.82327935
9289,1046.88955306
176235,5331.54987242
182383,840.426382087
9284,4391.25694272
176239,569.085637011
175503,354.791752966
63099,742.20666914
19150,789.188993895
11910,835.6640828
162770,3825.91999694
146119,3371.04521708
11914,414.844472343
146114,8741.51717638
64061,2501.73253701
65703,736.788111844
2859,2737.70468151
264418,2707.95704175
264414,769.963297753
264416,68.1936649482
175263,3.96995721144
133246,300.427125507
14219,3631.95519946
3336,9197.19072929
10200,80.3554482651
108693,189.874750019
160684,3325.565429
16478,3331.88190632
175342,567.049772949
29755,602.030063054
10195,4231.65567374
1704,10753.9953563
29751,541.287398369
10190,4871.57485636
116894,3505.8765739
174744,788.614345611
14182,1487.32030092
62236,2571.9744235
10198,2432.38129675
14186,7674.59986973
15855,1297.16472783
112101,1075.22428368
29282,1764.40867363
184885,884.569744544
176523,1738.94839405
174637,1828.58039646
178803,211.489788287
178806,1506.88474232
146607,350.68225132
30990,5658.181096
1121,16339.2779653
8606,22042.329291
8605,6836.16810894
14324,5838.93347611
106404,1765.78462629
25880,1476.89207793
25882,421.823993951
4579,2747.10198352
15106,10855.8243527
160912,415.332174965
30281,3413.87536695
15101,40168.6034426
29131,7101.66702986
66313,1490.34904489
29133,12766.3326386
24379,280.011895953
24378,1372.52805325
3028,1031.49214548
3650,2093.53351965
3024,3128.44524436
2986,617.167210413
157354,1011.9627378
29910,5435.40886236
137230,918.945863918
137943,706.712423044
30354,34450.289263
160990,16961.0887426
8734,16669.4121915
183388,3447.37292778
31775,309.963906731
175983,274.871541535
1234,159.323940505
2080,5390.5244149
30778,44.5578599588
8515,3239.7649269
1230,6651.75642221
65413,11593.3527433
4199,17805.1518996
126721,4984.13613758
4194,946.358527513
12598,6514.3596434
4193,1301.37167932
175966,2920.14973194
5671,10469.9469871
137874,1704.84406162
12840,2257.74911736
4351,5858.39145651
4352,18492.3605033
28717,110.866537
23253,1603.1510336
6509,1634.05592513
28712,405.948759887
31489,6810.4738483
31488,6940.33466822
145979,4466.54433398
31170,31836.0732288
174567,1732.42416951
148170,490.544112346
163596,2220.03654551
23062,138.798860981
139665,712.080568723
111976,160.880238636
24283,574.709368639
180363,991.111351151
29621,3014.65504062
24287,6905.29930364
163887,3722.32808767
61028,889.386019912
183612,7585.59897647
62797,1547.16182285
3807,87.9095052295
23485,491.387123926
8463,617.115378127
143689,380.567221585
11340,3837.10423759
64979,1031.18573394
11343,18259.1992365
136306,27.4584161279
23714,4402.99587304
111779,3040.66454131
110685,9980.82086005
108306,1776.30601429
24755,3789.48226316
12445,245.609965884
6433,656.046673308
5709,8147.37312103
184256,6505.84679599
12441,10560.7280442
184258,582.65721289
184259,0.0
8199,5471.62185511
177267,12709.5556752
177264,12946.187073
110179,2937.41538335
177465,0.0
61338,4411.86173175
8357,405.903749171
65417,458.257478384
31392,3480.55680629
177284,1021.15680538
177287,4323.43326286
109926,1874.57100936
180231,229.106089603
165798,1999.18610648
64156,6001.21372875
5073,1064.27337426
13646,211.980037147
166689,19444.20685
28866,8942.1850329
4771,7011.54271698
15331,2046.20711275
165640,2169.72619119
23809,34844.6530942
3062,19503.846598
162272,1258.27066181
165649,2411.04898426
166443,3563.37739781
62967,667.634584913
65838,318.585813816
24620,4722.70530494
65831,17481.0241609
19024,4984.34467374
25623,14110.5058055
62288,310.298774396
25627,15519.17282
154039,3108.03289698
25405,128.665838304
25406,0.0
16748,14400.6301877
24975,2323.78323017
12458,0.0
12053,5318.23416451
130200,855.198071097
266315,548.762200832
141277,1060.95924329
4611,6454.91480722
141278,727.018917304
158587,8702.19211592
13505,71.3178043175
183942,1350.93351987
161924,1614.66281166
160207,14013.2317321
12691,1492.31840138
151630,266.143865045
2222,5786.64875689
2220,14985.855139
166208,1090.90141459
177734,4230.0
65235,1805.64775401
165264,1127.57708238
151632,3441.19387624
10832,3088.5162897
181617,6634.9117088
177739,2283.74347797
150139,1034.62318075
64637,1806.40548862
64547,3066.11971139
10305,503.007339347
63927,2414.40742891
64549,564.880918277
65548,1966.72786931
62169,0.671375938923
146616,680.397917569
25579,93.9406017444
4503,1515.18229945
61737,16960.4377279
178851,58.8575398676
63667,3292.98127416
25570,185.279275857
25572,8949.26923557
7824,1020.94397219
26067,1289.23049685
117868,1232.15424346
166061,1047.98040427
124394,1763.22603513
25088,10942.6657427
26061,2261.89131311
117161,535.174024937
61732,7205.12863051
184717,161.615941878
16698,3347.35763994
2086,8960.34982307
26069,4940.6650064
161813,10916.3138547
3342,694.846629697
2538,449.250810615
17150,2687.90430609
27794,8714.4684411
161814,950.072800708
64942,545.069529524
148932,899.316325575
2536,3338.54625554
11657,65.4856186072
153028,2091.16890341
160213,4744.52648899
17762,10028.8292758
160211,7.9828157337
160216,157.426517377
29968,17083.0603001
174147,740.316619616
107446,0.0322580645161
11178,700.40585452
105574,3958.15908601
8987,91.628321193
7951,6.52447827247
149070,166.036879338
64304,3243.74983938
7228,513.691705635
64306,10951.1499584
5071,1371.32954966
64302,9454.68449327
175424,2374.25474
63798,527.114364617
63799,6349.53736663
1837,304.473379186
11770,3574.75395683
63790,2453.69555067
185827,1834.97290649
185532,2011.47202628
185821,45.3372058856
2154,3605.91333997
113530,5.90799415628
122921,3300.83362255
2150,1984.88759485
2403,4786.02941231
4988,3576.9370121
6242,10512.3575101
184807,3674.82077227
10740,11870.7376954
20904,5473.56071081
183920,5264.0017073
18560,257.372847155
62686,0.242497680646
65610,2166.75427112
1951,292.226023121
63531,8482.61463057
152249,2023.60384165
62330,476.775779081
30255,610.114479877
63538,2092.39897431
25180,0.0
8873,1635.4541965
63083,3565.08698046
63080,723.647619911
7315,18870.4188702
178600,1445.55842495
24113,297.053514203
13092,1564.08426866
3246,1780.31206758
11903,10579.7788263
164661,4378.94390832
179077,11870.0212802
176954,188.074797358
12909,91.8944735116
30161,914.277398089
112007,4591.68353552
179700,7178.84738723
62755,1463.24447411
9016,5330.81302926
62204,507.930941181
7034,1268.04860188
10236,7289.31804111
10235,692.942236834
20297,2568.7761729
5496,240.575426469
5492,4267.42308286
27823,121.065864725
5252,21356.8518593
1712,1323.85806745
179380,14865.1331117
29722,7068.02565951
63338,13337.1469093
21503,2424.35262602
156613,6765.98636104
31881,802.37000059
63337,2.06412384702
157218,4770.33585085
13498,2266.78227684
156614,74.9507969372
176558,4354.49776588
12140,13044.6589948
176556,105.149537466
178811,1617.21120823
119316,380.632712625
119314,616.636485743
178814,749.055306874
183283,53701.0899787
152809,34.3911983981
184068,4494.17272474
179818,6351.07404772
179819,143.141069233
28410,3310.29566865
174485,4203.67443168
179817,1194.48526248
144135,1637.54987007
7781,26.2664328986
31764,480.68341373
122211,1486.68824207
122212,1616.41304981
66301,225.299787927
124615,1339.27530277
178995,6871.27679645
7146,23985.3957946
10999,236.055498293
183570,10635.6435587
24363,1787.25483677
29382,1371.34856467
164652,463.288656289
29386,8729.75801406
29435,4844.53237995
183377,567.158860259
29389,582.200466183
1004,47345.735073
143640,1166.27178928
114880,141.570995719
12874,1891.67606284
183593,1506.75491325
28380,1390.83748741
110760,147.574999349
4186,1921.00095755
30384,16630.609619
6534,135.714051246
179925,18.6710158745
5667,802.404877673
109318,884.334092958
147708,429.121105605
165123,5629.19688188
166451,10.8674148931
160447,906.12082203
175978,6427.67672403
4341,208.137269092
118577,6597.72950109
180711,6888.37443495
28704,1173.96294534
2884,22538.8271604
14535,1311.55147334
2888,12501.5858704
133871,971.029441364
25980,6400.36033102
174390,7276.88175937
10793,15121.1504303
177996,384.75068651
8611,6197.73692153
66239,387.687886152
24293,707.152782431
24291,1775.8394274
22632,397.377251191
62016,9467.69556371
163893,4434.31752165
6547,1972.51271953
145701,2654.71949007
65106,757.937226824
144383,120.003638091
111581,17.0568217509
30067,13721.1793418
26520,684.613793722
8479,5117.86272235
8475,1906.85421698
184487,25428.4984382
161000,2006.86730628
7566,2226.39447433
157117,27835.1929195
12471,59581.3319344
150838,4888.46639365
177921,21870.3526908
150837,6141.78518137
12478,6920.58944056
177924,5716.9000524
177925,9143.84081569
184241,7601.70464823
61490,6781.54882689
1598,50744.703858
155616,1341.46844225
66268,4818.15680973
61655,200.591942272
28675,8.23330679932
61656,3.43436221441
66438,730.761859998
61302,1501.29845342
31381,49.1919567404
3905,15848.2866675
145636,107.51784858
11228,66696.3538532
165785,5308.07340356
180228,13325.6576619
127179,642.175790878
28877,0.0
13657,3025.91744865
177124,756.648401693
11482,6105.20385999
165653,384.949969898
165652,5358.15806646
120774,13792.6257581
163948,1028.55171746
140044,402.317689055
121257,2577.62609351
140043,6242.40720529
140042,5272.22267582
65045,1872.65098851
3278,3022.59343586
9954,149.589471643
181445,558.3688174
7368,69.9529909534
64794,131.23309858
25167,699.205139361
25166,893.945401388
120513,6481.05413068
65317,380.173175013
63138,185.688543086
181269,8972.03689719
174136,2815.36669256
32280,655.624323596
16597,275.287751964
166789,0.0
183974,3519.93683367
184652,305.899803918
161952,1505.31501182
161953,1334.47689036
174135,5446.47847284
133764,64.1627727984
12689,40.1896702355
118267,13823.2974733
11796,102.049184177
2237,95.0112907856
65220,7260.76373483
176760,2018.78271747
65226,885.11917608
65228,130.219746032
65229,3461.94967216
133768,3768.54997115
65958,36514.4461762
133769,867.836369809
12189,1.62265298734
3497,1422.48714689
20847,32344.1444347
25509,33780.3043933
120193,12525.2792342
65552,4817.87324419
65553,4143.10344957
63651,1158.00398052
63650,1474.10304889
65556,3941.90048027
65554,3622.44843953
26071,17919.1149521
16188,892.675132672
16689,639.17129504
5313,0.0
61871,83210.1303971
61870,571.994707984
30651,1987.29971718
16681,3726.88541106
11669,3090.20606499
11465,28836.6562053
24965,6935.92840517
4494,19490.6646526
4600,2026.8346198
11462,48233.6713427
4601,74016.6143676
2663,3057.60575429
134932,1710.40657107
27920,407.705698503
121136,6.02813320731
27925,2075.79978281
160204,8366.85842452
162559,35787.7287219
10353,1631.65521937
162557,12757.5864346
27928,8969.11176681
135425,49.5036785866
9372,557.888906879
62922,2453.81796934
4885,14271.0072234
62921,1221.18539146
17151,17880.5702557
25216,6033.04477684
102696,3476.52355638
158743,391.293028492
158742,7331.83212595
9173,3988.95184176
9171,7649.513588
10685,0.0
182387,7066.5538303
25186,5126.91407055
25181,36.8616162222
61900,171.762809623
61903,205.73843255
65944,1045.71086838
1820,608.892886271
16974,2319.37124754
10345,279.195628865
6115,772.364303517
12262,13199.6768904
105365,5036.3401879
4498,0.0
12266,5188.29023605
10757,4940.39825266
10530,14272.218628
19965,185.172457549
184569,1901.5457257
5395,199.091768918
122841,3499.94189304
184571,3938.34747616
6308,18591.9240275
11805,1798.45764546
1920,129.241198326
63501,15953.6407911
3275,4226.54859891
160338,23047.8776453
1926,156445.147981
4225,0.0
148350,2675.33267946
160331,6468.57965805
9715,2790.0144102
157118,27122.7475641
146137,379.508035403
124046,3805.47595318
62123,6100.89016279
116029,818.112668864
7366,108022.992826
8543,3007.10738782
6829,8461.64818966
176725,265.533693597
176726,0.0
11930,0.0
112876,20482.6239424
30175,752.448493582
161798,261.719952233
161072,839.217912307
161797,13.7101650395
133468,1300.32584127
30170,22495.1026847
12915,166.532688354
66149,1029.51565463
7022,32363.2139675
62213,474.734234148
270989,36.92939799
3310,1165.81737078
10221,1864.22296776
20029,1739.10995177
29733,5597.01554747
140194,4406.63005344
24032,28261.6102154
1728,27293.5310713
5581,21919.7578219
1722,17212.6583133
180822,10376.8748807
180821,0.0
4383,10720.9076933
62745,438.333628226
179666,11390.4320863
272699,15250.0300909
176540,288.260785937
13139,703.664446357
175163,1239.03805277
138321,3116.5890465
108449,777.382670432
163977,1292.73043892
147175,12031.5375391
178538,0.0
178539,808.49072614
115121,2026.33830761
30710,3265.18758164
62217,10.2236193666
175271,3820.90235831
30714,246.786400696
178531,6257.59819746
7799,25071.7947032
174490,34376.0697559
3007,970.613483846
18358,624.129313662
27765,2945.9959788
14304,1.59043804779
14309,187.436895024
7694,710.157903255
3144,11464.7757359
174647,132311.363889
174169,1095.06819984
24352,378.386104903
126036,1729.01355133
24350,1182.61263574
143356,2418.71176806
4409,8574.60967271
144437,1451.39669968
153813,5399.49158287
142251,189.909556939
29930,102.857269657
8633,180.166708245
111000,9447.63919183
164648,3425.73547474
29392,1026.55509691
7691,4610.95201471
30006,2495.70175336
30007,523.689815121
1210,2380.9184807
183581,4271.89281856
29613,1231.34558634
8068,50414.9837564
178752,4527.07191178
66235,3458.18298257
145552,9563.95171783
143421,1584.80708705
8060,17.5241998436
7486,4423.45235107
7481,2947.40540939
132518,7620.45930704
6529,7314.49320012
9393,3998.1256826
8266,2014.77090739
150937,2917.4374568
163933,628.865061416
30398,5719.3070451
30399,6038.30129315
133869,24229.5100234
133868,10215.0130879
174389,139.47735742
29734,5377.30053416
11060,1065.97297909
11065,845.756733182
23002,6816.71001394
29649,81.7641566971
31629,0.0
156155,723.305694337
156156,26.7997359869
156157,11.8390296879
183101,4576.18078881
17694,571.59976005
17890,1396.96259005
28967,2670.98451128
174541,7142.31710929
66061,5167.97849514
114524,753.562114797
129823,3644.36198292
66065,4856.57398739
4087,20.3363777967
3863,949.173265319
183636,32319.6840469
144396,859.221046716
66592,13.7111355795
160541,93.3536078963
66597,176.47895092
176899,1916.35342512
177930,41029.5991959
161013,178.225622903
8402,1536.65804524
160549,290.006360966
23226,352.140906444
3735,1858.89207984
23224,672.517514907
161014,154.731681814
177446,0.0
184239,3320.87093318
160781,878.092072171
19137,2934.27832961
5723,39.387497735
160838,1033.69461668
6416,916.209464776
6410,17736.4796979
9812,887.698919171
61487,1203.8366775
28608,8288.91772754
27828,1501.27617254
7772,5142.20564443
66446,23276.6133791
61646,1005.35075015
144559,9995.0543789
144809,2361.10172706
2136,8250.89481685
65148,3355.63068907
29955,2647.43296658
60992,2333.56558938
117768,1807.81259241
14938,581.602262548
6733,7769.68595293
166460,3059.05684464
133166,492.492376205
141469,3770.23387847
5835,60.0816334011
4156,1043.87697976
11259,7986.68966548
60846,12500.293353
163930,445.514417023
140073,8150.01139735
9299,1268.79763409
61004,14973.9246229
165468,19.5770870102
110533,457.364139707
165466,7229.17703236
9921,241.032619015
9922,0.0
165465,2263.90684084
28119,620.036086422
28118,1409.63983964
19262,20152.9888032
162459,2763.45295757
64784,1443.4178205
22772,6289.94688015
65491,11051.154918
25173,1538.49349867
16763,1459.46532547
164364,1276.3917974
145049,30366.5164139
141462,2363.51628447
145042,477.381815511
12075,12146.5902798
145041,175.691173818
145046,1490.91876571
119574,13078.8758905
140672,765.014425408
161942,27783.6018408
6649,536.246175372
31843,3768.12858231
31846,125.760518632
10813,21564.3784165
15087,549.232093241
165209,1055.62447509
65967,10637.774523
10816,11006.271197
25774,4686.95871423
150481,555.029772458
19318,673.151421417
184449,442.844945306
110164,3366.94513509
63640,6.76124149237
106261,35.5019137141
63643,1149.08775726
24825,672.867128933
8215,18202.055008
12559,3668.29612743
65569,9524.63430089
11099,274.280284556
65765,491.97485043
184735,204.981945473
4560,10042.6695422
109826,54.7474616246
3647,4419.22556132
148476,551.233749223
164369,22763.5049655
148470,80.7761260175
11670,9308.11087332
117141,6584.9145134
117142,6787.58668575
64480,18518.6690902
2555,4.79534707584
2556,2130.55243159
7798,1120.83189258
2558,6961.78377725
141389,21885.6782994
12788,293.995774911
165846,5708.48453309
17367,2009.13762873
2393,7262.00289773
2390,727.483417362
12782,1275.4819371
12785,13.1231761485
141384,0.0
27932,848.852157069
63422,4432.5916368
11376,372.432516144
27936,2346.81864971
27937,3210.79774212
63551,799.089776548
5018,412.04591406
2771,2994.09736817
27938,4203.04444602
27939,210.244067652
160232,10435.438741
160233,15405.0366102
7658,2454.220057
24021,93.3275994406
17148,7928.84438275
25201,3.95599521557
17145,1155.99416923
7977,1601.2513215
7970,2660.23416184
16785,5414.97190324
12256,184.596657353
116387,280.06644572
16781,1356.68258751
12252,443.64616206
4418,10891.1796173
176404,5417.02316706
118223,9.55139310146
6268,10311.6989981
21186,947.581719912
119594,589.442464827
6066,27832.3085317
125601,3623.95752379
2176,39.5079104011
125604,0.0
17095,7023.88496972
30016,2.20608249563
7526,2688.29118271
122902,38169.0188212
2606,9221.89970944
24463,16325.9572234
174160,472.263315963
14822,14472.2074973
14820,3251.68999413
113269,144.523247502
14824,1522.53215008
62826,4849.9982787
10787,10552.8746914
62592,611.74496586
62590,7061.79614441
10035,3150.33175991
5125,481.286127081
10789,0.0
6315,85122.4160606
10030,461.509185209
64218,437.059244484
146140,1814.26769345
61069,107022.278719
120301,4156.42011806
25079,146.551037961
8898,15389.2493889
3980,17455.6673093
8892,1660.72985147
3469,1605.37467619
177882,4577.86806832
11929,158.671088959
12321,2943.10337127
177881,19524.2698216
31718,191.37867626
11923,949.079787338
11925,3428.11132361
180652,4230.0
141720,2522.93507152
132988,1346.45263372
14954,0.0
7154,4596.34669509
17173,3957.1530784
30490,222.420317068
179231,2107.29654342
30495,3867.89386213
30146,3710.27585735
20338,52.6996025201
62553,2284.60663773
25357,7287.67701148
142391,5.17156240772
5046,4496.92173666
29097,191.836609271
108664,2054.06106383
1585,1278.24791913
27845,1260.51217754
29921,840.620702518
29101,723.642765681
176572,8885.99910226
164255,2026.80402358
18699,32.3492480225
9216,112.742665493
29705,1365.94349913
61676,13672.8266226
5234,7852.86236283
175376,6860.45453895
30540,4125.91612912
164494,2.97967518195
158791,13246.7119855
13124,59898.8770895
176375,695.720395538
137024,25051.952972
179657,319.302638828
15803,3769.82488056
11819,6438.75140568
176378,4948.26374598
15153,3639.71892588
29894,29.232990669
179342,11909.6721514
179831,5080.24586015
4645,87.0734881681
184009,8913.82849502
137373,6986.94452651
109930,1581.39088332
178834,2539.65312295
24344,4278.09119299
3071,4913.93093645
156095,11399.6054509
28477,3006.09002963
1593,767.664762536
14311,260.567330666
2953,22.6431420804
31702,7353.92554168
31703,1512.67857485
65689,3394.13363297
183366,345.728488334
31707,1447.60262203
5342,3.60973472607
175607,675.940093267
7163,0.0
126020,678.494634386
143668,511.370956906
178633,584.346464899
62107,4665.69248153
183352,27.6012083503
137573,71611.3609655
30032,21783.4559008
4367,1729.8885583
1209,8538.52889606
66686,543.330224418
12895,4853.21741371
31521,2488.08104056
23107,1234.88074594
144010,409.814866766
164109,3952.89648059
18037,954.911129759
175955,123306.666835
175953,3055.71458686
8272,5945.71418118
183580,1079.2262929
28278,6318.37589575
2002,987.685388468
66681,2203.19930412
162892,552.028408107
4274,11367.4915093
162894,10294.9158026
14555,6396.99204556
1447,65055.5118837
12868,4597.60003757
175007,1204.0689692
175006,8644.43774639
1117,301.337102797
114959,2618.36019668
114956,6906.67870837
174531,6789.4803585
174024,19696.4936845
175008,5501.71582723
1449,318.224702401
31147,7940.76078542
4093,229.276835915
4091,1680.03882481
4090,6229.66490076
13786,1719.97012499
31453,14418.3794821
4094,712.080568723
185194,80.2912024485
183640,1095.57469171
2005,25598.7758677
23587,2.31579886932
177943,484.047990466
66588,4777.40067504
177944,7711.41762737
66586,25958.9732896
111721,855.493131282
11313,22540.2172304
19129,3937.16787741
160797,18975.3458654
107325,796.649983967
7585,1541.80667835
160798,3189.71248985
19124,549.461455799
180029,1637.21207767
7741,9148.01219246
61673,6200.83437483
28616,6681.82815343
143283,10389.4487933
127377,491.242064458
22507,398.951294882
22500,1.78731375754
150258,2220.16012479
60983,3912.59757425
8264,4661.99971266
8304,566.438704815
177576,5935.97623233
166414,1237.72964223
6528,453.190329713
6081,8213.11022569
28853,9643.94577937
61581,1517.08216071
61585,1295.8342998
61584,331.947583694
61587,3963.26701461
61586,1423.75874133
4145,1234.3440636
163920,1526.39976751
160196,5437.74628219
15208,517.467728578
8099,15962.4605905
11264,16473.6051868
65021,11956.1389019
65026,2079.14174216
177895,187.377600996
177896,1086.71682878
160488,2166.29222718
145729,19554.0484375
180118,5362.40164131
9937,1938.40359908
22761,704.427581415
165691,3117.44903992
1487,2653.80761965
126010,361.601803149
165699,11582.9221561
16775,2085.91261427
16777,363.94567677
181931,13268.7509432
128978,11761.4329575
158313,997.247349315
25691,2984.91004112
110250,2075.63932733
25340,1925.82917452
12065,2212.4802305
6097,207.270536846
185177,18447.130666
61285,36.1785407694
12669,4633.9604284
121934,9913.81199622
151403,505.898456586
6653,2042.13317285
10451,666.777112255
177099,1937.71982833
107817,21416.0502929
5918,1200.59077115
25749,870.462726977
25747,4831.69835042
127797,576.627697219
25745,808.368953416
64844,5750.79226771
165215,552.251588603
10801,4418.98127183
65796,1696.84556832
120358,895.224358224
161996,1724.02290681
161997,137.086266672
65576,59.6840093526
63639,61.0994133823
24837,60.6538668265
64515,631.719433056
28940,16990.9376166
266214,9791.92710664
185619,0.0
266216,133.910160991
65772,1013.47531677
65771,300.947609393
21066,21286.500239
19873,3724.99926706
184748,58.8705230384
183822,9320.62884685
13421,31.8619201728
21061,8827.90438019
2547,25548.4062152
139526,172.000412258
11687,1955.97733265
153895,1027.56480632
114608,1884.70076251
29942,2146.59563408
11440,21025.1470285
165501,1833.05429606
11446,310.025527397
65482,4427.58784498
65483,1687.59820487
3556,81.3153325665
23006,37378.4866302
64175,0.0
12796,5162.52195271
65587,868.343198133
25007,882.704797676
30098,874.443034734
3580,655.534605792
3581,0.112102857248
160228,461.465403906
64423,47522.3086697
175509,22.8148654519
27906,2309.25731894
176275,564.212031573
140938,1324.72594019
160225,7976.77475522
2285,6913.17338861
64194,2702.11968403
1949,2618.29081731
260774,1210.17249613
16955,9772.60216055
64193,1689.41005395
25234,13644.5006693
17131,1691.67564859
176237,2044.99504766
143974,861.631258389
17132,432.440864687
7904,256.725005918
7906,38040.7629498
17136,1129.90048035
125580,1131.1564383
61925,9.0293431401
114748,30059.7328842
4423,2311.91533204
163927,3315.95701732
4622,4469.41074578
166747,59.4434292708
111179,686.520155921
62110,1966.86213778
148391,2395.6710839
162404,29893.672385
64879,508.580108831
162401,1236.31318187
122916,3065.58799207
122915,1949.12789717
6078,13474.9532864
2615,3985.37010127
176238,1409.28457107
8493,20069.5541035
160312,631.517255168
163926,1476.92314675
7346,182.63133425
150761,188.211966767
66060,8167.78735917
29875,540.868621444
7343,1048.53567523
16245,7080.66441545
1906,0.0
10795,4.91865756737
63291,0.0
64228,8580.90407325
153793,2038.82440506
13794,597.339038639
149738,228.413427955
120824,0.0
179003,340.497135812
176703,347.55357532
143910,3009.36365699
146156,715.406788489
163685,8835.61661505
163680,1442.85333712
163681,179.920393471
282553,8255.6597412
65467,3796.01358878
12338,7915.47412505
135990,392.400187019
138126,264.742602432
138122,433.331636305
27875,2684.40404253
14960,3235.52789999
27873,626.746741446
112819,0.0
176963,299.993227946
163668,3.02499199664
163669,300.939186802
62768,0.0
29082,1664.63986826
10247,4057.63885068
9023,604.920571981
30558,1639.33913015
12815,4123.84536608
5229,3457.39827012
63166,2489.04808643
176567,1812.7431308
176565,16038.9658636
185209,404.999158974
29710,1496.72065896
143870,2998.01940848
29241,4780.27710295
11861,4012.48941088
14815,4635.21051394
179648,2067.76901003
176361,0.0
176363,11377.1125061
176362,4148.39240086
138341,1635.4116509
175490,79.105966187
163594,1820.0986883
163595,3994.42081884
113490,108.088964171
179132,6740.18780386
15142,1361.24599853
178519,3490.00641533
162958,664.163792894
29887,10872.9883864
184035,4415.83353843
238157,3603.45792057
156953,2571.32440586
162957,5582.21836318
112721,33.6964851053
14369,694.192604151
14368,43.4682700161
7171,13606.9729123
180905,526.573869105
2942,10167.2262101
2940,27093.6870804
5357,1432.11783592
62168,10787.2540579
174148,123.20338648
31739,1016.35650632
31738,746.591284791
122263,5007.72570424
14401,1539.64814152
160173,33458.146826
122266,1104.26503156
112030,13486.2689206
178608,2518.39635148
133288,4023.67613529
1690,1678.54926217
112034,2034.57472961
164664,215.048231769
164663,6338.28168144
179739,1516.56724147
164660,256.85448415
1279,2532.67636595
118502,5404.75829357
178172,2329.08257786
30029,422.504542613
160785,3.60973472607
12886,3252.60942325
1274,7456.43043565
61763,3622.41108914
122380,2658.8011954
184109,1045.37273702
14563,2160.28333443
14561,11220.5386737
184101,30074.7978613
8240,5028.46486999
137602,511.804772744
24483,1851.74621571
8247,5486.72443741
8245,11966.1615492
66261,6109.76316481
111064,8928.74144607
62602,4065.41628138
3116,949.958509017
165675,1237.36991988
162887,9813.0790932
64165,0.0
28543,7265.19505615
63901,27.4806364337
157955,30584.0418882
29061,863.649200693
28590,49.2506987521
31607,37398.7829852
23027,1505.42223232
23753,14309.4817754
31460,10005.3754369
28919,4421.29985428
8423,25324.1347124
2595,10378.3431809
22373,26.408731335
66000,1250.0230056
1308,2967.65881945
140902,4.57797890098
163939,592.600576355
144139,19.0079465806
177953,8277.79674049
136186,1143.60344991
122917,388.799426851
11300,20520.4245255
11301,113.016284026
11302,2212.03726934
185346,5.58311515972
11304,1483.03353608
184219,3759.86518658
9125,329.340894368
30939,0.0
61662,2735.57457079
28620,2237.35307464
30932,2459.11173477
15363,2156.60786401
9831,3657.21076754
12407,3121.60924241
28629,17020.2148956
9835,3040.03388235
110732,10518.4613592
7759,3031.87806994
23111,1854.97480936
63058,5324.52433937
7300,963.825061901
180698,621.847711676
7750,1975.58329303
109699,1319.42555632
126417,7056.67908616
61448,594.821533456
180272,9.38896698323
27914,8383.73548913
3937,0.0
61112,12947.5579746
66484,1175.63823034
163916,6752.70465523
166402,0.0
8334,2012.24149159
21238,1380.35511417
25929,12148.0290011
175347,18414.1990486
9904,1951.67000794
61591,552.090252073
61596,3417.76060952
127094,6835.91342398
24660,0.0
24436,4399.17634548
25874,1949.07223127
24669,82.4947568513
175483,3566.15431268
11220,1813.137153
5690,898.123828679
61061,5047.85788939
5697,0.0
28135,2066.4496148
24898,1044.09313237
28139,7728.68792721
177884,1587.50722719
24468,4107.93582139
65011,3479.67808765
19209,4240.46124779
25356,11933.2308678
177376,540.528601989
60887,0.0
153668,912.243723923
64768,32913.6099694
64766,2278.85895309
64767,12741.717415
22797,98.1103158122
1300,1241.64213239
119756,9435.00404635
9324,1125.07866394
110065,10835.2721403
29086,3393.38181373
183312,265.130968497
117018,1647.74753746
25680,848.983354194
25681,9865.08966835
7911,2562.72901709
4045,3258.70376929
23978,6299.94674899
6669,1697.57648688
4040,0.0
230796,0.0
6661,1332.75602937
161966,1686.79364435
177088,88.811728505
185370,1044.20283052
160580,8953.90641235
22086,876.958082943
24893,8.1410016748
65905,1740.38967813
65904,2399.28255181
10877,1565.75435296
1602,15160.2943195
16890,10183.6795541
63621,3493.18320066
25536,0.0
17239,2937.41538335
2282,3572.11527839
24800,3594.79415922
17233,1975.95065153
124198,6372.37438873
64699,2425.62092545
183838,44.9045554705
13431,1626.47526873
64690,7472.65286318
183830,2000.2029279
183833,361.130117618
124196,5422.13170504
121817,3728.22177407
121816,2933.50665652
121815,1255.35078602
11499,14043.7420008
2577,9718.46937425
11694,4496.84413065
2573,11119.1010966
10905,1083.97950571
65345,2895.92774482
29709,95.5929639432
65343,673.959243713
147349,6.42869444828
10903,49908.3660816
10902,5776.4598626
11455,4297.18649625
11456,6082.71037273
64163,2714.07283254
11450,106.721575999
150049,0.0
64166,10698.2128993
21237,3698.89672462
64341,7670.79104847
2596,2.68811904606
64344,3695.15191
140905,3077.93772
64346,0.0
2593,5395.31930775
121493,2434.92350103
61839,285.416756833
294524,35987.6247913
27913,635.703606964
17438,1183.10416383
2049,41016.9308103
10086,0.0321659215102
4430,6548.91387266
13323,408.372746733
25224,3119.0443914
7912,2242.90050457
17120,40343.6824343
13328,8674.97367227
1878,180.842523771
1082,7063.75402091
12603,2008.65226482
4941,9984.1705161
118081,3442.07374552
138205,3370.16873164
62501,3887.08424561
12138,5245.65455391
185119,1426.51679878
136646,1047.94857392
184689,9468.69788317
184688,19341.0516505
2111,36974.8746436
184684,1912.3779709
1559,702.963919805
29040,809.783155154
122078,12733.9059881
63281,3162.79707317
160364,1112.31480977
62378,2140.09121805
2628,117.328367828
62374,1.14768024731
63288,494.000390006
61181,2751.57874093
1919,8101.45226661
149177,290.651207424
8087,4.3127314846
149721,4060.86305784
62575,416.744526178
122674,441.221588392
176289,1451.83484538
10016,0.0
121077,12201.3916334
120816,798.676475447
184079,3948.17518465
5831,8693.4747577
2025,794.067451804
61408,2803.0223699
10499,281.727308743
2751,1886.58018144
62979,1300.93493559
174355,3943.6565695
163051,2748.73309744
177782,7403.93312511
10277,2509.25031949
179586,13732.327877
163931,957.571511199
5903,1340.25576644
163673,196.503544228
179583,356.239672001
14790,2220.81901101
184996,520.258156279
14793,7106.89740026
163679,9205.84739694
163678,6700.7501764
176914,9.43636307428
10278,218548.109723
121673,5225.29486079
184070,523.179793243
5210,113309.677362
125000,2917.77778381
29246,3481.16537132
163935,5764.19231573
5218,50295.104236
14027,8461.35885767
175157,1151.87838304
163586,200.72843131
29278,4358.5500498
63172,10938.6459602
264265,1283.53921671
14592,31336.0100243
176594,795.840673859
149618,329.928316303
176592,2490.61347451
176593,4021.731353
63178,773.989972985
29274,3821.04836762
11872,1274.32600382
176351,1572.90874416
24725,3334.90463483
112626,288.465860681
11877,1824.98991333
112624,1.98258312732
133726,210.568678953
146500,6642.6891678
142088,2164.89235188
176602,26906.2699299
164471,3018.56362766
179360,39.0376110802
179361,2922.83491097
112759,1535.52448784
164293,2597.12697714
164290,2547.76978704
31673,40799.8292919
147101,1803.96341442
142460,988.8331408
65036,2238.46310681
17982,179.016268919
112754,558.66322707
11976,84.8937774394
179690,2873.94293559
28408,84.6977329365
19658,4119.58165102
7106,2125.12615501
7107,3107.67927438
6865,47707.380209
14370,3800.89945534
6867,5169.96732715
271794,2789.79334181
143526,0.0
176282,72260.7948626
62396,0.0
62391,5547.21283563
178097,3916.72350154
1045,201.059213328
143605,2051.02475623
31720,5448.34819634
166623,11708.8774514
175739,160.89654742
62399,3591.78251493
180109,251.568751835
178847,5097.29366449
178619,6435.00071457
5109,34752.4445576
1686,0.0
164612,9382.01309453
5439,994.055972497
164611,1465.31830665
142260,2366.11007078
30059,12586.5846523
182827,0.0
184114,3837.78681193
14163,2.30787148707
264713,13.6394956581
8253,21499.5102692
61589,1987.54700491
111631,371.603192968
30055,5716.03386083
1266,493.619799655
11051,113.363252894
8789,1476.98723278
183963,2167.48131538
62766,5180.1566667
1913,8017.08140839
112774,4410.27800662
31616,5675.90187468
3129,9470.11492724
8867,112.767517749
3121,9.39402772529
183480,3116.53720032
178507,1811.92453213
29052,6943.74756711
137351,1109.18632535
1468,1301.8360711
174282,1058.78241415
115404,90010.4164148
183247,9867.47379963
144727,1096.75671557
1823,1637.23855723
115077,3624.1940962
8431,3806.29075612
126318,349.161261845
137232,4090.00699187
23768,55.5485938188
23767,25992.8158772
65365,1199.15888909
31477,1750.62207317
66016,11367.1044514
6338,7428.85259967
28900,8144.99007135
164708,5782.65322027
164408,6055.02535965
12433,188.079662079
147639,8446.15286998
147638,13302.2711604
165053,164.822484866
165052,1088.60783178
160571,35600.3702428
160570,1253.30597054
114370,3792.08559165
61610,0.372549201416
160809,1016.08407171
133949,88.3379408839
5594,3655.58396996
5597,13.4339381747
162988,8194.59297908
142339,807.744974395
105936,1699.03562523
133944,287.067463821
133945,1252.43668289
178767,1753.02164677
110728,0.0
1013,11665.2465791
183797,5555.7810853
61439,28550.2973895
61129,12719.6981114
14386,2870.13714147
185921,20438.5553401
61122,1484.00804206
61121,2057.15638692
61435,54.9241604938
13906,0.0
66708,66553.2509544
66496,1833.97933953
25376,10923.91878
181794,441.94120509
166434,760.105162485
28397,961.296553015
166436,2472.73227764
166433,57.4822409074
183446,770.832593754
63876,1305.77718543
24678,2492.57997615
4127,9816.69742485
4124,8.69559415502
65009,10846.2176463
62972,1262.24613151
61725,5228.23541339
6213,715.544612666
61055,12089.2920678
61726,119.192733159
5680,4504.83373649
65006,3748.4180385
27786,1814.61993274
31849,6324.40399694
6386,95.9469055497
62977,341.454892477
60894,4083.72300258
10498,1157.52306608
183932,12684.0
1239,1701.25657472
23945,279.0059029
23943,15764.6006816
176256,2669.44982039
23940,0.0
22144,3405.05085406
185797,8041.27879257
177744,583.667745222
177745,5392.67610682
4052,3871.6285114
163879,48.9101161293
163878,6635.85078808
163877,5209.74643602
11514,3520.84598586
23852,685.939317986
11511,3207.78146773
11513,6779.13333254
4058,311.210878101
110387,9842.20056748
65176,17638.2651902
5978,3187.06785023
110382,6129.54726282
128098,1436.56217473
8699,9311.17023893
10860,23431.9946557
65911,2058.73143305
10867,21155.6745839
150278,3502.44164522
21828,1452.96236948
150699,8900.495848
9815,13399.8020133
15709,9648.17269261
116284,10778.8844485
3619,739.068326219
2290,20954.3091693
108645,2437.92779774
19508,2836.8063738
25783,1654.13342349
141198,20308.5684107
25789,91.5108583972
141197,1671.11033482
25030,6141.77163273
148249,26158.1023095
5902,649.194345472
162338,2519.55041385
29736,3765.78355563
141359,192.103394019
114628,11168.7781104
177654,1020.95744862
162335,0.0
10916,2760.69224537
133432,2532.05500279
135044,2875.57991641
24922,996.834523556
8692,2620.69264079
24925,7636.58245344
62057,1973.12289029
7291,28432.50359
17115,481.701978445
8512,954.493198482
7923,15627.4336185
2581,152.574093471
64404,1367.11423286
14794,88.7876033769
64408,1984.28625746
25972,0.0
1860,870.463695174
13353,2279.05166948
13354,2474.44095133
63763,1865.28515022
14418,1289.13653466
164585,1891.24645608
64867,2019.07417379
176169,871.214144534
145977,4399.62689044
162584,996.816696583
4685,707.987592095
163118,16.7337891102
4936,53.3683391325
62897,0.0
138747,2405.97038815
163117,643.865687216
138741,1227.32322456
13599,1614.81466165
163113,5359.40318947
64536,16003.4265647
140821,2266.78227684
154357,6951.74973587
24810,4349.67534594
25979,0.0
2101,6352.13031635
13013,360.258493971
63814,5516.11339986
160373,14256.0816022
5116,571.677192665
160375,7176.96664282
122355,19868.8352847
10002,2616.81263698
125014,791.851854433
160378,20111.7139184
122061,1157.04243014
10008,7.61362231633
176291,170203.826307
5256,29.8571637429
9599,1635.95132514
20791,933.070152628
20019,3038.52863625
157153,5052.86660449
64568,1050.81406341
17069,45.2939236001
178896,0.0
3439,17526.5143087
176762,3445.94528902
185419,5971.64232326
176764,9580.68818323
176766,6774.41243699
176768,1334.63316135
146171,5005.15195661
179027,18802.7503329
163069,143.388253834
184785,813.609672922
162517,5452.92433639
20548,17214.8689663
62965,17508.1056937
4844,6150.86727373
4598,553.826022367
13011,9824.73103641
4842,547.553019574
4843,1833.18217503
14908,1152.1516751
63724,9096.09342629
179597,52.7106003574
112295,876.717996519
179598,483.744594359
10550,15781.7305934
133424,2758.20342745
5254,157.532517824
10466,20754.3876396
29265,660.642803871
174729,5803.57826863
20570,0.0
5205,195.910489796
152109,2809.27228365
17795,178.360960586
30671,245.893401151
62700,4234.54881162
29268,9317.27006932
63383,671.48738137
121440,4218.75057596
264270,5808.93936416
29627,1072.62654862
164571,846.043194554
31574,961.072817222
179110,3988.57207759
28490,342.346588525
164266,414.22205002
62494,1221.5490093
62382,293.46018498
134026,54395.2555247
183902,1249.75644161
18533,532.148396369
176343,13858.4261039
13174,4919.23975359
25108,1882.27185844
11191,238.956638816
176595,1191.87250319
108188,0.0
2960,4405.91784831
29868,47.1964383115
179378,2321.86405213
164270,1258.89974555
1783,951.423002924
175834,1044.32263577
2968,4747.67040192
30220,247.852326275
1613,10417.3250245
62634,42987.2061005
122536,369.504910349
7117,2312.27296825
7116,156.125083994
24318,8210.41781606
24316,2215.54036096
176591,6435.61610491
176070,1967.19503066
17641,10432.6109765
108740,4440.40800636
176350,5962.32147654
29466,11948.9175103
163884,2668.91755637
1078,967.709111592
1076,330.721300482
3643,2387.74700589
1075,1976.70496265
1072,5615.59856257
62388,99.1828777947
164609,52608.0630396
179202,836.346140029
1678,711.364163245
30137,612.478903263
13003,4432.70877905
23898,40652.2766008
178371,194.305122103
30138,21121.1998431
164607,428.95184535
164606,0.0
1094,8066.08324599
3806,957.96439231
175900,64.051215482
184167,6610.84712621
30822,700.384073592
175903,10832.6869881
8229,1122.1943019
66393,24662.7914766
177764,263.101727606
118525,3383.50376713
4331,5399.94826107
65590,4131.14128894
1050,329.664247665
178976,5891.41569201
23291,12293.6934121
14581,829.019523684
3138,544.86999301
14583,1994.09945591
117145,877.127100708
178083,8804.95685288
174053,1480.78439589
28022,4774.48378424
174507,10764.1169912
160600,9836.64972563
28027,1995.09612537
20202,8.33412310068
62055,57404.4551051
178089,3802.19638896
20209,34735.7540473
156933,3423.27741926
8348,11846.224067
164046,2.94935034085
117260,3367.00898245
29517,6551.34208321
183257,4903.64649319
1414,23.2369735976
29511,2857.32635704
164296,824.876186124
28938,3211.91629314
1327,1802.2110708
133547,3208.31391724
28930,27875.590925
9850,818.701382607
12421,7114.43354487
137434,3610.54326688
15343,5347.87372997
137432,3152.42013644
2999,5881.83454473
12428,653.753390723
23577,3302.40546846
5764,1988.15815107
4201,936.641018382
5763,912.42951694
177975,8.60241101272
8133,27103.0571454
12789,0.0
61600,15559.9045373
5568,1173.98640819
183780,2434.13933496
137310,22756.2211732
160742,0.0
5567,8395.96056599
5560,312.414997386
177405,428.288256614
1257,2186.84270743
1526,1644.40655068
24912,0.745712742145
28338,16.750988544
178798,3048.0506988
1523,1186.78757241
7733,2203.15223475
178797,902.758341988
31099,683.154366122
63520,1038.69371876
111629,2818.71260959
26246,26.6383928898
28806,9521.83276619
66731,5033.04257032
142462,269.871575188
126434,22038.5787994
174876,4085.49703335
61420,0.0
122257,2737.71761176
108753,3229.97458707
6435,4714.80434626
14489,14.8342981301
8358,18088.0009894
4115,8066.40745526
6730,2121.36181334
64254,150.588635479
162264,877.196083988
8350,1810.40832599
260778,23666.3412152
140033,336.913234507
163891,415.676597441
62139,710.93795265
164116,21.9692811316
19049,1240.24760121
30312,6228.8844245
24440,2703.14757157
24447,14687.6633187
7422,1599.43453755
61739,538.190973843
178672,7561.26274384
127234,682.61967072
27790,13974.7838496
61735,3742.63530432
28155,301.672040674
66029,3548.04429684
181290,35.8755684661
61557,2792.95981204
25331,501.105061528
61552,4097.15658027
25334,162.885206249
116526,1165.8912809
65615,149.397372169
25338,6875.51419627
25339,227.652695301
62919,284.309543066
145080,611.553780025
16889,1083.66687908
29616,0.0
12635,20258.2640356
28518,8634.69371421
176369,323.198278282
31887,3528.44144692
19057,28737.7531492
117034,479.709025585
117035,620.630204277
117036,193.438014988
65290,2147.60086229
4060,11886.3573586
4066,3419.24526578
23793,1091.13502176
65921,204.459942086
11509,138.095491899
11506,4875.79646236
182308,34125.0158063
26013,940.412457043
5786,2810.5947368
150201,5367.7994845
65105,9873.02324833
5783,143.887274399
120656,888.251937103
65108,3027.51203253
5788,6836.46909628
154760,5007.4752648
127439,1823.96089789
3607,16.5212469183
183812,740.316619616
63600,3219.73325513
19538,3063.44095166
63605,21918.5885475
63971,1105.94374088
17780,169.352515516
148234,946.437286596
16637,11920.3480939
148239,6978.23083199
157755,70.5825631136
12181,570.809524139
25021,4921.689233
176017,772.218455694
182788,3779.81439141
149379,3206.69011011
6116,7985.31763568
184576,3659.41065552
6110,13675.4262815
106853,34.8231400657
64745,0.0
10920,4932.72230585
166197,163.065769131
64741,433.597502154
165880,5342.9674489
7309,4471.84131297
3855,376.497772277
7281,5991.01991753
63928,8.47967411406
64418,422.406088488
17106,710.139284802
7936,499.716109906
10894,412.78599947
64410,10676.2028562
134384,1679.02351666
13342,246.55585655
16989,2550.99602036
4450,5314.48163037
254096,9556.04096677
65430,1664.63492778
7974,70492.1310803
118264,1948.40134459
16981,13234.9257491
3734,38833.4256877
1891,76.92600388
16985,1858.87403761
16456,2084.25305786
13580,35.7668792666
4690,1830.28154729
162457,24.960947172
6737,105503.51262
148349,7988.70398231
4699,17346.5301109
163102,645.916940368
130041,5249.91236676
154434,15360.7938291
179741,5266.89538062
11721,464.890283851
154439,0.0
6025,10567.2012916
11729,74.8262732808
121053,15835.8325697
6266,268.531120638
13128,4752.66530063
5165,850.685946215
6223,4112.58846421
62823,1220.71273756
160340,1133.76700371
160341,6691.51312294
138483,29591.5516021
21499,165.970921419
17074,1814.94396179
147908,9.82398390735
17076,1716.18130045
17070,394.359133005
21496,14221.372826
17072,865.981939771
17073,139.85105428
179782,2344.45089262
3429,982.951239634
178610,5348.71563538
20488,339.878381507
61494,2269.9044439
125595,5203.26130168
176022,8430.72291928
120877,0.0
3424,15909.3517114
6334,10870.2541167
6335,438.883030485
184797,5549.2847711
144436,207.130012171
6331,10411.312589
9698,11014.2100207
6333,5884.17918166
62954,5629.36787332
13341,1863.81995512
165124,148.547614595
184117,2235.52731665
12625,11025.6835004
14170,3036.92507084
62732,9035.72830427
14172,3973.09242651
62730,11433.0309497
27886,424.430667217
10297,1537.06401958
264391,5055.02647163
27882,335.197784434
264397,0.0
264395,1178.67095987
10453,16002.3035536
63029,53.0911866065
9555,47238.9805271
29217,1657.65571162
24040,2355.5977551
3026,82.7617986102
66059,2.42105308525
175131,10081.6360441
175130,141.116210849
166569,510.173970951
160293,4683.88915623
10581,6311.77582619
13169,12529.0710378
178003,4025.66524961
13163,2381.37402243
8901,1783.50465336
1706,2043.90506711
11856,1987.96924238
8902,23.6916040178
65930,2013.27836341
30219,686.223027222
157217,7564.680466
179303,897.585528267
1794,16580.0319198
174663,4481.03398418
6848,2684.32951875
11538,2970.68016282
110039,4656.97846271
17919,27807.1768572
180466,209.342641715
24302,9687.56029677
24304,492.301256937
152008,2421.97909116
6845,4213.40980112
107755,5082.62656473
164633,195.393921889
5301,1767.71238396
29453,359.04654463
21440,2798.94045606
176247,373.846485181
12096,0.0
147340,1883.91110302
106418,3025.06624343
157635,4276.48166209
176939,311.806161248
1661,17957.4662817
176249,747.626368027
175913,24672.7932109
30674,3544.52080619
157855,21489.4571286
156859,1353.14301786
179413,3906.20884298
30857,2883.4751641
4321,8629.20958288
11537,1777.03401059
156857,1219.10002357
4322,1404.44943966
14828,1858.72738582
18049,2149.9323161
12091,4246.37875165
162809,745.343712126
2829,11934.6434117
24491,8646.11715486
14597,156.394883591
24278,16046.8099455
14590,1467.42661701
20217,3069.30940319
28034,702.656240339
7632,335.907436767
4807,929.031121484
17861,2080.7899515
7636,2888.82359544
7637,895.951416084
109599,9928.50703575
136884,6142.75667711
142337,495.945788246
1408,468.565429041
9699,161.061043109
157452,271.019201565
113491,2117.72843116
165728,2913.03132495
28152,5674.88158466
31418,34.1732252791
164407,114.929895117
4213,75.9026707826
183526,19677.4279822
16582,1208.03664043
162733,10276.5890661
185318,1545.28333613
60800,23573.6834757
122273,2394.76345755
6932,7121.00868344
177601,345.45688837
6936,366.822328732
9846,2029.5941824
8694,1646.80039922
9849,1698.7123353
8123,62.5131596321
147657,61.3924000758
29698,1.86616876862
166491,135.448102473
61635,100.646906301
115766,2341.0682079
66654,1560.73713409
3093,6244.77981738
126555,5186.04666452
126554,17687.1729867
1533,0.0
29143,11329.4825148
114829,2352.28199494
25870,5190.70017362
174401,4592.31319384
28322,16632.4130562
28323,566.589840858
25877,1468.24281887
136265,467.274107391
174049,6267.64033675
66728,57094.8024788
180083,995.924041264
61380,6307.79310313
28819,7585.21398812
22542,0.0
22543,423.855209069
126423,4993.45925468
183324,2456.77338991
61388,4757.36407574
9317,19603.6068426
2352,28033.3227099
31095,71.482966322
17341,685.515455562
177697,2375.32081636
63645,51371.3041766
109621,2716.84967209
140023,5414.29329763
4108,5624.89777722
25895,20566.1269301
19932,13199.2073777
12568,0.0
160913,109.532509715
155174,10226.1245593
15240,3.80696385209
31674,4931.44605189
3639,1062.70349203
15247,7278.94952797
63511,1410.27381319
28924,15410.550172
174317,6271.65585307
66032,5992.77248838
25906,754.123416109
174312,3196.89826506
174313,4044.43371343
174310,244.486766233
1634,9773.45537119
61703,6493.24628096
183684,7835.23210091
180402,8117.21687988
180405,4517.92656385
3897,5658.25236015
106589,1177.42538786
61562,14624.6093815
109919,217.967162649
16531,0.0805152979066
61567,922.229465688
117020,1870.13309742
65607,9083.0637647
155754,8462.73833931
3465,107.227276086
166562,4516.94250817
166563,11718.4378749
64848,0.0
12621,2069.6061504
6617,7.84222218256
166564,4593.08128846
29359,1050.75875245
13962,345.697404859
31895,9941.77642285
62626,391.033503928
112362,1663.09241411
10840,2920.52561011
185138,256.743859833
148169,323.133248868
65286,735.976078999
5860,735.909506209
282189,2959.5462695
65937,0.0
5959,137.370750648
13765,271.309946207
4077,0.0
161088,2708.14291634
61899,1035.14512456
11535,17042.5497505
4072,12358.9547143
154758,1402.19266504
61140,3223.51646843
3964,5638.20911148
3962,6083.37145319
5792,420.699164467
5791,1360.87923937
177216,119.538395812
145024,1431.15410667
180249,1068.49393238
60942,164.380301429
154755,15486.344105
165723,15368.0470541
154757,219.542400324
7152,2378.18209742
63986,310.005426756
266316,1737.05835162
165943,5283.79475554
177031,5240.19099774
3504,1548.24958959
175127,7949.6364861
3107,2605.50054994
148221,709.003742454
183945,8563.64890067
148223,1527.33613265
65739,20721.8392257
22053,1219.6687264
117115,70.3348797923
65732,302.914396522
162076,2255.16534827
15364,5127.61756812
266257,69.1578793814
22059,1829.11089998
179605,113.255394782
148469,211.68682723
2342,8964.23478607
140759,9560.05322315
166366,37.4257091455
6104,4673.10598767
119414,5395.64465014
20109,2419.76978839
6100,141.635030626
10938,11157.759078
63290,357.616212899
124038,1446.25278662
140979,5889.68627008
63700,675.94235236
25274,174.098434127
155133,253.524569929
63708,265.613589001
9445,6306.98783277
117026,473.529937655
161869,346.792227723
24538,783.869412223
3708,987.371882555
118042,7824.44067794
150720,0.0
65421,1162.84232479
7959,272.735298696
61685,748.126042239
4462,855.973738429
3707,4347.96047863
4460,13262.744884
17101,11344.9941395
25241,2008.22309291
13579,4383.74285179
6109,821.748615622
4918,5738.9187945
162449,3736.37756848
162448,5764.22970511
13570,7245.39043717
4911,5511.61646181
162283,2044.51867799
12756,0.0
5750,676.722257703
64088,1100.42379183
17269,704.963307838
24878,17.5708375165
13235,477.086672693
156578,5974.45167391
184542,9307.52980239
166705,2019.24124778
10063,11733.4221959
21487,69.7572325849
24782,3808.38323233
9203,10070.9408669
5179,2.44691901167
24783,1170.79634246
62549,6165.55112414
3416,34313.6438567
8530,6635.59111736
176973,1445.30284439
20779,19676.1813017
182309,505.401401167
3410,674.545711493
121713,7351.77760254
182307,132.81294576
165051,154.983189046
21374,749.61799399
30310,445.99345159
10000,6788.67871935
146354,16260.8416784
12377,0.0
176035,265.593089125
12379,15784.7864687
15293,2352.98999565
62948,1804.44124931
6326,2943.918106
30234,1751.07094624
8333,4.42742395563
2019,2116.01087505
144998,129.035958193
65609,209.45296657
12171,1260.81064859
135484,14848.0759405
4860,382.286821592
162064,5935.63562843
4864,15167.0353468
25711,6238.08921664
264388,994.169707479
113362,11385.6964016
163629,566.185799018
10286,5219.45631082
14108,2811.36908002
179577,1079.871001
264385,1192.80314001
15197,1628.67582248
264387,2778.65412169
112410,3518.83800903
17715,15326.8290783
9664,515.757949402
29206,59441.3403792
125360,936.802040868
10115,510.616058268
25495,1946.50120966
10443,1143.01660142
21776,696.970530216
21777,12822.7642973
148770,2538.42053003
7447,729.489469402
10839,0.0
63123,2743.47123841
160282,274.438810583
15347,3632.3243496
176639,7756.92741792
25719,689.77658301
4485,370.181523546
1439,2578.62826382
10597,8721.07379311
149082,93715.7529864
5379,349.61107484
8972,5799.00966992
176325,0.0
29099,5045.09468723
15199,17564.4429581
112168,10055.2800586
17908,4298.23206911
7138,34212.0119386
260737,0.0
122519,331.338006985
7017,3337.20854664
163889,15153.6024736
175741,629.044635419
122515,269.967884823
14616,764.466796237
179974,2649.49811572
157353,1492.21466784
29448,2528.52222619
29449,10914.4076558
178310,2270.86796325
142230,3156.2324308
29211,3466.14471802
164624,3212.55876154
175404,1128.99593686
178319,3573.67178998
29332,156.752717576
2856,20118.1239753
29446,1978.31210189
174656,1453.54808392
176255,12.7577505926
18241,2994.76440644
176251,16148.5221443
176928,7704.77723845
30443,11706.1433105
137704,218.342958045
15521,22881.8915712
133885,1316.6284437
30662,2527.8734909
30847,29.9534648461
156861,1062.70730041
147792,2277.68517441
142546,4308.18117273
109366,173.028941559
176118,26268.3437116
133888,6002.90701827
3153,758.38304443
12992,218.934233076
164155,385.219578467
3157,9665.3423021
7620,2467.84981209
126772,0.0
112095,2803.57842837
28795,313.778097444
3158,3690.25702684
185926,138.953886068
25950,2822.76882316
28791,16126.2945358
1635,8172.34845546
180833,3372.10123256
3394,1858.48138399
3399,6.16065159859
64162,883.310416151
121717,3167.13095639
174077,20209.2308443
175079,9350.273716
5408,3412.25188406
30205,0.487248780991
29028,14556.3146267
136725,670.800228504
129469,5808.71695696
129466,537.772518628
19807,0.0
164258,67.3460828198
66281,15666.3761376
147660,6889.20423495
147661,126998.810992
66285,1079.51151928
23553,1709.745678
66288,2437.22338082
18110,866.099202474
65540,141.26175082
15414,5848.56342094
8113,1960.37921661
5237,12035.1744822
13375,1453.95489212
23084,12419.0312998
111103,0.0
184899,5456.59442338
18307,718.23612662
10598,67.4175112693
5543,1821.99370493
29156,4402.44326972
111864,23704.9813561
13125,18027.0862532
29150,7705.46899822
29151,147.675801339
175674,18083.7653013
25860,6512.86352341
3082,2657.0959511
28641,7.72112537047
111819,3682.20257968
158053,18433.6358368
61399,1674.60996173
65050,875.211642225
22207,129.342300489
22205,104.148885526
29870,6464.04515734
7506,37040.5292393
8577,1.08847262498
7124,564.193180947
3946,50.8558035239
14359,4113.66513059
165394,3027.7158244
5899,6199.02506163
11234,1689.85573088
13800,2001.6213056
2124,7054.71786489
28176,416.364542896
12578,1156.84696129
139201,732.958208462
61712,1140.02187132
15252,1089.53114306
15253,163.823783955
12576,7687.01219578
161055,2640.91303423
12575,106.687100527
28775,11253.6042329
24428,100.367803524
25915,9881.22695245
174301,430.87455079
145407,11542.6453472
64915,572.828829715
7401,4980.42624001
117901,2089.0243784
25918,33.2029784326
117903,6471.24768107
25318,13792.0987134
178684,3585.33943938
183903,2440.08767657
22447,9326.1432274
61574,222.137328278
61576,24418.5152744
25313,0.0
25314,15579.3605668
182491,4230.0
61572,1446.54455896
116504,4729.25392675
163822,158.732516584
166583,0.00704225352113
178529,594.661419583
12615,14.7690355445
2831,2193.07269281
119714,1556.16407578
185128,9751.06057249
161048,553.25763243
13710,10049.5828926
2812,2347.54198162
13714,7475.63394318
3971,16449.6775284
137371,0.0
60979,46.3795039436
9890,4300.67517306
61406,265.124412341
61155,2837.07719339
165710,2.23287398493
61409,182.427201657
31276,3883.02702429
177206,5171.14997421
30646,4280.65129999
182701,4351.18169483
61885,1000.16430715
30647,3283.81545008
24466,98608.3570765
65702,319.906854178
120456,3239.66566562
141240,292.507671401
183879,2349.33906004
165979,0.0
181104,5407.78822288
136804,2655.77512814
2818,14504.3192355
1254,1603.91296419
141363,21604.1103192
148219,139.355021938
184551,3314.09336362
164075,297.456617349
18329,1183.9978887
149318,107.639318317
13623,566.523038868
2337,260.86545021
17184,105.364777943
12761,1151.2087386
156153,10428.0184181
140760,22.8098219078
140761,1331.91263769
8219,1953.81877311
64082,152.478734849
64891,557.100345871
64720,6520.81903215
64896,39.6204757772
25481,2025.47091069
24795,219.878933826
157414,523.869041484
16477,13568.5671355
9472,543.453325764
2574,1792.29075774
14252,217.991143914
29984,59.6840093526
2710,5001.53773187
162384,649.298533924
162385,1160.30979035
116895,453.676055575
61971,0.0
141496,1374.06488671
25462,2314.90778811
184884,1029.98864567
61976,856.900593107
176135,1332.89242831
4477,1091.04052503
24996,410.670451652
6003,1922.5814721
4678,1037.39986152
4900,4866.07249626
4903,7560.46735309
4674,9910.64832896
13562,5020.33445477
118046,1934.56886839
13561,121.423627992
7437,5207.42404552
177487,4369.47954816
153191,2459.02136199
24844,44.1803553557
24843,1082.82989008
63959,21.9224008356
9465,2196.23091283
162497,2844.26430638
9273,2323.24428582
64275,264.696063627
24197,291.931382354
5149,11794.3461104
10056,4091.75049859
5142,514.963098149
124775,7813.89987373
266163,54100.9255887
156617,20164.1286583
160163,0.0
29612,514.639373648
27780,3983.27405267
63000,2020.66251521
135844,2935.23262029
266160,328.053932477
12389,16896.2149572
7435,38.0395891076
177731,4230.0
28460,1123.57913983
10349,288.849572844
150306,9028.22855718
166005,5087.78098859
12142,4206.41403367
12141,10558.0196126
6311,1880.32230425
10615,237.673131685
10614,11.4246489745
64383,200.891026109
185289,4394.30502951
10618,0.0
64389,1155.23024621
3413,1325.29278848
6034,0.0
7161,14.5863540078
64063,466.44002061
61544,325.715142189
133366,3879.84171432
133367,60.7574071915
163633,1638.72456329
4926,16335.6668247
125358,16515.5886222
6136,4715.60529561
113371,472.380906365
175689,154.521487347
62990,24733.622672
30576,17116.7634393
28770,177.458096475
166435,280.948502825
10121,1734.62199027
175686,2780.0310628
9302,4169.14280856
10124,4230.0
21743,416.591258549
2820,0.0
13142,2698.34272585
10692,524.205706962
133766,7324.23949638
133767,2780.14660952
157058,1391.7760298
157057,1062.89910819
175111,2371.31273672
175110,19536.3705787
3570,4722.26624178
63135,2548.92543763
4497,1552.76843825
162127,1139.07836712
9783,2542.88425205
17168,2575.87794767
13380,1146.02921493
13381,2821.04781786
63405,1353.76342578
7241,15306.3658279
162129,1165.07709009
6821,3063.8831243
120794,3162.09049903
2938,2926.27394878
17266,22197.9203867
176863,5826.48518718
176861,10441.9201057
176867,3025.82305643
133504,9091.83112181
108778,16.8149252807
5327,18.2657113048
7849,1297.63641714
16845,3088.30002579
174648,1451.86565301
10540,5082.22777426
179417,428.948010754
14606,175.747410928
66599,246.535551916
11896,7270.77580263
25047,1198.6456811
10549,264.830159017
14603,247.193434065
62667,60786.1618055
62666,5095.29170099
20204,636.878298374
63224,3846.85066219
29829,289.400737519
178304,0.0
22306,32351.0234076
29300,2369.19527189
115757,0.0
29304,3576.23205899
14282,25479.4179569
14934,1244.69900275
4881,1754.18238598
8810,10152.2815984
30473,7203.20547416
18276,5179.25397505
137131,40.2732109985
30477,10561.6016907
164543,17929.6992972
13032,160.624170386
11094,4263.33282783
8079,885.511385778
11096,1922.95234616
164365,2518.23555274
178943,9783.05336273
3969,218.303217617
179437,12.1049874134
30877,42.4449772716
8210,644.999448408
8213,1436.34524398
29946,41.2497067782
184157,2204.645906
8214,705.980418078
164368,1146.5287633
30870,0.0
274165,483.837143611
24216,290.327410428
12726,1989.91216322
2802,8052.27101231
12964,1938.10337037
24219,10014.3938506
28785,891.537213879
162876,1984.23100708
28018,2109.66109587
143153,2354.37416233
29015,778.443111468
62266,3984.70497403
7092,93.1410150557
3369,1675.82507356
62263,3463.32680721
63490,12694.6774224
66697,375.026563129
160657,1349.06377527
3362,711.544240714
31203,121.513160662
29830,3540.02736507
10658,7.83974447312
29837,208.81686179
63495,5941.62106879
136864,1041.67596606
178545,2911.32257647
8105,2.05105481842
13963,0.0
109683,3762.82141852
185018,656.57595859
4279,8944.96981831
183421,4086.5605805
66290,772.047442124
1356,8.04276266122
61489,942.301142724
163975,1545.13914616
163946,4153.81492935
5559,1804.9071975
9867,2433.29754289
180646,5879.35485987
163587,1718.2411647
25852,246.947409203
28303,819.738091084
174428,16728.9938632
11811,39576.3698432
25859,3142.96016313
133724,804.743636633
66630,7361.62034578
176637,4605.51660365
141400,4972.62784663
29164,2452.11072146
8582,183.014690571
185229,1164.86305862
110802,0.0
8363,2988.7306236
145308,169.786805729
144520,13428.0454642
12994,287.376370613
114484,477.550971262
9063,2522.79464244
15267,7993.06843265
144097,6304.55415243
12545,326.951837815
62723,5199.16499875
179441,4596.57705499
120297,7074.46873739
15261,1295.26968598
12540,47437.9047653
5888,400.348365985
12818,69.2949751329
180423,13843.7780727
150277,8256.3405594
123017,726.412209456
123016,3347.71361874
15060,713.780400262
61766,0.0
165411,1698.20153337
30899,34.7984925137
25923,1707.68066622
25922,1112.21405471
25921,7792.58635707
28762,3537.52027133
145416,5872.14052254
24430,6684.09961519
185227,6891.03305752
22325,6945.93795293
28769,3035.49440694
155738,1.28264748895
165854,3417.51491158
130298,46.1249243402
160961,1853.60981022
19094,3352.0045418
147579,17295.3102256
160592,6182.29019431
25676,551.270133827
163627,8678.88840534
6639,695.247244362
11550,2545.96550907
18654,0.0
11555,1801.8167228
11554,17606.8598727
185112,3266.76003275
23450,293.847108933
264386,1292.40407792
5878,9915.06266538
141982,3065.95865572
9667,0.0
13709,114.542195597
165702,1932.25049098
25396,7935.10139803
177780,6118.13414887
161067,9497.9088096
13700,0.0
154739,4605.14528252
4016,1382.76139776
11399,1698.38066072
160598,370.587797147
30277,2410.55148267
19433,2992.90343388
151544,1949.20580786
19431,16926.9532899
9882,121.309237729
24720,151.573281404
65133,472.460353945
61163,3475.25619107
7509,564.778900491
65710,2192.99980457
65247,188.045294291
65244,722.284021489
65713,861.627667684
65717,1792.11187399
65718,1570.81845784
13432,860.573267606
120444,14188.5218186
10386,293.983277606
3612,9.9271186419
144009,2586.14038588
184526,0.0
184527,9990.38638674
119474,1776.43880233
127481,459.282812156
25130,3403.42389029
61188,3261.6122709
30727,2.64298703693
13634,628.72379673
135004,0.0
13630,4189.83402073
175004,387.733283017
2328,2028.86748711
65399,724.001749846
154714,573.837316556
10441,433.022231532
117862,250.191318574
117861,4329.29983627
157415,373.005152146
177300,347.540272816
177650,1324.73045304
177303,5584.60462758
166142,764.239600807
185518,67.7774391336
9916,584.271638715
3562,2402.40325879
161843,0.0
161844,2419.25069753
31227,3527.41039338
127455,39801.8583533
148772,7075.5801661
177429,0.0
64102,3517.06876898
63725,1227.07073973
1440,1010.18460408
63723,4201.55026433
31593,9017.09494228
166363,1753.24850354
25320,5214.12893835
7257,103.14768294
2295,180.006578869
138707,218.250542121
111662,8319.32138179
61984,1444.45077345
24980,1317.97862966
9919,1530.93311089
15520,0.0
7251,311.064806323
142956,215.540299998
142953,89.5197503217
2490,4061.59165965
4640,4932.13669373
3662,24910.1254838
2497,11243.2498941
13554,2685.2586552
3243,560.014906589
109580,1084.01516074
116791,249.860500424
2259,6651.97634695
63120,5861.37738676
253527,239.586594002
184603,2678.53867527
17245,4879.87315718
24853,2183.05078463
61483,185500.049751
24856,799.474565558
17240,4255.49419365
28296,1520.63739938
62525,139.341413715
121080,14433.2047737
175510,19554.0484375
10735,37483.6675075
162489,2228.73125162
19817,7521.51217301
7875,623.884429131
185453,934.746684642
28295,0.0
180635,1691.33591221
63030,2584.83364587
9728,139.382699978
2787,11734.8966883
17180,3788.59427656
2783,2154.3336178
12304,4083.43531771
4809,2417.21557798
12395,31622.9828022
12392,873.713334453
26016,3653.30924397
26015,545.300409848
26012,182.994056959
11600,13603.1715979
26011,1079.3765351
6304,2610.81794528
6307,3757.70399843
10609,540.667869646
128663,3549.04177064
22612,182.018939333
10380,1097.20089509
140736,1466.35286742
62290,4.67334606124
152149,5013.45152188
179082,1607.03765916
9083,3837.2932319
179084,9099.38875246
176781,1994.77423446
63454,1138.00204246
63456,22.9549412589
121153,3881.28822099
27981,2481.93135439
27980,0.0
62984,1654.11680407
147868,2750.69699251
21595,207.834747423
10426,21692.7977275
21593,164.524811511
27988,228.307468669
112366,2011.55091279
132525,10747.9356293
164422,2312.77694178
180597,1.26861749224
7277,33832.4662072
7275,415.233734154
176659,859.618614628
176658,2357.60803732
3502,121.067551059
7279,13553.2035396
5087,0.0
3505,1164.31170162
8958,110.366695984
155280,12859.4367409
8551,831.945281953
11672,1135.51985
162644,341.292170132
157954,7260.65754223
185584,1492.26723662
148552,2369.1491406
6831,18288.7228335
6830,8849.9096896
6836,152.997409116
176873,59.498777207
176874,2774.41928576
113419,39068.303598
14639,643.942676321
14150,150.721323768
62689,817.184837535
112968,5126.00496236
29312,4609.46020319
65896,0.288655589421
125237,6796.53056618
5338,2572.89972086
125234,331.911979816
11315,1524.58760072
1682,146.327100956
65350,76.4333528758
1632,4786.57279462
1633,0.0
1982,1335.74217959
30461,1116.77145437
30463,477.175579882
121718,37957.7038175
144066,9039.69058531
3218,0.0
11584,32431.2867464
1988,0.0
8823,7779.22198006
61095,8579.69371091
8826,173.672121421
163601,42622.7686031
13041,1244.6067222
164557,3273.21033537
147312,490.355064318
18040,1453.54841225
29011,501.990815597
2817,2064.43430936
2811,13009.8749873
30649,72.0855175714
179428,6846.60829279
30861,1885.59549827
157865,1036.82348392
178939,3330.6903834
30640,2974.45325988
157862,1053.71937252
155282,1919.64141266
14256,1332.80474633
7647,20981.1671971
14253,1598.90655121
151606,1870.25335013
3170,886.503800625
24225,2626.13323672
7648,13768.109815
12972,16251.7659535
119275,23927.5237205
122175,1919.49259546
29001,3313.80276568
7085,2182.95050564
122172,848.484941909
20245,326.043632666
123097,397.853590869
29791,254.357550704
30260,0.0
66286,14132.869928
175654,2.46113293609
166591,1002.78737559
175308,1706.30332125
6461,18152.6715796
179889,728.086560438
175307,3473.19608092
16957,2154.78233147
1743,31753.6576721
6497,6181.92701824
178063,1091.40060309
140030,1382.03635051
1161,317.917499834
8176,4876.76920115
184225,996.652192609
160329,6592.18669697
4242,1709.11208766
126615,717.374571713
66515,2463.68076549
4241,1365.03684643
5520,43.4735698663
5523,1674.96147274
160416,39161.9652087
5526,1345.136308
178846,3044.7803947
7922,7923.54773631
160706,322.42103052
160417,5159.52265755
7295,0.0
14412,0.0
24539,41839.1191224
122514,212.004133462
14417,7081.41759992
25845,0.0
23812,599.111382822
24533,16039.9695152
28378,3.34723119148
126296,2996.57658675
7921,1538.1119674
178443,930.97307817
5742,11927.3729013
31037,409.960612142
31224,136.545869439
162909,548.532291808
178113,1872.36901525
126056,1845.93889277
66354,9043.72684859
1562,84.3946856692
30082,20638.403857
66602,7.8582005811
29173,2836.88369408
11257,456.771537858
2990,4554.65988062
5250,47091.843123
27199,25610.4014392
12804,0.0
156618,6423.10642513
15274,8955.74222357
1659,10042.5135598
65899,26013.4238627
23195,1395.17802154
8007,54942.2943321
16453,3261.26453591
8001,11905.2600523
13824,339.221556478
184180,1307.74528112
165179,2.18199522311
24405,4271.58494743
25937,90.3609616873
6543,536.800252714
5639,889.46298009
16836,4851.64381683
4390,0.0
28194,6633.34366332
63232,1213.74131448
28191,911.828610544
121381,830.063565284
30888,2037.44039438
180183,8480.06454853
29729,20011.3271417
28209,4414.65149295
8486,573.088629464
25279,34.2409640034
25935,787.783718306
174449,4837.04803546
180636,6227.23492417
1864,345.479939866
