180167,7
61519,7
19713,6
61513,7
23999,7
22461,7
180169,7
63763,6
13733,8
165284,6
111537,6
111534,7
111532,6
166555,7
4029,6
177227,7
177225,7
60914,6
19398,7
161071,7
132644,7
177228,7
22260,6
24710,7
19159,7
160891,7
160892,8
160893,7
180562,6
19150,7
127475,8
16671,7
65270,7
277918,7
150179,7
25069,6
165914,7
142814,7
149337,7
61192,8
142811,7
142812,7
6158,8
12708,7
164086,7
13602,7
4737,6
6791,7
118126,8
2312,7
118122,7
118121,8
177313,6
25665,6
177315,7
177314,7
165358,7
140541,6
166482,7
166485,7
23220,7
63739,7
10757,7
128581,6
25283,6
13453,6
22717,7
119314,7
13540,7
138743,6
25119,7
61996,7
30662,7
16700,7
25110,7
7993,7
141236,6
7991,7
28998,7
63930,7
2269,6
63936,7
116787,7
19570,6
7881,7
63938,7
7882,6
162254,6
20747,7
124599,7
17035,7
2444,6
9256,6
139804,7
2448,6
63847,7
7866,7
184994,7
23697,6
176068,7
24888,7
61584,7
138608,7
2044,7
61587,7
146659,7
138601,7
148414,7
4818,7
163036,7
148410,7
2049,6
6379,7
26021,7
64901,7
28410,7
12123,6
124358,6
12124,7
10631,7
24204,7
176782,7
10411,7
63814,7
162742,7
11944,6
184639,7
105538,6
63447,6
165675,7
121142,6
160256,7
160375,7
161072,7
63448,7
135965,6
16926,6
162560,7
8947,6
61179,7
164416,8
160376,6
157074,7
7260,7
12234,7
63596,7
12236,7
125531,7
160255,7
139025,6
180958,7
14624,6
62646,6
179186,7
62640,8
3851,6
152049,7
10567,8
10565,7
125240,6
3394,7
194255,7
176268,6
24157,7
194256,7
3203,7
10096,7
187406,7
30416,7
182116,7
178327,8
182112,7
185483,7
138467,7
147303,6
147307,9
147305,7
8832,8
164342,8
30328,6
21440,6
29962,6
147750,7
112030,7
29964,8
28564,7
171097,7
24232,6
24233,7
24234,7
17069,7
12945,6
62243,6
62245,6
183224,8
175087,7
157493,7
175083,7
20653,7
108482,7
175319,7
30259,7
175646,7
30255,7
136844,7
156384,7
29762,8
1177,7
183850,8
1173,7
30740,7
157921,8
13940,7
65376,6
31122,7
31692,6
23500,6
160719,7
5530,6
5539,7
162925,6
178851,7
22861,6
10332,6
11169,7
11161,7
14402,6
14403,7
29108,7
178453,7
29433,7
8762,7
66610,7
7183,7
7185,7
13835,7
13836,7
66161,7
8387,7
8386,8
61693,7
185269,7
127644,8
13839,7
12833,7
12874,7
8549,7
65884,6
23616,6
8543,7
8542,7
6573,7
170327,6
6574,7
162699,6
180193,7
61745,7
27760,7
61743,7
28180,7
130762,6
7694,7
144435,7
7696,7
143357,7
28749,8
111940,6
126600,7
28216,7
23291,7
25946,7
170458,7
65084,7
63866,7
8807,7
10884,7
155394,8
155393,7
4036,7
1228,7
184449,7
60900,7
177256,7
177257,6
177255,7
161040,7
18732,6
184442,7
11372,7
179925,7
24708,7
141178,6
7525,6
6532,7
187253,7
160888,7
25056,7
16668,6
25726,7
30861,6
190963,7
189567,7
12711,7
12719,8
184500,7
6781,7
64708,7
13619,6
6788,7
164432,7
141359,7
4723,7
65643,7
65640,6
120048,6
62919,7
4340,7
11286,6
186290,7
21118,7
180363,7
177108,7
177109,7
148313,6
16716,7
25430,7
16714,7
65467,6
16710,7
25124,6
11756,8
64595,8
2270,6
12005,7
174729,7
65971,7
166583,7
120359,7
2154,8
63907,7
63901,7
9248,7
133871,7
63057,7
9538,7
141846,7
63058,6
64028,6
153128,7
65515,6
138613,7
174390,7
13289,7
13288,7
17534,6
24890,8
12403,7
158414,7
180658,7
185908,7
146648,7
4826,7
61839,7
13440,7
12138,7
26038,7
7985,6
64934,7
26037,7
24096,7
10405,6
62472,6
10407,7
29151,7
24099,6
161852,7
10390,8
64334,7
124434,6
147849,7
186473,7
27965,7
179298,7
187529,7
27960,7
149683,7
66235,6
1979,8
14898,7
176670,7
18844,7
150477,7
14891,7
164404,9
6216,6
63874,7
176479,7
176475,7
15708,7
14650,6
9299,6
62654,7
62655,7
179624,7
185018,6
179621,6
16705,7
62895,7
14090,7
3231,6
1968,6
164572,7
1618,7
3238,6
175523,7
21429,7
179534,7
12956,6
12950,7
142748,7
22207,7
13782,8
160661,7
160667,6
27810,7
122394,7
187739,7
3358,7
164756,6
164755,6
174236,7
5442,8
7065,6
7063,6
11842,7
147204,7
30539,7
30536,8
147208,7
29804,7
11687,7
264509,7
12482,7
15452,6
12485,7
178003,8
132482,7
8151,7
186159,7
179841,6
179840,7
179843,7
184057,7
178862,6
178863,7
178865,7
24396,7
1545,6
187644,7
11115,7
14477,7
183528,7
66379,8
166639,6
154758,7
144640,6
66371,8
148950,7
31203,8
31752,7
109186,7
183879,7
66155,7
30222,7
127383,8
66158,6
183700,7
8539,7
27776,7
30461,7
160474,6
12824,7
12825,7
160479,6
7883,7
15291,7
151403,6
61759,7
66085,7
6565,7
29607,6
7685,7
5475,7
7682,7
28733,6
1380,7
186428,6
1382,7
29609,7
9155,6
12478,7
180145,7
64356,7
10420,7
177924,7
161055,6
8440,7
137024,6
24316,7
109079,7
11566,7
9258,7
160505,7
115876,6
160503,7
60931,6
61356,7
61350,6
62516,7
126496,7
129840,7
28648,7
21232,7
65218,7
19355,7
19605,7
25737,7
10187,6
16650,6
14182,7
114698,7
65180,7
30877,6
184514,7
4759,7
64857,7
64850,9
64851,7
64853,7
6774,7
10984,7
140529,8
10981,6
13664,7
10983,7
5870,8
65850,7
117902,7
65676,7
60801,7
60800,7
11296,7
9969,7
65671,7
177111,7
177112,7
186288,7
16401,7
25138,7
164557,7
158563,7
4632,7
65697,6
184604,7
184603,7
260779,7
16721,6
149268,7
11745,7
64584,7
11748,7
178201,7
165934,7
63919,6
11584,6
28195,6
11580,7
16929,6
63338,6
166593,6
25312,7
166591,7
65630,6
6008,6
121382,7
121381,7
7849,7
260893,7
153130,7
64030,6
4839,7
6357,6
16790,6
141459,7
162585,7
185645,7
185646,6
6194,7
6196,6
64929,8
162349,7
162346,8
64925,6
11636,7
140983,7
26045,7
9346,7
9611,6
13657,7
9619,6
13184,7
64327,7
3532,6
175404,7
22815,7
10364,7
160272,7
185661,7
5050,6
13189,6
135788,7
151928,7
9411,7
7203,7
7205,7
6223,8
63863,7
12216,6
12215,7
162160,7
160181,7
18549,7
17072,7
178015,7
164132,6
4476,7
9761,7
14084,6
186129,6
162404,7
62317,7
122015,7
10504,7
13071,7
24171,6
164506,7
179299,6
7331,7
5518,7
1976,6
176999,7
3221,7
176229,7
175533,7
6375,7
147988,7
8858,7
2163,7
179058,7
148170,7
138402,6
8850,7
123720,7
12926,6
178676,7
14418,7
30188,7
176659,7
187722,6
14269,6
10213,8
156633,8
184046,7
149477,7
1773,5
62221,7
108449,7
3138,6
112111,8
112112,7
24731,6
16785,6
8148,6
178870,7
6994,7
6995,7
184281,7
8633,7
61418,7
30293,6
18364,7
28022,6
2807,7
24547,6
19428,7
30298,6
15111,6
184040,7
162906,7
162907,6
29127,7
2999,6
66366,6
1554,7
10386,7
28340,7
2991,6
3036,7
66368,8
3031,7
187653,7
28347,7
174118,7
174119,6
30612,7
31748,7
31744,7
31214,7
31743,7
30618,8
178704,7
31564,7
66148,7
8030,7
178703,7
163983,7
62139,6
10380,8
163987,7
144567,7
25896,6
9999,7
17724,6
12589,7
177871,7
29129,7
178493,7
139225,7
12850,7
12581,7
31587,6
5608,6
29901,8
25964,7
11032,7
29900,6
15092,6
15027,7
161120,7
4001,7
111965,7
9325,7
1393,8
171059,6
183606,7
3813,6
127282,6
181104,7
22650,6
183603,6
8579,6
160991,6
110566,8
8457,6
23252,6
8455,7
184465,7
109084,7
15337,7
15331,7
176701,7
184263,7
181820,7
29040,7
122263,6
13200,7
185396,6
12458,7
165745,7
174115,7
61321,7
7549,7
61325,7
31368,7
65872,7
31567,7
16641,7
164411,7
154595,7
126718,7
64821,6
31560,7
166458,7
6768,7
189459,7
4740,6
10991,7
189491,7
189490,7
24610,7
118795,7
180395,7
150562,7
25633,6
25632,7
5862,7
25140,7
65444,7
177127,7
111491,7
260408,8
124634,7
64135,7
184673,7
184676,7
22729,7
4608,7
2184,6
4605,6
4600,7
13510,7
177872,7
138126,7
158354,6
178494,7
163921,7
5606,7
153728,6
165924,7
137611,8
64626,8
166213,7
121974,7
6130,7
5600,7
254399,7
124254,8
64004,7
65406,7
64550,7
64552,7
161897,7
2436,6
2435,6
16821,6
116772,7
185654,7
16824,6
185659,6
61811,6
141469,7
61815,7
181290,8
4510,7
184702,7
4517,7
184700,7
11649,6
133346,7
119493,7
162354,7
17195,6
2504,7
11644,7
141913,6
9355,8
9359,7
3562,6
5284,7
17173,6
170904,6
5047,8
5046,7
10374,7
63417,6
63789,7
3785,7
63781,6
183780,6
16910,7
163772,7
105346,7
6239,6
10777,6
4990,6
2290,6
12206,7
141001,6
12200,8
61608,7
63892,7
125276,7
125274,6
164680,7
63527,7
10519,7
9778,6
9774,7
9777,6
62302,6
121759,8
175509,7
8864,7
1949,7
9289,7
182383,7
9284,6
176239,7
175503,7
63099,7
1254,7
162770,7
146119,7
9023,7
146114,7
2859,7
264418,7
264414,7
264416,7
175263,7
133246,7
14219,6
3336,7
10200,7
108693,7
187714,7
160684,7
162385,6
160681,7
29755,7
10195,7
1704,7
29751,7
10190,6
61971,7
174744,6
170841,6
62236,7
10198,7
15855,7
179605,7
111629,7
29282,7
184885,6
176523,7
15350,6
178803,6
157679,6
178806,7
120193,7
30990,6
155387,7
8606,7
147349,7
8605,7
14324,7
106404,6
25880,7
14320,7
25882,6
184070,8
155616,7
15101,6
29131,7
66313,6
29133,7
24379,7
143526,8
186715,7
186714,7
3650,7
3024,7
2986,7
174108,7
157354,7
29910,6
137230,7
137943,7
30354,6
160990,6
183388,6
31775,7
8838,7
1234,7
30778,6
8515,7
1230,7
180635,7
126721,7
4194,8
12598,6
4193,6
13861,7
175966,7
5671,7
192856,7
137874,7
12840,7
4351,7
28717,6
6509,7
145977,7
31489,6
31488,7
3612,7
145979,6
196355,6
31170,6
174567,7
66228,7
23062,6
111976,7
29627,6
171049,7
29621,6
25434,6
163887,7
61028,7
183612,8
23485,7
8463,6
143689,6
11340,7
11669,6
184498,7
11343,6
23714,7
111779,6
110685,6
24755,7
12445,6
184254,7
5709,6
184256,7
12441,7
153793,7
185380,7
8199,7
177267,7
177264,7
187041,6
16637,7
110179,6
180016,7
61338,7
176874,6
65417,7
31392,7
177287,7
109926,6
165798,7
64156,7
13646,6
28866,7
4771,6
13988,7
165640,7
23809,6
165649,7
166443,7
65838,7
24620,6
65831,6
25623,7
4418,7
30857,6
25627,7
154039,6
24978,6
16745,7
25405,7
25406,7
16748,6
24975,7
17341,7
184660,7
12053,7
130200,7
266315,6
25396,7
4611,6
141278,7
158587,6
183942,7
28769,6
62057,7
162559,6
12691,7
151630,7
2222,7
2220,7
272699,7
177734,8
65235,6
24440,7
165264,7
151632,7
10832,7
64630,6
177739,7
150139,6
64637,7
64547,6
10305,7
66697,7
63927,7
64549,7
65548,6
62169,7
146616,7
4503,7
63667,7
25570,6
25572,6
7824,7
26067,7
166061,7
124394,7
26061,7
117161,7
184715,7
61732,7
2080,6
16698,6
2086,7
26069,7
126296,7
161813,6
3342,7
2538,7
27794,7
161814,7
64942,7
2536,7
11657,7
153028,6
160213,7
2710,7
141496,7
160216,7
29968,6
160214,7
174147,7
107446,7
105574,7
8987,7
7951,7
149070,7
64304,6
5073,7
64306,6
5071,7
184259,7
64302,7
63405,7
1837,7
185824,7
63790,7
185827,7
185532,7
185821,7
116166,7
128098,7
137642,7
2150,7
2403,7
184807,7
10740,7
20904,7
183920,7
18560,7
62686,8
1951,7
160329,7
152249,6
62330,6
156383,6
63538,7
199356,6
8873,7
63083,7
63080,7
3243,7
24113,7
29359,7
13092,7
3246,6
170804,7
11903,7
179077,7
12909,7
30161,7
179700,7
185836,7
62755,6
9016,7
62204,7
7034,7
10236,7
10235,7
20297,6
5496,7
5492,7
27823,7
5252,6
1712,7
5250,6
180833,7
24021,7
5254,7
156613,7
31881,6
63337,7
157218,7
12141,6
156614,7
176558,7
179671,7
150221,7
176556,7
178811,7
119316,8
184064,6
178814,7
183283,7
6315,7
184068,7
179818,7
179819,7
11124,7
2061,6
179817,7
7781,7
31764,6
122211,7
122212,7
62110,7
178995,7
7146,6
10999,7
183570,6
29382,6
164652,7
29386,7
147340,7
23810,7
29435,7
183377,7
29389,7
1004,6
143640,7
114880,6
184392,7
183593,7
13871,7
28380,7
110760,7
4186,7
30384,6
160448,7
5667,7
147708,7
165123,6
166451,7
175978,7
4341,7
118577,7
180711,7
28704,7
2884,7
24617,6
14535,7
11017,6
174393,8
11012,6
187205,7
8611,6
24293,7
126136,7
22632,7
66261,7
163893,7
145701,7
65106,6
144383,8
30067,6
26520,7
8479,6
113371,8
8475,7
184487,7
161000,7
7566,7
12471,6
150838,6
15314,9
177921,7
150837,7
61494,7
119173,7
177925,7
184241,7
61490,7
1598,6
187450,7
186501,7
61655,7
28675,7
61656,7
61302,7
110164,7
3905,7
165785,7
180229,8
180228,7
127179,8
28877,7
6742,6
64410,7
165652,7
120774,6
163948,7
185289,7
121257,7
140042,7
3278,7
9954,7
7368,7
64794,7
186683,7
25167,6
25166,7
29061,7
63138,7
181269,7
174136,7
32280,7
16597,7
17168,6
166789,8
183974,6
184652,7
161952,7
161953,7
7241,6
12689,7
11796,6
2237,7
65220,7
186898,7
176760,7
65226,6
158737,9
65228,7
175111,6
65958,6
186893,7
20847,6
25509,7
186874,7
1633,6
146607,7
13406,7
65552,7
4579,7
63651,6
63650,7
65556,6
162809,7
65554,7
26071,6
16188,7
16689,7
61870,7
16681,6
64979,7
11465,6
24965,7
4494,6
25389,7
11462,6
65689,6
154056,7
134932,7
27920,7
160204,7
160207,6
10353,7
162557,6
27928,7
135425,7
9372,7
4885,6
62921,7
17151,6
17150,7
102696,7
158743,7
158742,7
9171,7
10685,8
25186,6
25181,7
61900,7
61903,7
186278,7
186279,6
1820,7
1823,7
190567,7
6115,7
12262,7
105365,8
162129,7
12266,6
4973,7
10530,7
5395,6
122841,7
11805,6
1920,7
185345,7
63501,7
3275,7
1926,6
4225,6
148350,7
160331,7
9715,7
146137,7
124046,6
116029,7
1602,7
7366,7
65886,7
12311,6
176725,7
176726,8
11930,8
112876,7
161798,7
179249,8
30175,6
133468,7
30170,6
12915,7
7022,6
62213,7
62217,7
3310,6
10221,7
20029,7
29733,7
140194,7
9393,7
184287,7
1728,6
186084,7
5581,6
5241,7
180822,7
4383,7
62745,7
179666,7
149620,6
175163,7
147175,7
178538,8
178539,7
115121,7
30710,7
175271,7
30714,7
178823,7
7799,6
174490,7
3007,7
28462,7
18358,7
28629,6
14304,8
14309,7
66504,6
189860,7
186437,8
174169,7
24352,7
126036,7
7154,6
143356,6
4409,7
140044,7
144437,6
62667,6
142251,7
29930,7
111000,7
29392,7
7691,6
188157,7
66686,7
188155,8
183581,7
29613,6
66681,7
12868,6
24291,6
145552,7
143421,7
8060,8
7486,7
7481,7
132518,7
6529,7
24032,6
8266,7
150937,6
30398,6
133869,7
133868,7
174389,7
29734,7
121717,7
187119,7
11060,6
11065,7
23002,7
183108,6
29649,7
31629,7
175013,7
156156,7
156157,7
183101,7
17694,7
17890,7
28967,6
174541,8
114524,7
129823,7
3835,7
3863,7
1722,6
144396,7
170627,7
66592,7
13341,7
160541,7
160546,6
177930,7
161013,7
66599,7
23226,7
16453,7
23224,7
161014,7
160785,7
118267,7
160781,6
19137,6
5723,7
160838,7
6416,7
6410,7
61487,7
28608,6
27828,7
65532,7
66446,7
61646,7
144559,6
2136,7
189516,6
266216,7
60992,7
3969,7
117768,7
11499,6
6733,6
166460,7
137131,7
162457,7
8087,7
4156,7
25095,7
11259,6
14032,8
60846,7
163930,7
140073,7
163935,7
61004,7
181989,7
65036,7
165466,7
165465,7
28119,6
28118,6
19262,6
130041,7
183963,7
22772,7
141460,7
25173,6
65365,7
30651,6
145049,6
64848,8
145042,7
12075,7
145041,7
145046,7
119574,7
140672,7
161942,6
31843,7
31846,7
5902,7
15087,7
165209,7
65967,7
10816,7
25774,7
150481,6
19318,7
60902,7
63640,8
6310,7
63643,6
24825,6
12559,7
8214,7
65765,7
184735,7
4560,6
109826,7
147183,7
15212,7
164369,7
148470,7
186276,7
11670,7
117141,6
11672,6
64480,7
117145,7
2556,7
28460,7
2558,7
170335,7
141389,7
12788,7
165846,7
24912,8
2393,6
2390,7
12785,7
141384,7
27932,7
63422,7
11376,7
27936,6
27937,6
5018,7
2771,6
27938,6
27939,7
17780,7
160233,6
2802,6
16416,7
17148,7
25201,7
17145,7
7977,7
7970,7
6266,7
16781,7
12252,7
12250,7
176404,7
118223,7
6268,7
185517,6
119594,7
6066,6
125601,7
2176,7
125604,6
17095,6
7526,7
122902,7
14828,7
143153,6
14822,6
113269,7
14824,7
160341,7
62592,7
62590,6
10035,6
5125,7
10030,7
64218,7
146140,6
61069,7
29011,7
25079,7
8898,6
175064,6
8892,7
3469,7
177882,6
11929,7
12321,7
186087,7
31718,7
4331,7
11923,7
11925,7
141720,7
14954,9
62107,7
14225,6
30490,6
21241,8
30495,7
25356,7
179234,6
25180,7
62553,7
183902,7
29099,6
29097,7
108664,7
1585,7
186671,7
29921,8
29101,7
176572,7
164255,6
18699,7
9216,7
29705,7
5234,7
175376,7
5237,6
164494,7
158791,7
176375,7
11811,7
2052,7
179657,8
15803,7
11819,6
176378,7
15153,7
29894,7
179342,6
179831,7
184009,7
137373,7
162941,7
109930,7
18329,6
3071,6
28477,7
180937,7
14311,7
2953,7
31702,6
31703,6
183366,7
1974,7
5342,7
7163,7
126020,8
186180,7
137573,6
30032,7
12140,6
1209,6
30007,7
12895,7
8073,7
31521,7
23107,7
1210,7
12892,7
18037,6
107032,7
61483,6
175955,6
3424,6
8272,7
183580,7
28278,6
2002,7
66210,7
8068,6
187105,7
3107,7
162894,7
30727,7
178752,7
175007,7
175006,7
20338,7
1117,8
8493,6
114956,6
174531,7
174024,7
175008,7
1449,7
28296,7
4091,7
4090,6
31453,6
4094,8
185194,7
185195,6
183640,7
6333,6
185190,6
185193,7
23587,7
177943,7
6669,7
66588,7
177945,7
66586,6
111721,7
11313,6
19129,6
160797,6
107325,7
7585,7
160798,7
19124,7
180029,8
187039,7
7741,7
61676,7
174449,7
22500,7
150258,7
60983,7
161966,7
8264,7
8304,6
166414,7
6528,7
6081,6
28853,6
61581,7
61585,6
8092,6
155225,7
61586,7
4145,7
163920,7
160196,7
16066,7
163927,7
163926,7
194956,6
24658,7
65021,7
65026,6
177895,7
177896,7
160488,7
110529,7
180118,7
22761,7
165691,7
1487,6
12978,6
165699,7
16775,7
16777,7
128978,7
158313,6
110250,6
25340,6
12065,7
6097,7
185177,6
61285,7
12669,7
112362,7
6653,7
186139,7
185549,6
177099,7
107817,6
19305,7
25749,7
25747,6
127797,6
25745,7
64844,7
165215,7
10801,6
65796,6
120358,7
161996,7
161997,7
63639,7
24837,7
64515,7
184742,7
266214,7
148469,7
185618,6
65772,6
12379,7
183826,7
19873,6
184748,7
183822,6
13421,7
2547,6
64997,8
153895,6
114608,7
11440,7
11446,7
165854,7
3556,7
64175,8
186989,7
12796,7
65587,6
177764,7
156155,6
3580,7
3581,7
160228,6
8867,7
27906,7
177697,7
140938,6
160225,7
2285,6
182387,7
260774,6
64193,7
25234,6
17131,7
176237,7
17132,7
64199,7
7906,6
17136,6
125580,6
187692,7
61925,7
4423,7
4622,7
137371,9
111179,6
148391,6
148390,7
64879,7
162401,7
122916,7
122915,7
6078,6
2615,7
176238,7
193855,7
8363,6
28919,6
7346,7
135844,7
7343,7
16245,6
1906,7
10795,7
64228,7
186845,7
10793,6
149738,7
120824,7
179003,7
176703,7
143910,6
146156,7
163685,7
163680,7
163681,7
112254,6
185980,7
12338,7
135990,8
184961,7
138122,7
27875,6
14960,7
112819,7
176963,7
163668,7
163669,7
121662,7
2271,7
29082,7
10247,6
29086,7
164155,6
30558,7
12815,6
176567,7
144097,7
29710,7
186061,7
143870,7
29241,7
11861,6
176363,7
176362,8
138341,7
66597,7
175490,7
8902,7
163594,7
163595,7
163596,7
179132,7
178519,7
162958,7
29887,7
184035,7
238157,7
15149,7
162957,7
112721,7
14369,7
3062,6
7171,7
28349,7
180905,7
2942,7
2940,7
1050,7
62168,7
174148,7
31739,7
31738,7
174637,7
14401,7
160173,6
65345,6
122266,7
120134,6
178608,7
147579,6
1690,7
112034,7
164664,7
179739,7
164660,8
171139,7
118502,6
178172,8
30029,7
177446,7
12886,7
12884,7
1274,7
3735,7
122380,7
184109,7
14563,7
14561,7
184101,7
8240,7
137602,7
24483,6
8247,6
8245,6
62016,6
12459,6
111064,7
66268,7
187132,7
162887,7
5379,7
166230,7
157955,6
157954,7
28590,7
171002,7
31607,7
23027,7
23753,7
31460,6
1300,8
8423,7
22373,7
66000,6
185180,6
140902,8
163939,7
177953,7
136186,7
122917,7
192255,7
11300,6
11301,6
11302,7
7124,7
9125,6
108348,6
61662,7
28620,6
177429,7
15363,6
9831,7
12407,6
24795,8
9835,7
110732,7
7759,6
23111,6
113093,6
186783,6
180698,7
7750,7
109699,7
126417,7
61448,7
27914,7
3937,6
180030,8
163916,6
8334,7
7309,7
179288,7
9904,7
61591,7
61596,7
127094,7
4130,7
156861,8
20423,7
11220,6
5690,7
24466,6
5697,8
24463,7
160961,8
28139,7
177884,7
24468,7
177881,7
19209,7
183903,7
25357,6
153668,7
64768,7
155738,7
64766,7
22797,7
60888,7
119756,7
9324,7
110065,6
117018,7
25680,7
17120,7
4045,7
23978,7
12658,6
4040,8
112101,6
177088,7
16149,7
22086,7
24893,7
65905,7
65904,7
10877,7
100873,7
16890,6
63621,6
17239,6
24803,7
2282,7
24800,7
17233,6
124198,7
64699,7
183838,8
186846,7
64690,7
183830,7
183833,6
121817,7
121816,6
121815,7
2577,6
11694,7
2573,6
10905,7
186990,7
186993,7
282553,7
65343,6
186994,7
10903,6
10902,7
11455,7
11456,6
64163,7
64165,7
64166,6
21237,6
2595,6
2596,7
64344,6
140905,7
64346,7
2593,6
13794,7
113140,6
294524,7
27913,8
17438,6
21238,7
162914,6
10086,7
4430,7
293754,7
188855,7
25224,8
7912,7
7911,7
191255,7
1878,7
12603,6
4941,7
118081,7
138205,7
62501,7
7982,6
186206,7
4321,7
184689,7
1121,7
2111,6
184684,8
1559,7
122078,7
14027,7
62378,6
2628,8
184688,6
63288,6
1919,6
5835,7
149721,7
122674,7
10016,9
121077,6
65812,7
186336,7
184079,7
5831,7
2025,6
61408,7
10499,7
10498,6
62979,6
3144,6
163051,6
13700,7
149618,7
10277,7
108645,7
163931,7
163673,7
179583,6
14790,7
184996,8
14793,7
14794,6
163678,7
176914,7
164585,7
121673,7
5210,6
20019,6
29246,7
5218,7
175157,7
63172,7
264265,7
24278,6
176594,7
176595,7
176592,7
176593,7
63178,7
29274,6
11872,7
176351,7
24725,7
112626,7
11877,7
112624,7
133726,7
175483,7
142088,6
176602,6
164296,7
179361,7
62374,8
164293,7
164290,7
31673,7
29875,6
30234,7
110533,7
126010,7
112754,7
11976,7
179690,7
28408,7
7107,6
6865,6
187631,7
6867,7
156953,6
176282,7
62396,7
62391,7
31674,7
1045,7
160912,7
175739,7
3028,8
178619,7
187959,7
1686,8
164612,6
178610,7
142260,7
30059,6
182827,8
184114,6
264713,8
8253,7
61589,7
24350,6
30055,6
1266,8
11051,7
8789,6
62766,7
1913,7
187128,7
112774,7
31616,6
3129,7
29698,8
174049,7
183480,6
19402,6
178507,7
29052,6
137351,7
1468,7
174282,7
115404,7
183247,7
144727,7
164059,7
8431,7
126318,7
157353,6
23768,7
23767,7
287462,8
31477,7
66016,6
28900,6
170297,7
164708,6
5750,6
12433,7
12432,7
147639,7
147638,6
185370,7
165052,6
185372,7
160570,7
114370,7
187588,7
15197,6
133949,7
5597,7
162988,6
105936,6
133944,7
180683,7
176017,7
178767,7
178529,7
110728,8
183797,7
61439,6
185083,7
61129,7
185921,7
61122,7
63531,7
13906,7
66708,6
3946,7
66496,7
25376,7
196159,7
181794,7
28397,7
166436,7
177376,7
4128,7
183446,6
63876,7
24678,6
4127,7
144066,7
4124,7
65009,7
62972,7
170617,7
170615,7
27780,6
61055,6
61726,7
5680,6
65006,7
27786,7
25320,7
6386,7
62977,7
60894,7
197956,8
2751,7
11555,7
183932,9
23943,6
176256,7
137232,7
22144,7
185797,7
177744,7
4052,7
163879,6
163878,7
163877,7
15364,7
4058,6
110387,7
65176,6
5978,7
177982,7
177983,6
160592,7
16150,7
8699,6
10860,7
10867,6
63986,7
150278,6
21828,6
150699,7
9815,7
15709,7
3619,6
13431,7
16889,7
179586,6
2295,8
170965,7
141197,7
25030,6
148249,7
10813,7
162338,6
29736,7
184569,7
114628,7
162335,9
10916,6
10917,6
19433,7
135044,7
24922,8
24925,6
7291,6
17115,6
13128,7
8512,7
276731,7
2581,7
7921,7
64408,6
1860,7
13353,7
186230,7
13354,7
185569,7
176169,7
28712,7
162584,6
4685,6
4936,8
4681,7
138747,7
13599,7
163113,7
64536,6
140821,6
154357,7
24810,7
25979,8
2101,7
10005,8
5116,7
63543,6
187491,7
125014,7
160378,6
122061,6
10008,7
176291,6
5109,6
9599,7
20791,6
157153,7
64568,7
9225,9
9590,7
3439,7
176762,7
185419,7
176764,7
176766,6
186308,7
176768,7
146171,7
185416,7
179027,7
66301,7
163069,7
184785,7
162517,7
20548,7
62965,7
4598,7
4842,7
4843,7
63724,7
179597,8
112295,6
179598,7
29264,6
29265,7
14169,7
20570,8
152109,8
17252,6
14163,7
29268,6
63383,7
121440,7
9083,6
175127,6
179110,6
187549,7
164266,7
62494,7
28323,6
134026,7
157080,7
18533,6
176343,7
13174,8
11191,7
164284,7
21542,6
2960,7
29868,6
1783,8
175834,7
2968,6
30220,7
1613,6
3647,7
62634,6
122536,7
7117,7
7116,7
24318,7
179686,7
176591,7
17641,6
108740,7
179741,7
176350,7
62382,7
165468,7
1078,7
1076,7
3643,6
1075,7
1072,6
164609,6
179202,7
1678,7
30137,7
13003,6
23898,7
178371,6
30138,6
164607,7
1094,7
175004,7
3806,7
175900,7
184167,7
30822,6
8229,7
66393,7
264708,6
118525,7
148932,7
65590,7
142956,7
178976,7
28742,7
178972,7
179974,7
14583,6
2555,7
171023,6
178083,7
174053,7
178081,7
160600,7
28027,7
178089,7
156933,6
31095,6
164046,6
1410,7
29517,7
183257,7
64223,7
1414,7
175055,6
18307,6
28938,7
187490,7
1327,7
133547,7
28930,6
9850,7
12421,6
137434,6
15343,6
137432,7
6900,6
12428,7
23577,6
5764,7
4201,7
5763,6
177975,7
8133,7
12789,7
61600,6
5568,7
165845,7
137310,6
160742,8
5567,7
5560,7
177405,7
1257,6
1526,6
17367,6
28338,7
178798,7
142460,7
7733,7
178797,8
31099,7
63520,7
171111,7
26246,7
28806,7
66731,7
142462,7
126434,7
174876,7
133288,7
6435,7
14489,7
8358,6
5408,6
4115,7
6730,7
188663,7
11770,7
8350,7
6433,7
260778,7
8357,7
163891,7
164116,7
163946,7
15235,7
24750,7
122257,7
24447,6
170375,6
61739,7
178672,7
27790,6
61735,7
28155,6
66029,7
187375,7
4448,6
61557,7
25331,7
61552,7
180183,6
65615,7
25338,6
25339,7
65610,6
145080,7
29616,8
12635,7
28518,7
187596,7
31887,7
181931,7
117034,7
14370,7
117036,7
65290,6
4060,7
160668,7
4066,7
23793,6
65921,7
11509,7
11506,7
271794,7
163806,7
182308,7
5786,6
150201,7
5783,6
120656,8
65108,7
5788,6
120301,7
5918,6
3607,7
63600,7
19538,7
63605,7
63971,8
186823,7
148239,7
157755,7
12181,7
25021,7
143974,6
186345,6
182788,7
149379,8
6116,7
184576,7
184571,7
64745,9
10920,7
166197,7
29722,7
2352,6
186607,7
109621,6
125794,7
3855,7
7281,6
17106,6
61562,6
10894,6
196855,7
134384,7
186955,7
16989,6
4450,7
254096,7
7974,6
118264,7
16981,6
3734,6
1891,6
16456,7
13580,7
4690,6
13342,7
4926,7
6737,6
148349,7
4699,6
162459,7
12294,7
154434,7
1682,7
11721,7
11729,7
63551,6
155754,6
5165,7
62823,7
160340,7
62826,7
170418,7
138483,6
21499,7
17074,7
17076,6
17070,6
21496,7
64254,6
185428,7
3429,7
20488,7
125595,7
176022,7
120877,7
186310,6
6334,7
6335,6
184797,7
144436,7
6331,6
9698,6
2005,6
62954,7
6338,6
165124,8
184117,7
14170,7
62732,7
14172,7
62730,6
27886,7
10297,7
264391,6
264397,7
264395,6
10453,7
10451,7
9555,6
29217,7
24040,7
3026,8
175131,7
175130,7
62990,7
187576,7
160293,7
10581,6
12096,8
15459,8
8901,7
1706,6
11856,6
26013,7
30219,7
284041,6
29855,6
1794,7
62602,7
6848,7
110039,7
24302,7
152008,7
6845,6
185518,7
107755,7
29453,7
183312,7
176247,6
13011,7
106418,7
176939,7
1661,6
176249,7
175913,7
30674,7
157855,7
30671,6
179413,7
136648,6
31276,7
161088,7
156857,7
4322,8
12987,7
133432,6
179782,7
2829,7
14597,7
2820,8
14590,7
186498,7
20217,7
3382,7
28034,7
7632,7
4807,7
17861,6
7636,7
7637,7
109599,7
136884,6
142337,7
1408,7
9699,7
157452,7
165728,7
28152,6
31418,7
4213,6
183526,8
16582,7
184981,8
185318,7
122273,7
6932,7
177601,7
6936,7
9846,6
199757,7
8694,7
9849,7
8123,7
147657,8
8692,7
170748,7
61635,7
115766,7
66654,7
3093,6
126555,7
126554,6
1533,8
29143,7
25870,6
174401,6
28490,7
25874,7
25877,7
136265,7
3121,7
180083,7
61380,6
28819,7
22543,7
126423,6
183324,6
61388,7
8348,7
110802,8
11228,7
140023,7
185227,6
25895,6
19932,6
62897,8
12568,8
160913,8
155174,6
15240,8
3639,7
15247,7
19057,6
28924,7
174317,7
66032,7
25906,7
174312,7
5903,7
174310,6
183684,7
180402,7
180405,7
3897,7
178097,7
117026,7
109919,7
16531,7
61567,7
117020,7
65607,6
8717,6
164099,7
3465,7
166562,7
166563,7
185119,7
6617,7
166564,7
12625,6
13962,7
31895,6
62626,7
7277,7
10840,7
185138,7
148169,7
65286,7
5860,6
282189,7
65937,7
5959,7
13765,7
11537,7
148223,7
4072,6
187215,6
61140,7
3964,6
3962,7
5792,7
5791,7
177216,7
145024,7
180249,7
60942,7
154755,6
154757,7
7152,7
141277,7
165943,7
177031,9
187812,7
187810,7
187814,7
183945,7
61899,7
65739,7
22053,7
65732,8
162076,7
266257,7
6109,7
2342,6
140759,6
166366,7
6104,7
119414,7
20109,6
6100,7
124036,7
170750,7
63290,7
124038,7
10930,7
140979,7
63700,7
25274,7
63708,7
9445,7
25279,7
161869,7
186960,7
186961,7
3708,7
118042,6
65421,6
7959,6
61685,7
4462,7
3707,7
4460,7
162219,7
17101,6
25241,7
13579,6
2124,7
4918,6
162449,7
162448,7
148356,7
13570,7
4911,7
12756,7
64088,7
17269,7
24878,7
13235,7
184542,7
166705,6
10063,6
163884,6
21487,7
105670,7
9203,6
187969,7
24783,7
62549,6
3416,6
165053,7
176973,7
20779,7
182309,7
64063,7
121713,6
166363,7
165051,7
6836,7
10000,7
185945,7
190959,7
185943,7
12377,7
176035,7
149177,7
186360,7
62948,7
63490,6
63495,7
144998,6
65609,6
12171,6
10938,7
4860,7
8099,7
4864,7
25711,7
133825,7
162717,7
62723,7
7938,7
14108,7
179577,6
264385,7
160809,7
264387,7
30146,7
17715,6
181617,7
9664,7
29206,6
125360,7
10115,7
25495,7
10443,7
21776,7
21777,7
148770,7
170961,7
7251,7
160281,7
10839,8
63123,6
160282,7
170969,7
176639,7
4485,7
7422,7
149082,7
10598,7
176325,7
112759,8
142391,7
13526,7
15199,6
147242,7
112168,7
17908,6
7138,7
260737,8
122519,7
7017,7
163889,7
175741,7
122515,6
14616,6
29448,7
29449,7
178310,7
142230,7
186158,7
29211,6
63232,7
5313,7
29332,6
2856,7
29446,6
174656,6
176255,7
18241,6
176251,6
176928,7
30443,6
137704,7
15521,6
133885,7
179957,6
184149,8
31242,7
147792,7
142546,8
176118,7
3153,7
17877,6
3157,6
7620,7
126772,9
1982,7
28795,7
3158,7
185926,7
28791,7
1635,7
24005,7
64162,7
187774,7
187775,7
174077,7
175079,8
1439,7
30205,7
29028,7
136725,7
179303,7
129469,7
129466,7
66281,6
147661,6
66285,6
66288,6
160989,7
18110,7
65540,7
15414,7
8113,7
15417,6
13375,7
23084,6
111103,9
184899,7
5543,6
14581,7
170773,7
29156,7
111864,7
13125,7
29150,6
8599,7
175674,7
180652,7
187687,7
3082,6
28641,7
111819,6
158053,7
61399,7
65050,7
10002,7
29870,7
7506,6
8577,7
184321,7
14359,7
184323,6
11234,7
13800,7
28176,7
12578,7
139201,7
61712,7
127377,7
15252,7
12576,6
8446,6
28775,7
24428,7
25915,7
174301,7
145407,8
64915,7
170312,7
5878,6
7401,8
117901,6
25918,7
25318,7
178684,6
61574,7
61576,7
25313,8
25314,7
182491,7
116504,6
196055,7
163822,8
166435,7
65944,7
12615,7
119714,7
185128,6
161048,7
13710,7
2812,7
185125,8
13714,7
61153,7
60979,7
9890,7
61406,7
61155,7
165710,8
61409,7
164408,7
9899,7
182701,6
65702,8
120456,7
120458,7
30312,7
3622,7
2818,6
17180,7
174222,7
141363,6
148219,7
184551,7
148217,6
24344,7
149318,7
13623,7
2337,6
17184,6
12761,7
156153,7
140760,7
185058,7
8219,6
64082,6
181745,7
64891,6
140568,7
25481,6
140565,7
16477,7
174313,6
9472,7
2574,7
29984,7
187961,7
16478,7
65413,7
184880,7
160211,7
25462,7
184884,7
176135,7
24225,7
24996,7
6003,7
4678,6
4900,7
4903,7
4674,6
13562,6
118046,6
13561,6
7437,7
177966,7
63952,7
177487,7
24844,8
162272,7
5179,7
9465,7
162497,7
9273,7
64275,7
24197,7
5149,6
186773,7
10056,7
8810,7
124775,6
156617,7
29612,6
180466,7
190590,7
63000,6
266160,6
7435,7
10349,7
150306,6
12142,7
13498,6
6311,7
10614,7
152809,7
8530,7
10618,8
64389,7
3413,7
14113,7
6034,8
7161,7
3410,6
61544,7
133366,7
163633,7
6136,7
179094,7
175689,8
175688,7
7228,7
10121,7
185624,7
175686,7
9302,6
10124,7
21743,7
13142,7
10692,7
133766,7
133767,7
157058,7
157057,6
133768,6
175110,8
3570,6
63135,7
4497,7
162127,7
199456,7
9783,6
2663,6
13380,6
13381,6
175424,7
4498,7
6821,7
120794,7
2938,6
17266,7
6829,7
176861,7
176867,7
133504,7
108778,7
165880,7
16845,6
174648,7
179417,8
11896,6
174647,7
10549,7
14603,7
187363,6
62666,7
20204,6
63224,7
22306,6
29300,7
115757,8
29304,7
14282,6
14934,7
4881,6
186363,6
30473,7
18276,6
133166,7
30477,6
13032,7
181515,7
11094,8
8079,7
11096,7
178943,7
164363,7
179437,8
179438,7
8210,7
8213,7
29946,7
8215,6
11099,7
164368,6
30870,7
274165,6
24216,7
12726,7
7658,8
194755,7
187167,7
28785,7
162876,7
187164,7
139665,8
29015,6
62266,7
7092,7
3369,7
62263,7
6326,6
5439,6
3362,6
29830,7
29837,7
2019,6
8105,8
13963,8
109683,6
8101,7
185339,6
4275,7
30932,7
188255,8
183421,7
66290,7
1356,7
13323,7
135484,6
161036,7
5559,8
65011,7
180646,7
25852,7
28303,7
3502,7
185881,6
174428,7
125000,7
146500,7
187698,7
66630,6
186743,6
176637,7
30098,7
29164,6
187690,7
8582,7
61163,7
187697,6
187696,7
185229,8
160571,6
170781,7
145308,7
144520,7
12994,7
114484,7
11511,6
9063,7
15267,6
185209,7
5256,7
12544,7
113362,7
120297,7
15261,7
12540,6
5888,7
12818,7
180423,7
150277,7
61763,7
123016,7
25047,7
15060,7
61766,8
153813,7
30899,8
25923,7
25922,7
28940,7
24533,7
28762,6
176369,7
25924,7
24430,7
24436,6
22325,6
170307,7
110382,6
184717,7
4108,7
19094,7
25676,7
163627,6
6639,7
11550,7
18654,7
165993,7
11554,6
185112,7
185113,7
23450,7
8402,7
65675,8
186451,7
9667,8
11291,7
165702,7
196268,7
196269,7
177780,7
177782,7
154739,6
4016,6
11399,6
160598,7
162892,7
151544,6
19431,6
9882,7
24720,7
3980,7
7509,7
65710,6
65247,6
65244,7
65713,6
65717,7
65718,8
163629,7
120444,7
16608,6
187833,7
61181,7
184527,7
119474,7
127481,7
25130,7
61188,6
1447,7
13634,7
30576,7
13630,6
23852,8
3504,7
65399,7
154714,7
10441,7
117861,7
157415,7
177303,7
117868,7
3761,7
161843,7
161844,7
148772,7
178153,7
64102,7
63725,6
1440,7
63723,6
31593,6
186045,7
7257,7
25108,6
138707,7
66354,6
24980,7
9919,7
15520,7
106853,7
142953,7
166723,7
120093,7
117260,6
4640,6
3662,7
2497,7
4645,7
7315,7
116791,6
2259,7
253527,7
162264,7
17245,6
24853,7
182012,7
24856,7
17240,6
4093,7
62525,7
175510,7
10735,6
162489,6
271987,6
19817,6
7875,7
185453,6
28295,7
191055,7
186342,7
190580,7
63030,7
9728,7
2787,6
150279,6
2783,7
12304,7
4809,8
12395,6
12392,7
26016,7
9466,6
26012,6
11600,7
26011,7
2073,7
6304,7
6307,6
10609,7
128663,6
22612,7
3226,7
13789,7
62290,8
179082,7
162733,7
179084,7
176781,7
63454,7
63456,7
121153,7
27981,6
27980,8
9317,7
147868,6
21593,6
27988,7
112366,7
164422,7
180597,7
185703,7
7275,8
186344,7
170945,6
7279,6
5087,7
3505,7
8958,7
155280,7
8551,6
185585,7
185584,7
65483,6
6831,6
64061,7
176873,7
112410,7
12545,6
113419,6
14639,7
62689,7
112968,7
10550,6
65896,8
125237,6
5338,6
187737,7
125234,6
11315,7
187434,7
1632,7
185355,6
1634,6
164510,7
30463,7
121718,6
14592,6
1988,7
8823,6
4274,7
8826,7
13041,7
176275,7
147312,7
18040,7
6547,6
2817,7
2811,7
30649,7
179428,7
18049,6
157865,7
30647,7
30640,6
157862,8
30310,8
62072,7
14256,7
7647,6
14253,6
151606,6
3170,7
10466,7
7648,7
12972,7
119275,6
122175,7
29001,7
7085,7
122172,6
20245,7
29791,7
30260,8
66286,7
175654,9
175308,7
6461,7
179889,7
175307,6
1743,6
6497,6
140030,7
1161,7
8176,7
62088,7
184225,7
19965,7
144009,7
175607,7
4241,7
5520,7
5523,6
30888,6
5526,7
178846,7
178847,7
160706,6
29511,7
7923,6
186520,7
24539,7
14417,7
171155,7
23812,7
25848,6
28378,7
144887,7
11178,6
186591,7
186590,7
7922,6
5742,7
31037,7
31224,8
31227,7
126056,7
111662,6
1562,7
30082,7
66602,7
29173,7
2990,7
179380,7
8972,7
27199,6
12804,8
181904,8
15274,7
65899,6
23195,7
8007,6
12964,8
8001,7
13824,7
184180,7
165179,8
24405,6
6543,7
5639,7
16836,6
4390,8
28194,7
164624,8
28191,7
160416,7
160417,7
136804,7
28209,7
8486,8
111961,7
25935,8
25937,7
1864,7
