61518,7
150397,7
19713,7
61513,7
260892,7
150398,7
4418,7
22461,8
63763,7
61519,8
13733,8
111537,7
111534,6
111532,6
4029,7
115814,7
60914,8
60916,7
4390,6
5980,7
161071,7
5987,7
161073,7
10894,8
110488,8
61179,7
24710,7
19159,7
19158,7
7510,7
61171,7
15267,7
19156,7
19150,7
19152,7
16671,8
139342,7
65270,7
65275,9
16679,7
150179,7
25069,7
142814,7
22008,7
6152,7
12702,7
61192,8
142811,7
142812,7
6158,8
157195,7
63197,7
6797,7
30445,7
4737,7
6791,7
118126,9
118125,7
4739,7
2312,8
118122,8
118121,8
6799,7
64708,8
25665,7
65876,7
65655,6
155701,7
64879,7
140541,7
30117,8
15293,7
120051,7
60823,7
63739,7
15521,6
10757,7
25285,8
25283,6
22717,7
13599,7
25118,7
25119,8
16705,7
7121,7
65474,7
25110,7
25111,6
7993,7
140897,7
141236,7
7991,8
28998,7
63930,7
2269,7
116787,6
19570,7
7881,8
17252,7
7882,6
17254,8
17255,7
17030,7
63848,7
124599,7
17035,7
2444,6
63023,6
9256,7
62516,7
2448,7
63029,7
62511,7
7866,7
7620,7
7862,7
14417,7
64054,7
23697,7
24888,7
138343,7
61584,8
138608,7
138609,8
2044,7
265008,7
148414,7
4818,8
12992,7
148410,7
2049,7
6379,6
26021,7
9413,8
64902,7
64455,7
10639,7
64901,7
6370,7
11124,7
12123,7
12122,7
12125,8
6375,8
6376,7
3156,7
134164,6
10411,7
135945,6
14131,7
11944,7
105538,7
3238,7
63447,7
135969,7
132644,6
27997,7
17724,7
160375,7
137881,6
161072,8
135966,7
9324,7
135965,6
16924,7
3158,7
7268,7
8947,6
22260,7
7267,7
63812,7
16929,7
7260,7
27980,8
12234,7
63596,7
6207,7
12233,7
125533,7
160255,7
139025,7
160891,7
14624,7
62646,7
14626,7
62642,7
14622,7
6809,7
264510,7
3851,7
6802,7
6803,7
62649,7
66301,7
10567,7
10565,7
125240,7
160957,7
24157,8
1995,7
5187,7
30416,7
157679,8
19402,7
18928,7
138466,7
138467,7
147303,7
147302,6
147307,7
147305,7
64323,7
61206,7
143689,7
138861,7
18705,6
22761,7
29965,7
29964,9
28564,7
8577,7
160670,7
62088,7
66290,7
28563,8
24232,7
24233,7
122382,7
135865,6
151632,7
12944,8
62243,7
122143,7
29382,7
3342,7
10361,7
157494,7
123495,7
157493,7
65556,7
20653,7
137641,6
14395,7
137642,7
137861,7
63462,7
30259,8
29818,7
30257,7
29764,8
156383,7
29762,8
1177,7
15446,7
1173,7
30740,7
5788,7
4251,8
31122,7
31692,7
23500,7
5530,7
24522,7
20423,7
5539,7
28699,7
147453,7
147452,6
147451,7
151708,7
11178,8
11169,7
1283,7
66438,8
65467,7
14401,7
14403,7
109842,7
29108,6
111839,7
29921,8
31234,8
8762,8
29101,7
9664,7
6475,7
29105,7
7185,7
29107,8
114880,7
66161,7
8387,7
8386,7
61693,7
109599,7
61694,7
148509,7
30016,7
8549,7
8017,6
65881,8
65884,7
23616,7
65886,8
8542,7
10441,6
6573,6
6571,7
24414,7
24415,7
6574,7
12212,6
4383,6
28184,7
28185,7
28182,8
28180,7
25694,7
66504,7
144435,7
143356,7
66507,6
7691,7
29613,7
29612,7
28216,8
145431,6
30877,7
28742,7
28967,7
3835,7
66288,7
65084,8
12215,7
6661,7
3833,7
65088,7
4595,6
10884,8
12352,7
155395,7
155394,8
155393,7
23270,7
4036,6
4186,7
11573,7
60902,7
60900,7
154714,7
11376,8
11371,8
8293,7
11372,8
121934,7
24747,6
160887,7
160886,7
7525,8
24704,9
5667,6
160888,7
19415,7
19361,7
25056,6
65266,7
25726,8
30861,7
12713,7
6140,8
145109,7
8113,6
12718,7
12719,8
6781,8
15417,7
23877,7
13619,7
6788,7
4723,7
61527,7
65643,7
65640,7
64848,7
61523,7
5841,7
60952,7
1478,8
60835,7
5849,7
19305,7
120557,7
16488,7
21118,7
124615,7
16480,7
13531,7
6461,7
148313,7
13532,7
16716,7
25430,7
16714,7
25434,6
16710,6
16243,7
22496,7
29264,7
2271,6
2270,7
155174,8
127234,8
10801,7
64602,7
64606,7
63907,8
120358,7
2888,8
63901,8
63051,8
9248,7
63053,6
107528,8
63054,7
9538,7
141846,7
141847,7
141845,7
113096,7
9532,8
7852,7
7853,7
153128,7
65515,7
24898,7
138612,7
13289,7
138610,7
17534,7
61627,7
24890,8
62317,6
63699,7
63698,7
2052,7
146648,7
61832,7
4826,7
61839,7
13440,7
13443,7
29342,8
9403,7
63639,7
7982,7
64930,7
26038,8
7985,8
64934,8
8611,6
26037,7
12136,6
137667,7
24096,7
10156,7
10405,7
62472,7
14384,7
24832,7
29151,8
11976,8
161852,8
10390,8
124437,7
124434,7
124435,7
147849,7
8105,7
109831,7
27965,7
25079,8
63479,7
27960,8
149683,7
66235,7
7331,7
14898,8
13193,7
14895,8
150477,8
14891,7
28316,6
6216,8
6215,6
6214,7
12222,6
63870,7
2697,6
3082,7
62874,7
24179,7
155617,7
15708,7
15709,7
1602,7
62654,7
62655,8
113439,8
122895,7
61996,7
14790,7
62895,7
119154,7
12390,7
21427,8
65732,8
3231,7
1968,7
13062,7
1618,7
1619,6
10085,7
10086,8
157865,7
1613,7
24148,7
21429,8
158053,7
19537,7
65036,6
12956,8
2870,7
12950,7
119217,7
142748,8
157803,7
61560,7
18439,7
27816,7
160667,7
27810,7
1117,6
28518,7
160668,7
3358,7
122159,7
7067,7
7066,7
7065,8
62257,7
7063,7
107672,9
11842,7
264506,7
63102,9
147201,7
147204,6
30539,7
30536,8
147208,6
133044,7
64997,7
264509,7
30247,7
12482,7
30751,7
15459,8
8150,7
8151,6
18152,7
61586,7
5505,7
24396,7
24783,8
1545,8
14470,8
2849,7
31593,7
4678,7
14477,7
8579,7
66379,8
144640,7
29112,7
66371,9
148950,7
31203,7
31752,8
109186,6
61688,7
13842,7
66155,7
6403,7
66404,7
64344,8
66403,7
61685,6
132799,7
27776,8
12828,7
27771,7
9988,8
8530,7
12825,7
12827,7
7883,7
8536,7
15291,7
151403,7
61759,7
11027,6
5619,7
66085,7
7447,8
6565,7
12796,7
61752,6
61753,7
105670,7
119034,7
28206,7
29606,8
29607,7
7685,7
28501,7
7682,7
29601,7
7117,8
25950,7
1380,7
28737,7
29609,7
10332,6
160988,7
3824,7
10213,8
23466,7
64356,7
65074,8
19538,6
162264,8
137662,7
63026,6
65072,7
161056,8
161055,7
10331,7
8440,6
155934,8
109079,8
132599,7
11566,7
28775,7
13990,7
9258,7
60938,7
11366,7
29015,7
160504,7
160505,7
115876,7
160503,8
60931,7
61355,7
61356,7
121493,6
61350,7
61352,7
22248,6
24771,7
7409,8
28648,8
24776,8
9899,6
61229,7
19355,7
25739,7
19605,8
25737,7
63847,7
114698,7
8092,7
12726,7
141321,8
150284,7
4758,7
4759,7
64857,7
64850,7
64851,7
64853,7
6774,8
10984,6
140529,8
10981,7
10983,7
5870,7
61534,8
25918,8
65679,6
17461,7
65676,7
60801,7
150577,7
11296,7
9969,7
65671,7
25236,7
65457,8
150024,7
25130,8
25132,6
3905,8
9466,7
154056,7
137602,7
25234,7
64102,8
64103,7
65459,8
3756,7
158563,7
17131,7
2193,7
13526,7
145003,7
17130,7
19911,7
16721,6
16727,7
118003,7
64583,7
149268,7
142909,8
64584,7
11747,7
11748,7
64199,7
108188,7
63919,7
11584,7
28195,7
11580,6
61575,7
6682,7
63742,6
25312,7
161903,8
63917,7
65630,7
25314,8
125583,7
16837,7
16836,7
121381,7
7849,7
65526,7
260893,7
63687,7
153130,7
64030,7
60796,7
16838,6
4839,7
6357,7
19094,7
16790,7
141459,8
4830,8
4523,7
13453,7
12108,7
6194,7
6196,7
64929,8
138601,8
139225,7
64925,7
11636,7
140983,7
26045,8
16813,9
9289,7
9340,7
2735,7
9614,7
2731,7
9346,7
9611,7
134144,8
127464,6
9619,7
13184,7
64327,7
22810,8
3532,8
63468,8
22817,7
22815,7
160272,7
63467,7
5050,7
13189,8
135788,6
15027,7
150222,6
146071,8
11819,8
26022,7
142003,7
14883,7
128618,7
7205,8
6223,7
63863,8
12216,6
63866,7
8229,7
66393,7
160183,8
160181,7
18549,7
14863,6
17072,8
113425,6
66646,7
116503,7
9761,7
14084,6
12140,7
29346,7
29345,7
122015,7
2803,7
10504,7
62313,7
29340,7
9293,8
24171,7
124358,6
1979,8
5518,8
1976,7
9298,7
9299,7
3221,7
1971,7
1606,8
62575,7
8859,7
8858,7
2163,7
62797,6
141178,7
138402,6
133328,7
8850,7
138404,7
30185,7
123720,7
12926,7
2845,6
14418,8
30188,7
5476,7
154760,7
5475,7
14268,6
14269,8
28504,7
14260,7
3971,7
156633,8
20075,7
149477,8
2005,7
1773,6
65045,7
62221,8
15111,7
63543,7
14623,7
62225,7
62224,7
63318,7
29997,7
61403,7
112111,7
112112,7
10507,7
9890,7
16785,7
143754,7
29746,6
8148,7
30760,7
28397,7
61406,7
2999,7
6994,8
6995,6
65128,7
8633,7
61418,8
30293,7
18364,7
26557,7
109699,7
24547,7
24544,7
5802,7
5513,7
30298,8
108449,7
15110,7
65404,7
29127,7
28349,7
66366,7
12677,7
66360,7
1554,8
63541,7
10386,7
1559,7
2991,7
28342,7
28435,6
14466,7
25896,7
25895,7
31587,7
29901,9
28340,8
23195,7
30614,8
30612,7
31748,6
29909,7
31744,6
31214,7
31743,7
156291,8
31567,8
31564,7
145580,7
66148,7
8030,7
31560,8
111490,7
126714,6
143240,6
121142,7
144567,7
118793,8
9999,7
12589,7
5606,7
9023,8
29129,8
12850,7
12581,8
12587,6
5608,8
65702,7
11035,8
212340,7
25961,7
29900,7
151161,8
11038,6
161120,8
111960,7
111961,7
111965,7
29634,7
1397,8
29639,7
10793,7
9778,7
11600,7
1974,7
3813,7
127282,6
3622,7
22650,7
61786,7
3814,7
65069,7
160991,7
110566,6
160995,7
8457,8
23252,7
8455,7
64650,7
29517,8
109084,7
23898,7
23700,7
30964,7
15337,7
13988,7
124036,6
156293,7
11351,8
60923,7
12459,7
12458,8
156292,7
61321,6
7549,7
61325,7
23387,7
31368,7
12046,7
160867,7
65872,7
148219,7
1164,6
28296,7
110330,7
10974,9
157074,7
16642,7
16643,7
61257,7
6169,7
31242,7
130305,6
8031,8
126718,6
64821,8
64820,7
27790,7
62170,7
10999,7
22398,7
23810,7
4740,7
10991,8
24617,7
12236,8
24610,7
118795,7
150562,7
25633,7
5860,8
5862,7
124638,6
25140,7
25146,8
111491,8
64132,7
21132,7
64130,8
61718,7
64135,7
65686,7
19508,7
22729,7
65680,8
2184,6
4607,7
4605,8
9465,7
19907,7
25389,7
13510,7
158354,7
111492,7
30467,7
153728,6
12689,7
64626,6
146017,8
12761,7
64621,7
64554,7
124254,7
64004,7
65406,7
64550,8
64552,8
6900,7
8599,7
2436,7
2435,6
63070,6
116770,6
16821,7
116772,7
118304,6
16824,7
25138,7
3761,7
23577,7
16829,7
63676,7
65532,7
12110,8
65220,7
61811,7
61816,7
61815,7
6346,7
6349,7
12855,8
25099,8
141467,7
141460,7
141462,7
4515,7
11649,7
6185,7
119493,6
17197,7
17195,7
2504,7
64955,7
64486,7
64485,7
141913,7
9351,8
3662,8
9355,7
160260,7
9359,7
65521,7
5284,7
28704,8
21244,7
31136,7
141044,7
22829,7
64314,7
5047,8
5046,7
64319,7
11161,7
63415,8
7238,7
63789,7
66368,6
3786,7
3785,7
63781,7
63782,7
16910,7
62948,7
6239,8
10777,7
4990,7
63895,7
12206,7
63896,8
12200,7
141007,7
63892,8
134044,7
113459,8
125276,7
125275,7
125274,7
63525,6
29359,7
63527,8
121757,8
63252,7
3087,7
9774,8
9777,7
29353,8
9771,7
121759,7
29356,6
9772,7
8867,7
8864,7
1949,7
142106,7
106073,7
1257,8
9284,6
7309,7
63099,6
10247,7
11910,7
13241,7
146119,7
11914,8
62784,7
9473,8
146114,7
146117,9
146111,7
2859,7
20204,7
132369,7
13765,8
264414,7
264416,8
2856,7
14219,7
108695,7
123995,6
1496,7
123998,7
3203,7
10096,8
29755,7
157735,6
10195,7
1704,7
29751,7
10190,7
13369,7
113033,7
14182,7
62236,7
62237,7
10198,8
14186,7
29710,7
112101,7
147885,7
10056,7
17120,7
29282,6
65417,7
147220,7
15859,8
29284,7
30778,7
120193,7
29001,7
30990,7
30775,7
8606,8
8605,8
14457,8
14324,6
106404,7
25880,8
14450,8
15106,7
30461,7
30281,7
14459,6
30283,7
29131,7
66313,7
28408,8
24379,7
24378,7
3028,8
28403,7
2982,7
3024,7
2986,7
62129,7
157355,7
157354,8
29910,7
31778,7
137230,7
137943,7
30354,8
160990,7
30608,7
8734,7
144998,7
31775,7
1013,7
1234,7
8515,7
31009,8
4199,7
10097,7
4194,7
13864,8
12598,7
1239,6
66425,7
110771,7
119014,7
5671,7
29709,7
21686,7
12840,7
4351,7
4352,8
28717,7
23253,7
6509,7
145977,7
14525,7
14524,7
31489,7
31488,6
6500,7
156176,7
31170,7
23067,7
106887,7
112552,7
23062,7
126654,8
111976,7
24283,8
8832,9
29621,7
24287,7
6241,7
144375,7
109621,7
111579,6
23485,7
130421,7
61793,8
8463,8
29968,7
11340,7
11669,7
161037,7
8465,8
136307,8
110683,7
23714,7
111779,7
110685,7
108306,7
8193,7
24755,7
12445,8
6433,7
5709,8
14311,7
12441,7
8199,7
12138,8
145935,7
13714,7
110179,7
61335,6
61338,7
28668,7
4077,8
28881,7
31392,7
156953,8
63952,7
110962,8
11462,7
64739,7
13646,6
13645,6
28866,7
30637,7
8219,7
4771,7
15331,7
137704,7
13649,7
22532,7
3063,8
23809,7
162272,6
64839,7
140050,6
62967,7
65838,8
24621,7
24620,8
148224,7
65831,7
19024,7
65832,7
25627,6
154039,6
134932,7
25150,6
24978,6
19932,7
25406,8
27920,7
16748,7
24976,6
24975,7
17341,7
12051,7
13509,8
12053,7
145024,7
16582,7
25396,7
141276,7
22751,7
141278,7
158587,7
13505,8
161927,7
161926,7
162219,7
12691,7
24234,7
160206,7
2222,7
2220,7
64638,7
116906,7
65235,7
24440,8
122380,7
65231,7
10832,7
64630,7
10839,7
25719,7
124359,6
64637,7
64546,7
5458,7
10726,7
64542,7
21659,7
121562,7
18241,7
4885,7
13474,7
65548,7
7828,7
146616,7
146617,7
4503,7
63669,7
63667,7
147638,8
62437,8
25570,7
138641,7
25572,8
7824,7
26067,7
26064,7
25088,8
1056,6
26061,7
117161,7
61732,7
2080,8
16698,7
2086,6
25081,7
61803,7
161813,8
2538,7
161810,8
161816,7
161814,7
64942,7
119957,8
17184,7
11657,7
125860,6
128541,7
17761,7
141497,7
141496,7
160216,7
126056,7
9048,7
107446,7
64351,7
105574,7
6437,7
8987,8
120048,8
17160,7
149070,7
64304,7
7228,7
64306,8
10692,7
64301,7
5074,7
64303,7
63799,7
1837,7
1988,7
9173,6
63790,7
3793,7
2154,7
113530,9
113533,7
9563,7
2150,7
2403,7
139662,7
4988,6
6242,7
9170,7
12274,7
12277,8
10740,7
62689,7
161067,8
62984,7
30152,8
31789,7
18560,7
11832,7
62686,7
20909,6
63244,7
63246,7
160329,7
152248,7
152249,7
14064,7
62330,7
122034,7
30255,7
62335,7
61900,7
8873,6
8872,7
63083,7
63080,7
63081,7
3243,6
24110,7
24113,7
7316,7
13092,7
3246,7
64223,8
133731,7
11903,8
11032,7
11907,7
264388,7
30783,8
136648,8
12909,8
8162,7
30161,7
112007,7
112004,7
112005,7
62755,7
10232,8
9016,7
62756,7
7034,7
10236,7
10235,7
62200,7
20296,7
20297,7
5496,7
14201,7
28524,8
22861,7
5492,7
27823,7
1712,7
129419,6
129418,7
63338,8
136809,9
5254,7
63483,8
29729,7
117034,7
157218,7
21508,6
156615,7
156614,7
13940,7
15822,7
63486,7
136646,7
147894,6
30709,8
119316,8
119314,7
115245,7
12144,7
137310,6
28414,7
28410,8
14446,7
2061,8
13710,7
144135,6
7781,7
122211,7
66300,7
62110,8
31761,7
31763,7
25157,7
7146,7
6768,7
24363,7
18746,7
29381,6
29386,7
29435,8
29389,8
1004,7
143640,7
60814,7
12877,7
146156,7
12874,7
28388,7
31549,7
30012,7
28380,7
110760,7
1228,8
30384,7
6534,7
160448,7
6532,7
109318,7
147708,8
160447,7
4341,8
118577,7
2883,7
2886,7
5395,7
2884,7
16986,7
14535,7
25987,7
133871,7
11010,7
25980,8
11012,7
31166,7
29097,7
143463,7
31168,7
24291,7
30234,7
22632,8
62016,6
61019,7
66050,7
106846,6
145701,7
139201,7
145702,8
7208,7
66059,7
26523,7
26520,7
8479,7
8475,7
7566,7
12472,7
12471,8
24278,7
30946,7
30945,7
61498,7
61496,7
150837,7
12478,7
119173,7
9719,6
5711,7
61490,8
66435,7
126734,6
28678,7
127439,7
7762,7
29669,8
61655,7
28675,8
145817,7
5621,8
145367,7
61302,7
31381,7
127177,7
127174,7
145636,7
25062,7
65576,7
150616,7
127539,8
127179,8
28877,8
140938,7
13657,7
4768,8
11446,7
11482,7
125054,7
140049,7
26044,7
60875,7
140044,7
24870,7
140042,7
65448,7
65829,8
3278,7
65042,7
64228,7
9954,8
10124,8
65048,7
65827,7
16752,6
7368,7
6502,7
64794,7
25168,7
25167,7
25166,7
120513,7
65317,7
63138,7
25921,7
66610,8
7648,7
151832,8
12047,8
32280,6
16597,7
17168,7
63607,7
141241,7
7203,7
7241,7
150838,7
61960,8
12688,6
2230,7
11796,8
2237,8
119813,7
25761,7
61276,7
147661,7
7186,7
65226,7
157057,7
65228,7
133768,7
65958,7
25799,7
4608,8
14616,7
23753,7
3497,7
148531,7
65681,7
20847,7
145161,7
25509,7
4572,6
31460,7
146607,7
13406,7
65552,7
65553,7
65550,7
19817,7
63657,7
65554,7
8423,7
26071,7
25025,7
2521,7
16689,7
26077,7
61871,7
61870,7
16686,7
8388,7
145160,7
16681,7
64979,7
162378,7
11465,7
24965,7
9783,7
64154,7
64156,7
8759,7
4601,7
141397,7
2663,7
160201,8
134685,7
160203,7
27925,7
27924,8
160207,7
62929,7
17795,7
4881,7
20237,7
9372,7
62922,7
62923,7
62921,7
17151,7
25216,7
17157,7
7964,6
17405,8
158742,7
157020,8
64375,7
158746,7
9171,7
158744,7
25186,7
61901,7
116393,8
61903,7
146735,7
146734,8
28819,7
13311,7
1820,8
16974,7
3054,6
9573,8
2146,6
152474,8
10345,7
12262,8
105365,7
12266,7
138481,7
4973,7
10530,7
160414,7
12485,6
113270,7
13554,7
122841,6
14830,8
2807,7
14834,7
11805,7
1920,8
3277,6
63501,7
3275,7
63507,8
160338,7
1926,7
11301,8
161798,7
160336,7
64209,7
9715,7
157118,7
146137,7
7369,8
134026,6
21506,8
3333,7
116029,6
8881,8
7366,6
24105,7
8543,7
11935,7
11934,8
13227,7
11930,7
112876,6
112874,6
14233,7
266315,7
133506,7
161797,8
133468,7
30170,7
12915,7
7022,7
107631,7
9004,7
62740,6
62217,8
3311,7
3310,6
10221,7
62748,7
28622,7
9397,8
29733,7
157200,8
9393,7
29734,7
5327,8
20021,8
157758,7
142382,7
5581,7
1722,7
122447,6
21519,6
13135,7
155133,7
62745,7
15363,7
112473,7
149620,8
149621,7
62698,7
138321,7
30718,7
27760,8
147175,8
26900,8
15123,7
115121,7
30710,7
30714,7
12407,8
7799,7
28460,7
3007,7
28462,7
18358,7
28629,8
14304,8
121273,7
14309,7
5589,7
17105,6
8493,7
17106,7
31718,7
156578,7
7154,7
7696,7
4409,7
29939,7
1038,7
144437,7
61061,7
142251,8
29930,8
29028,7
111000,7
29934,7
1034,7
28749,8
30006,7
66686,6
1210,6
7692,7
8068,6
12868,7
31533,7
143421,7
63650,7
30008,8
66688,7
62865,8
28744,7
7486,7
7481,8
132518,7
8264,6
24032,6
8266,8
150937,7
28214,8
30398,7
30399,7
133869,6
133868,7
1728,7
13602,8
11060,7
11065,7
16989,7
133866,6
23002,7
15495,7
1104,7
29649,8
156154,7
156155,6
156156,7
156157,8
63679,7
31627,7
25946,6
29647,7
111179,7
31150,7
66061,8
114524,7
129823,7
66065,8
4087,7
13798,7
144396,7
31448,6
22601,7
1981,6
66597,7
161013,8
161012,6
66599,8
160549,7
1577,7
161014,7
61489,6
3734,7
7575,7
160781,7
19137,7
5723,7
12466,8
6416,7
30950,7
6410,7
9812,8
61487,7
28608,8
30009,6
143277,7
7772,7
66447,6
66446,8
61646,7
28600,6
144559,7
61640,7
61641,7
3917,7
3916,7
4241,7
65148,7
12111,7
65236,7
60990,7
60992,8
3918,7
117768,6
11499,7
6733,7
6737,6
4790,7
141469,7
155234,7
5594,7
8087,7
4156,7
65812,7
148069,7
11259,7
60846,6
140073,8
118227,7
61004,7
24648,7
160492,7
65034,7
110533,7
160498,7
9921,8
9922,7
28119,7
28118,7
65368,7
61583,8
162459,6
64784,7
22772,8
16769,7
29492,7
22543,7
65491,7
25173,7
65365,7
11096,6
65494,7
22177,7
145049,7
25376,7
12075,8
145041,7
145046,7
26019,7
6081,7
31849,7
25181,7
13680,7
12679,6
6649,7
11727,7
31843,7
140679,7
31846,7
5902,7
5903,7
65967,7
25777,8
25774,6
5905,7
65430,7
150481,7
6497,6
25180,8
63644,7
148009,7
110164,7
64568,7
6310,6
106261,7
63643,7
24825,7
3480,7
21675,8
65569,7
29940,7
65765,8
4560,7
6639,7
3647,8
148475,8
148476,7
29942,7
148470,7
26050,7
25514,7
24662,7
11670,8
149092,7
117142,7
64480,6
117145,8
2556,7
7798,7
2558,7
140445,8
126601,7
61866,7
62065,7
25075,7
64142,7
12788,7
17367,7
2393,7
2390,7
141381,6
138921,6
141382,7
12785,8
141384,8
121833,7
10321,8
24996,7
63422,8
27936,7
27937,7
62913,7
2771,7
62911,7
160237,7
17780,7
116791,7
149010,7
24021,7
25201,8
9142,7
17145,7
64360,7
7970,7
17142,7
64365,8
6266,7
16784,7
116387,7
16781,7
12252,7
12250,7
4415,9
118223,7
5690,7
6268,7
21186,7
119594,7
125600,7
12124,7
2176,8
12090,7
125604,8
63559,8
24708,6
25789,7
15202,7
122902,6
28018,7
2606,8
24463,7
2602,7
143153,7
14822,7
113225,6
14820,7
123500,7
113269,7
14827,7
14824,7
10005,7
10787,8
5129,7
62590,7
10035,6
5125,8
10789,7
14007,7
63511,7
64218,7
107643,7
3465,7
120835,7
148650,7
120301,7
148652,7
8898,7
27913,7
8892,6
21440,7
12126,7
11929,7
12321,8
134452,6
61404,7
24352,7
14855,7
11923,6
11925,7
113609,7
141720,7
132988,7
14954,8
24350,8
14225,7
27914,7
14227,8
30490,7
30495,8
30146,7
24356,7
17074,7
3362,7
29099,7
27842,8
7017,6
29095,6
1585,7
10374,7
27845,7
137803,7
9846,7
137801,7
24005,6
66630,7
18699,7
17070,7
29705,7
24008,7
20036,8
29250,8
5237,7
13124,7
13125,7
64254,7
123017,7
64767,7
28884,7
62465,7
11818,7
16668,7
13128,7
15153,7
29894,7
118321,6
30277,7
148870,7
109425,8
137373,8
29899,7
18329,7
3071,7
28471,7
28477,7
1593,7
2950,8
1598,7
2953,8
31702,7
31703,7
65689,7
31707,7
7163,6
126020,7
62290,8
66325,7
143668,7
12711,7
29392,7
62107,9
143664,8
66690,7
30032,7
4367,7
24029,7
126597,6
12898,7
25322,10
66697,7
66698,7
29466,7
8638,7
31521,7
23107,7
144010,7
109338,7
123094,7
5643,7
8272,7
132502,7
28278,7
2002,7
28919,6
143073,7
143443,7
3105,7
7911,7
3107,8
11074,7
14555,7
1111,7
111103,8
157414,7
157415,7
20338,7
28078,6
1440,7
156415,7
31634,8
31143,6
31144,6
145552,7
1449,7
31147,6
13782,7
22619,8
4091,8
4090,7
63938,7
31453,6
4094,7
31500,8
22612,7
13789,7
25823,7
162078,7
6669,7
66588,7
7161,8
111723,7
66586,6
111721,7
11313,7
62955,8
66582,6
11310,8
141001,7
23793,7
107325,7
7585,7
160798,7
30925,7
12545,7
100114,6
66452,8
66102,7
7741,7
66455,7
143285,8
28616,7
61676,6
127377,7
22507,7
31456,7
150258,7
61691,7
60983,7
62626,7
14918,7
60984,7
4049,7
6529,7
8304,7
140063,8
140061,6
6528,7
62733,7
129624,7
28853,6
61581,8
8096,7
118738,7
65803,7
61585,7
5824,7
61587,7
5826,7
4145,7
118733,7
8099,7
11264,7
65022,7
65021,6
65026,7
9867,7
61077,7
160488,7
29946,7
110529,6
9937,7
151257,7
16778,7
260919,7
1487,7
126010,8
65376,7
16775,7
16777,7
111629,7
128978,7
25691,7
130766,7
25341,7
25340,6
12065,8
6097,8
29211,7
31858,8
61285,7
1567,7
12669,7
23961,7
161977,7
6653,7
61562,7
10519,7
107817,7
5918,7
25749,7
28266,7
25747,7
127797,7
61296,7
65971,7
120359,6
65973,7
65570,9
161997,8
161994,7
63635,7
63637,7
2751,7
64511,7
24837,7
64515,7
25528,7
266214,7
148469,7
266216,7
65772,8
65773,8
12379,7
65771,8
21066,7
19873,7
150478,7
13421,7
21061,7
2547,7
28320,6
24489,6
64994,8
11687,7
153895,7
64991,7
23000,7
114608,7
65484,7
63998,7
11440,7
124678,6
24907,7
65482,7
65483,7
20029,7
31629,8
64175,6
24909,6
153070,7
2282,7
60979,8
9155,7
3581,7
160228,8
3584,6
8666,8
124320,7
124321,7
27906,8
29164,7
116004,7
63180,6
150761,7
64194,7
260774,8
16955,7
16956,7
16401,7
9483,7
14985,7
17132,7
7904,7
17890,7
7906,6
17136,7
125580,7
61921,7
125584,6
61925,8
16791,7
13332,8
128759,7
4622,7
65469,8
148391,7
148390,7
1109,8
122917,7
122915,7
6078,7
22205,7
2615,7
20488,7
12964,7
160312,7
137370,7
7346,7
135844,8
29875,8
7343,7
19965,7
1906,7
63291,8
3297,8
1902,7
25433,7
20134,7
149738,8
120824,7
13204,8
143912,10
22978,8
143910,7
13200,7
22974,7
122358,6
112254,7
13169,8
12338,7
65464,8
135990,6
138124,8
138126,7
138123,8
146738,8
27875,8
14960,7
12395,7
62768,7
13163,7
14145,7
29082,8
29085,7
10244,8
21499,8
30559,7
5229,7
63166,7
63161,7
29246,7
13166,7
143870,7
29241,6
11861,7
14815,7
155282,7
125601,7
113498,6
13114,7
138341,7
113299,7
8902,7
2574,7
138347,7
138346,7
15142,7
109929,6
29886,6
29887,7
109925,7
134447,7
109926,8
112721,7
112720,8
14369,7
3062,8
7171,7
121819,7
5234,7
14490,7
7179,8
2942,8
138901,7
2940,7
1050,8
150044,7
62168,7
31739,7
31738,6
31737,8
122263,7
160173,7
112033,7
2951,7
112030,7
133288,7
1690,7
112034,8
61253,7
16957,6
1279,7
118503,8
118502,7
144009,7
30029,7
115566,7
9259,8
12884,6
1274,8
66660,7
115090,6
14565,7
123016,6
14563,8
14561,7
133844,7
11225,7
133246,7
24483,7
8247,7
64049,7
8245,7
122315,7
29661,6
66263,7
24934,7
111064,7
29668,8
3116,8
60977,7
26898,7
119295,7
29066,7
119753,7
29063,7
157955,7
157954,7
156133,7
157959,7
31607,6
3336,7
23752,7
31462,7
61483,7
1300,8
10200,7
121553,8
22373,7
66000,8
28917,8
28970,7
1308,7
66004,7
144139,9
132405,6
23592,7
63052,7
2537,7
160684,7
11300,7
4225,7
11302,7
160934,7
11304,7
7124,7
4222,7
9125,7
61664,8
25923,8
4611,6
30939,8
61661,6
61662,6
28620,7
30932,7
24792,9
6471,7
9831,7
160810,6
28940,8
15364,7
9835,7
31041,6
63059,8
28765,7
7759,8
23111,7
9240,7
7300,8
108752,7
23118,7
7750,7
144821,7
110399,7
9242,7
112362,7
61444,7
63194,6
3937,7
61441,7
8333,8
8265,7
3265,7
8334,7
6717,8
28822,6
25929,7
61592,6
9904,6
61591,6
61596,8
127094,7
64028,8
19069,7
7850,7
24669,7
2593,7
61060,7
24466,7
64048,7
5697,7
28135,7
138613,6
28139,7
61069,6
24468,7
65011,7
17286,7
19209,7
25355,7
25356,7
25357,7
60887,8
153668,6
64768,7
64766,7
22794,7
60888,6
25359,7
64760,8
119756,7
110065,7
29086,7
5306,7
117018,7
120134,6
25680,7
121257,6
4045,6
23978,7
13756,8
4040,8
230796,6
148133,7
15855,6
109823,7
7917,6
161961,8
136824,7
13759,7
161966,7
161965,7
5968,7
65908,6
22086,7
120774,6
24893,8
65905,7
65904,6
10877,7
16890,7
63621,7
63996,7
16896,7
24803,6
16898,7
65587,7
24800,7
161989,7
2285,8
25676,7
124198,6
61836,7
23528,7
64692,7
13431,6
64690,7
65142,7
65251,7
124196,6
121817,7
121816,7
121815,8
25922,7
2577,7
11694,7
2573,7
130398,6
10905,7
61988,7
65345,8
10906,8
65343,8
10903,7
10902,7
64160,9
11455,7
11456,7
64163,7
11450,6
23220,8
64166,7
21237,7
2595,7
2596,7
11609,6
140904,8
64433,7
64346,8
3594,6
13794,7
113140,7
10305,7
10656,7
5032,7
63195,7
63196,7
21238,7
13326,7
20904,7
4430,6
63758,6
13323,8
25224,7
7912,7
116615,7
63755,7
13328,7
13329,7
1878,7
64189,7
7980,7
118307,7
12603,7
4941,7
118081,8
7936,7
9402,7
138205,7
62501,7
138201,6
138203,8
4321,7
12139,7
6044,7
1121,6
2111,7
24842,8
2113,7
152931,7
8084,7
2620,7
125000,7
14027,7
160364,7
62378,7
140902,7
62804,7
2628,7
117019,7
142956,7
1919,7
7350,7
21300,8
31270,7
122678,7
6362,6
63572,7
122674,7
115516,7
62571,7
64231,7
121077,6
120815,7
120816,7
30328,7
122394,7
2025,8
61408,7
62977,7
62976,7
62979,7
13700,7
154605,7
10277,7
108645,7
264668,7
133432,7
14791,8
133430,7
14793,7
14794,7
10150,7
10278,7
5216,7
21136,8
63374,8
125315,7
5210,7
20019,7
62712,7
160726,7
5218,6
63281,6
29278,8
63172,7
142644,6
27938,7
264265,7
2820,8
9217,7
21542,6
63178,7
29274,7
11872,7
112623,7
8925,7
24725,8
112626,7
11877,7
112624,7
133726,7
146500,7
15101,7
1663,7
18307,7
18654,7
14487,7
31574,8
30584,8
147101,7
63288,8
142463,7
142462,8
15173,7
14489,7
30233,7
24099,7
122255,6
29133,8
122520,7
7107,7
66681,7
143527,7
14370,7
122778,7
30884,7
62123,7
122096,7
122094,7
62396,7
62391,6
28034,7
1045,7
64334,7
31720,7
3980,7
157899,7
62399,7
122099,6
18788,7
1686,7
30128,7
140071,7
63898,7
4450,7
142260,7
30059,7
132526,7
132525,6
132524,7
264712,7
149721,7
8253,7
19262,7
61589,8
111631,8
30055,6
66673,7
140443,7
10013,7
8789,7
11056,7
30832,7
21593,7
8787,8
1913,6
66272,7
30352,7
24216,7
3129,7
29698,7
66275,8
128698,7
9230,8
66278,7
3121,7
28058,7
29693,7
10016,7
29052,8
137351,6
157433,8
1468,7
29055,7
115404,7
144727,7
8655,7
1823,7
115077,8
8431,8
126318,8
8434,7
23769,7
23768,8
23767,7
16763,6
31477,7
66016,7
28900,8
1318,7
12434,7
12433,7
24781,7
24782,8
15350,7
28885,10
160570,7
23561,7
114370,7
4230,7
61610,7
15197,7
133949,7
145854,7
5597,8
28637,7
142339,7
15199,7
133944,7
133945,7
110721,7
14897,7
110728,7
7723,7
64699,7
151016,7
61439,6
3949,7
61129,7
119273,6
6722,8
61122,8
61121,8
61435,7
4807,7
3946,7
66496,8
145042,7
1230,6
28836,7
6707,7
12503,8
24671,7
4128,8
63876,7
9919,8
4496,7
6315,7
31554,7
4127,7
155795,7
155794,7
63724,8
65009,7
24474,7
63874,7
7430,8
24473,7
8049,7
61725,7
6213,8
61055,7
119574,6
61721,7
5680,7
65006,7
27786,6
144235,7
140672,7
61546,6
6386,8
10499,7
124050,7
28624,8
10498,7
149299,8
4193,7
13288,8
62870,7
23945,7
23943,6
137232,8
23940,7
22144,8
140676,7
1447,7
22140,8
6678,7
23948,7
4052,7
14250,7
7245,8
27921,8
148109,7
11511,7
60893,7
4058,7
110387,7
145186,7
65176,7
160596,7
65170,7
110382,8
128098,7
5973,7
6936,7
10860,7
65911,9
160598,8
63986,6
150278,7
17110,7
3612,7
17208,7
150699,7
16885,7
63617,7
3619,7
16889,7
2295,7
25783,7
158740,7
141198,8
64363,9
141196,7
141197,7
25031,8
148249,7
10813,7
64891,7
4331,7
29736,7
141359,8
119436,7
63058,7
162336,6
10916,7
10917,8
152809,8
135044,7
24922,7
8692,7
24925,8
25124,6
10816,6
64402,7
17115,8
7922,7
7923,7
2581,7
7921,7
5020,7
61544,7
64408,7
31483,7
2589,7
21959,6
1860,7
13353,7
28785,8
27991,7
1866,7
4448,7
63538,7
63766,7
28712,7
13597,7
121673,7
120822,7
4685,7
25976,6
4936,8
61941,7
138747,7
138210,7
138741,7
138743,7
64536,7
64535,7
24810,6
25979,7
2101,7
19318,7
151078,7
6053,7
63815,7
63814,7
5116,8
10000,7
160374,7
10002,7
160376,7
160378,7
122061,7
62811,7
2811,7
17061,7
5109,7
9599,7
20791,7
28256,7
157153,7
63640,7
17069,7
3439,7
1240,7
146171,8
22957,8
126555,6
3650,7
160254,6
7809,8
2034,7
2033,7
14150,7
147599,7
62965,7
4844,7
139985,7
4598,7
4802,6
10484,7
4842,7
4843,7
14908,7
108631,7
61401,6
160657,7
10266,7
123937,6
112295,7
114829,7
133424,7
10466,6
29265,7
14169,7
62709,7
124595,6
25870,7
14163,7
63384,7
62700,8
29268,7
1969,7
121440,7
264270,7
111974,7
26013,7
3011,7
28490,7
62491,7
142096,8
28323,8
138122,7
133049,7
25877,7
27928,7
18533,7
133047,7
13174,8
133732,7
11191,7
122436,6
149618,7
30598,8
2960,7
29868,7
14340,6
30594,7
29864,8
1783,8
30222,7
2968,7
30220,7
137611,7
3048,6
62634,6
122536,7
62632,7
7116,8
24318,7
3041,7
24316,7
6873,8
17641,7
108740,7
137292,7
62382,7
61028,6
1078,7
1076,7
3643,7
1072,7
62388,7
1678,7
18221,7
13003,7
110732,7
29341,8
30007,7
1677,7
3807,7
21423,7
1094,7
66649,7
3806,8
30822,7
7951,7
156599,7
148937,7
264709,7
148930,7
7291,7
148932,7
14808,7
109580,7
109584,7
137722,8
29993,7
61388,8
29996,7
3138,7
14583,7
14582,7
31660,7
160607,8
142088,7
160600,7
6297,7
20202,7
62036,7
12994,7
126140,7
66242,7
27765,7
156933,7
8348,7
2490,7
1410,7
138602,8
29514,6
29040,8
142459,7
29511,7
28938,7
1327,7
1914,8
133547,7
28933,7
144119,8
28930,6
23774,7
23776,7
9411,7
12421,7
137434,7
15343,7
137432,7
8687,7
15346,7
15347,7
119216,7
5764,7
4201,8
5763,8
147644,7
6908,6
143526,8
61600,7
5568,7
10353,7
19807,8
140027,7
61608,7
5567,8
5560,7
7526,7
1254,7
24912,7
28338,7
142460,6
7733,7
25805,7
11220,8
63520,8
16650,8
145512,7
26246,7
158414,7
28806,8
66731,7
66484,7
126434,6
63927,7
30231,7
61420,8
22221,7
6435,8
61425,7
8358,7
11213,8
5408,8
4115,7
6730,7
112754,7
121834,7
8350,7
31501,7
125014,7
115872,7
140030,7
17245,7
8357,7
24689,7
12519,7
19049,7
17239,7
122257,7
24447,7
66602,7
126322,6
61739,7
27792,8
61737,7
24449,7
28152,7
28155,7
27794,7
61047,8
61556,7
61557,7
25331,6
61552,7
7106,6
116526,7
65615,7
160597,7
25338,7
25339,8
156618,7
62919,7
145080,7
138607,7
29616,8
13354,7
31888,7
119736,7
63424,8
31887,7
19057,7
31881,7
117035,7
117036,8
62527,7
4062,6
65290,8
4060,7
6867,6
4066,7
13776,8
65921,7
11509,8
11506,6
23799,7
127436,7
5786,7
150201,6
65105,7
126423,7
65106,7
65108,7
15253,7
29722,7
120300,6
60950,7
120302,7
127438,6
62395,7
10735,7
3607,7
16453,8
63976,8
145809,7
63604,7
63605,7
63606,6
63971,9
160232,6
12189,7
156619,7
16637,7
16188,7
157755,7
12181,7
12180,7
157757,6
61339,7
28590,7
6115,7
6116,7
143605,7
6110,7
3897,7
64745,8
10920,6
64741,7
116857,8
5442,7
106589,7
64748,7
7183,8
141983,6
3855,7
7281,7
7932,6
64418,7
9459,7
124319,6
29061,7
7938,7
124315,7
124314,7
64410,6
134384,7
13342,7
13340,8
13341,8
17694,7
4456,8
7974,6
118264,8
21144,7
16981,7
118267,7
13839,8
7977,7
16985,6
16456,7
13580,8
4690,7
130048,7
130049,7
4926,7
4699,7
130040,7
130041,8
2138,7
154434,6
1682,7
11720,7
11721,8
6020,7
7139,7
154439,8
6025,8
11729,8
121053,6
63551,7
63804,7
155754,7
5165,7
63800,7
12256,7
62823,8
62822,7
62821,7
14003,8
160340,7
62826,7
125237,6
160343,8
150139,7
138483,7
62559,7
20783,7
62553,7
141037,7
63803,7
138489,7
9216,8
21496,8
62555,7
17073,7
16855,7
3429,7
2783,7
16853,7
61494,7
125595,6
120877,8
3424,7
6334,7
6335,7
144436,7
6331,6
9698,7
6333,7
62957,7
120297,7
2008,7
62954,7
6338,7
113646,7
264398,7
3126,7
14170,7
62732,7
14172,7
62730,6
27886,7
264390,7
264391,7
27882,7
123435,7
264395,8
10453,7
10451,7
10109,7
9555,8
29217,7
24040,7
3026,8
129120,7
264713,7
3556,8
3555,7
62990,7
21763,7
63154,6
160293,7
63157,7
6066,7
10581,7
124442,7
134031,6
12096,8
10585,7
10588,7
4065,7
8901,7
1706,7
11856,7
6308,7
11183,7
2916,8
11185,8
157217,8
29852,7
124046,7
119974,7
112178,7
1794,7
62602,6
6848,7
11538,7
4579,7
132482,7
17919,7
6304,7
113917,8
7127,6
24302,7
24304,7
7123,7
6845,7
10609,7
11051,7
30697,7
5301,7
111940,7
29453,7
30692,7
29323,7
137110,7
23034,7
13013,7
1669,7
13011,6
106418,7
157634,7
157635,7
30451,8
157633,7
1661,7
157856,7
30674,7
30671,7
1082,7
30857,7
8234,7
31276,6
156857,7
4322,8
66386,7
14828,7
157858,7
157859,7
19428,7
66648,7
12091,7
3144,6
2829,7
24491,6
14597,7
28248,7
14592,8
14590,8
31673,7
5417,7
5835,8
31674,7
154759,7
7632,8
17861,7
7636,7
7637,7
29984,7
136884,7
112775,6
1408,7
5134,7
9699,7
157452,7
29032,7
113491,6
152149,7
31614,7
31418,7
25020,7
61147,7
155856,6
6932,7
147658,7
9841,7
8699,7
18100,7
8694,7
9849,7
8123,7
5774,8
147657,8
129632,8
25021,8
25623,7
5578,7
61635,7
143357,7
5572,8
25108,7
66654,7
3093,7
1243,7
126554,7
1533,10
111873,8
29143,8
1246,7
63518,7
3969,7
28322,7
25874,7
1539,8
62592,7
136265,7
136267,7
66728,7
27981,7
61381,7
61380,7
29992,7
11115,7
126424,7
22544,7
61389,7
66723,6
31096,7
9317,7
4103,7
31095,8
31093,7
63645,7
11228,7
140023,7
4108,8
8341,7
29692,7
109158,6
147868,7
31099,8
12568,7
160913,7
160912,7
16747,7
24699,7
10426,7
15242,7
19054,7
1523,7
15247,6
63405,7
28924,7
66032,6
25906,7
22306,7
62599,6
30175,7
1634,7
61703,7
260778,7
22308,7
160586,6
61706,7
28145,7
117026,7
109919,7
16531,7
61567,8
61566,7
117020,7
25655,7
65607,7
8717,7
155753,7
25302,7
12620,7
145729,6
6617,7
61095,7
12625,7
22122,7
31894,7
31895,7
13381,7
27932,7
65133,7
10840,9
10030,7
148169,7
65286,7
65287,8
13479,7
5959,7
156125,7
11531,9
11537,7
11535,7
4072,7
154758,7
61140,7
3964,6
61414,7
3962,8
5792,7
5791,7
7092,7
130200,7
61976,8
60942,7
154755,7
154756,7
154757,7
7152,7
8079,7
7279,6
141277,7
3639,8
63943,8
17081,7
66151,7
63945,7
4675,7
25013,7
61899,7
65739,7
22053,7
117115,7
16629,7
151928,7
65737,7
16620,7
31479,7
2345,7
2346,7
144519,8
6109,7
2342,7
121844,8
12757,7
8073,7
119414,7
6102,8
20109,7
119417,7
6347,8
10938,6
63290,6
124038,6
22059,7
4372,8
63700,7
28325,6
25274,7
63705,7
29756,7
63707,8
8512,7
135247,8
63708,8
12246,7
9112,6
64397,7
140977,7
260779,7
65426,7
3708,7
118042,7
109189,10
1382,7
65421,7
4467,8
7959,7
1884,7
4462,7
3707,7
4460,8
2340,8
17101,7
25241,7
13579,7
2124,7
4918,7
23113,7
4666,7
30888,7
13570,8
13963,8
4911,7
12756,7
6039,9
5750,7
13139,7
64088,7
135669,7
24878,7
13235,8
6036,8
6034,9
11343,7
10063,7
21487,8
147639,7
9203,7
14221,6
66468,6
5179,8
12430,8
21488,7
62549,7
3416,7
12824,7
123474,8
6742,7
3413,7
64063,7
121713,7
4371,7
6100,7
135805,7
114979,7
21374,7
6836,7
16847,6
8488,7
16845,7
16843,7
12377,8
4162,7
149177,7
12821,7
9689,7
63490,6
63493,8
2019,7
15290,9
65609,8
12171,7
13480,7
65158,8
121199,7
64055,7
13484,7
141400,7
25711,7
133825,6
9063,7
62723,7
63600,7
17233,7
10286,7
14108,7
264385,7
264387,7
264386,7
17715,7
14650,6
28022,7
29206,7
125360,7
7672,7
10115,7
25495,6
10443,7
3562,7
21777,7
13155,9
148770,6
7250,7
14503,7
7253,7
63120,7
63123,7
63122,7
112186,7
30236,7
65948,8
4485,8
112618,7
10597,8
62832,7
149082,8
5379,7
65578,7
30261,7
124374,7
102617,7
20993,7
10553,6
138943,7
140979,6
11291,6
29312,7
64547,7
105936,7
5336,7
147242,7
16996,7
118876,6
17908,7
7138,7
63702,7
62618,8
122519,7
108664,7
141389,7
122515,7
7132,7
16991,7
29448,7
29449,7
142230,7
3036,6
29338,8
63232,7
5313,7
115747,7
29332,7
30685,7
29446,7
30540,7
8807,7
13027,8
147337,7
13025,8
64392,7
1650,7
1651,7
1655,7
30666,8
30843,8
133885,8
124361,7
137252,7
30847,7
156860,7
157676,7
147792,7
6588,7
142546,7
109366,7
133888,6
3153,7
160479,8
2484,7
3157,7
24204,7
145911,7
1982,8
28795,7
64549,7
28249,7
28733,7
28791,6
14285,7
24344,7
31062,7
5404,7
138000,6
3394,8
29533,7
3399,7
64162,7
30463,7
122355,7
62057,7
1439,7
29846,7
136725,7
126775,7
129469,6
129466,7
129467,7
29021,7
30209,7
116586,7
25579,8
66281,7
13709,7
147660,7
66286,7
66285,7
23553,7
143710,8
13378,7
66530,6
127075,7
64639,7
23088,7
160989,8
112752,7
160837,8
18110,7
16684,7
15414,7
6924,7
15416,8
121656,6
9872,7
13375,7
23084,6
6922,7
7711,7
16441,7
8823,7
5543,7
6522,7
4340,7
1266,7
11427,8
14581,7
63663,6
29156,7
111864,7
25033,7
29150,7
30067,8
4273,8
25860,7
63661,7
28317,8
111868,8
11811,7
61390,7
147579,6
64165,7
61394,7
61396,6
61397,7
61398,7
61399,7
65050,7
22207,8
126454,7
29870,7
5169,7
124394,7
66708,6
14359,7
11234,8
13800,7
141577,9
28176,7
12578,7
61711,7
61712,7
65980,7
15803,7
10827,7
12576,7
61719,8
12575,8
61427,7
24428,7
156714,7
25915,7
129840,7
134308,7
117905,6
7401,7
129849,7
117902,7
117903,8
25318,7
140759,6
6527,7
13866,8
22447,7
61574,8
25080,7
61576,7
25313,7
61570,6
25315,7
25641,7
160725,7
145228,7
12945,6
65944,7
12615,7
2085,8
145227,8
10391,7
119714,8
21159,7
161048,8
4001,8
13712,7
63460,7
4005,7
13716,8
61400,8
61153,7
61402,7
61151,8
24731,8
19427,7
61407,7
155616,8
61409,7
155614,7
155615,8
9898,7
30646,7
150221,7
61885,7
30647,7
61880,8
120455,7
65700,7
120458,7
30640,7
119893,7
19557,7
2818,7
136186,7
17180,8
141363,7
141362,7
158235,8
126417,7
13625,8
23006,7
149318,8
26004,7
13623,7
2337,8
2536,7
6130,6
156153,7
140760,7
30137,7
14083,7
64082,7
24678,7
25000,7
64896,7
140569,7
25480,8
25481,7
13407,7
24795,8
10946,7
16477,7
1581,6
161877,8
63716,7
112774,7
9472,7
160502,7
63718,7
151606,7
154255,7
17762,7
31300,7
16478,7
65413,7
61971,8
160211,7
25462,7
141097,7
3170,7
29316,7
4124,7
13365,7
4477,7
4476,6
118528,7
142945,7
6003,6
7435,7
4900,7
4903,7
4674,7
13562,7
113490,7
6008,7
13561,7
64099,7
2710,7
7437,7
63951,7
13409,7
7694,7
28641,7
2246,7
24844,7
24843,7
63959,7
24841,7
24840,7
24191,7
24190,7
9273,7
65610,7
64275,8
24197,7
5149,7
24198,7
151630,7
63769,8
124775,7
126496,7
113373,7
149089,7
138129,7
3407,8
27780,7
17016,7
27783,7
63000,7
16872,7
15354,7
61726,7
12389,7
26016,8
5018,9
16878,7
12381,7
10349,8
25731,8
150306,7
12142,7
12141,6
6311,7
10615,7
10614,7
6314,7
64383,7
10618,7
64389,7
63018,7
14113,7
30138,7
3410,8
14114,7
62288,7
133366,7
133367,8
62285,6
125358,6
108970,8
113371,7
10439,7
116531,7
147811,7
5073,7
9305,7
10121,8
9302,6
122741,7
21743,7
13142,7
5071,8
133766,7
133767,8
157058,7
29791,6
158736,7
158737,8
158734,7
133769,6
3570,7
121437,6
63135,7
4497,8
60894,8
4494,6
64302,7
13380,7
116924,7
146036,7
5847,8
20983,7
8964,7
6821,7
120794,6
14810,6
2938,7
17266,7
157353,7
6829,7
112402,8
133504,7
108778,8
9455,8
10631,7
146354,7
10541,7
10540,7
14606,8
11896,7
25047,7
10549,7
14603,7
62667,7
62666,6
124355,6
63224,7
1641,7
17269,7
65718,7
29300,6
115757,9
29304,7
14282,7
2299,7
14934,7
8810,7
14938,7
18276,7
137131,8
1743,7
30477,7
13032,8
8818,7
11094,8
137573,8
30651,8
65014,7
29497,8
29948,8
18051,7
115554,7
15087,8
8210,7
8745,7
15084,6
8215,6
11099,7
109826,7
30870,7
6865,7
62064,7
122360,6
65180,7
2802,7
138843,7
8213,7
24219,7
132361,7
126721,8
135986,7
28787,8
5432,7
139665,7
160658,8
62266,7
62261,7
3369,7
62263,7
62262,8
30789,6
3365,6
5111,8
5439,7
113093,7
28543,7
28016,7
29830,8
13572,7
122921,6
10658,7
29837,7
149437,8
63495,7
5783,7
126599,6
13962,7
9815,7
109683,7
118228,6
4274,6
66526,7
118445,7
4279,7
8109,7
1356,7
135484,7
133987,7
133985,6
5559,7
4860,7
17150,7
114628,7
23291,7
11147,7
106900,7
14425,8
11142,8
25852,7
28303,7
3502,7
108154,7
24503,7
25859,6
133724,7
140024,8
29161,7
1518,7
29165,7
11514,8
66185,7
30094,6
144076,7
8582,7
8363,7
8365,7
145308,8
144520,7
113361,6
16665,7
110100,6
12815,7
144097,7
5256,7
12544,7
113362,7
11513,7
15261,6
12540,6
18484,6
5888,7
123097,7
150277,7
61763,7
6557,8
30891,7
15060,7
6552,7
61766,8
28168,6
160932,7
27747,7
113367,7
24607,7
105805,7
28942,7
62728,7
129851,6
129850,6
28762,7
28947,8
145416,7
24432,8
24430,8
24436,6
22325,7
28769,8
155738,7
130298,8
23544,7
25972,8
155735,7
155734,7
155737,7
155736,7
110039,7
11550,7
23988,7
11555,7
60802,8
23450,8
4423,7
28858,7
141982,7
9667,8
60800,7
161066,8
109043,7
161064,7
154739,7
4016,7
11399,7
10867,7
7504,7
19433,7
7506,6
19431,8
9882,7
24720,7
61167,7
61166,7
65670,6
61163,8
2136,6
24728,7
65710,8
65247,7
65244,7
65713,7
65242,6
65243,7
65717,8
64663,6
13432,6
62093,8
63531,8
21828,7
127484,7
110326,6
61181,7
127480,6
127481,8
61188,7
29075,7
120595,6
30576,6
13630,7
29074,6
1891,7
3504,7
2328,7
65399,7
20779,7
62336,7
117861,7
11508,8
65621,7
65622,7
17202,8
64865,7
17095,7
64867,7
117868,7
9916,8
25399,7
21776,7
2290,7
161844,8
8675,7
127455,7
23812,7
63725,7
25296,7
63723,7
63084,7
151222,8
141957,6
25320,7
7257,7
138705,8
65590,8
138707,7
111662,7
24982,7
24980,7
17640,7
66672,7
65664,7
17076,7
7251,6
6013,8
106853,7
31267,7
142953,7
117260,8
4640,7
13550,8
13557,7
2497,7
4645,7
7315,8
12895,7
120093,6
19891,7
2259,7
17248,7
11770,7
2255,7
24853,7
25978,7
24856,7
17240,7
132980,7
4093,6
66571,8
24186,7
24187,7
24184,7
62525,7
121080,7
13525,6
10044,7
63857,8
64282,7
143974,8
7875,8
28295,8
122078,7
13786,7
139804,7
63030,7
22913,7
8133,6
4801,7
2787,7
150279,7
11257,7
63385,7
12304,8
4809,8
106291,8
12392,7
116224,7
64915,7
26015,7
26012,6
153813,7
26011,6
3580,7
6307,7
63470,6
128663,7
7658,7
3226,6
10380,7
63651,7
14129,7
140736,7
11017,7
64341,7
21232,6
9083,7
62296,8
63454,6
63456,8
8047,8
121153,6
9319,7
63100,7
139922,7
10420,7
21595,7
65703,7
10598,8
9311,6
27988,7
112366,7
3164,7
7277,7
7275,8
25405,7
7278,7
135165,8
5087,8
3505,7
8958,7
2561,8
64011,7
13828,8
113768,6
11672,7
1209,7
124934,7
2903,7
6831,7
6830,7
122514,7
64061,7
123807,7
147262,7
30662,7
112410,7
14385,8
113419,7
155933,8
5330,7
14639,7
14638,7
112968,8
10550,7
12559,8
14633,7
5338,7
125234,7
11315,8
1632,7
1633,8
112095,7
1635,7
16227,7
121717,7
121718,7
30260,8
3218,7
62520,7
4510,7
1951,7
20548,7
130764,8
8826,7
13041,7
140905,6
133170,7
13046,7
18040,7
29011,8
2817,7
18732,7
30649,7
17982,7
18049,7
15092,7
29955,7
30312,6
157862,7
30310,7
112168,7
62070,7
3178,7
14257,7
14256,7
7647,7
30163,7
14253,7
14252,7
3171,7
62079,7
24225,7
24224,6
12972,7
119275,7
5639,8
122175,10
29553,7
29550,7
7085,7
122172,7
3376,7
114920,6
130762,6
5422,7
29823,7
137874,7
62204,7
24926,7
30265,7
27828,7
129442,6
29829,7
122101,7
31683,7
66519,7
8095,7
1161,7
8176,8
15383,7
8446,7
19124,7
31689,7
9013,7
4242,6
126615,7
160415,6
5520,7
135004,7
5523,7
160416,7
5526,7
27825,7
28502,6
8007,7
11172,8
24539,7
24538,8
25844,6
28374,7
1864,7
14386,7
24533,7
28378,7
24531,7
64404,8
24537,9
61679,7
5742,7
25848,7
31224,8
31227,8
65887,7
66354,8
1562,6
144066,8
29173,7
30688,7
126136,6
14382,8
1360,7
2990,7
61376,7
63417,7
5250,8
138621,6
8972,7
27199,7
12804,8
8551,7
15274,8
1659,7
65899,6
12801,8
12403,7
65896,8
65895,7
23197,7
65893,7
8001,7
156613,7
13824,6
6547,7
138662,7
24405,7
28758,7
6543,8
21503,8
161110,7
121382,8
127279,7
28194,7
30098,7
28191,8
64038,7
24409,6
160417,7
136804,8
7469,7
28209,7
1363,8
8486,8
28754,7
25279,7
65527,7
151423,7
25937,7
28200,7
16832,7
