61518,442
61519,705
19713,442
61513,1323
150398,284
4418,588
22461,939
63763,705
150397,397
13733,588
22668,939
21499,215
111537,442
111534,1323
111532,705
4029,939
115814,442
60914,397
60916,178
5980,939
5987,1323
132644,1323
19390,215
110488,442
61179,397
24710,588
19159,442
19158,442
7510,1323
19155,939
61171,705
19156,442
19150,442
19152,939
61206,442
139342,284
65270,1323
16674,442
65275,25
16679,442
150179,284
25069,79
142814,1323
22008,939
6152,1323
12702,49
61192,705
142811,939
147660,1323
127094,1323
63197,284
13602,215
23450,442
30445,442
4737,442
6791,397
118126,284
118125,215
4739,442
2312,1323
118122,939
118121,25
6799,939
64708,588
25665,397
144235,1323
65655,939
64879,939
140541,705
30117,397
120051,588
60823,442
17654,442
63739,705
4005,1323
111169,1323
25285,705
25283,705
22717,442
138743,1323
25118,1323
25119,939
16705,442
137252,1323
24204,705
4520,705
65474,1323
25110,588
25111,705
7993,939
140897,705
10917,397
141236,1323
6196,1323
28998,1323
63930,705
2269,284
116787,1323
19570,442
7881,939
17252,215
7882,939
17254,215
17255,442
8551,705
17030,442
63848,705
6588,397
124599,1323
17035,215
9258,939
9259,705
9256,397
139804,1323
2448,939
64292,939
63847,397
62511,1323
7866,178
7862,939
64054,1323
64055,1323
24888,588
64051,705
61584,397
138608,588
138609,1323
2044,588
15203,1323
138601,1323
148414,215
138603,1323
148410,1323
2049,939
26022,25
128618,1323
9413,588
64902,939
64455,939
10639,705
64901,397
6370,1323
28410,705
12123,705
12122,705
12125,397
6375,705
10631,442
12126,397
10417,705
134164,1323
28316,1323
10411,178
135945,1323
14131,284
11944,705
24005,939
105538,442
3238,442
27991,705
135969,939
10382,1323
10380,397
17724,442
10000,939
137881,1323
10894,397
135966,1323
62465,397
135965,1323
16924,442
142023,397
7268,1323
8947,939
22260,397
21828,705
7267,215
63812,397
16929,442
7260,178
27980,705
12234,1323
63596,939
6207,284
12233,588
125533,939
139025,442
146017,939
14624,705
62646,442
14626,1323
62642,284
14622,588
6809,1323
6802,705
6803,939
62649,1323
66301,939
10567,705
10565,939
125240,178
145729,939
24157,705
157676,588
5187,939
30416,284
1998,442
19402,705
3399,1323
18928,442
138466,588
138467,1323
147303,397
147302,1323
13054,442
8832,939
16671,215
30328,442
138861,49
18705,939
28003,939
16605,284
30637,397
29964,49
28564,939
65732,397
62088,178
24731,397
28563,588
24232,442
24233,215
122382,215
17069,442
12945,1323
12944,1323
62243,442
122143,397
18746,284
3342,1323
63460,939
17120,442
123495,442
29846,705
65556,284
63461,442
137641,1323
137864,1323
151606,442
137642,588
137861,1323
135788,1323
30259,49
29818,705
30257,588
29764,588
156383,215
156384,215
29762,1323
1177,397
15446,588
1173,1323
30740,939
13940,1323
31122,25
31692,442
23500,442
5530,939
28696,442
24522,705
20423,49
66300,939
5539,397
28699,1323
147453,79
147452,1323
147451,588
151708,705
10332,705
29388,284
14257,588
11169,1323
1283,1323
145367,397
66185,442
14403,284
109842,397
29108,939
31230,397
111839,939
143640,939
31234,178
8762,705
29101,442
15364,215
29105,705
7185,939
7186,397
66617,49
114880,442
14938,1323
13831,1323
2818,705
66161,442
8387,939
8386,705
61693,442
61340,1323
61694,1323
66686,1323
61435,1323
30016,705
8549,939
8017,1323
65881,939
65884,442
23616,1323
65886,215
8542,939
6573,939
6571,1323
24414,442
24415,939
6574,705
6223,939
4383,939
61746,284
61745,588
28185,442
28182,178
27766,397
27765,588
25694,397
66504,442
144435,939
143356,215
66507,1323
28749,49
29613,442
126600,1323
28216,215
28214,79
25944,1323
23291,588
28967,442
3835,939
66288,442
65084,397
63866,588
3833,705
65088,705
4595,939
66530,1323
10884,705
4844,939
155395,939
155394,705
155393,939
23270,588
4036,939
26360,1323
11573,705
60902,79
60900,178
11376,588
11371,215
6534,939
11372,397
121934,939
7526,588
4842,397
7525,397
24704,705
5667,939
7117,705
19415,442
16665,705
25056,178
65266,442
25726,1323
12713,588
6140,705
12717,1323
145109,939
8113,939
12718,1323
12719,588
6781,215
15417,215
23877,397
13619,588
6788,939
4723,442
61527,588
65643,1323
65640,397
120048,1323
61523,1323
5841,588
61393,284
60835,397
137067,1323
5849,284
5918,939
113419,1323
8811,1323
120557,705
16488,588
21118,588
124615,284
16480,588
13531,705
148313,79
13532,215
25859,1323
16716,215
25430,1323
16714,215
25080,215
25434,705
65464,397
16243,442
22496,705
29264,705
2271,939
2270,939
64597,1323
29265,939
112362,284
65971,442
64602,939
64606,1323
63907,25
120358,1323
25987,705
63901,588
63051,588
9248,705
63053,1323
107528,397
63054,1323
9538,705
63059,588
113093,442
9242,178
113096,284
9532,49
62506,442
1743,79
7852,397
7853,705
153128,1323
65515,939
24898,588
138612,1323
13289,442
138610,1323
64021,1323
17534,442
61627,178
116209,1323
63699,442
63698,939
2052,939
65576,397
61832,442
16802,215
29268,705
118321,1323
13440,178
13443,1323
29342,705
9403,397
9402,705
12138,215
64930,442
26038,588
7985,1323
18049,442
64934,705
6362,1323
26037,397
12136,1323
137667,1323
10150,939
10156,939
10405,939
62472,442
10407,939
24832,1323
10159,1323
151222,705
11976,705
64283,1323
122778,705
10390,397
124437,284
124434,442
124435,1323
147849,1323
63474,1323
27965,1323
25079,49
63479,442
27960,939
66235,442
7331,1323
30843,588
14898,1323
14897,588
14895,1323
150477,3
14891,939
108846,1323
3594,939
6216,939
6215,1323
63874,705
12222,705
63870,284
2697,939
62874,588
9298,705
62204,939
15708,588
15709,939
9299,79
62654,442
13542,939
113439,397
150478,284
61996,588
62895,442
119154,284
28209,588
62898,705
13067,705
21427,705
13065,284
3231,442
1968,939
21423,442
1618,1323
1619,442
10085,705
10086,284
1613,939
24148,442
21429,705
16981,442
19537,442
147990,588
27784,588
12956,397
2870,939
12950,939
119217,1323
142748,1323
62870,939
18439,442
27816,939
27810,588
7883,1323
28518,939
9317,215
7662,588
3358,1323
20064,939
122159,1323
7067,442
5442,397
7065,215
62257,49
7063,397
107672,939
11842,442
147201,588
147204,1323
30539,397
30536,397
147208,939
133044,1323
11687,442
30247,1323
30756,284
6963,939
30751,79
15459,939
8627,939
132482,1323
8151,939
120444,705
18152,215
30598,939
5505,705
24397,442
24396,397
1545,397
14470,705
2849,442
31593,442
110801,1323
14477,939
31590,705
30594,215
66379,25
144640,397
29112,442
121273,1323
148950,939
31203,939
31752,215
31574,284
66151,284
13842,705
66155,442
12472,1323
66404,939
127438,1323
61686,442
127384,588
66403,1323
61685,1323
132799,397
27776,705
12828,588
27771,1323
9988,397
12824,1323
12825,705
12827,178
12821,939
8536,939
15291,939
151403,397
61759,939
11027,939
5619,442
66085,284
30945,178
7447,397
151404,178
6565,1323
12796,284
61752,1323
24747,178
61755,1323
119034,1323
29606,397
29607,397
7685,1323
28501,705
7682,1323
29601,215
145911,588
28733,397
1380,939
28737,705
29609,705
9155,705
3824,705
150761,397
23466,397
64356,1323
65074,939
19538,284
63026,1323
65072,1323
65980,284
8446,705
8440,939
3584,1323
109079,397
12575,588
11566,705
13990,705
3639,1323
124320,1323
60938,284
11366,705
115873,215
61583,79
63023,178
26557,1323
60931,1323
11361,49
63724,1323
61355,1323
61356,1323
61350,1323
61352,397
22248,1323
126496,1323
129840,1323
4016,705
28648,705
24776,705
61229,442
19355,442
25739,284
19605,284
25737,705
65215,397
65217,588
25047,588
114698,1323
65180,1323
141321,588
144821,1323
28676,705
150284,397
6171,939
4758,939
4759,705
64857,588
64850,397
64851,1323
64853,1323
6774,1323
10984,178
140529,284
10981,705
10983,1323
64497,588
61531,1323
24607,397
61534,705
117902,178
65679,178
17461,442
60802,49
60801,1323
11291,178
11296,939
9969,588
65671,939
25236,442
65457,588
150024,284
25130,939
106291,397
25132,1323
127177,1323
24954,705
3773,1323
16401,1323
25138,1323
64103,1323
65459,705
3756,1323
17131,215
119535,284
2193,397
13526,939
145003,588
16959,284
19911,939
16721,178
63157,79
16727,284
118003,1323
64583,397
149268,939
118228,1323
64584,284
11747,939
11748,939
64199,284
63919,1323
11584,705
28195,1323
11580,939
6682,178
63742,939
61576,939
64794,442
63917,284
20893,1323
61570,1323
13339,705
9504,284
11115,588
16837,442
16836,442
121381,442
116210,284
65527,1323
65526,284
63687,442
153130,215
64030,939
127179,1323
60796,588
16838,284
4839,939
6357,939
16790,442
60950,1323
141459,1323
4830,705
4523,705
13453,215
7346,1323
12108,442
6194,939
7991,939
2518,705
64929,588
113178,588
64925,397
11636,1323
140983,284
26045,1323
26044,1323
9289,705
9340,588
2735,939
9614,397
4818,939
2731,939
9346,939
9611,215
134144,1323
17070,442
29449,939
127464,178
9619,939
13184,588
64327,588
22810,705
30760,1323
63468,79
64323,215
22815,1323
146156,588
63467,284
5050,397
13189,397
63462,1323
15027,939
7208,588
11819,215
6379,284
142003,442
116615,442
14883,705
26021,939
7205,588
4093,939
12212,1323
63863,588
12216,1323
12215,1323
31267,442
21743,1323
18549,1323
14863,939
17072,215
113425,1323
64038,1323
143153,442
9761,705
14084,939
8571,705
12140,397
29346,705
62317,1323
122015,284
10504,939
62313,1323
29340,442
9293,705
24171,705
124358,1323
13075,442
1979,939
18364,178
1976,939
24179,588
121762,588
3221,215
1971,939
1606,1323
8859,939
8858,1323
6376,705
62797,178
13710,705
138402,1323
133328,588
8850,939
60953,284
138404,588
30185,588
123720,442
12926,939
5336,588
2845,705
30188,284
5476,1323
29992,588
5475,939
14268,1323
28504,1323
14260,397
11234,939
12545,705
61400,705
20075,284
149477,1323
136824,1323
61401,1323
62221,939
15111,397
62225,705
62224,442
63318,442
29997,705
66602,939
61151,284
112111,1323
10507,939
137662,1323
29741,1323
14582,1323
143754,705
29746,1323
115314,397
8148,397
132498,284
1230,79
61406,215
8638,178
6994,939
6995,178
61407,1323
8633,1323
30293,397
5518,178
122895,1323
2807,705
24547,215
24544,705
24545,705
5513,705
30298,397
108449,442
15110,939
1554,939
106418,939
28349,215
66366,588
23544,442
66360,705
122233,1323
29121,397
63447,705
28340,397
2991,939
28342,442
28435,1323
14466,705
25896,705
25895,284
150221,588
31218,284
29900,1323
23195,939
30342,442
30612,397
31748,1323
29909,705
8341,939
31744,284
31214,939
31743,1323
156291,397
16813,1323
31567,939
31564,1323
145580,284
66148,442
8030,939
31560,49
111490,1323
118795,939
111492,588
27997,1323
11793,588
118793,705
9999,1323
12589,397
5606,1323
9023,705
29129,49
24381,397
146500,397
12850,1323
12581,1323
64915,1323
12587,1323
5608,1323
137531,284
65702,939
29901,705
8001,939
25964,939
11032,397
25961,705
1902,588
25860,442
15092,705
151161,705
11038,939
111960,284
111961,705
30614,705
111965,588
66564,588
29634,1323
1397,939
29639,397
20134,939
1393,215
11600,939
1974,939
3813,705
127282,1323
61786,284
3814,939
65069,442
110566,939
65064,284
110562,1323
7163,939
23253,588
23252,705
8455,939
64650,397
109084,939
61839,939
30964,178
15337,178
13988,215
9048,1323
11351,939
60923,705
12459,705
12458,1323
61321,1323
7549,939
61325,397
31366,939
122172,1323
31368,442
12046,939
65872,588
148219,588
1360,1323
10938,939
16642,397
16643,442
61257,1323
6169,1323
145161,1323
8031,215
112254,442
63722,442
126718,1323
64821,397
64820,705
24376,1323
6768,705
23810,939
4740,397
10991,49
65669,397
24610,1323
126714,178
150562,939
25633,397
25632,397
24618,215
5862,939
124638,1323
25140,284
111493,705
65448,178
65449,939
21132,588
64130,79
124636,397
65686,1323
22729,1323
65680,215
2184,705
4607,939
4605,397
16227,284
25389,939
13510,397
145416,588
25844,1323
31811,705
121979,397
9689,397
153728,1323
120156,1323
64626,939
6130,1323
64621,215
64555,284
64554,284
124254,939
64004,588
64550,588
64552,215
29082,397
6900,939
2437,939
2436,705
2435,705
63070,1323
118307,1323
16821,442
116772,1323
118304,178
16824,442
63678,1323
3761,1323
16827,284
16829,442
63676,588
7835,705
65532,442
12110,397
65220,939
61811,939
128620,1323
61816,442
61815,284
25094,284
6349,939
12855,25
25099,705
14623,1323
141460,588
141462,939
4515,705
11649,79
6185,1323
119493,1323
17197,939
17195,442
64480,1323
140445,588
64486,705
64485,1323
141913,1323
9351,215
9355,1323
121142,705
9359,705
65521,215
5284,178
9191,1323
63418,588
21244,397
66091,284
31136,442
141044,1323
22829,705
63938,1323
66096,284
64319,1323
63415,215
7238,442
63789,588
66368,1323
3786,588
3785,1323
63781,442
63782,284
16910,442
2019,442
6239,215
10777,939
4990,705
63895,1323
12206,939
63896,397
141007,1323
63892,939
134044,1323
113459,215
125276,1323
125275,705
125274,1323
63525,178
29359,939
63527,939
121757,284
63252,705
140904,1323
9774,705
9777,705
29353,939
9771,939
121759,1323
29356,1323
9772,939
8867,1323
116004,284
1949,284
142106,588
106073,442
1257,397
9284,705
30423,178
63099,1323
10247,705
11910,1323
13241,79
146119,397
10244,588
62784,588
146114,284
146117,1323
65703,588
146111,1323
146112,1323
2859,939
20204,705
30193,705
133246,588
14219,442
108695,588
2295,939
123995,1323
10200,1323
123998,1323
3203,939
25475,1323
10096,397
29755,705
157735,79
10195,939
1704,1323
29751,939
10190,705
13369,1323
113033,79
14182,939
62236,588
62237,588
10198,705
14186,588
15854,705
29710,397
112101,442
147885,588
29282,284
25462,397
145513,1323
147220,442
29287,1323
29284,705
7602,939
30778,178
146607,284
30990,284
1121,939
8606,1323
14457,705
14324,1323
1097,215
106404,442
25880,397
14450,939
15106,588
30461,284
30281,588
14459,1323
30283,397
29131,939
66313,442
28408,939
24379,215
62123,284
3028,49
24375,939
2982,939
3024,215
2986,939
62129,442
30352,588
111020,284
29910,1323
31778,442
137230,284
115077,215
157353,215
30355,397
30608,1323
10306,939
8734,397
4476,1323
31775,1323
1013,1323
1234,588
8515,939
28397,705
113498,1323
31554,178
8049,939
4194,1323
13864,705
12598,79
1239,705
66425,588
110771,442
119014,442
5671,49
142945,939
137874,1323
12840,79
4351,939
4352,1323
12845,705
28717,1323
8457,397
6509,1323
145977,705
14525,25
31489,284
31488,1323
14529,939
6500,939
31170,939
23067,1323
106887,284
147305,79
23062,705
29624,284
111976,442
24283,705
111974,178
29621,1323
24287,215
66046,1323
6241,215
144375,79
120822,1323
111579,1323
23485,215
130421,1323
61793,49
8463,939
29968,939
11340,397
64979,442
11343,705
136307,1323
110683,442
23714,397
13561,215
111779,442
110685,1323
108306,442
8193,705
24755,705
6433,705
5709,705
6431,705
12441,1323
8199,939
25313,588
64536,284
110179,397
61335,178
31394,215
61338,705
61339,79
7556,1323
28881,1323
31392,705
63952,178
110962,25
64156,1323
64739,178
13646,705
13645,1323
28866,284
29965,939
4771,705
15331,1323
126010,939
137704,1323
13649,215
22532,79
3063,49
62640,1323
23809,705
14368,442
64839,397
30067,397
117026,284
63959,1323
5818,1323
65838,588
24621,705
24620,397
65831,397
19024,442
25623,588
25627,939
154039,1323
134932,1323
25150,1323
24978,705
25157,1323
16747,215
134685,588
16748,442
24976,284
24975,1323
17341,939
12051,939
13509,397
12053,1323
2467,215
145024,284
116586,442
25396,588
28704,49
22751,442
141278,1323
155754,397
13503,705
13505,705
129851,1323
134447,1323
121842,1323
12691,588
24234,178
62929,178
2222,588
2220,588
2942,588
65944,588
65235,215
24440,215
25711,588
65231,442
10832,215
64630,178
17908,442
10839,705
25719,442
124359,1323
64637,1323
64546,284
5458,705
18100,588
64542,588
23387,588
64016,705
21659,588
121562,442
61739,215
18241,442
4885,215
13474,588
65548,442
7828,939
19807,705
25579,588
4503,939
63669,178
65541,284
63667,1323
147638,705
122734,1323
25570,284
13479,705
25572,1323
63661,1323
26067,284
26064,1323
25088,705
31739,284
26061,1323
117161,284
134308,588
2080,705
16698,442
2086,588
25081,397
4390,705
2085,588
4077,1323
2538,1323
17150,442
61730,705
64942,1323
119957,1323
2536,1323
11657,705
125860,178
128541,1323
17761,284
17762,442
61557,1323
107446,1323
126020,1323
11178,705
105574,588
9954,1323
8987,397
7951,705
149070,215
64304,705
5073,939
64306,397
5071,705
64301,442
5074,939
64303,215
117020,284
63799,442
28970,442
1837,939
14395,588
64375,588
3793,1323
139665,215
113533,588
9563,705
2150,178
2403,588
139662,1323
143240,284
4988,178
6242,939
12274,588
128764,397
10740,1323
15521,705
62689,215
62688,1323
30152,178
31789,284
18560,178
11832,397
62686,939
20909,939
63244,442
63246,588
63531,1323
5860,1323
152249,215
14064,939
62330,705
122034,588
30255,588
63538,442
61900,397
8873,939
8872,588
63083,588
63080,1323
63081,588
3243,284
24110,588
24113,705
7316,705
13092,705
24114,397
12972,705
11903,939
62592,25
212340,588
11907,1323
136648,939
23955,1323
62093,705
12909,215
8162,1323
12904,705
30161,397
112007,442
112004,1323
112005,284
62755,284
10232,1323
9016,939
62756,939
7034,939
10236,939
10235,705
62200,588
20296,588
20297,442
5496,939
14201,442
28524,939
5492,1323
27823,588
1712,939
129419,1323
129418,178
9380,215
63339,1323
21503,215
2146,178
29729,588
29728,1323
30646,284
21508,1323
156615,1323
4251,939
15822,1323
63486,442
120634,1323
30709,705
119316,939
119314,1323
1995,939
30647,442
12144,1323
112718,705
137310,1323
28414,705
3156,1323
11124,1323
14446,588
2061,705
15133,588
64302,397
144135,1323
7781,1323
122211,705
31766,1323
62110,588
31761,588
31763,705
7146,705
3011,588
63572,705
29382,705
29381,1323
28691,588
29386,1323
29435,1323
29389,397
1004,939
29433,705
60814,1323
12877,939
66484,442
12874,588
28388,939
31549,397
13870,705
13873,939
28380,588
110760,1323
4186,939
30384,397
8293,1323
6532,1323
109318,442
147708,705
4341,397
4340,1323
28700,1323
2883,397
2886,397
113270,1323
2884,178
31495,284
16986,215
25984,1323
2888,1323
133871,588
25981,705
25980,49
11012,939
8611,939
116504,705
143463,284
31168,1323
24291,705
22632,588
122315,588
61019,442
20548,939
66050,939
106846,284
145701,215
139201,284
145702,1323
66059,1323
26523,215
26520,1323
122316,1323
8479,705
8475,705
29300,284
23724,397
7566,705
6403,939
12471,79
150838,939
15315,588
61498,1323
61496,588
150837,939
12478,178
119173,1323
63501,284
5711,705
61490,588
66435,397
1598,939
126734,1323
28678,1323
120302,397
7762,939
29669,397
61655,588
28675,705
145817,79
61656,588
66438,705
61302,215
110164,442
3905,25
127174,1323
145636,284
25062,397
16877,442
127539,705
11161,1323
28877,705
62976,442
4764,442
13657,397
4768,705
11446,939
11482,442
11480,25
29066,1323
120773,1323
125054,284
140049,1323
4162,588
60875,588
64807,397
140044,588
24870,178
140042,588
65045,1323
65829,397
3278,1323
65042,588
64228,442
5802,705
19742,442
24771,588
65048,397
65827,939
31479,939
16752,284
133369,397
6502,705
16751,442
25168,397
25167,705
25166,1323
120513,705
65317,588
7245,588
25921,939
66610,397
135044,1323
151832,1323
12047,705
32280,178
16597,1323
138843,1323
141241,1323
7203,178
12688,939
2230,588
11796,705
2237,588
119813,284
25761,705
61276,588
147661,705
29107,705
65226,1323
8810,939
65228,442
28629,397
65958,442
63814,442
4608,705
14616,939
31462,284
3497,588
65681,397
20847,79
130305,178
25509,939
4572,178
120193,442
13406,939
65552,1323
65553,588
65550,1323
63650,588
63657,178
65554,1323
26071,442
25025,705
2521,939
16689,442
26077,442
61871,588
61870,1323
16686,442
8388,1323
145160,588
16681,284
11669,705
11465,939
24965,939
9783,442
140261,25
25020,705
138602,1323
11462,939
8759,1323
4601,284
154056,215
141397,1323
2663,705
27921,1323
27920,588
27925,1323
27924,939
10353,939
17795,442
27928,1323
20237,705
9372,588
62922,705
121139,1323
62921,588
17151,442
25216,1323
17157,442
7964,178
64371,1323
157020,939
9173,939
9171,939
9170,939
62822,1323
25186,705
61901,588
116393,1323
61903,1323
146735,1323
146734,215
13311,705
1820,1323
16974,284
17081,442
17080,1323
31190,397
10345,705
12262,939
12263,1323
105365,178
4498,939
12266,79
138481,1323
4973,215
10530,588
113272,1323
29211,442
5395,397
5218,705
122841,1323
14830,215
14834,1323
11805,588
1920,705
3277,1323
9719,1323
3275,1323
63507,397
1926,939
11301,397
134845,178
64209,588
9715,1323
22861,939
7368,939
7369,215
61546,1323
3333,1323
116029,939
14489,1323
24101,705
8881,939
7366,939
24105,939
23553,442
8543,705
11935,397
11934,1323
13227,25
11930,705
112876,939
112874,1323
14233,1323
64742,442
30177,79
30175,397
133468,588
30170,1323
12915,588
7022,705
107631,284
9004,705
62740,284
62217,1323
3311,588
3310,1323
17919,442
10221,939
62748,705
28622,79
9397,49
29733,939
24032,705
1728,705
20021,49
142382,939
28620,284
1722,939
122447,1323
21519,705
13135,939
62745,178
24419,705
112473,705
10541,939
149620,397
149621,284
62698,705
28184,1323
138321,705
30718,1323
27760,705
147175,215
26900,705
15123,397
115121,284
30710,1323
30714,1323
7799,588
28460,939
3007,705
28462,705
18358,442
28180,705
14304,588
7935,939
14309,705
5589,939
17105,284
8493,939
17106,442
31716,284
24352,1323
7154,705
7696,705
4409,588
12403,705
29939,588
1038,705
143357,1323
118445,1323
142251,215
29930,939
25296,215
111000,1323
29934,1323
1034,588
7691,705
30006,1323
20029,397
1210,79
30005,1323
25929,1323
7692,939
143073,215
20028,442
12868,705
31022,705
31533,284
143421,588
30008,2
66688,284
28744,1323
6522,939
7481,588
132518,1323
8264,939
29736,705
8266,49
150937,1323
145431,939
30398,1323
30399,79
133869,1323
116770,1323
29734,79
121717,1323
28266,1323
1642,939
11065,1323
16989,442
133866,1323
23002,939
142380,939
1104,705
29649,397
31629,705
156155,1323
31159,215
156157,284
63679,178
31627,442
25946,705
4903,939
29647,1323
111179,442
1109,178
131423,1323
119736,1323
66061,1323
114524,1323
129823,178
66065,79
4087,939
3863,1323
13798,705
144396,397
31448,178
22601,1323
66597,442
8402,1323
12277,939
1577,1323
23224,1323
61489,178
118267,1323
7575,705
8745,178
19137,442
5723,397
12466,1323
6416,1323
30950,178
6410,939
9812,397
61487,442
28608,397
13187,705
143277,705
7772,1323
66447,1323
66446,1323
61646,1323
61647,442
28603,178
61640,79
61641,1323
3917,588
3916,588
29075,1323
65148,79
109186,1323
117358,1323
60990,442
110160,1323
6343,705
3918,1323
6730,588
11499,178
6733,705
6737,939
4790,939
141469,588
155234,284
8087,1323
4156,705
6347,939
148069,588
65810,1323
60846,1323
60845,284
140073,588
11094,939
61004,588
24648,588
65034,588
65036,1323
9921,939
9922,1323
15383,939
28119,397
28118,705
19262,442
64784,442
22772,1323
16769,442
29492,215
22543,705
65491,1323
25173,442
65365,284
30651,397
65494,1323
22177,79
145049,705
64402,1323
25376,442
29497,939
12075,49
145041,705
145046,397
119574,1323
140672,588
25181,705
28822,1323
12679,1323
6649,705
11727,705
31843,1323
140679,1323
31846,705
5902,588
5903,939
65841,1323
65967,397
25777,939
25774,1323
5905,939
65430,705
6435,939
150481,79
25180,939
63644,1323
63645,588
29946,442
63640,1323
106261,588
63643,705
24825,397
3480,1323
21675,705
64567,284
65569,705
11099,215
65765,939
24893,705
4560,705
6639,178
3647,705
148475,215
148476,178
29942,705
3643,442
26050,178
25514,588
24662,588
11670,939
117142,588
2504,1323
117145,178
2556,705
7798,588
2558,215
64955,1323
126601,588
61866,442
25075,284
64142,442
12788,1323
17366,939
24912,1323
26246,588
2390,705
141381,1323
121834,1323
11646,1323
12785,705
141384,588
121833,397
10321,588
63422,705
157218,705
27936,705
27937,705
63551,442
62913,588
2771,939
62911,588
111064,1323
116791,442
149010,939
24021,588
6836,939
25201,442
9142,442
64363,49
64360,397
17184,442
7970,939
17142,442
64365,397
6266,588
16784,442
16781,442
12252,588
12250,588
4415,1323
118223,1323
5690,705
6268,939
118227,215
119594,939
6066,1323
12124,215
2176,215
12090,939
125604,1323
17095,442
24708,178
4078,705
122902,1323
28018,705
14828,215
28135,442
2602,705
120300,1323
14822,215
14820,215
123500,178
113269,1323
14827,215
14824,215
149738,442
61574,588
29542,284
10787,1323
112552,705
62590,705
10035,442
5125,705
10789,1323
6315,588
63511,284
10033,705
107643,442
3465,939
120835,939
148650,1323
113299,442
148652,1323
8898,215
8892,1323
120839,1323
11929,588
12321,939
134452,1323
134104,1323
2490,939
11923,939
11925,939
113609,1323
141720,939
132988,442
14954,939
62107,49
14225,705
117034,284
66519,1323
30490,397
64314,588
30495,397
30146,215
24356,705
17074,215
13794,588
13776,397
29099,397
5046,1323
29097,215
108664,442
29095,1323
10252,1323
27847,705
7279,939
27845,588
121659,284
29921,705
137801,588
29709,1323
143869,1323
18699,1323
30546,588
29705,1323
24008,588
20036,939
29250,49
29701,397
121656,1323
28145,1323
13124,397
13125,397
11811,1323
112965,442
64767,588
28884,1323
11818,215
16668,705
13128,939
137378,442
15153,284
29894,939
30277,705
148870,588
109425,588
25320,1323
3429,397
29899,442
109423,588
18329,442
3071,442
28471,284
28477,1323
1593,939
8133,397
14311,939
2953,1323
31702,442
31703,442
65689,442
5340,705
31707,215
62170,588
7161,705
66325,25
2402,1323
143668,1323
12711,588
29392,939
24198,588
137573,1323
30032,939
4367,939
24029,1323
126597,1323
12898,1323
66697,588
66698,588
29466,284
8073,705
31521,215
23107,442
144010,1323
109338,215
141497,215
123094,1323
123097,215
12390,588
8272,939
132502,1323
29677,588
2002,442
144119,1323
66681,215
143443,1323
22817,588
3105,178
3107,939
11074,397
111102,1323
111103,939
29070,397
1117,1323
30720,178
31634,49
23034,1323
31144,1323
145552,397
1449,215
31147,1323
28296,939
22619,939
4091,939
4090,705
13786,588
24712,588
4094,215
66290,705
22612,705
13789,939
25823,215
66073,588
5735,442
13756,1323
66588,588
10974,397
11315,939
30009,1323
11313,705
62955,397
66582,1323
11310,588
105951,442
2581,1323
107325,442
7585,1323
61737,1323
19124,284
127378,1323
66102,284
7741,397
9613,705
17130,442
66455,1323
28616,397
61676,1323
127377,215
21598,215
22507,588
13782,939
6527,705
61691,588
122435,215
65156,397
60983,442
62626,939
122436,1323
60984,442
4372,1323
8304,1323
140063,215
140061,1323
8265,939
62733,705
129624,1323
28853,1323
61581,705
8096,705
118738,1323
65803,397
61585,284
5824,705
61587,1323
61586,284
4145,1323
118734,705
11264,705
65022,442
64848,939
65026,1323
61077,1323
3851,79
110529,1323
9937,1323
16778,442
1487,215
122360,1323
133868,588
65376,588
16775,215
16777,442
111629,1323
125358,1323
128978,939
1773,1323
25691,939
130766,178
25341,1323
130764,49
130762,1323
6097,49
121754,1323
31858,397
121938,705
1567,939
12669,705
23961,939
6653,215
10451,215
31854,1323
10519,1323
107817,442
19305,1323
25749,397
11060,705
25747,1323
127797,284
61296,939
10801,939
120359,178
65973,939
65570,705
63986,1323
63984,1323
63635,1323
63637,939
63980,1323
64511,1323
140800,939
64515,588
25528,284
148469,215
6386,939
65772,588
65773,397
30072,397
65771,588
21066,588
19873,442
4553,705
13421,1323
21061,215
129120,1323
2547,215
63996,588
15495,1323
11684,215
64997,939
16896,442
64991,284
23000,588
114608,705
65484,705
63998,442
11440,939
124678,1323
24907,1323
65482,705
65483,442
23006,215
64175,397
24909,1323
153070,397
2282,705
1518,705
3580,939
3581,215
10331,705
124322,1323
8666,588
64351,1323
124321,178
27906,588
29164,397
7300,939
63181,939
63180,1323
64194,442
146714,284
16955,215
16956,442
25234,705
9483,1323
14985,588
17132,284
7904,939
17890,939
7906,705
17136,442
61921,79
31626,705
125584,178
12246,939
16791,442
4423,1323
128759,939
61592,1323
4622,939
124394,1323
65469,1323
22544,397
148391,705
148390,1323
28919,939
31150,215
122917,1323
24617,79
2163,705
6078,939
22205,705
28285,3
2615,1323
20488,939
12964,705
3969,1323
137370,284
64223,939
65236,1323
62582,397
7343,1323
19965,939
1906,397
10795,79
63291,588
3297,1323
63297,588
25433,588
10793,705
21686,705
120824,939
21685,588
22978,939
13200,1323
22974,939
122358,178
65467,442
12634,1323
12338,397
16710,1323
66452,397
138124,705
138126,588
14370,1323
138123,588
138122,588
27875,397
14960,397
28155,442
29088,215
62768,1323
10588,1323
14145,1323
129118,705
29085,1323
29086,588
30558,79
30559,705
5229,939
63166,442
63161,79
29246,284
13166,284
143870,215
29241,1323
11861,442
14815,939
155282,442
125601,1323
11867,1323
14810,1323
138341,588
2444,939
138343,588
8902,939
2574,939
138347,1323
138346,1323
15142,397
109929,178
29886,1323
29887,1323
109925,588
109926,397
112721,442
112720,588
14369,178
3062,705
7171,397
130398,1323
5234,939
14363,939
14490,705
7179,939
66599,215
138901,1323
12111,1323
5357,397
150044,397
62168,588
63500,705
63338,25
1056,1323
31738,1323
31737,215
122263,1323
14401,705
65345,284
112033,588
112030,178
63700,588
133288,1323
1690,1323
112034,939
16957,284
1279,939
118503,25
118502,1323
144009,215
30029,1323
115566,442
12884,1323
1274,215
66660,705
31289,284
122380,939
115090,1323
14565,1323
14563,939
30215,284
24489,1323
133844,1323
24486,215
137602,1323
24483,705
8247,939
8245,442
62016,1323
29661,1323
66263,284
111282,939
111287,705
29668,178
3116,588
60977,284
26898,588
119295,442
129628,1323
29063,939
8648,939
29061,284
28590,79
1478,588
31600,939
31607,1323
12540,1323
29069,49
23752,284
23753,705
31460,705
1300,1323
8423,939
121553,939
22373,1323
66000,397
28917,705
28916,1323
66004,705
132405,1323
5742,939
136186,588
31195,939
11300,178
4225,705
11302,939
11304,939
24302,588
4222,1323
9125,1323
25923,705
4611,705
28624,939
61661,1323
61662,1323
5581,939
30932,284
15363,442
6471,705
9831,939
12407,215
6475,178
9835,939
110732,939
63716,178
129850,1323
7759,1323
23111,442
9240,442
66465,705
7121,939
23118,215
7750,397
109699,442
110399,442
10656,939
12141,1323
61444,442
27914,397
25641,588
61441,178
61442,284
8333,588
3265,178
8334,1323
28600,705
6717,939
13680,939
144559,588
6710,705
29553,284
148009,284
64029,1323
9904,939
61591,1323
61596,939
1706,939
24660,705
19069,588
4132,1323
7850,588
24669,397
11220,397
3840,705
61060,705
61061,397
64048,705
5697,397
24463,705
138613,1323
61068,1323
61069,1323
24468,588
65011,588
19209,939
25355,588
25356,397
25357,705
60887,939
138611,588
64768,1323
155738,25
64766,1323
22794,939
22797,1323
60888,1323
25359,397
64760,705
119756,215
9324,939
110065,215
119753,397
5306,939
117018,284
120134,1323
25683,1323
25680,939
7911,705
7437,939
4045,939
23978,939
12658,1323
4040,1323
230796,1323
148133,397
15855,1323
109823,588
7917,705
21496,1323
6661,178
13759,705
4049,939
12655,705
5968,939
65908,178
65895,442
143990,178
22086,442
120774,1323
61285,1323
65905,588
65904,1323
10877,939
1602,588
16890,442
60992,1323
25536,939
3662,1323
24803,1323
16898,939
65587,1323
24800,1323
2285,1323
133047,1323
5165,1323
124198,1323
12815,1323
61836,588
8675,939
64692,284
13431,939
64690,939
65142,1323
65251,397
124196,1323
121817,178
121816,442
121815,3
6797,939
2577,1323
11694,1323
2573,1323
121819,588
10905,939
4826,588
64547,442
10906,1323
65343,705
10903,397
10902,588
64160,939
11455,705
11456,939
24934,1323
11450,1323
23220,1323
64166,397
63448,588
140900,588
2595,705
2596,1323
11609,939
64344,397
64433,939
2593,939
121493,1323
113140,79
10305,1323
27913,1323
63194,1323
63195,1323
63196,1323
21238,1323
64186,1323
4434,939
13326,939
64182,588
4430,939
63758,1323
13323,705
25224,1323
7912,939
121257,1323
13328,1323
13329,1323
1878,1323
64189,284
118084,1323
7980,1323
4941,939
118081,588
138205,588
62501,939
138201,1323
138203,588
31276,284
12139,939
6044,939
30775,588
2111,588
2113,705
1559,397
11914,588
8084,939
2620,442
125000,588
63281,1323
62378,79
62804,1323
2628,939
117019,284
29161,215
142956,1323
1919,1323
7350,1323
21300,705
26016,215
149721,1323
62575,284
122677,1323
122674,1323
9589,397
62571,1323
64231,284
121077,1323
65812,588
129849,1323
120815,442
120816,1323
13219,939
8755,939
5831,1323
3532,1323
7152,939
2025,397
10499,1323
2751,397
62979,442
13332,588
10277,939
108645,939
9393,939
13480,1323
64865,588
133432,1323
14791,397
133430,1323
14793,939
14794,939
24096,705
112822,25
10278,939
5216,284
21136,588
7336,1323
63374,588
125315,1323
5210,705
122078,1323
62712,1323
14150,1323
14027,939
136804,588
29278,588
63172,1323
142644,284
27938,705
62481,284
14592,215
24224,397
149618,284
121478,1323
63178,284
24066,178
11872,705
112623,705
8925,1323
24725,215
112626,442
11877,397
112624,1323
133726,1323
133724,588
15101,284
1663,705
18307,442
133547,1323
14487,588
8750,705
29165,1323
138921,1323
30584,939
29875,397
142460,939
142463,215
110533,939
15173,215
17982,284
112754,588
24099,705
122255,1323
29133,1323
109825,442
7106,1323
7107,939
6865,705
3054,705
6867,939
30884,705
24378,1323
62395,588
110721,1323
122094,1323
62396,178
62391,178
28034,215
1045,79
64334,588
31720,1323
65134,705
62399,1323
122099,1323
30121,705
28403,705
63470,1323
127462,1323
3026,705
30128,215
140071,1323
63898,178
4450,939
142260,939
30059,705
132526,1323
132525,1323
132524,1323
122678,1323
8253,939
65368,588
61589,215
24350,705
30055,284
1266,397
140443,588
10013,705
8789,215
11056,939
30832,939
21593,442
62046,588
8787,397
109599,442
17780,442
66272,284
112774,1323
3129,705
129632,397
157354,939
128698,1323
9230,939
66278,705
3121,705
28058,284
29693,397
10016,939
65718,397
137351,284
30603,284
1468,705
29055,215
115404,1323
29507,442
144727,705
8655,939
1823,939
137943,178
8431,215
126318,1323
8864,1323
8434,939
23769,705
23768,284
23767,1323
16763,284
31477,1323
66016,939
28900,397
1318,178
24982,588
15424,705
5750,705
12433,588
24781,588
24782,588
12430,397
23561,939
30358,705
114370,1323
4230,215
61610,1323
15197,442
133949,1323
127316,1323
5594,1323
5597,705
28637,178
105936,705
127484,397
133944,1323
133945,1323
31500,1323
31501,284
61388,215
63621,705
63052,1323
110728,588
7723,1323
64699,284
16843,442
151016,588
61439,705
3949,939
63417,1323
13114,284
127480,1323
13693,705
61122,705
135844,1323
142088,442
3946,939
66496,588
145042,1323
12597,939
29645,284
64549,939
12304,397
31009,397
28836,397
6707,178
12503,1323
24671,705
4128,1323
63876,939
24678,215
151829,939
4199,939
4127,1323
155795,588
155794,588
65009,939
24474,1323
6214,705
7430,939
24473,588
126721,1323
17405,939
6213,1323
27783,215
6081,939
61721,1323
5680,705
65006,939
27786,939
31849,705
25322,284
60898,939
62977,588
124050,1323
10498,939
1050,939
149299,1323
4193,397
13288,397
148531,178
63188,939
23943,1323
137232,215
23940,397
22144,588
140676,588
22140,939
6678,939
23948,939
115747,588
11514,939
23852,705
11511,705
63663,1323
60893,1323
4058,939
110387,1323
145186,397
65176,442
5978,939
65170,284
110382,397
5973,1323
6936,939
10860,939
148109,284
5977,939
12677,1323
150279,284
150278,705
17110,1323
3612,705
17208,442
150699,939
9815,939
16885,442
63617,588
3619,939
2290,939
19508,442
25783,1323
113490,178
141198,1323
25789,397
141197,588
25031,705
9849,939
148249,705
62655,705
10813,939
4801,939
141359,1323
119436,284
63058,442
10916,442
14790,705
23774,939
65921,939
152809,705
61264,284
24922,1323
8692,939
11424,705
11427,397
10816,939
7291,1323
17115,215
7922,705
7295,705
24216,939
7921,939
5020,588
64408,1323
31483,1323
2589,397
21959,1323
1860,939
13353,939
63768,1323
13354,1323
1866,1323
4448,705
146778,588
63766,1323
28712,1323
13597,215
121673,1323
4932,178
4685,442
25976,1323
4936,705
61941,397
133825,1323
138747,588
138210,1323
138741,588
13599,588
25978,1323
64535,939
64534,1323
24810,939
25979,939
2101,705
19318,442
151078,442
6053,939
13013,588
63815,397
10005,1323
5116,939
63543,442
10002,705
125014,1323
63288,215
14016,178
122061,1323
10008,939
62811,1323
17061,215
5109,705
9599,1323
20791,284
28256,939
157153,939
64568,939
135865,178
9590,939
3439,939
26013,939
1240,705
146171,1323
22957,588
126555,178
3650,939
7809,178
62960,588
2034,705
2033,939
62967,397
147599,939
62965,1323
12352,178
139985,1323
4598,79
4802,939
10484,79
141178,1323
4843,588
29345,1323
14908,939
108631,397
12689,705
123937,1323
112295,442
114829,284
133425,1323
133424,588
5254,939
10466,939
24281,939
14169,939
62709,1323
124595,178
25870,939
14163,178
63384,1323
62700,588
63381,1323
1969,939
121440,588
28325,1323
28139,1323
29011,49
111721,442
28490,284
62491,705
25874,939
133049,178
25877,215
18533,442
133731,588
13174,939
133732,1323
11191,1323
21542,939
108188,1323
2960,397
29868,397
14340,1323
15160,1323
29864,705
1783,939
30222,442
2968,442
30220,1323
137611,1323
3048,1323
62634,1323
24466,442
62632,588
62487,284
24318,215
3041,939
24316,705
29274,1323
6873,705
17641,442
108740,1323
112410,284
137292,1323
29463,284
62382,588
61028,1323
1078,588
1076,705
148470,705
1075,939
1913,939
62388,1323
118577,588
1678,939
30137,588
13003,939
28819,939
29341,939
30007,588
1677,705
3807,588
1094,939
66649,1323
3806,939
30822,397
10286,1323
8229,939
66393,1323
66646,705
4331,939
14808,1323
65590,939
109580,397
119417,705
109584,442
137722,588
29993,442
61402,1323
28742,939
29996,284
3138,705
14583,397
2555,939
31660,1323
28022,442
20202,1323
62036,397
12994,939
126140,442
66242,588
143527,1323
31095,397
117260,397
1410,705
29517,588
29514,939
29515,284
29040,588
142459,397
29511,939
28938,1323
116531,442
1327,1323
1914,939
109919,1323
28933,79
31403,588
28930,705
28937,588
23776,588
30910,1323
12421,705
137434,1323
15343,939
137432,705
8687,588
15346,705
2999,705
23577,705
5764,1323
4201,215
5763,397
147644,588
6908,939
143526,588
61600,588
5568,705
5569,1323
109158,284
61608,284
5567,939
5560,939
12559,1323
147101,939
1254,705
17367,442
28338,939
1523,1323
7733,939
25805,1323
31099,49
63520,1323
31062,442
145512,588
2393,939
6437,939
66731,215
142462,215
126434,1323
2259,939
142465,705
61420,705
1562,1323
22221,397
61427,1323
61425,705
8358,939
11213,1323
5408,397
4115,1323
64254,1323
8350,939
115872,178
140030,1323
17245,442
8357,939
2561,705
8958,939
141382,397
12518,939
12519,1323
19049,442
7668,939
108752,442
17239,397
122257,588
24447,442
7422,939
126322,1323
7420,939
27792,397
127234,588
27790,178
28152,442
61732,1323
61733,705
27794,1323
61047,705
61556,1323
27932,215
25331,1323
61552,1323
122520,1323
116526,1323
65615,705
62266,1323
25338,705
25339,284
65611,397
62919,284
61558,1323
22139,1323
29616,939
12635,705
31888,1323
122394,1323
31887,588
31881,1323
117035,284
117036,49
24187,397
4062,178
65290,397
4060,939
1447,215
4066,705
23793,397
23790,588
11509,49
11506,939
17237,442
62525,588
23799,588
127436,1323
25340,705
150201,939
65105,705
25972,397
62520,284
65106,442
65108,397
15253,939
5788,939
120301,178
127439,397
60952,284
122096,178
10735,939
3607,939
63976,397
63602,1323
145809,1323
63604,588
63605,939
63606,1323
63607,939
8068,939
115876,442
25799,705
12189,705
16637,284
16188,1323
5847,79
28885,705
12181,588
12180,588
143974,284
64392,588
28668,705
2950,588
7875,705
6115,939
6116,49
143605,397
6110,588
26011,1323
3897,939
124046,397
10920,79
64741,939
116857,49
7066,705
63639,284
7554,1323
64748,442
7183,1323
141983,1323
3855,939
7281,939
7932,1323
64418,1323
9459,588
124319,1323
7936,588
13906,705
29612,79
124315,284
124314,178
64410,705
134384,1323
64412,588
13342,215
7250,588
13340,705
13341,215
17694,442
4456,1323
65433,397
7974,939
118264,215
21144,1323
16453,588
3734,939
13839,588
7977,939
16985,284
16456,397
13580,397
4690,442
17233,442
130049,1323
126654,1323
4926,939
4699,442
130040,1323
130041,588
65016,588
2138,705
64367,397
154434,1323
23592,442
18788,397
11722,588
64364,939
11720,1323
11721,705
6020,1323
30877,79
6025,705
11729,215
121053,1323
16785,442
63804,588
156133,588
63803,1323
63800,397
12256,1323
62823,1323
63559,1323
62821,588
14003,215
113225,1323
62826,588
125237,178
14007,705
10374,1323
138483,588
62559,1323
20783,178
133506,284
1441,588
62553,1323
141037,588
17076,284
9216,1323
9217,939
62555,1323
17073,215
16855,284
125975,3
12365,1323
16853,442
61494,397
125595,1323
120877,397
3424,705
6334,939
6335,939
144436,588
6331,1323
9698,939
6333,215
62957,79
120297,397
2008,939
62954,588
6338,939
113646,588
128659,215
30225,49
12482,1323
14918,588
3126,705
14170,939
62732,1323
14172,442
62730,1323
27886,442
10297,939
10296,939
27882,178
8257,705
123435,178
10453,1323
144437,1323
63029,588
10109,705
9555,939
29217,939
24040,588
21186,588
14535,178
10999,939
3556,705
3555,284
21763,1323
63154,1323
12485,178
148769,1323
28016,1323
25124,939
10581,939
124442,178
134031,1323
13169,1323
10585,939
13163,705
4065,284
8901,939
147242,1323
138000,1323
153813,1323
61689,1323
11183,588
30219,705
2916,705
11185,705
13193,1323
29852,1323
119974,284
112178,588
112179,178
62602,1323
6848,1323
4579,705
8150,705
6346,705
113917,397
7127,705
7124,1323
24304,588
7123,1323
6845,939
10609,705
143629,397
29459,588
11051,588
30697,1323
5301,705
111940,442
29453,939
30692,397
29323,1323
28758,1323
137110,1323
119273,1323
12096,705
1669,939
13011,1323
28378,178
30451,705
28249,1323
1661,939
15350,939
30675,1323
30674,588
30671,939
1082,705
30857,284
8234,1323
4321,939
1982,215
2856,939
4322,705
66386,1323
2606,705
31270,442
115516,284
19428,442
66648,442
12091,588
3144,705
2829,1323
24491,1323
14597,588
28248,79
24278,442
14590,939
31672,284
31673,397
5417,442
31674,1323
154759,284
7632,397
17861,284
7636,939
7637,588
29984,397
136884,588
112775,705
1408,705
5134,939
63405,588
9699,588
157452,284
29032,588
142339,939
31614,397
31418,588
117903,215
61147,284
4213,705
16582,939
60800,178
155856,284
6932,939
147658,1323
9841,939
8699,939
9846,939
8694,939
31381,1323
5772,705
8123,939
5774,705
147657,49
29698,1323
25021,705
5578,1323
61635,939
66275,1323
5572,705
25108,705
66654,284
3093,939
1243,939
126554,1323
1533,939
1244,588
29143,49
1246,1323
63518,442
5798,588
28322,397
28323,397
1539,215
5129,939
136264,1323
136265,442
136267,178
66728,588
9319,939
61381,939
61380,215
23898,939
126424,1323
126423,1323
61389,284
66723,1323
31096,397
62984,939
4103,939
8348,1323
31093,939
11228,939
140023,588
4108,939
11225,705
29692,939
140027,939
147868,1323
146071,1323
19932,442
12568,178
155174,397
25406,939
24699,588
15242,1323
19054,397
15247,939
19057,442
28924,705
66032,1323
25906,588
22306,284
62599,1323
61703,588
22308,588
61706,588
110679,939
106589,588
61562,1323
16531,1323
61567,705
61566,1323
65609,79
25655,939
126136,178
8717,939
155753,1323
25302,1323
1372,939
117028,25
12620,1323
6461,939
6617,705
61095,705
12625,79
22122,442
28374,1323
31894,442
31895,442
1496,939
13381,705
65607,1323
65133,442
10840,705
150180,1323
10030,939
11538,705
65286,1323
65287,1323
65937,1323
5959,939
156125,1323
11531,2
7275,588
11537,705
31143,1323
11535,705
4072,705
154758,397
61140,588
3964,705
61414,588
3962,939
5792,705
5791,1323
7092,1323
130200,397
61976,588
60942,1323
154755,284
61418,705
17145,284
8079,939
111873,705
141277,588
23605,588
63943,397
5087,939
61688,442
63945,588
25013,588
61899,588
65739,1323
22053,939
117115,1323
16629,215
151928,588
65737,284
65734,284
30354,397
2345,1323
119419,397
2346,1323
144519,705
6109,1323
2342,705
121844,705
12757,588
6104,939
119414,284
6102,705
20109,442
140902,178
64733,284
124036,1323
16620,588
63290,1323
64738,397
25495,939
22059,1323
26015,1323
23197,1323
140979,1323
30550,284
16996,215
25274,1323
63705,397
29756,397
63707,397
8512,939
135247,588
63708,49
124361,939
64397,1323
140977,939
31578,1323
65426,442
3336,1323
3708,705
118042,442
14561,1323
65421,1323
4467,1323
7959,939
24037,397
4462,939
3707,1323
4460,1323
2340,939
17101,588
105698,442
13579,397
2124,1323
4918,79
30906,705
23113,705
4666,1323
13570,2
4911,705
12756,705
6039,1323
12434,939
13139,705
64088,1323
135669,178
24878,588
13235,588
5439,939
6036,1323
64267,284
10063,442
21487,939
105670,284
9203,939
14221,939
66468,1323
5179,705
24783,939
21488,1323
62549,1323
3416,79
8530,588
6742,215
63018,1323
64063,939
65911,49
121713,442
4371,939
6100,1323
135805,1323
21374,442
3246,939
122915,939
16847,284
16845,442
116245,178
12377,1323
12379,705
15293,1323
62948,588
21232,1323
30234,939
63483,939
1072,1323
15290,1323
132980,1323
63498,1323
65158,705
8099,939
147262,397
141400,939
145854,588
113361,1323
9063,397
62723,1323
18484,1323
7938,939
113367,442
62728,588
14108,1323
148932,215
5786,442
14386,1323
17715,442
14650,1323
9664,178
29206,79
125360,1323
7672,79
10115,588
124038,1323
10443,939
3562,397
21777,588
13155,705
148770,939
64135,939
14503,705
20019,442
7253,442
14425,397
63123,939
15347,1323
112186,284
30236,588
150139,705
13397,397
112618,442
10597,939
62832,397
7448,939
149082,215
5379,939
65578,588
124374,178
102617,1323
20993,939
10553,1323
138943,1323
61753,1323
29312,588
64011,442
15199,442
2909,705
155934,79
30231,79
112168,939
118876,284
7139,939
27842,49
63702,442
62618,939
122519,1323
7017,939
122515,442
7132,705
16991,442
29448,397
66571,588
20904,588
142230,939
3036,178
29338,1323
63232,284
5313,939
143631,397
143630,397
29332,1323
30685,442
29446,442
30540,1323
8807,939
13027,939
147337,705
13025,705
14296,397
1650,1323
1651,1323
1655,705
30666,705
31591,1323
133885,588
9112,705
30662,178
30847,1323
112090,284
30233,1323
156861,705
147792,284
25000,397
142546,939
109366,284
133888,1323
3153,939
12992,1323
1633,588
3157,1323
7620,939
112095,1323
28795,588
3158,1323
25950,397
28791,939
14285,588
13525,1323
6297,705
5404,1323
3394,939
29533,284
10266,939
64162,588
30463,939
122355,1323
62057,1323
122357,1323
1439,939
29028,705
62516,939
136725,588
1382,79
129469,1323
129466,588
129467,1323
25676,1323
29021,705
30209,1323
146617,1323
66281,397
13709,397
63541,397
66286,284
66285,442
64163,1323
143710,939
66289,284
13378,1323
61129,284
127075,1323
64639,1323
23088,588
112752,1323
18110,442
16684,284
15414,588
6924,588
23080,939
5237,939
9872,705
13375,178
23084,1323
6922,1323
7711,442
1884,397
5543,397
141847,397
114979,284
14581,588
138641,588
29156,939
111864,1323
1500,1323
29150,705
29151,49
4273,397
3087,705
7824,939
28317,49
111868,705
3082,442
61390,284
130048,1323
64165,1323
61394,284
61396,1323
61397,705
61398,1323
61399,588
65050,442
22207,705
4496,939
126454,1323
9778,1
152708,1323
5169,705
8577,939
66708,1323
14359,939
3410,397
132758,1323
8579,705
141577,705
28176,939
12578,939
3886,705
61711,588
61712,1323
22398,939
141845,1323
15803,588
10827,1323
12576,397
61719,705
132599,1323
28775,1323
24428,1323
25915,1323
7409,1323
117905,1323
7401,705
28778,939
25918,939
129519,1323
25318,397
140759,1323
28320,1323
13866,705
22447,939
116503,705
61575,939
25312,397
65630,939
25314,49
25315,588
2484,705
145228,588
25776,939
20653,939
18732,442
12615,705
61803,939
145227,397
10391,1323
119714,284
134804,1323
13962,939
21159,442
115831,1323
4001,939
25279,588
13712,939
9919,705
13714,178
13716,397
3971,588
19420,442
60979,939
61403,79
61404,397
28834,178
19427,939
61155,79
61408,215
61409,939
155614,588
155615,705
9898,939
9899,178
150222,178
6529,1323
61885,442
29955,588
61880,588
120455,1323
120456,1323
65700,284
120458,1323
30640,442
3622,705
19557,1323
65708,705
17269,442
141363,939
141362,397
110330,705
126417,1323
6528,939
13625,397
24344,588
149318,49
26004,397
13623,588
2337,939
12762,939
12761,939
156153,1323
6136,705
64028,588
14083,705
64082,442
64891,705
10361,1323
64896,178
140569,939
25481,442
13407,939
24795,1323
115245,1323
24533,397
30163,939
10946,79
16477,939
1581,178
30946,1323
3711,1323
61960,25
9472,939
9473,705
11856,442
154255,215
2710,705
31300,588
16478,939
65413,1323
134026,178
6669,705
65417,705
141097,588
62079,1323
21163,1323
141098,1323
29316,397
4864,939
13365,588
4477,1323
24996,588
118528,1323
5621,939
6003,1323
13824,1323
4678,442
63690,705
4900,1323
4675,588
4674,442
13562,397
6008,1323
2951,1323
64099,1323
24475,1323
63951,1323
13409,1323
28641,939
2246,588
24844,178
24843,588
24842,588
24841,939
24840,178
24191,588
24190,1323
9273,939
65610,442
64275,705
24197,588
5149,397
10056,939
10726,178
63821,1323
25993,588
124775,939
61725,1323
149089,178
138129,588
3407,397
27780,397
17016,442
61055,442
63000,939
16872,442
11974,705
61726,1323
12389,939
7435,939
5018,1323
16878,284
12381,588
10349,939
25731,705
150306,442
12143,1323
12142,1323
6310,939
6311,939
10615,939
10614,215
6314,939
64383,1323
2060,1323
10618,939
19878,442
64389,939
16441,1323
3413,939
14112,1323
14113,1323
125357,1323
17160,442
14114,939
61544,3
133366,588
133367,705
113373,79
108970,397
113371,1323
10439,397
4645,1323
62990,588
61560,1323
147811,939
7228,588
9305,705
10121,25
5422,1323
9302,705
122741,1323
23697,705
63138,1323
10692,939
133766,1323
133767,705
7241,705
29791,1323
133768,215
133769,1323
3570,705
121437,1323
63135,284
4497,939
60894,939
4494,79
17168,442
13380,705
62846,588
146036,1323
149092,588
20983,588
8964,939
15354,1323
6821,939
120794,939
2938,705
119893,705
65717,215
6829,705
112402,1323
133504,588
108778,705
9455,1323
5327,705
146354,442
61253,1323
10540,1323
14606,397
11896,442
16650,939
10549,705
14603,588
62667,705
24449,588
124355,1323
20185,939
1641,939
62666,1323
121722,705
10097,1323
7561,939
10757,939
115757,939
23945,588
29304,1323
14282,1323
14934,939
4881,939
149177,178
133164,588
18276,939
137131,588
7982,442
30477,939
13032,705
8818,939
8219,705
66690,1323
11096,939
65014,588
63385,588
29948,397
18051,442
115554,1323
15087,705
8210,939
8213,397
15084,939
8215,939
29940,284
109826,1323
30870,1323
62065,939
62064,178
132369,1323
12726,215
2802,939
2803,939
24218,705
24219,397
132361,1323
28785,705
135986,588
28787,705
5432,1323
128098,588
30783,397
137394,1323
62261,178
3369,705
62263,588
63490,397
30789,1323
3365,1323
5111,397
2154,939
7116,178
3362,705
29830,939
13572,939
122921,1323
10658,1323
29837,588
149437,939
63495,939
5783,79
126599,1323
8105,939
13963,397
109683,284
119216,588
9573,705
4274,1323
66526,705
23528,1323
4279,1323
12171,1323
8109,939
1356,939
135484,178
133987,1323
133985,1323
5559,705
4860,939
9867,939
4052,939
11147,705
106900,1323
121199,442
11142,1323
25852,284
28303,705
3502,939
108154,442
24503,284
24500,442
13484,588
140024,588
156154,442
66630,1323
30098,939
64279,1323
31166,588
30095,588
30094,1323
144076,939
8582,397
30093,705
110802,939
8363,397
8365,1323
145308,1323
144520,397
17180,215
61364,442
10868,442
110100,1323
15267,939
144097,939
5256,705
12544,397
113362,1323
11513,442
15261,284
132504,1323
116906,284
5888,588
5643,397
150277,939
123017,397
123016,1323
30891,397
15060,939
6552,939
61766,1323
28168,939
110588,178
27747,588
5870,939
105805,284
28942,1323
25922,939
28940,1323
28765,705
28762,705
28947,705
2005,442
24432,705
24430,705
64341,1323
22325,1323
28769,397
28278,442
130298,705
11172,705
19094,442
147579,1323
155735,1323
155734,705
155737,588
155736,442
110039,1323
11550,939
23989,1323
23988,397
11555,939
22695,705
65676,1323
11558,939
12603,215
148149,588
28858,215
143441,939
141982,939
9667,705
150577,284
109043,939
13700,588
154739,397
18221,215
11399,1323
10867,939
7504,588
19433,939
7506,1323
19431,939
9882,79
24720,79
9880,442
61167,588
61166,588
65670,1323
3980,178
2136,178
24728,588
65710,397
65247,1323
65244,1323
65713,442
65242,1323
65243,588
61212,1323
64663,1323
65916,705
13432,939
116409,442
10386,939
2299,588
61187,939
61763,705
61181,588
119474,705
127481,588
63600,1323
61188,397
1111,178
120593,25
120595,1323
30576,1323
13630,939
29074,1323
1891,1323
7486,939
2328,939
65399,939
20779,1323
10441,939
153668,178
117862,939
117861,939
11508,705
65621,397
65622,1323
17202,939
4223,939
64867,397
117868,442
9916,588
137803,588
25399,705
21776,588
16889,442
28078,1323
127455,588
63728,397
64102,705
63725,442
1440,939
63723,442
63084,588
141957,1323
126056,1323
7257,588
138705,588
61988,1323
138707,588
66354,397
65404,588
1585,939
24980,939
17640,442
66672,284
65664,178
7251,1323
6013,1323
106853,284
142953,705
13800,397
13552,939
4640,442
13550,705
13557,215
16729,1323
2497,1323
13554,705
7315,215
12895,939
120093,939
24689,588
63927,705
17248,442
11770,215
2255,939
24853,588
61483,397
24856,588
17240,442
31456,705
111491,1323
25631,1323
24186,705
62527,284
24184,397
24185,588
65128,705
10734,588
65692,939
10044,939
10733,705
63857,1323
64282,1323
19817,442
109621,442
28295,939
8599,1323
24837,588
64049,1323
63030,588
22913,178
30138,705
31453,1323
61153,939
2787,939
2783,939
4807,939
62923,588
4809,705
12395,705
12392,79
20338,705
116224,215
4124,588
9465,939
64994,397
9466,178
26012,1323
6308,939
7694,588
6304,1323
6307,705
13198,588
128663,588
64918,1323
7658,939
3226,178
5826,939
63651,1323
117768,1323
14129,284
140736,1323
62290,705
2537,1323
152149,397
113301,1323
9083,939
62296,1323
63454,1323
63456,215
8047,588
121153,1323
62458,1323
63100,588
139922,588
10420,1323
21595,442
10426,939
10598,705
9311,1323
27988,588
27981,705
112366,215
3164,705
7277,939
18654,939
65021,1323
25405,1323
7278,79
135165,588
3504,588
3505,705
21440,79
114628,215
66673,284
13828,1323
113768,1323
11672,705
2677,939
1209,939
124934,1323
2903,588
6831,705
6830,939
122514,705
64061,1323
123807,284
1794,939
29870,939
62189,939
14385,588
14384,939
155933,1323
5330,939
14639,397
14638,939
112968,588
10550,588
111723,1323
14633,939
5338,939
125234,442
66586,1323
1682,939
65350,939
1632,1323
30467,284
1634,1323
1635,1323
1981,939
121718,1323
65893,588
3218,1323
1988,939
4510,939
1951,588
8823,705
8826,939
13041,442
1686,1323
140905,939
133170,939
121080,1323
62336,588
13046,705
18040,442
2817,939
10124,939
2811,939
30649,1323
2812,705
30644,939
30861,79
30862,939
9411,705
30312,1323
29953,1323
30310,705
62070,397
3178,705
62072,588
14256,1323
7647,442
14250,1323
14253,442
14252,1323
3171,588
3170,705
24225,397
7648,1323
62335,215
119275,1323
24402,588
122175,1323
29001,939
29550,284
29052,397
7085,705
7138,939
3376,178
114920,178
24925,939
13922,939
29823,1323
17266,215
30261,397
3735,939
24926,79
30265,588
27828,1323
129442,178
29829,397
9890,939
122101,1323
31683,705
6497,705
8095,939
1161,1323
8176,1323
11259,705
30925,79
31689,588
9013,939
4242,939
126615,1323
4241,939
5520,939
135004,588
5523,705
30888,442
5526,284
27825,588
28502,1323
121720,1323
8007,442
21237,939
7923,939
14412,3
24539,705
24538,215
14417,1323
25845,705
1864,705
23812,588
25526,284
126295,25
24531,397
14418,49
24537,2
61679,442
29127,588
31223,397
25848,1323
31224,25
109831,284
65887,1323
111662,705
15202,442
144066,1323
29173,939
30688,1323
11257,939
14382,705
8486,705
2990,588
61376,939
5250,939
138621,1323
8972,1323
27199,939
12804,1323
29722,1323
15274,939
1659,939
65899,1323
119696,939
65896,939
125583,178
8559,939
25033,588
8092,939
140033,939
136809,1323
6547,939
138662,588
24405,1323
28206,1323
6543,705
5639,939
121382,178
127279,1323
28194,939
25554,1323
24409,1323
156613,1323
13142,397
8484,1323
1363,705
13765,588
28754,397
8488,588
7849,939
25937,588
28200,442
16832,442
